method,t,n,ef,xx,vv,ee,q,condV,condE,time,ErrX,ErrV,ErrE
clssopt,0.1,1,0.99,10,10,31,5,32.436264,10.553913,,0.046632,2.67102,0.524859
clssopt,0.1,1,0.99,10,10,31,10,11.682404,5.196213,,0.0491537,0.855126,0.0757175
clssopt,0.1,1,0.99,10,10,31,15,7.705257,5.320562,,0.0295407,1.37377,0.141611
clssopt,0.1,1,0.99,10,10,31,20,6.095934,2.869680,,0.0265674,0.902867,0.0976883
clssopt,0.1,1,0.99,10,10,31,25,6.824055,3.230954,,0.0182061,0.9674,0.104825
clssopt,0.1,1,0.99,10,10,31,30,6.508045,2.670762,1.2463,0.00349035,0.977841,0.0990193
clssopt,0.1,1,0.99,10,10,31,35,5.425275,2.521520,0.959058,0.000674225,0.174813,0.0186225
clssopt,0.1,1,0.99,10,10,31,40,4.502889,3.428103,1.24819,0.00192649,0.730332,0.109094
clssopt,0.1,1,0.99,10,10,31,45,3.731812,3.431047,1.27309,0.00173091,0.407981,0.0465263
clssopt,0.1,1,0.99,10,10,31,50,3.950208,131708126.226894,1.15671,0.00122792,0.181594,0.0145649
clssopt,0.1,1,0.99,10,10,31,55,3.757998,157497242.508634,1.35189,0.00282473,0.477656,0.0433685
clssopt,0.1,1,0.99,10,10,31,60,3.642007,134516507.984022,1.23454,0.000697727,0.168249,0.0172642
clssopt,0.1,1,0.99,10,10,31,65,3.035440,145914359.902370,1.18962,0.000911096,0.116861,0.0115845
clssopt,0.1,1,0.99,10,10,31,70,3.123270,182716535.572440,1.26813,0.000468254,0.0477538,0.00392713
clssopt,0.1,1,0.99,10,10,31,75,3.168287,141797533.397068,1.33283,0.000559648,0.063327,0.00689965
clssopt,0.1,1,0.99,10,10,31,80,3.105657,128068100.419357,1.34846,0.000497476,0.0583577,0.0052685
clssopt,0.1,1,0.99,10,10,31,85,3.286564,122109727.910242,1.3723,0.000493282,0.102631,0.00840087
clssopt,0.1,1,0.99,10,10,31,90,2.984804,141915043.755097,1.44847,0.000702583,0.165486,0.0131123
clssopt,0.1,1,0.99,10,10,31,95,2.700198,121420710.527406,1.4446,0.000415308,0.050245,0.00421115
clssopt,0.1,1,0.99,10,10,31,100,2.608345,114396106.952612,1.45255,0.000221654,0.0495774,0.00444306
clsqdeim,0.1,1,0.99,10,10,31,5,17.777428,5.246664,,0.0427194,1.81689,0.172267
clsqdeim,0.1,1,0.99,10,10,31,10,9.652154,5.119096,,0.0333083,2.0966,0.217688
clsqdeim,0.1,1,0.99,10,10,31,15,7.311354,2.654743,,0.0475416,1.76357,0.176067
clsqdeim,0.1,1,0.99,10,10,31,20,7.270991,2.694064,,0.0354475,2.86727,0.296418
clsqdeim,0.1,1,0.99,10,10,31,25,5.076456,2.587201,,0.0323491,2.27392,0.244214
clsqdeim,0.1,1,0.99,10,10,31,30,4.642613,2.897907,0.970911,0.00404979,0.633434,0.0459878
clsqdeim,0.1,1,0.99,10,10,31,35,4.274288,3.053381,0.959332,0.000863819,0.140495,0.00423253
clsqdeim,0.1,1,0.99,10,10,31,40,4.088579,2.545072,0.998185,0.000570344,0.102649,0.0137596
clsqdeim,0.1,1,0.99,10,10,31,45,3.639108,2.007890,1.02733,0.000837029,0.25123,0.0258892
clsqdeim,0.1,1,0.99,10,10,31,50,3.989457,2.555014,1.58934,0.003477,1.44994,0.1277
clsqdeim,0.1,1,0.99,10,10,31,55,3.582235,1.728707,,0.00884112,2.14492,0.198464
clsqdeim,0.1,1,0.99,10,10,31,60,3.462007,2.418595,,0.00877095,23.2665,0.185076
clsqdeim,0.1,1,0.99,10,10,31,65,3.185036,1.883648,,0.00858157,2.70236,0.20798
clsqdeim,0.1,1,0.99,10,10,31,70,3.173135,2.427434,1.51771,0.00321373,0.705096,0.0675995
clsqdeim,0.1,1,0.99,10,10,31,75,2.871446,2.205059,1.56336,0.00399859,0.666398,0.0704997
clsqdeim,0.1,1,0.99,10,10,31,80,2.695691,2.231746,1.55193,0.00371521,0.623051,0.069274
clsqdeim,0.1,1,0.99,10,10,31,85,2.976018,1.780291,1.48761,0.00193627,0.593632,0.0620306
clsqdeim,0.1,1,0.99,10,10,31,90,2.782776,2.508796,1.466,0.00102806,0.222373,0.0289169
clsqdeim,0.1,1,0.99,10,10,31,95,2.458904,1.808491,1.44029,0.000619244,0.0734877,0.00758403
clsqdeim,0.1,1,0.99,10,10,31,100,2.364999,2.495977,1.48891,0.000526355,0.104965,0.0123562
clssopt,0.1,2,0.999,10,22,52,5,35.311805,11.799597,,0.0283461,1.8334,0.202138
clssopt,0.1,2,0.999,10,22,52,10,19.682978,8.376639,,0.0191132,3.92766,0.170524
clssopt,0.1,2,0.999,10,22,52,15,15.425435,6.847582,,0.0296459,1.81953,0.225802
clssopt,0.1,2,0.999,10,22,52,20,10.823432,4.436573,,0.0240014,1.56902,0.1767
clssopt,0.1,2,0.999,10,22,52,25,8.349574,4.724464,,0.0124375,1.22158,0.109679
clssopt,0.1,2,0.999,10,22,52,30,7.944990,3.164739,,0.00385032,1.24195,0.118189
clssopt,0.1,2,0.999,10,22,52,35,7.701740,3.840404,,0.0057928,3.30116,0.134111
clssopt,0.1,2,0.999,10,22,52,40,5.700871,3.145709,1.5266,0.0056222,1.02995,0.0707613
clssopt,0.1,2,0.999,10,22,52,45,5.390508,3.087422,,0.00604228,1.48987,0.143808
clssopt,0.1,2,0.999,10,22,52,50,5.219489,2.817248,1.41922,0.000337818,0.0382894,0.00395036
clssopt,0.1,2,0.999,10,22,52,55,5.061875,3.235692,,0.00429452,1.50627,0.141812
clssopt,0.1,2,0.999,10,22,52,60,4.899103,2.642229,,0.00361348,4.62285,0.41833
clssopt,0.1,2,0.999,10,22,52,65,3.829453,2.413336,,0.00316873,1.26783,0.108627
clssopt,0.1,2,0.999,10,22,52,70,4.404181,2.528712,,0.00341479,1.3288,0.113508
clssopt,0.1,2,0.999,10,22,52,75,3.955819,2.517148,,0.00748516,1.35002,0.118349
clssopt,0.1,2,0.999,10,22,52,80,3.701398,2.466375,,0.00938691,1.18912,0.100909
clssopt,0.1,2,0.999,10,22,52,85,3.769998,2.159067,1.73532,0.000155681,0.0430565,0.00658908
clssopt,0.1,2,0.999,10,22,52,90,3.540229,2.417435,1.74909,0.00029472,0.0762077,0.0113266
clssopt,0.1,2,0.999,10,22,52,95,3.895213,2.195988,1.76104,0.000139696,0.0323795,0.00441391
clssopt,0.1,2,0.999,10,22,52,100,3.395259,2.236428,1.83576,0.000218229,0.0388834,0.00358522
clsqdeim,0.1,2,0.999,10,22,52,5,34.279911,16.584217,,0.0605829,101.793,1212.91
clsqdeim,0.1,2,0.999,10,22,52,10,17.043092,7.029787,,0.0495999,1.37862,0.192075
clsqdeim,0.1,2,0.999,10,22,52,15,12.529202,5.388656,,0.0529336,1.34401,0.218215
clsqdeim,0.1,2,0.999,10,22,52,20,11.985598,4.795071,,0.0503079,1.98715,0.42647
clsqdeim,0.1,2,0.999,10,22,52,25,8.049218,3.818663,,0.0484118,1.63851,0.260783
clsqdeim,0.1,2,0.999,10,22,52,30,7.754413,3.599312,,0.0549341,2.68378,0.75083
clsqdeim,0.1,2,0.999,10,22,52,35,5.728284,4.556371,,0.049842,2.51499,0.57241
clsqdeim,0.1,2,0.999,10,22,52,40,6.472564,3.085843,,0.0392909,1.81828,0.284582
clsqdeim,0.1,2,0.999,10,22,52,45,6.353372,3.414755,,0.0307556,1.89168,0.192323
clsqdeim,0.1,2,0.999,10,22,52,50,5.526129,2.997648,,0.0307168,1.2909,0.194246
clsqdeim,0.1,2,0.999,10,22,52,55,5.096233,2.769055,,0.0435883,1.60262,0.193547
clsqdeim,0.1,2,0.999,10,22,52,60,5.646937,2.793192,,0.0455318,1.73531,0.248125
clsqdeim,0.1,2,0.999,10,22,52,65,4.181745,2.657015,,0.0353608,1.47864,0.170664
clsqdeim,0.1,2,0.999,10,22,52,70,4.868782,2.790264,,0.0302953,1.74744,0.181121
clsqdeim,0.1,2,0.999,10,22,52,75,3.929350,2.682036,,0.0264033,1.72071,0.192388
clsqdeim,0.1,2,0.999,10,22,52,80,3.946029,2.247878,,0.0309601,1.85496,0.17696
clsqdeim,0.1,2,0.999,10,22,52,85,4.193131,2.557317,,0.0322816,2.06188,0.184051
clsqdeim,0.1,2,0.999,10,22,52,90,4.228952,2.400347,,0.0324105,1.79394,0.176725
clsqdeim,0.1,2,0.999,10,22,52,95,3.523786,2.360150,,0.0321512,1.8742,0.182468
clsqdeim,0.1,2,0.999,10,22,52,100,3.583964,2.149974,33.7598,0.0999496,1.84369,0.169731
clssopt,0.1,3,0.9999,10,32,72,5,27.908772,37.756370,,0.0509927,2.47784,0.22221
clssopt,0.1,3,0.9999,10,32,72,10,18.521221,10.535871,,0.0120551,3.54675,0.54636
clssopt,0.1,3,0.9999,10,32,72,15,22.341099,8.386274,1.36844,0.000951301,0.123967,0.016984
clssopt,0.1,3,0.9999,10,32,72,20,13.549093,5.896457,1.34393,0.0015722,0.204007,0.0249401
clssopt,0.1,3,0.9999,10,32,72,25,12.605747,4.743261,1.44959,8.11129e-05,0.0112561,0.00182486
clssopt,0.1,3,0.9999,10,32,72,30,9.859531,5.841604,1.49673,0.000486114,0.0661756,0.00496757
clssopt,0.1,3,0.9999,10,32,72,35,9.050839,5.061327,1.56842,0.00022517,0.0507108,0.00827532
clssopt,0.1,3,0.9999,10,32,72,40,8.246333,4.381601,1.63808,4.10075e-05,0.0134712,0.00175311
clssopt,0.1,3,0.9999,10,32,72,45,6.514815,4.625074,1.63253,7.20881e-05,0.00680373,0.000604432
clssopt,0.1,3,0.9999,10,32,72,50,6.089127,3.872151,1.72885,6.21997e-05,0.00731428,0.000734492
clssopt,0.1,3,0.9999,10,32,72,55,6.837099,3.086991,1.72816,2.63078e-05,0.00436219,0.000384975
clssopt,0.1,3,0.9999,10,32,72,60,6.266602,3.515419,1.84651,2.35091e-05,0.00368957,0.000518604
clssopt,0.1,3,0.9999,10,32,72,65,5.650966,2.974661,1.82229,2.78536e-05,0.004259,0.000595931
clssopt,0.1,3,0.9999,10,32,72,70,5.683828,3.085540,1.89617,4.62418e-05,0.00645352,0.000862104
clssopt,0.1,3,0.9999,10,32,72,75,4.731992,2.935738,1.91207,5.13008e-05,0.00444898,0.000766047
clssopt,0.1,3,0.9999,10,32,72,80,5.484009,3.312058,2.03473,3.98438e-05,0.00354141,0.000569565
clssopt,0.1,3,0.9999,10,32,72,85,4.842517,2.898185,2.0607,2.43857e-05,0.00189989,0.000224347
clssopt,0.1,3,0.9999,10,32,72,90,4.878042,2.753060,2.1374,3.38857e-05,0.00263261,0.000289326
clssopt,0.1,3,0.9999,10,32,72,95,5.027790,2.712896,2.16479,3.80355e-05,0.0022277,0.000281682
clssopt,0.1,3,0.9999,10,32,72,100,4.301637,3.019932,2.15902,6.7934e-05,0.00606488,0.000703856
clsqdeim,0.1,3,0.9999,10,32,72,5,45.427663,18.170772,,0.0347861,2.54334,0.264469
clsqdeim,0.1,3,0.9999,10,32,72,10,31.078099,9.664979,,0.0312283,1.28505,0.130258
clsqdeim,0.1,3,0.9999,10,32,72,15,14.423390,6.808138,,0.0218785,3.80306,0.191944
clsqdeim,0.1,3,0.9999,10,32,72,20,12.687178,7.565537,,0.0247748,3.33159,0.124749
clsqdeim,0.1,3,0.9999,10,32,72,25,11.033961,6.241243,,0.010578,3.9311,7.37381
clsqdeim,0.1,3,0.9999,10,32,72,30,11.056683,5.856279,,0.010816,3.67789,6.23252
clsqdeim,0.1,3,0.9999,10,32,72,35,8.905220,4.588144,,0.00944925,2.75972,3.97363
clsqdeim,0.1,3,0.9999,10,32,72,40,8.985407,5.011934,1.74143,0.00156861,0.573917,0.0603059
clsqdeim,0.1,3,0.9999,10,32,72,45,8.841505,3.669955,1.7498,0.00111371,0.302156,0.0332861
clsqdeim,0.1,3,0.9999,10,32,72,50,7.287790,4.867732,1.75508,0.000765397,0.246698,0.0246929
clsqdeim,0.1,3,0.9999,10,32,72,55,6.121121,3.421282,1.76079,0.00120485,0.227986,0.0202811
clsqdeim,0.1,3,0.9999,10,32,72,60,5.835481,4.594500,1.82137,0.000427111,0.0825743,0.00934855
clsqdeim,0.1,3,0.9999,10,32,72,65,5.701817,3.940129,1.88153,0.000233542,0.0224628,0.00265607
clsqdeim,0.1,3,0.9999,10,32,72,70,5.892148,4.692478,1.97784,0.00028936,0.0234985,0.0029863
clsqdeim,0.1,3,0.9999,10,32,72,75,5.214369,3.155546,1.96559,0.000280445,0.0230349,0.00193659
clsqdeim,0.1,3,0.9999,10,32,72,80,4.834533,6.531860,1.97087,0.000240834,0.0210147,0.00230959
clsqdeim,0.1,3,0.9999,10,32,72,85,4.764347,2.944696,2.01874,0.000273518,0.0195081,0.00192911
clsqdeim,0.1,3,0.9999,10,32,72,90,4.926504,3.248010,2.06442,0.000255547,0.0180622,0.00183025
clsqdeim,0.1,3,0.9999,10,32,72,95,4.372219,2.748743,2.16346,0.000153062,0.0102701,0.00131946
clsqdeim,0.1,3,0.9999,10,32,72,100,4.374542,4.620824,2.17398,0.000163895,0.0104367,0.00160316
clssopt,0.1,4,0.99999,10,54,90,5,54.089892,23.914917,,0.0484178,1.16916,0.126606
clssopt,0.1,4,0.99999,10,54,90,10,32.430277,26.063383,,0.0253575,0.873634,0.0981766
clssopt,0.1,4,0.99999,10,54,90,15,15.447380,11.715735,,0.0354447,1.00578,0.100393
clssopt,0.1,4,0.99999,10,54,90,20,16.041495,11.142482,,0.027715,1.38254,0.138133
clssopt,0.1,4,0.99999,10,54,90,25,14.989158,8.954624,2.08287,0.00275085,0.593807,0.0730713
clssopt,0.1,4,0.99999,10,54,90,30,12.815937,12.041639,2.10572,0.00141467,0.658398,0.058731
clssopt,0.1,4,0.99999,10,54,90,35,13.165535,6.121040,2.03848,0.000487408,0.10622,0.0110948
clssopt,0.1,4,0.99999,10,54,90,40,9.540228,6.499081,2.06172,9.05494e-05,0.0190961,0.00369143
clssopt,0.1,4,0.99999,10,54,90,45,9.275094,7.968198,2.12338,0.000102928,0.02232,0.00198226
clssopt,0.1,4,0.99999,10,54,90,50,7.464778,6.306845,2.20608,2.00356e-05,0.00274378,0.000380076
clssopt,0.1,4,0.99999,10,54,90,55,7.380382,4.755373,2.22427,1.59892e-05,0.00316646,0.000613572
clssopt,0.1,4,0.99999,10,54,90,60,6.793262,5.590984,2.25402,2.56073e-05,0.0022721,0.000246428
clssopt,0.1,4,0.99999,10,54,90,65,7.701292,4.957402,2.26017,1.87499e-05,0.00140891,0.000119214
clssopt,0.1,4,0.99999,10,54,90,70,5.863103,4.660880,2.326,9.99749e-06,0.00124976,0.000118642
clssopt,0.1,4,0.99999,10,54,90,75,6.536379,4.341376,2.38146,1.95582e-05,0.00142612,0.000169922
clssopt,0.1,4,0.99999,10,54,90,80,5.862099,3.793094,2.5405,3.76595e-05,0.00242469,0.000340191
clssopt,0.1,4,0.99999,10,54,90,85,5.744515,4.331600,2.4747,2.8693e-05,0.00180698,0.000220286
clssopt,0.1,4,0.99999,10,54,90,90,5.374327,5.811095,2.52238,2.94393e-05,0.00196842,0.000280468
clssopt,0.1,4,0.99999,10,54,90,95,5.328365,3.572660,2.53465,2.95041e-05,0.00216429,0.000335128
clssopt,0.1,4,0.99999,10,54,90,100,5.297863,4.051825,2.61552,3.50487e-05,0.0024721,0.000349324
clsqdeim,0.1,4,0.99999,10,54,90,5,83.484214,29.202913,,0.0485931,4.92538,1.62901
clsqdeim,0.1,4,0.99999,10,54,90,10,40.152715,25.414694,,0.0423956,8.3129,0.491868
clsqdeim,0.1,4,0.99999,10,54,90,15,16.891922,10.499690,,0.0233965,3.00164,0.436569
clsqdeim,0.1,4,0.99999,10,54,90,20,14.126899,9.498599,,0.0213256,1.69685,0.232641
clsqdeim,0.1,4,0.99999,10,54,90,25,13.459955,8.932560,,0.0120578,3.18695,0.370457
clsqdeim,0.1,4,0.99999,10,54,90,30,11.953453,8.843344,,0.0115439,4.91283,0.765538
clsqdeim,0.1,4,0.99999,10,54,90,35,9.946053,6.657979,,0.00738096,1.73154,0.196978
clsqdeim,0.1,4,0.99999,10,54,90,40,12.025211,6.051406,2.00506,0.000532304,0.228875,0.0313604
clsqdeim,0.1,4,0.99999,10,54,90,45,8.441553,6.684308,2.12338,0.00231233,0.525277,0.0695914
clsqdeim,0.1,4,0.99999,10,54,90,50,8.103391,5.830379,2.18918,0.00324925,0.811271,0.0974421
clsqdeim,0.1,4,0.99999,10,54,90,55,8.019318,4.877103,2.42297,0.00275964,0.771277,0.104594
clsqdeim,0.1,4,0.99999,10,54,90,60,7.907977,5.822675,2.26818,0.00171292,0.298964,0.0425065
clsqdeim,0.1,4,0.99999,10,54,90,65,7.055542,4.502799,2.23866,0.000468772,0.0712899,0.00794602
clsqdeim,0.1,4,0.99999,10,54,90,70,6.108693,4.559107,2.29965,0.000700663,0.110124,0.0118378
clsqdeim,0.1,4,0.99999,10,54,90,75,6.302627,4.520671,2.32345,0.000982895,0.111748,0.0112915
clsqdeim,0.1,4,0.99999,10,54,90,80,6.259880,4.201581,2.37609,0.000648621,0.071604,0.00670248
clsqdeim,0.1,4,0.99999,10,54,90,85,5.605949,3.584007,2.41429,0.00166097,0.179405,0.0190646
clsqdeim,0.1,4,0.99999,10,54,90,90,6.428039,6.058362,2.46758,0.000486851,0.0566372,0.00606404
clsqdeim,0.1,4,0.99999,10,54,90,95,5.169412,3.678190,2.5134,0.000299486,0.0468154,0.0049491
clsqdeim,0.1,4,0.99999,10,54,90,100,5.364439,3.709154,2.54327,0.00021229,0.0551071,0.00819263
clssopt,0.1,5,0.999999,10,73,110,5,54.215702,96.153974,,0.0601674,2.79163,0.3365
clssopt,0.1,5,0.999999,10,73,110,10,37.031461,37.008112,,0.0550075,2.32991,0.289256
clssopt,0.1,5,0.999999,10,73,110,15,28.645202,16.717559,,0.0356509,3.62845,0.439336
clssopt,0.1,5,0.999999,10,73,110,20,20.667024,16.675181,,0.021693,8.44785,1.02248
clssopt,0.1,5,0.999999,10,73,110,25,15.796722,9.872800,31.1656,0.09969,1.06079,0.122037
clssopt,0.1,5,0.999999,10,73,110,30,13.904275,9.931672,2.87851,0.00210031,1.06302,0.101457
clssopt,0.1,5,0.999999,10,73,110,35,15.671439,9.176000,2.40416,0.00040486,0.101347,0.0144984
clssopt,0.1,5,0.999999,10,73,110,40,12.002258,7.865343,2.47086,0.00135929,0.149825,0.0172933
clssopt,0.1,5,0.999999,10,73,110,45,9.125666,7.247920,2.50782,0.000274995,0.0272311,0.00326733
clssopt,0.1,5,0.999999,10,73,110,50,9.120635,8.024016,2.55752,0.000685058,0.047376,0.0047063
clssopt,0.1,5,0.999999,10,73,110,55,8.371014,6.406317,2.64582,0.000430005,0.0305312,0.00366919
clssopt,0.1,5,0.999999,10,73,110,60,8.265200,5.797182,2.68476,9.34342e-05,0.0164442,0.00181507
clssopt,0.1,5,0.999999,10,73,110,65,8.079236,6.317041,2.74761,0.000122115,0.0106355,0.00147452
clssopt,0.1,5,0.999999,10,73,110,70,7.710542,5.155847,2.80228,8.74613e-05,0.0111868,0.00109842
clssopt,0.1,5,0.999999,10,73,110,75,7.494604,4.672638,2.8253,0.000158106,0.0109939,0.00172459
clssopt,0.1,5,0.999999,10,73,110,80,7.205417,5.194329,2.88434,0.000157481,0.00991363,0.00157827
clssopt,0.1,5,0.999999,10,73,110,85,6.772909,4.678863,2.94515,0.000181862,0.0247943,0.00411106
clssopt,0.1,5,0.999999,10,73,110,90,6.467008,4.719748,2.97507,0.00012928,0.00585827,0.00072607
clssopt,0.1,5,0.999999,10,73,110,95,5.923358,4.806465,3.00487,9.03425e-05,0.00554783,0.00070013
clssopt,0.1,5,0.999999,10,73,110,100,6.037119,4.208006,3.04269,0.00015421,0.00863679,0.00103314
clsqdeim,0.1,5,0.999999,10,73,110,5,69.211929,44.099018,,0.0627,7.54788,1.62632
clsqdeim,0.1,5,0.999999,10,73,110,10,34.587164,18.603741,,0.0495777,8.80567,3.19604
clsqdeim,0.1,5,0.999999,10,73,110,15,30.845981,18.549675,,0.0594932,4.01094,0.548869
clsqdeim,0.1,5,0.999999,10,73,110,20,21.243356,17.248157,,0.0279246,2.86396,0.604601
clsqdeim,0.1,5,0.999999,10,73,110,25,17.662455,12.253665,,0.0504732,2.79091,0.48949
clsqdeim,0.1,5,0.999999,10,73,110,30,15.044152,9.292644,,0.0291391,9.29765,1.79809
clsqdeim,0.1,5,0.999999,10,73,110,35,13.165954,8.846795,,0.0334709,1.7642,0.18551
clsqdeim,0.1,5,0.999999,10,73,110,40,11.866294,8.531454,,0.0299292,1.98843,0.263633
clsqdeim,0.1,5,0.999999,10,73,110,45,11.485001,7.697227,,0.00800867,2.79968,0.340439
clsqdeim,0.1,5,0.999999,10,73,110,50,9.455035,6.871592,,0.0135111,2.02643,0.212776
clsqdeim,0.1,5,0.999999,10,73,110,55,8.523826,6.348873,,0.00414526,1.77777,0.204546
clsqdeim,0.1,5,0.999999,10,73,110,60,8.981911,6.823392,3.07106,0.00251693,1.15953,0.100755
clsqdeim,0.1,5,0.999999,10,73,110,65,8.577201,5.941893,2.87382,0.00110034,0.335738,0.0429796
clsqdeim,0.1,5,0.999999,10,73,110,70,7.319799,5.413549,2.82729,0.000503281,0.174336,0.0227783
clsqdeim,0.1,5,0.999999,10,73,110,75,7.144706,5.393200,2.8163,0.000322028,0.0732615,0.00776983
clsqdeim,0.1,5,0.999999,10,73,110,80,7.121748,5.084125,2.83581,0.000165972,0.0329178,0.00360804
clsqdeim,0.1,5,0.999999,10,73,110,85,6.970363,5.120174,2.89961,0.000323155,0.043962,0.00505325
clsqdeim,0.1,5,0.999999,10,73,110,90,6.062668,4.634504,2.93156,0.000609944,0.0684205,0.00747165
clsqdeim,0.1,5,0.999999,10,73,110,95,5.861629,4.640716,3.06249,0.0013222,0.224304,0.0241112
clsqdeim,0.1,5,0.999999,10,73,110,100,6.371915,4.429965,3.04207,0.000651878,0.0831054,0.00891039
clssopt,0.1,6,0.9999999,10,91,127,5,132.481586,72.338048,,0.0744915,9.88755,2.97214
clssopt,0.1,6,0.9999999,10,91,127,10,38.400605,36.746725,,0.0575541,4.7922,1.06608
clssopt,0.1,6,0.9999999,10,91,127,15,36.530908,14.959616,,0.0463638,4.24136,0.446152
clssopt,0.1,6,0.9999999,10,91,127,20,18.461537,17.542905,,0.0508146,1584.32,1.07045e+06
clssopt,0.1,6,0.9999999,10,91,127,25,23.675809,14.490270,,0.034807,8.60124,1.91825
clssopt,0.1,6,0.9999999,10,91,127,30,16.777441,11.993966,,0.00364953,4.93851,1.0305
clssopt,0.1,6,0.9999999,10,91,127,35,15.530892,11.971100,,0.00540724,2.23596,0.237615
clssopt,0.1,6,0.9999999,10,91,127,40,13.951745,10.363133,,0.0147803,5.4647,0.604083
clssopt,0.1,6,0.9999999,10,91,127,45,11.038732,8.653410,,0.00359804,1.54696,0.19626
clssopt,0.1,6,0.9999999,10,91,127,50,10.784535,7.967665,,0.00839344,2.11001,0.291471
clssopt,0.1,6,0.9999999,10,91,127,55,10.808875,7.920980,3.79676,0.0053071,1.39919,0.160614
clssopt,0.1,6,0.9999999,10,91,127,60,9.493348,7.640684,3.3503,0.00244124,0.491986,0.0589845
clssopt,0.1,6,0.9999999,10,91,127,65,9.743562,8.231213,3.09674,0.000377853,0.0316462,0.00365801
clssopt,0.1,6,0.9999999,10,91,127,70,8.088884,6.203328,3.20725,0.00023775,0.0331059,0.00437375
clssopt,0.1,6,0.9999999,10,91,127,75,7.721424,6.179255,3.27008,7.46341e-05,0.00767674,0.00115352
clssopt,0.1,6,0.9999999,10,91,127,80,8.066427,6.013253,3.30975,5.31996e-05,0.00419182,0.00069877
clssopt,0.1,6,0.9999999,10,91,127,85,6.991604,5.829233,3.20881,5.44439e-05,0.00766632,0.00101866
clssopt,0.1,6,0.9999999,10,91,127,90,7.397874,5.631691,3.34858,0.000103321,0.00731755,0.000995912
clssopt,0.1,6,0.9999999,10,91,127,95,6.761786,5.336561,3.36928,8.16971e-05,0.00656534,0.000811234
clssopt,0.1,6,0.9999999,10,91,127,100,6.285763,4.949146,3.45065,4.2406e-05,0.00445506,0.000579527
clsqdeim,0.1,6,0.9999999,10,91,127,5,60.924659,65.371770,,0.0796654,10.6936,4.17934
clsqdeim,0.1,6,0.9999999,10,91,127,10,40.342269,42.716327,,0.073484,8.57108,2.48499
clsqdeim,0.1,6,0.9999999,10,91,127,15,26.181192,27.500785,,0.0714101,6.02696,1.70433
clsqdeim,0.1,6,0.9999999,10,91,127,20,32.110482,17.353108,,0.0581801,10.8688,1.50309
clsqdeim,0.1,6,0.9999999,10,91,127,25,16.363531,14.593967,,0.0358791,1.3228,0.204392
clsqdeim,0.1,6,0.9999999,10,91,127,30,16.840812,11.604300,,0.0408251,2.84088,0.252206
clsqdeim,0.1,6,0.9999999,10,91,127,35,12.943835,12.052188,,0.0437022,12.1142,3.7283
clsqdeim,0.1,6,0.9999999,10,91,127,40,11.298388,9.155981,,0.0305788,3.06582,0.428423
clsqdeim,0.1,6,0.9999999,10,91,127,45,13.544942,9.377262,,0.0145161,6.60423,1.13379
clsqdeim,0.1,6,0.9999999,10,91,127,50,12.826315,7.895082,,0.0103672,1.76512,0.176236
clsqdeim,0.1,6,0.9999999,10,91,127,55,9.806775,7.791310,,0.0154648,3.44082,0.262039
clsqdeim,0.1,6,0.9999999,10,91,127,60,10.129374,7.951835,,0.0120104,4.5903,0.388874
clsqdeim,0.1,6,0.9999999,10,91,127,65,8.893124,14.686733,,0.00818466,1.8898,0.202222
clsqdeim,0.1,6,0.9999999,10,91,127,70,7.745456,8.747017,,0.00707921,0.832247,0.0958
clsqdeim,0.1,6,0.9999999,10,91,127,75,8.386922,6.101505,3.66994,0.000461993,0.243936,0.0308515
clsqdeim,0.1,6,0.9999999,10,91,127,80,8.216493,6.302254,3.68599,0.000417934,0.166867,0.0215642
clsqdeim,0.1,6,0.9999999,10,91,127,85,7.652855,5.844959,3.72657,0.000157958,0.107881,0.0131101
clsqdeim,0.1,6,0.9999999,10,91,127,90,6.644837,5.794949,3.68381,0.000201414,0.0564662,0.00643929
clsqdeim,0.1,6,0.9999999,10,91,127,95,7.115227,4.914819,3.75492,0.000382379,0.0356533,0.00401841
clsqdeim,0.1,6,0.9999999,10,91,127,100,6.218368,5.283133,3.79132,0.000314452,0.0220348,0.00228895
