method,n,energy_frac,rwdim,rrdim,nldim,nsr,time,error
clsSOPT,0,0.9,4,6,6,11,,
clsQDEIM,0,0.9,4,6,6,11,,
clsSOPT,0,0.9,4,6,6,16,,
clsQDEIM,0,0.9,4,6,6,16,,
clsSOPT,0,0.9,4,6,6,21,,
clsQDEIM,0,0.9,4,6,6,21,,
clsSOPT,0,0.9,4,6,6,26,,
clsQDEIM,0,0.9,4,6,6,26,,
clsSOPT,0,0.9,4,6,6,31,,
clsQDEIM,0,0.9,4,6,6,31,,
clsSOPT,0,0.9,4,6,6,36,,
clsQDEIM,0,0.9,4,6,6,36,,
clsSOPT,0,0.9,4,6,6,41,,
clsQDEIM,0,0.9,4,6,6,41,,
clsSOPT,0,0.9,4,6,6,46,,
clsQDEIM,0,0.9,4,6,6,46,,
clsSOPT,0,0.9,4,6,6,51,,
clsQDEIM,0,0.9,4,6,6,51,,
clsSOPT,0,0.9,4,6,6,56,,
clsQDEIM,0,0.9,4,6,6,56,,
clsSOPT,0,0.9,4,6,6,61,,
clsQDEIM,0,0.9,4,6,6,61,,
clsSOPT,0,0.9,4,6,6,66,,
clsQDEIM,0,0.9,4,6,6,66,,
clsSOPT,0,0.9,4,6,6,71,,
clsQDEIM,0,0.9,4,6,6,71,,
clsSOPT,0,0.9,4,6,6,76,,
clsQDEIM,0,0.9,4,6,6,76,,
clsSOPT,0,0.9,4,6,6,81,,
clsQDEIM,0,0.9,4,6,6,81,,
clsSOPT,0,0.9,4,6,6,86,,
clsQDEIM,0,0.9,4,6,6,86,,
clsSOPT,0,0.9,4,6,6,91,,
clsQDEIM,0,0.9,4,6,6,91,,
clsSOPT,0,0.9,4,6,6,96,,
clsQDEIM,0,0.9,4,6,6,96,,
clsSOPT,0,0.9,4,6,6,101,,
clsQDEIM,0,0.9,4,6,6,101,,
clsSOPT,0,0.9,4,6,6,106,,
clsQDEIM,0,0.9,4,6,6,106,,
clsSOPT,0,0.9,4,6,6,111,,
clsQDEIM,0,0.9,4,6,6,111,,
clsSOPT,0,0.9,4,6,6,116,,
clsQDEIM,0,0.9,4,6,6,116,,
clsSOPT,0,0.9,4,6,6,121,,
clsQDEIM,0,0.9,4,6,6,121,,
clsSOPT,0,0.9,4,6,6,126,,
clsQDEIM,0,0.9,4,6,6,126,,
clsSOPT,0,0.9,4,6,6,131,,
clsQDEIM,0,0.9,4,6,6,131,,
clsSOPT,0,0.9,4,6,6,136,,
clsQDEIM,0,0.9,4,6,6,136,,
clsSOPT,0,0.9,4,6,6,141,,
clsQDEIM,0,0.9,4,6,6,141,,
clsSOPT,0,0.9,4,6,6,146,,
clsQDEIM,0,0.9,4,6,6,146,,
clsSOPT,0,0.9,4,6,6,151,,
clsQDEIM,0,0.9,4,6,6,151,,
clsSOPT,0,0.9,4,6,6,156,,
clsQDEIM,0,0.9,4,6,6,156,,
clsSOPT,0,0.9,4,6,6,161,,
clsQDEIM,0,0.9,4,6,6,161,,
clsSOPT,0,0.9,4,6,6,166,,
clsQDEIM,0,0.9,4,6,6,166,,
clsSOPT,0,0.9,4,6,6,171,,
clsQDEIM,0,0.9,4,6,6,171,,
clsSOPT,0,0.9,4,6,6,176,,
clsQDEIM,0,0.9,4,6,6,176,,
clsSOPT,0,0.9,4,6,6,181,,
clsQDEIM,0,0.9,4,6,6,181,,
clsSOPT,0,0.9,4,6,6,186,,
clsQDEIM,0,0.9,4,6,6,186,,
clsSOPT,0,0.9,4,6,6,191,,
clsQDEIM,0,0.9,4,6,6,191,,
clsSOPT,0,0.9,4,6,6,196,,
clsQDEIM,0,0.9,4,6,6,196,,
clsSOPT,0,0.9,4,6,6,201,,
clsQDEIM,0,0.9,4,6,6,201,,
clsSOPT,0,0.9,4,6,6,206,,
clsQDEIM,0,0.9,4,6,6,206,,
clsSOPT,0,0.9,4,6,6,211,,
clsQDEIM,0,0.9,4,6,6,211,,
clsSOPT,0,0.9,4,6,6,216,,
clsQDEIM,0,0.9,4,6,6,216,,
clsSOPT,0,0.9,4,6,6,221,,
clsQDEIM,0,0.9,4,6,6,221,,
clsSOPT,0,0.9,4,6,6,226,,
clsQDEIM,0,0.9,4,6,6,226,,
clsSOPT,0,0.9,4,6,6,231,,
clsQDEIM,0,0.9,4,6,6,231,,
clsSOPT,0,0.9,4,6,6,236,,
clsQDEIM,0,0.9,4,6,6,236,,
clsSOPT,0,0.9,4,6,6,241,,
clsQDEIM,0,0.9,4,6,6,241,,
clsSOPT,0,0.9,4,6,6,246,,
clsQDEIM,0,0.9,4,6,6,246,,
clsSOPT,0,0.9,4,6,6,251,,
clsQDEIM,0,0.9,4,6,6,251,,
clsSOPT,0,0.9,4,6,6,256,,
clsQDEIM,0,0.9,4,6,6,256,,
clsSOPT,1,0.99,9,11,11,16,,
clsQDEIM,1,0.99,9,11,11,16,,
clsSOPT,1,0.99,9,11,11,21,,
clsQDEIM,1,0.99,9,11,11,21,,
clsSOPT,1,0.99,9,11,11,26,,
clsQDEIM,1,0.99,9,11,11,26,,
clsSOPT,1,0.99,9,11,11,31,,
clsQDEIM,1,0.99,9,11,11,31,,
clsSOPT,1,0.99,9,11,11,36,,
clsQDEIM,1,0.99,9,11,11,36,,
clsSOPT,1,0.99,9,11,11,41,,
clsQDEIM,1,0.99,9,11,11,41,,
clsSOPT,1,0.99,9,11,11,46,,
clsQDEIM,1,0.99,9,11,11,46,,
clsSOPT,1,0.99,9,11,11,51,,
clsQDEIM,1,0.99,9,11,11,51,,
clsSOPT,1,0.99,9,11,11,56,,
clsQDEIM,1,0.99,9,11,11,56,,
clsSOPT,1,0.99,9,11,11,61,,
clsQDEIM,1,0.99,9,11,11,61,,
clsSOPT,1,0.99,9,11,11,66,,
clsQDEIM,1,0.99,9,11,11,66,,
clsSOPT,1,0.99,9,11,11,71,,
clsQDEIM,1,0.99,9,11,11,71,,
clsSOPT,1,0.99,9,11,11,76,,
clsQDEIM,1,0.99,9,11,11,76,,
clsSOPT,1,0.99,9,11,11,81,,
clsQDEIM,1,0.99,9,11,11,81,,
clsSOPT,1,0.99,9,11,11,86,,
clsQDEIM,1,0.99,9,11,11,86,,
clsSOPT,1,0.99,9,11,11,91,,
clsQDEIM,1,0.99,9,11,11,91,,
clsSOPT,1,0.99,9,11,11,96,,
clsQDEIM,1,0.99,9,11,11,96,,
clsSOPT,1,0.99,9,11,11,101,,
clsQDEIM,1,0.99,9,11,11,101,,
clsSOPT,1,0.99,9,11,11,106,,
clsQDEIM,1,0.99,9,11,11,106,,
clsSOPT,1,0.99,9,11,11,111,,
clsQDEIM,1,0.99,9,11,11,111,,
clsSOPT,1,0.99,9,11,11,116,,
clsQDEIM,1,0.99,9,11,11,116,,
clsSOPT,1,0.99,9,11,11,121,,
clsQDEIM,1,0.99,9,11,11,121,,
clsSOPT,1,0.99,9,11,11,126,,
clsQDEIM,1,0.99,9,11,11,126,,
clsSOPT,1,0.99,9,11,11,131,,
clsQDEIM,1,0.99,9,11,11,131,,
clsSOPT,1,0.99,9,11,11,136,,
clsQDEIM,1,0.99,9,11,11,136,,
clsSOPT,1,0.99,9,11,11,141,,
clsQDEIM,1,0.99,9,11,11,141,,
clsSOPT,1,0.99,9,11,11,146,,
clsQDEIM,1,0.99,9,11,11,146,,
clsSOPT,1,0.99,9,11,11,151,,
clsQDEIM,1,0.99,9,11,11,151,,
clsSOPT,1,0.99,9,11,11,156,,
clsQDEIM,1,0.99,9,11,11,156,,
clsSOPT,1,0.99,9,11,11,161,,
clsQDEIM,1,0.99,9,11,11,161,,
clsSOPT,1,0.99,9,11,11,166,,
clsQDEIM,1,0.99,9,11,11,166,,
clsSOPT,1,0.99,9,11,11,171,,
clsQDEIM,1,0.99,9,11,11,171,,
clsSOPT,1,0.99,9,11,11,176,,
clsQDEIM,1,0.99,9,11,11,176,,
clsSOPT,1,0.99,9,11,11,181,,
clsQDEIM,1,0.99,9,11,11,181,,
clsSOPT,1,0.99,9,11,11,186,,
clsQDEIM,1,0.99,9,11,11,186,,
clsSOPT,1,0.99,9,11,11,191,,
clsQDEIM,1,0.99,9,11,11,191,,
clsSOPT,1,0.99,9,11,11,196,,
clsQDEIM,1,0.99,9,11,11,196,,
clsSOPT,1,0.99,9,11,11,201,,
clsQDEIM,1,0.99,9,11,11,201,,
clsSOPT,1,0.99,9,11,11,206,,
clsQDEIM,1,0.99,9,11,11,206,,
clsSOPT,1,0.99,9,11,11,211,,
clsQDEIM,1,0.99,9,11,11,211,,
clsSOPT,1,0.99,9,11,11,216,,
clsQDEIM,1,0.99,9,11,11,216,,
clsSOPT,1,0.99,9,11,11,221,,
clsQDEIM,1,0.99,9,11,11,221,,
clsSOPT,1,0.99,9,11,11,226,,
clsQDEIM,1,0.99,9,11,11,226,,
clsSOPT,1,0.99,9,11,11,231,,
clsQDEIM,1,0.99,9,11,11,231,,
clsSOPT,1,0.99,9,11,11,236,,
clsQDEIM,1,0.99,9,11,11,236,,
clsSOPT,1,0.99,9,11,11,241,,
clsQDEIM,1,0.99,9,11,11,241,,
clsSOPT,1,0.99,9,11,11,246,,
clsQDEIM,1,0.99,9,11,11,246,,
clsSOPT,1,0.99,9,11,11,251,,
clsQDEIM,1,0.99,9,11,11,251,,
clsSOPT,1,0.99,9,11,11,256,,
clsQDEIM,1,0.99,9,11,11,256,,
clsSOPT,1,0.99,9,11,11,261,,
clsQDEIM,1,0.99,9,11,11,261,,
clsSOPT,2,0.999,14,16,16,21,,
clsQDEIM,2,0.999,14,16,16,21,,
clsSOPT,2,0.999,14,16,16,26,,
clsQDEIM,2,0.999,14,16,16,26,,
clsSOPT,2,0.999,14,16,16,31,,
clsQDEIM,2,0.999,14,16,16,31,,
clsSOPT,2,0.999,14,16,16,36,,
clsQDEIM,2,0.999,14,16,16,36,,
clsSOPT,2,0.999,14,16,16,41,,
clsQDEIM,2,0.999,14,16,16,41,,
clsSOPT,2,0.999,14,16,16,46,,
clsQDEIM,2,0.999,14,16,16,46,,
clsSOPT,2,0.999,14,16,16,51,,
clsQDEIM,2,0.999,14,16,16,51,,
clsSOPT,2,0.999,14,16,16,56,,
clsQDEIM,2,0.999,14,16,16,56,,
clsSOPT,2,0.999,14,16,16,61,,
clsQDEIM,2,0.999,14,16,16,61,,
clsSOPT,2,0.999,14,16,16,66,,
clsQDEIM,2,0.999,14,16,16,66,,
clsSOPT,2,0.999,14,16,16,71,,
clsQDEIM,2,0.999,14,16,16,71,,
clsSOPT,2,0.999,14,16,16,76,,
clsQDEIM,2,0.999,14,16,16,76,,
clsSOPT,2,0.999,14,16,16,81,,
clsQDEIM,2,0.999,14,16,16,81,,
clsSOPT,2,0.999,14,16,16,86,,
clsQDEIM,2,0.999,14,16,16,86,,
clsSOPT,2,0.999,14,16,16,91,,
clsQDEIM,2,0.999,14,16,16,91,,
clsSOPT,2,0.999,14,16,16,96,,
clsQDEIM,2,0.999,14,16,16,96,,
clsSOPT,2,0.999,14,16,16,101,,
clsQDEIM,2,0.999,14,16,16,101,,
clsSOPT,2,0.999,14,16,16,106,,
clsQDEIM,2,0.999,14,16,16,106,,
clsSOPT,2,0.999,14,16,16,111,,
clsQDEIM,2,0.999,14,16,16,111,,
clsSOPT,2,0.999,14,16,16,116,,
clsQDEIM,2,0.999,14,16,16,116,,
clsSOPT,2,0.999,14,16,16,121,,
clsQDEIM,2,0.999,14,16,16,121,,
clsSOPT,2,0.999,14,16,16,126,,
clsQDEIM,2,0.999,14,16,16,126,,
clsSOPT,2,0.999,14,16,16,131,,
clsQDEIM,2,0.999,14,16,16,131,,
clsSOPT,2,0.999,14,16,16,136,,
clsQDEIM,2,0.999,14,16,16,136,,
clsSOPT,2,0.999,14,16,16,141,,
clsQDEIM,2,0.999,14,16,16,141,,
clsSOPT,2,0.999,14,16,16,146,,
clsQDEIM,2,0.999,14,16,16,146,,
clsSOPT,2,0.999,14,16,16,151,,
clsQDEIM,2,0.999,14,16,16,151,,
clsSOPT,2,0.999,14,16,16,156,,
clsQDEIM,2,0.999,14,16,16,156,,
clsSOPT,2,0.999,14,16,16,161,,
clsQDEIM,2,0.999,14,16,16,161,,
clsSOPT,2,0.999,14,16,16,166,,
clsQDEIM,2,0.999,14,16,16,166,,
clsSOPT,2,0.999,14,16,16,171,,
clsQDEIM,2,0.999,14,16,16,171,,
clsSOPT,2,0.999,14,16,16,176,,
clsQDEIM,2,0.999,14,16,16,176,,
clsSOPT,2,0.999,14,16,16,181,,
clsQDEIM,2,0.999,14,16,16,181,,
clsSOPT,2,0.999,14,16,16,186,,
clsQDEIM,2,0.999,14,16,16,186,,
clsSOPT,2,0.999,14,16,16,191,,
clsQDEIM,2,0.999,14,16,16,191,,
clsSOPT,2,0.999,14,16,16,196,,
clsQDEIM,2,0.999,14,16,16,196,,
clsSOPT,2,0.999,14,16,16,201,,
clsQDEIM,2,0.999,14,16,16,201,,
clsSOPT,2,0.999,14,16,16,206,,
clsQDEIM,2,0.999,14,16,16,206,,
clsSOPT,2,0.999,14,16,16,211,,
clsQDEIM,2,0.999,14,16,16,211,,
clsSOPT,2,0.999,14,16,16,216,,
clsQDEIM,2,0.999,14,16,16,216,,
clsSOPT,2,0.999,14,16,16,221,,
clsQDEIM,2,0.999,14,16,16,221,,
clsSOPT,2,0.999,14,16,16,226,,
clsQDEIM,2,0.999,14,16,16,226,,
clsSOPT,2,0.999,14,16,16,231,,
clsQDEIM,2,0.999,14,16,16,231,,
clsSOPT,2,0.999,14,16,16,236,,
clsQDEIM,2,0.999,14,16,16,236,,
clsSOPT,2,0.999,14,16,16,241,,
clsQDEIM,2,0.999,14,16,16,241,,
clsSOPT,2,0.999,14,16,16,246,,
clsQDEIM,2,0.999,14,16,16,246,,
clsSOPT,2,0.999,14,16,16,251,,
clsQDEIM,2,0.999,14,16,16,251,,
clsSOPT,2,0.999,14,16,16,256,,
clsQDEIM,2,0.999,14,16,16,256,,
clsSOPT,2,0.999,14,16,16,261,,
clsQDEIM,2,0.999,14,16,16,261,,
clsSOPT,2,0.999,14,16,16,266,,
clsQDEIM,2,0.999,14,16,16,266,,
clsSOPT,3,0.9999,19,21,21,26,,
clsQDEIM,3,0.9999,19,21,21,26,,
clsSOPT,3,0.9999,19,21,21,31,,
clsQDEIM,3,0.9999,19,21,21,31,,
clsSOPT,3,0.9999,19,21,21,36,,
clsQDEIM,3,0.9999,19,21,21,36,,
clsSOPT,3,0.9999,19,21,21,41,,
clsQDEIM,3,0.9999,19,21,21,41,,
clsSOPT,3,0.9999,19,21,21,46,,
clsQDEIM,3,0.9999,19,21,21,46,,
clsSOPT,3,0.9999,19,21,21,51,,
clsQDEIM,3,0.9999,19,21,21,51,,
clsSOPT,3,0.9999,19,21,21,56,,
clsQDEIM,3,0.9999,19,21,21,56,,
clsSOPT,3,0.9999,19,21,21,61,,
clsQDEIM,3,0.9999,19,21,21,61,,
clsSOPT,3,0.9999,19,21,21,66,,
clsQDEIM,3,0.9999,19,21,21,66,,
clsSOPT,3,0.9999,19,21,21,71,,
clsQDEIM,3,0.9999,19,21,21,71,,
clsSOPT,3,0.9999,19,21,21,76,,
clsQDEIM,3,0.9999,19,21,21,76,,
clsSOPT,3,0.9999,19,21,21,81,,
clsQDEIM,3,0.9999,19,21,21,81,,
clsSOPT,3,0.9999,19,21,21,86,,
clsQDEIM,3,0.9999,19,21,21,86,,
clsSOPT,3,0.9999,19,21,21,91,,
clsQDEIM,3,0.9999,19,21,21,91,,
clsSOPT,3,0.9999,19,21,21,96,,
clsQDEIM,3,0.9999,19,21,21,96,,
clsSOPT,3,0.9999,19,21,21,101,,
clsQDEIM,3,0.9999,19,21,21,101,,
clsSOPT,3,0.9999,19,21,21,106,,
clsQDEIM,3,0.9999,19,21,21,106,,
clsSOPT,3,0.9999,19,21,21,111,,
clsQDEIM,3,0.9999,19,21,21,111,,
clsSOPT,3,0.9999,19,21,21,116,,
clsQDEIM,3,0.9999,19,21,21,116,,
clsSOPT,3,0.9999,19,21,21,121,,
clsQDEIM,3,0.9999,19,21,21,121,,
clsSOPT,3,0.9999,19,21,21,126,,
clsQDEIM,3,0.9999,19,21,21,126,,
clsSOPT,3,0.9999,19,21,21,131,,
clsQDEIM,3,0.9999,19,21,21,131,,
clsSOPT,3,0.9999,19,21,21,136,,
clsQDEIM,3,0.9999,19,21,21,136,,
clsSOPT,3,0.9999,19,21,21,141,,
clsQDEIM,3,0.9999,19,21,21,141,,
clsSOPT,3,0.9999,19,21,21,146,,
clsQDEIM,3,0.9999,19,21,21,146,,
clsSOPT,3,0.9999,19,21,21,151,,
clsQDEIM,3,0.9999,19,21,21,151,,
clsSOPT,3,0.9999,19,21,21,156,,
clsQDEIM,3,0.9999,19,21,21,156,,
clsSOPT,3,0.9999,19,21,21,161,,
clsQDEIM,3,0.9999,19,21,21,161,,
clsSOPT,3,0.9999,19,21,21,166,,
clsQDEIM,3,0.9999,19,21,21,166,,
clsSOPT,3,0.9999,19,21,21,171,,
clsQDEIM,3,0.9999,19,21,21,171,,
clsSOPT,3,0.9999,19,21,21,176,,
clsQDEIM,3,0.9999,19,21,21,176,,
clsSOPT,3,0.9999,19,21,21,181,,
clsQDEIM,3,0.9999,19,21,21,181,,
clsSOPT,3,0.9999,19,21,21,186,,
clsQDEIM,3,0.9999,19,21,21,186,,
clsSOPT,3,0.9999,19,21,21,191,,
clsQDEIM,3,0.9999,19,21,21,191,,
clsSOPT,3,0.9999,19,21,21,196,,
clsQDEIM,3,0.9999,19,21,21,196,,
clsSOPT,3,0.9999,19,21,21,201,,
clsQDEIM,3,0.9999,19,21,21,201,,
clsSOPT,3,0.9999,19,21,21,206,,
clsQDEIM,3,0.9999,19,21,21,206,,
clsSOPT,3,0.9999,19,21,21,211,,
clsQDEIM,3,0.9999,19,21,21,211,,
clsSOPT,3,0.9999,19,21,21,216,,
clsQDEIM,3,0.9999,19,21,21,216,,
clsSOPT,3,0.9999,19,21,21,221,,
clsQDEIM,3,0.9999,19,21,21,221,,
clsSOPT,3,0.9999,19,21,21,226,,
clsQDEIM,3,0.9999,19,21,21,226,,
clsSOPT,3,0.9999,19,21,21,231,,
clsQDEIM,3,0.9999,19,21,21,231,,
clsSOPT,3,0.9999,19,21,21,236,,
clsQDEIM,3,0.9999,19,21,21,236,,
clsSOPT,3,0.9999,19,21,21,241,,
clsQDEIM,3,0.9999,19,21,21,241,,
clsSOPT,3,0.9999,19,21,21,246,,
clsQDEIM,3,0.9999,19,21,21,246,,
clsSOPT,3,0.9999,19,21,21,251,,
clsQDEIM,3,0.9999,19,21,21,251,,
clsSOPT,3,0.9999,19,21,21,256,,
clsQDEIM,3,0.9999,19,21,21,256,,
clsSOPT,3,0.9999,19,21,21,261,,
clsQDEIM,3,0.9999,19,21,21,261,,
clsSOPT,3,0.9999,19,21,21,266,,
clsQDEIM,3,0.9999,19,21,21,266,,
clsSOPT,3,0.9999,19,21,21,271,,
clsQDEIM,3,0.9999,19,21,21,271,,
clsSOPT,4,0.99999,24,27,27,32,,
clsQDEIM,4,0.99999,24,27,27,32,,
clsSOPT,4,0.99999,24,27,27,37,,
clsQDEIM,4,0.99999,24,27,27,37,,
clsSOPT,4,0.99999,24,27,27,42,,
clsQDEIM,4,0.99999,24,27,27,42,,
clsSOPT,4,0.99999,24,27,27,47,,
clsQDEIM,4,0.99999,24,27,27,47,,
clsSOPT,4,0.99999,24,27,27,52,,
clsQDEIM,4,0.99999,24,27,27,52,,
clsSOPT,4,0.99999,24,27,27,57,,
clsQDEIM,4,0.99999,24,27,27,57,,
clsSOPT,4,0.99999,24,27,27,62,,
clsQDEIM,4,0.99999,24,27,27,62,,
clsSOPT,4,0.99999,24,27,27,67,,
clsQDEIM,4,0.99999,24,27,27,67,,
clsSOPT,4,0.99999,24,27,27,72,,
clsQDEIM,4,0.99999,24,27,27,72,,
clsSOPT,4,0.99999,24,27,27,77,,
clsQDEIM,4,0.99999,24,27,27,77,,
clsSOPT,4,0.99999,24,27,27,82,,
clsQDEIM,4,0.99999,24,27,27,82,,
clsSOPT,4,0.99999,24,27,27,87,,
clsQDEIM,4,0.99999,24,27,27,87,,
clsSOPT,4,0.99999,24,27,27,92,,
clsQDEIM,4,0.99999,24,27,27,92,,
clsSOPT,4,0.99999,24,27,27,97,,
clsQDEIM,4,0.99999,24,27,27,97,,
clsSOPT,4,0.99999,24,27,27,102,,
clsQDEIM,4,0.99999,24,27,27,102,,
clsSOPT,4,0.99999,24,27,27,107,,
clsQDEIM,4,0.99999,24,27,27,107,,
clsSOPT,4,0.99999,24,27,27,112,,
clsQDEIM,4,0.99999,24,27,27,112,,
clsSOPT,4,0.99999,24,27,27,117,,
clsQDEIM,4,0.99999,24,27,27,117,,
clsSOPT,4,0.99999,24,27,27,122,,
clsQDEIM,4,0.99999,24,27,27,122,,
clsSOPT,4,0.99999,24,27,27,127,,
clsQDEIM,4,0.99999,24,27,27,127,,
clsSOPT,4,0.99999,24,27,27,132,,
clsQDEIM,4,0.99999,24,27,27,132,,
clsSOPT,4,0.99999,24,27,27,137,,
clsQDEIM,4,0.99999,24,27,27,137,,
clsSOPT,4,0.99999,24,27,27,142,,
clsQDEIM,4,0.99999,24,27,27,142,,
clsSOPT,4,0.99999,24,27,27,147,,
clsQDEIM,4,0.99999,24,27,27,147,,
clsSOPT,4,0.99999,24,27,27,152,,
clsQDEIM,4,0.99999,24,27,27,152,,
clsSOPT,4,0.99999,24,27,27,157,,
clsQDEIM,4,0.99999,24,27,27,157,,
clsSOPT,4,0.99999,24,27,27,162,,
clsQDEIM,4,0.99999,24,27,27,162,,
clsSOPT,4,0.99999,24,27,27,167,,
clsQDEIM,4,0.99999,24,27,27,167,,
clsSOPT,4,0.99999,24,27,27,172,,
clsQDEIM,4,0.99999,24,27,27,172,,
clsSOPT,4,0.99999,24,27,27,177,,
clsQDEIM,4,0.99999,24,27,27,177,,
clsSOPT,4,0.99999,24,27,27,182,,
clsQDEIM,4,0.99999,24,27,27,182,,
clsSOPT,4,0.99999,24,27,27,187,,
clsQDEIM,4,0.99999,24,27,27,187,,
clsSOPT,4,0.99999,24,27,27,192,,
clsQDEIM,4,0.99999,24,27,27,192,,
clsSOPT,4,0.99999,24,27,27,197,,
clsQDEIM,4,0.99999,24,27,27,197,,
clsSOPT,4,0.99999,24,27,27,202,,
clsQDEIM,4,0.99999,24,27,27,202,,
clsSOPT,4,0.99999,24,27,27,207,,
clsQDEIM,4,0.99999,24,27,27,207,,
clsSOPT,4,0.99999,24,27,27,212,,
clsQDEIM,4,0.99999,24,27,27,212,,
clsSOPT,4,0.99999,24,27,27,217,,
clsQDEIM,4,0.99999,24,27,27,217,,
clsSOPT,4,0.99999,24,27,27,222,,
clsQDEIM,4,0.99999,24,27,27,222,,
clsSOPT,4,0.99999,24,27,27,227,,
clsQDEIM,4,0.99999,24,27,27,227,,
clsSOPT,4,0.99999,24,27,27,232,,
clsQDEIM,4,0.99999,24,27,27,232,,
clsSOPT,4,0.99999,24,27,27,237,,
clsQDEIM,4,0.99999,24,27,27,237,,
clsSOPT,4,0.99999,24,27,27,242,,
clsQDEIM,4,0.99999,24,27,27,242,,
clsSOPT,4,0.99999,24,27,27,247,,
clsQDEIM,4,0.99999,24,27,27,247,,
clsSOPT,4,0.99999,24,27,27,252,,
clsQDEIM,4,0.99999,24,27,27,252,,
clsSOPT,4,0.99999,24,27,27,257,,
clsQDEIM,4,0.99999,24,27,27,257,,
clsSOPT,4,0.99999,24,27,27,262,,
clsQDEIM,4,0.99999,24,27,27,262,,
clsSOPT,4,0.99999,24,27,27,267,,
clsQDEIM,4,0.99999,24,27,27,267,,
clsSOPT,4,0.99999,24,27,27,272,,
clsQDEIM,4,0.99999,24,27,27,272,,
clsSOPT,4,0.99999,24,27,27,277,,
clsQDEIM,4,0.99999,24,27,27,277,,
clsSOPT,5,0.999999,29,32,32,37,,
clsQDEIM,5,0.999999,29,32,32,37,,
clsSOPT,5,0.999999,29,32,32,42,,
clsQDEIM,5,0.999999,29,32,32,42,,
clsSOPT,5,0.999999,29,32,32,47,,
clsQDEIM,5,0.999999,29,32,32,47,,
clsSOPT,5,0.999999,29,32,32,52,,
clsQDEIM,5,0.999999,29,32,32,52,,
clsSOPT,5,0.999999,29,32,32,57,,
clsQDEIM,5,0.999999,29,32,32,57,,
clsSOPT,5,0.999999,29,32,32,62,,
clsQDEIM,5,0.999999,29,32,32,62,,
clsSOPT,5,0.999999,29,32,32,67,,
clsQDEIM,5,0.999999,29,32,32,67,,
clsSOPT,5,0.999999,29,32,32,72,,
clsQDEIM,5,0.999999,29,32,32,72,,
clsSOPT,5,0.999999,29,32,32,77,,
clsQDEIM,5,0.999999,29,32,32,77,,
clsSOPT,5,0.999999,29,32,32,82,,
clsQDEIM,5,0.999999,29,32,32,82,,
clsSOPT,5,0.999999,29,32,32,87,,
clsQDEIM,5,0.999999,29,32,32,87,,
clsSOPT,5,0.999999,29,32,32,92,,
clsQDEIM,5,0.999999,29,32,32,92,,
clsSOPT,5,0.999999,29,32,32,97,,
clsQDEIM,5,0.999999,29,32,32,97,,
clsSOPT,5,0.999999,29,32,32,102,,
clsQDEIM,5,0.999999,29,32,32,102,,
clsSOPT,5,0.999999,29,32,32,107,,
clsQDEIM,5,0.999999,29,32,32,107,,
clsSOPT,5,0.999999,29,32,32,112,,
clsQDEIM,5,0.999999,29,32,32,112,,
clsSOPT,5,0.999999,29,32,32,117,,
clsQDEIM,5,0.999999,29,32,32,117,,
clsSOPT,5,0.999999,29,32,32,122,,
clsQDEIM,5,0.999999,29,32,32,122,,
clsSOPT,5,0.999999,29,32,32,127,,
clsQDEIM,5,0.999999,29,32,32,127,,
clsSOPT,5,0.999999,29,32,32,132,,
clsQDEIM,5,0.999999,29,32,32,132,,
clsSOPT,5,0.999999,29,32,32,137,,
clsQDEIM,5,0.999999,29,32,32,137,,
clsSOPT,5,0.999999,29,32,32,142,,
clsQDEIM,5,0.999999,29,32,32,142,,
clsSOPT,5,0.999999,29,32,32,147,,
clsQDEIM,5,0.999999,29,32,32,147,,
clsSOPT,5,0.999999,29,32,32,152,,
clsQDEIM,5,0.999999,29,32,32,152,,
clsSOPT,5,0.999999,29,32,32,157,,
clsQDEIM,5,0.999999,29,32,32,157,,
clsSOPT,5,0.999999,29,32,32,162,,
clsQDEIM,5,0.999999,29,32,32,162,,
clsSOPT,5,0.999999,29,32,32,167,,
clsQDEIM,5,0.999999,29,32,32,167,,
clsSOPT,5,0.999999,29,32,32,172,,
clsQDEIM,5,0.999999,29,32,32,172,,
clsSOPT,5,0.999999,29,32,32,177,,
clsQDEIM,5,0.999999,29,32,32,177,,
clsSOPT,5,0.999999,29,32,32,182,,
clsQDEIM,5,0.999999,29,32,32,182,,
clsSOPT,5,0.999999,29,32,32,187,,
clsQDEIM,5,0.999999,29,32,32,187,,
clsSOPT,5,0.999999,29,32,32,192,,
clsQDEIM,5,0.999999,29,32,32,192,,
clsSOPT,5,0.999999,29,32,32,197,,
clsQDEIM,5,0.999999,29,32,32,197,,
clsSOPT,5,0.999999,29,32,32,202,,
clsQDEIM,5,0.999999,29,32,32,202,,
clsSOPT,5,0.999999,29,32,32,207,,
clsQDEIM,5,0.999999,29,32,32,207,,
clsSOPT,5,0.999999,29,32,32,212,,
clsQDEIM,5,0.999999,29,32,32,212,,
clsSOPT,5,0.999999,29,32,32,217,,
clsQDEIM,5,0.999999,29,32,32,217,,
clsSOPT,5,0.999999,29,32,32,222,,
clsQDEIM,5,0.999999,29,32,32,222,,
clsSOPT,5,0.999999,29,32,32,227,,
clsQDEIM,5,0.999999,29,32,32,227,,
clsSOPT,5,0.999999,29,32,32,232,,
clsQDEIM,5,0.999999,29,32,32,232,,
clsSOPT,5,0.999999,29,32,32,237,,
clsQDEIM,5,0.999999,29,32,32,237,,
clsSOPT,5,0.999999,29,32,32,242,,
clsQDEIM,5,0.999999,29,32,32,242,,
clsSOPT,5,0.999999,29,32,32,247,,
clsQDEIM,5,0.999999,29,32,32,247,,
clsSOPT,5,0.999999,29,32,32,252,,
clsQDEIM,5,0.999999,29,32,32,252,,
clsSOPT,5,0.999999,29,32,32,257,,
clsQDEIM,5,0.999999,29,32,32,257,,
clsSOPT,5,0.999999,29,32,32,262,,
clsQDEIM,5,0.999999,29,32,32,262,,
clsSOPT,5,0.999999,29,32,32,267,,
clsQDEIM,5,0.999999,29,32,32,267,,
clsSOPT,5,0.999999,29,32,32,272,,
clsQDEIM,5,0.999999,29,32,32,272,,
clsSOPT,5,0.999999,29,32,32,277,,
clsQDEIM,5,0.999999,29,32,32,277,,
clsSOPT,5,0.999999,29,32,32,282,,
clsQDEIM,5,0.999999,29,32,32,282,,
clsSOPT,6,1,34,38,37,42,,
clsQDEIM,6,1,34,38,37,42,1.530087762,0.009039231478462825
clsSOPT,6,1,34,38,37,47,1.70971569,0.000499483011465085
clsQDEIM,6,1,34,38,37,47,1.61643667,0.007144614463489811
clsSOPT,6,1,34,38,37,52,1.868077461,0.002435016995855539
clsQDEIM,6,1,34,38,37,52,1.705751613,0.006376875170815609
clsSOPT,6,1,34,38,37,57,1.912714821,0.005211362332974333
clsQDEIM,6,1,34,38,37,57,1.793350795,0.006943251428432514
clsSOPT,6,1,34,38,37,62,1.947259718,0.003628859086973182
clsQDEIM,6,1,34,38,37,62,2.236204365,0.08089442119054881
clsSOPT,6,1,34,38,37,67,,
clsQDEIM,6,1,34,38,37,67,,
clsSOPT,6,1,34,38,37,72,2.172889523,0.001119600658891126
clsQDEIM,6,1,34,38,37,72,2.135463761,0.007349434151661804
clsSOPT,6,1,34,38,37,77,2.227619865,0.0001500945983868326
clsQDEIM,6,1,34,38,37,77,2.188455561,0.006653519990327106
clsSOPT,6,1,34,38,37,82,2.279609707,0.0003495140090252402
clsQDEIM,6,1,34,38,37,82,,
clsSOPT,6,1,34,38,37,87,2.375909602,0.0003219649799076362
clsQDEIM,6,1,34,38,37,87,2.47611498,0.006945143983787703
clsSOPT,6,1,34,38,37,92,2.432918983,0.001170337155596167
clsQDEIM,6,1,34,38,37,92,2.470883304,0.004604530930095118
clsSOPT,6,1,34,38,37,97,2.533516919,0.001684432974559676
clsQDEIM,6,1,34,38,37,97,2.559578379,0.006737513491851361
clsSOPT,6,1,34,38,37,102,2.591690614,0.00285544219839085
clsQDEIM,6,1,34,38,37,102,2.642069737,0.008352815025852488
clsSOPT,6,1,34,38,37,107,2.640278212,0.000905441324662372
clsQDEIM,6,1,34,38,37,107,2.707238903,0.008873813512097071
clsSOPT,6,1,34,38,37,112,2.722361262,0.002889974929894652
clsQDEIM,6,1,34,38,37,112,2.939443539,0.02091342889444656
clsSOPT,6,1,34,38,37,117,2.786763575,0.001042917041083058
clsQDEIM,6,1,34,38,37,117,2.875587586,0.01142101691856547
clsSOPT,6,1,34,38,37,122,2.874154348,0.0009317083366704223
clsQDEIM,6,1,34,38,37,122,3.197506785,0.009985203102838061
clsSOPT,6,1,34,38,37,127,2.943594388,0.0007627123810346396
clsQDEIM,6,1,34,38,37,127,,
clsSOPT,6,1,34,38,37,132,3.000123501,0.00110913657786481
clsQDEIM,6,1,34,38,37,132,3.310989204,0.00837874873473568
clsSOPT,6,1,34,38,37,137,3.064791514,0.0006538977484414958
clsQDEIM,6,1,34,38,37,137,3.382376864,0.009541694502827941
clsSOPT,6,1,34,38,37,142,3.1319834,0.001224759163917711
clsQDEIM,6,1,34,38,37,142,,
clsSOPT,6,1,34,38,37,147,3.208721474,0.001513185529486732
clsQDEIM,6,1,34,38,37,147,,
clsSOPT,6,1,34,38,37,152,3.30563583,0.0007157150168992097
clsQDEIM,6,1,34,38,37,152,3.985549657,0.09445976277961865
clsSOPT,6,1,34,38,37,157,3.442394983,0.007919455500480175
clsQDEIM,6,1,34,38,37,157,3.659192417,0.02998464696974124
clsSOPT,6,1,34,38,37,162,3.508761364,0.004038527823491381
clsQDEIM,6,1,34,38,37,162,3.715186399,0.0281743024831421
clsSOPT,6,1,34,38,37,167,3.525673656,0.004895380497027492
clsQDEIM,6,1,34,38,37,167,3.745126584,0.02320487215490411
clsSOPT,6,1,34,38,37,172,3.573372284,0.002398410646018217
clsQDEIM,6,1,34,38,37,172,3.671243918,0.02000364301059215
clsSOPT,6,1,34,38,37,177,3.662083364,0.0008176425203071293
clsQDEIM,6,1,34,38,37,177,3.766577927,0.02551124978690599
clsSOPT,6,1,34,38,37,182,3.724002748,0.001740866567017817
clsQDEIM,6,1,34,38,37,182,3.836146513,0.02581565967838628
clsSOPT,6,1,34,38,37,187,3.816714105,0.0004323290311417859
clsQDEIM,6,1,34,38,37,187,3.961879423,0.02211272176057384
clsSOPT,6,1,34,38,37,192,3.877157872,0.002428803430249866
clsQDEIM,6,1,34,38,37,192,3.984147543,0.01549304095984884
clsSOPT,6,1,34,38,37,197,4.055538782,0.0008841192854912498
clsQDEIM,6,1,34,38,37,197,4.033801954,0.01546022079287928
clsSOPT,6,1,34,38,37,202,4.07671049,0.001410768620488741
clsQDEIM,6,1,34,38,37,202,4.171378754,0.01618126987458974
clsSOPT,6,1,34,38,37,207,4.26575546,0.008142456645121967
clsQDEIM,6,1,34,38,37,207,4.202508067,0.01652185599531736
clsSOPT,6,1,34,38,37,212,4.302495042,0.003063824799611416
clsQDEIM,6,1,34,38,37,212,4.308519494,0.01919199638043226
clsSOPT,6,1,34,38,37,217,4.323781511,0.000833333606059667
clsQDEIM,6,1,34,38,37,217,4.360924564,0.02089744582285987
clsSOPT,6,1,34,38,37,222,4.355187787,0.002217463926445088
clsQDEIM,6,1,34,38,37,222,,
clsSOPT,6,1,34,38,37,227,4.406617598,0.007804298422779026
clsQDEIM,6,1,34,38,37,227,,
clsSOPT,6,1,34,38,37,232,4.508276094,0.01279790185171103
clsQDEIM,6,1,34,38,37,232,,
clsSOPT,6,1,34,38,37,237,4.595162918,0.02076975666069066
clsQDEIM,6,1,34,38,37,237,,
clsSOPT,6,1,34,38,37,242,4.591529379,0.0092454503426303
clsQDEIM,6,1,34,38,37,242,,
clsSOPT,6,1,34,38,37,247,4.778365094,0.01878121071248764
clsQDEIM,6,1,34,38,37,247,,
clsSOPT,6,1,34,38,37,252,4.779334722,0.01707089401600505
clsQDEIM,6,1,34,38,37,252,,
clsSOPT,6,1,34,38,37,257,4.797139296,0.01222177731800936
clsQDEIM,6,1,34,38,37,257,,
clsSOPT,6,1,34,38,37,262,4.922015787,0.01490529747493144
clsQDEIM,6,1,34,38,37,262,,
clsSOPT,6,1,34,38,37,267,5.023582404,0.02059678565045159
clsQDEIM,6,1,34,38,37,267,,
clsSOPT,6,1,34,38,37,272,5.093280956,0.02347994461616167
clsQDEIM,6,1,34,38,37,272,,
clsSOPT,6,1,34,38,37,277,5.280537618,0.04409654401003945
clsQDEIM,6,1,34,38,37,277,5.654807284,0.1407352000265319
clsSOPT,6,1,34,38,37,282,5.045289077,0.01372262582642753
clsQDEIM,6,1,34,38,37,282,5.276398425,0.05195756348485333
clsSOPT,6,1,34,38,37,287,5.149496218,0.01330443766652307
clsQDEIM,6,1,34,38,37,287,5.201288379,0.03934319183288218
