method,n,energy_frac,rwdim,rrdim,nldim,nsr,time,error
SOPT,0,0.9,4,6,6,7,0.228153877,0.01774217004611181
clsSOPT,0,0.9,4,6,6,7,0.224329698,0.01813038176520765
QDEIM,0,0.9,4,6,6,7,0.223634809,0.01790463729931848
clsQDEIM,0,0.9,4,6,6,7,0.221255228,0.01657960424471957
SOPT,0,0.9,4,6,6,8,0.240095211,0.0174842614143374
clsSOPT,0,0.9,4,6,6,8,0.237893212,0.01826937019448996
QDEIM,0,0.9,4,6,6,8,0.242077544,0.0178684112187106
clsQDEIM,0,0.9,4,6,6,8,0.2400396469999999,0.0167505054311816
SOPT,0,0.9,4,6,6,9,0.257075832,0.01754932169729365
clsSOPT,0,0.9,4,6,6,9,0.26059373,0.0182159703882934
QDEIM,0,0.9,4,6,6,9,0.263690465,0.0178677495246643
clsQDEIM,0,0.9,4,6,6,9,0.274630139,0.01695508338611975
SOPT,0,0.9,4,6,6,10,0.2744627,0.01754262406593047
clsSOPT,0,0.9,4,6,6,10,0.291404494,0.0182159703882934
QDEIM,0,0.9,4,6,6,10,0.282067936,0.0178454955478101
clsQDEIM,0,0.9,4,6,6,10,0.27371928,0.01695684766683763
SOPT,0,0.9,4,6,6,11,0.295115245,0.01754103920653163
clsSOPT,0,0.9,4,6,6,11,0.292083436,0.01821597038829341
QDEIM,0,0.9,4,6,6,11,0.294778972,0.01764812262582736
clsQDEIM,0,0.9,4,6,6,11,0.305768223,0.01686246381639052
SOPT,0,0.9,4,6,6,12,0.31251632,0.01766078375844791
clsSOPT,0,0.9,4,6,6,12,0.312897011,0.0182159703882934
QDEIM,0,0.9,4,6,6,12,0.32514627,0.01765553128021813
clsQDEIM,0,0.9,4,6,6,12,0.311907309,0.0168828347088649
SOPT,0,0.9,4,6,6,13,0.339600263,0.01769508683997026
clsSOPT,0,0.9,4,6,6,13,0.327307023,0.01821597038829341
QDEIM,0,0.9,4,6,6,13,0.345721409,0.01751712353599261
clsQDEIM,0,0.9,4,6,6,13,0.3323622039999999,0.01737074940415341
SOPT,0,0.9,4,6,6,14,0.340552823,0.01763531560313964
clsSOPT,0,0.9,4,6,6,14,0.3527083129999999,0.0182159703882934
QDEIM,0,0.9,4,6,6,14,0.354216946,0.01752358595318841
clsQDEIM,0,0.9,4,6,6,14,0.351057874,0.01725071687159185
SOPT,0,0.9,4,6,6,15,0.358054907,0.01770269439001223
clsSOPT,0,0.9,4,6,6,15,0.3647167969999999,0.0182159703882934
QDEIM,0,0.9,4,6,6,15,0.3786656509999999,0.01745018223240663
clsQDEIM,0,0.9,4,6,6,15,0.379857307,0.0171752853550072
SOPT,0,0.9,4,6,6,16,0.3829519859999999,0.01775373648857074
clsSOPT,0,0.9,4,6,6,16,0.381469757,0.0182159703882934
QDEIM,0,0.9,4,6,6,16,0.374389976,0.01745485136463807
clsQDEIM,0,0.9,4,6,6,16,0.3783965389999999,0.01720289935470325
SOPT,0,0.9,4,6,6,17,0.415518648,0.01776475378420197
clsSOPT,0,0.9,4,6,6,17,0.391628768,0.0182159703882934
QDEIM,0,0.9,4,6,6,17,0.407502839,0.01736157942667862
clsQDEIM,0,0.9,4,6,6,17,0.3959868719999999,0.01720400683869583
SOPT,0,0.9,4,6,6,18,0.4117872809999999,0.01776475815402262
clsSOPT,0,0.9,4,6,6,18,0.4135706929999999,0.0182159703882934
QDEIM,0,0.9,4,6,6,18,0.4100545879999999,0.01735252946208791
clsQDEIM,0,0.9,4,6,6,18,0.4177284959999999,0.01720471153244629
SOPT,0,0.9,4,6,6,19,0.42749936,0.01776475815402265
clsSOPT,0,0.9,4,6,6,19,0.437253447,0.01821597038829341
QDEIM,0,0.9,4,6,6,19,0.424113198,0.0173196825361531
clsQDEIM,0,0.9,4,6,6,19,0.416777836,0.01720519942769974
SOPT,0,0.9,4,6,6,20,0.447577791,0.01776475815402264
clsSOPT,0,0.9,4,6,6,20,0.443694682,0.01821597038829341
QDEIM,0,0.9,4,6,6,20,0.445107443,0.01742841346851322
clsQDEIM,0,0.9,4,6,6,20,0.441664814,0.01720555725818731
SOPT,0,0.9,4,6,6,21,0.460906558,0.01776475815402264
clsSOPT,0,0.9,4,6,6,21,0.459472955,0.01821597038829341
QDEIM,0,0.9,4,6,6,21,0.455127689,0.01748421606104679
clsQDEIM,0,0.9,4,6,6,21,0.449192405,0.01720583092713947
SOPT,0,0.9,4,6,6,22,0.469184261,0.01776475815402262
clsSOPT,0,0.9,4,6,6,22,0.486365504,0.01821597038829341
QDEIM,0,0.9,4,6,6,22,0.989836366,0.01744917996574899
clsQDEIM,0,0.9,4,6,6,22,0.469301074,0.01720621697454557
SOPT,0,0.9,4,6,6,23,0.481716186,0.01776475815402266
clsSOPT,0,0.9,4,6,6,23,0.481726411,0.01821597038829341
QDEIM,0,0.9,4,6,6,23,0.493898041,0.01744110432821199
clsQDEIM,0,0.9,4,6,6,23,0.485321147,0.01719443365521858
SOPT,0,0.9,4,6,6,24,0.49698073,0.01776475815402265
clsSOPT,0,0.9,4,6,6,24,0.4991173780000001,0.01821597038829343
QDEIM,0,0.9,4,6,6,24,0.49853526,0.01743475177744541
clsQDEIM,0,0.9,4,6,6,24,0.51013883,0.01723787925599543
SOPT,0,0.9,4,6,6,25,0.512121078,0.01776475815402264
clsSOPT,0,0.9,4,6,6,25,0.5236075339999999,0.0182159703882934
QDEIM,0,0.9,4,6,6,25,0.5233727690000001,0.01742962402536502
clsQDEIM,0,0.9,4,6,6,25,0.5260869749999999,0.01717575446182269
SOPT,0,0.9,4,6,6,26,0.526849609,0.01776475815402264
clsSOPT,0,0.9,4,6,6,26,0.519213151,0.0182159703882934
QDEIM,0,0.9,4,6,6,26,0.5332064249999999,0.01742539801274641
clsQDEIM,0,0.9,4,6,6,26,0.541922996,0.01708722754715625
SOPT,0,0.9,4,6,6,27,0.536397965,0.01776475815402264
clsSOPT,0,0.9,4,6,6,27,0.5382515290000001,0.01821597038829341
QDEIM,0,0.9,4,6,6,27,0.5576452200000001,0.01742185510994556
clsQDEIM,0,0.9,4,6,6,27,0.556255278,0.01710702970018488
SOPT,0,0.9,4,6,6,28,0.5471621330000001,0.01776475815402263
clsSOPT,0,0.9,4,6,6,28,0.554713885,0.01821597038829341
QDEIM,0,0.9,4,6,6,28,0.567964601,0.01741884207689486
clsQDEIM,0,0.9,4,6,6,28,0.586884005,0.01711267717174731
SOPT,0,0.9,4,6,6,29,0.568624887,0.01776475815402262
clsSOPT,0,0.9,4,6,6,29,0.5709816210000001,0.01821597038829341
QDEIM,0,0.9,4,6,6,29,0.594719116,0.01741624831794393
clsQDEIM,0,0.9,4,6,6,29,0.580636937,0.01709436883873622
SOPT,0,0.9,4,6,6,30,0.582176501,0.01776475815402265
clsSOPT,0,0.9,4,6,6,30,0.591654825,0.01821597038829341
QDEIM,0,0.9,4,6,6,30,0.603478297,0.01741399201298576
clsQDEIM,0,0.9,4,6,6,30,0.5958201230000001,0.01709331631237557
SOPT,0,0.9,4,6,6,31,0.597646034,0.01776475815402265
clsSOPT,0,0.9,4,6,6,31,0.617369776,0.01821597038829341
QDEIM,0,0.9,4,6,6,31,0.6214996159999999,0.01741910886350433
clsQDEIM,0,0.9,4,6,6,31,0.6219779710000001,0.01704879068757318
SOPT,1,0.99,9,11,11,12,0.374035462,0.002692429096927006
clsSOPT,1,0.99,9,11,11,12,0.361124628,0.002779114186828623
QDEIM,1,0.99,9,11,11,12,0.376093792,0.003116316203293569
clsQDEIM,1,0.99,9,11,11,12,0.371295151,0.003162728820695403
SOPT,1,0.99,9,11,11,13,0.410800088,0.002673406746490264
clsSOPT,1,0.99,9,11,11,13,0.394337027,0.002782811030409052
QDEIM,1,0.99,9,11,11,13,0.386690631,0.003090890737025847
clsQDEIM,1,0.99,9,11,11,13,0.394169451,0.003191152528654429
SOPT,1,0.99,9,11,11,14,0.413087018,0.002676767588298085
clsSOPT,1,0.99,9,11,11,14,0.409530764,0.002780064380181543
QDEIM,1,0.99,9,11,11,14,0.417526909,0.003098737419490257
clsQDEIM,1,0.99,9,11,11,14,0.417807458,0.003185894769445349
SOPT,1,0.99,9,11,11,15,0.429978852,0.002689786152266965
clsSOPT,1,0.99,9,11,11,15,0.444299074,0.002848044654257343
QDEIM,1,0.99,9,11,11,15,0.4863300469999999,0.003096481950312843
clsQDEIM,1,0.99,9,11,11,15,0.468748896,0.003180701201558332
SOPT,1,0.99,9,11,11,16,0.474465666,0.002687243139360768
clsSOPT,1,0.99,9,11,11,16,0.454024342,0.002848044654257307
QDEIM,1,0.99,9,11,11,16,0.44594743,0.003096133527567406
clsQDEIM,1,0.99,9,11,11,16,0.447505846,0.003166171762954877
SOPT,1,0.99,9,11,11,17,0.4697387049999999,0.00267660700104627
clsSOPT,1,0.99,9,11,11,17,0.453286455,0.002848044654257319
QDEIM,1,0.99,9,11,11,17,0.458167353,0.003075892046386857
clsQDEIM,1,0.99,9,11,11,17,0.452919489,0.003119876044793219
SOPT,1,0.99,9,11,11,18,0.466624281,0.002679382901083806
clsSOPT,1,0.99,9,11,11,18,0.470370102,0.002848044654257313
QDEIM,1,0.99,9,11,11,18,0.477891932,0.00307246630178043
clsQDEIM,1,0.99,9,11,11,18,0.4707125129999999,0.0030762016866715
SOPT,1,0.99,9,11,11,19,0.483207706,0.00268103951719931
clsSOPT,1,0.99,9,11,11,19,0.4883132929999999,0.002848044654257339
QDEIM,1,0.99,9,11,11,19,0.524826672,0.003067002441939121
clsQDEIM,1,0.99,9,11,11,19,0.492485458,0.003092053714527365
SOPT,1,0.99,9,11,11,20,0.5114728660000001,0.002692075078955908
clsSOPT,1,0.99,9,11,11,20,0.503491009,0.002848044654257341
QDEIM,1,0.99,9,11,11,20,0.513753106,0.003059983286334612
clsQDEIM,1,0.99,9,11,11,20,0.518789028,0.003069400596503512
SOPT,1,0.99,9,11,11,21,0.524972185,0.002688242437895773
clsSOPT,1,0.99,9,11,11,21,0.529822485,0.002848044654257337
QDEIM,1,0.99,9,11,11,21,0.5393195639999999,0.003054194744130396
clsQDEIM,1,0.99,9,11,11,21,0.528494536,0.003072292559547908
SOPT,1,0.99,9,11,11,22,0.5387266399999999,0.002755884419018151
clsSOPT,1,0.99,9,11,11,22,0.54872814,0.002848044654257306
QDEIM,1,0.99,9,11,11,22,0.549082205,0.003027844335077356
clsQDEIM,1,0.99,9,11,11,22,0.5518081920000001,0.00284247866236569
SOPT,1,0.99,9,11,11,23,0.5466789950000001,0.002763062140414063
clsSOPT,1,0.99,9,11,11,23,0.5637069379999999,0.002848044654257343
QDEIM,1,0.99,9,11,11,23,0.56630468,0.003028161340526966
clsQDEIM,1,0.99,9,11,11,23,0.5642469880000001,0.002837418766237986
SOPT,1,0.99,9,11,11,24,0.5923944299999999,0.002780919646883504
clsSOPT,1,0.99,9,11,11,24,0.5764115590000001,0.002848044654257337
QDEIM,1,0.99,9,11,11,24,0.5927554150000001,0.003022231025561812
clsQDEIM,1,0.99,9,11,11,24,0.574054931,0.002870699948539764
SOPT,1,0.99,9,11,11,25,0.5754868049999999,0.002781830655245582
clsSOPT,1,0.99,9,11,11,25,0.579309734,0.002848044654257309
QDEIM,1,0.99,9,11,11,25,0.609062609,0.003020825371317535
clsQDEIM,1,0.99,9,11,11,25,0.593784332,0.002871141826295602
SOPT,1,0.99,9,11,11,26,0.592949645,0.002769155171983159
clsSOPT,1,0.99,9,11,11,26,0.6065727,0.002848044654257336
QDEIM,1,0.99,9,11,11,26,0.623819672,0.003019943732769048
clsQDEIM,1,0.99,9,11,11,26,0.620207274,0.002856802801906175
SOPT,1,0.99,9,11,11,27,0.606958954,0.002769606432073226
clsSOPT,1,0.99,9,11,11,27,0.603453802,0.002848044654257334
QDEIM,1,0.99,9,11,11,27,0.646473069,0.003016450856950913
clsQDEIM,1,0.99,9,11,11,27,0.629033825,0.002854963844110845
SOPT,1,0.99,9,11,11,28,0.620593355,0.002767301541169855
clsSOPT,1,0.99,9,11,11,28,0.621343691,0.00284804465425735
QDEIM,1,0.99,9,11,11,28,0.688571687,0.00301452801995456
clsQDEIM,1,0.99,9,11,11,28,0.6490673549999999,0.00289417568945501
SOPT,1,0.99,9,11,11,29,0.6376038989999999,0.002767634130439
clsSOPT,1,0.99,9,11,11,29,0.6392940469999999,0.002848044654257338
QDEIM,1,0.99,9,11,11,29,0.709626442,0.003014212390775951
clsQDEIM,1,0.99,9,11,11,29,0.664692501,0.002891020534736878
SOPT,1,0.99,9,11,11,30,0.651941758,0.002767868314747392
clsSOPT,1,0.99,9,11,11,30,0.6656106239999999,0.00284804465425734
QDEIM,1,0.99,9,11,11,30,0.6906583890000001,0.003013939121575405
clsQDEIM,1,0.99,9,11,11,30,0.6968993880000001,0.002902658292558528
SOPT,1,0.99,9,11,11,31,0.689706505,0.002770663345522681
clsSOPT,1,0.99,9,11,11,31,0.685204119,0.00284804465425734
QDEIM,1,0.99,9,11,11,31,0.7037097710000001,0.00301427234425545
clsQDEIM,1,0.99,9,11,11,31,0.735131727,0.002906190254677255
SOPT,1,0.99,9,11,11,32,0.686722658,0.002770780991446853
clsSOPT,1,0.99,9,11,11,32,0.68526295,0.00284804465425734
QDEIM,1,0.99,9,11,11,32,0.715665518,0.003014708080889509
clsQDEIM,1,0.99,9,11,11,32,0.7058272,0.002895107642287526
SOPT,1,0.99,9,11,11,33,0.704466088,0.002768225080099506
clsSOPT,1,0.99,9,11,11,33,0.691730604,0.002848044654257344
QDEIM,1,0.99,9,11,11,33,0.720907479,0.003015112697999978
clsQDEIM,1,0.99,9,11,11,33,0.760857832,0.00288008291741159
SOPT,1,0.99,9,11,11,34,0.7019356729999999,0.002769980726937936
clsSOPT,1,0.99,9,11,11,34,0.733434136,0.002848044654257352
QDEIM,1,0.99,9,11,11,34,0.7733122480000001,0.003015479918027862
clsQDEIM,1,0.99,9,11,11,34,0.7439313329999999,0.002831926187432166
SOPT,1,0.99,9,11,11,35,0.703194291,0.002770040059460976
clsSOPT,1,0.99,9,11,11,35,0.715883468,0.002848044654257334
QDEIM,1,0.99,9,11,11,35,0.772096348,0.003015810321392812
clsQDEIM,1,0.99,9,11,11,35,0.766975387,0.002827633845968379
SOPT,1,0.99,9,11,11,36,0.729018264,0.002767564681538257
clsSOPT,1,0.99,9,11,11,36,0.746836389,0.00284804465425735
QDEIM,1,0.99,9,11,11,36,0.783255972,0.003034157724948052
clsQDEIM,1,0.99,9,11,11,36,0.778435246,0.002813325114633538
SOPT,2,0.999,14,16,16,17,0.5253334999999999,0.0006762588691577917
clsSOPT,2,0.999,14,16,16,17,0.529241369,0.0009767957937500428
QDEIM,2,0.999,14,16,16,17,0.530755884,0.0004809567640915723
clsQDEIM,2,0.999,14,16,16,17,0.533510163,0.0005822312871577084
SOPT,2,0.999,14,16,16,18,0.5488160289999999,0.0004255338279389091
clsSOPT,2,0.999,14,16,16,18,0.540293266,0.001005552747715454
QDEIM,2,0.999,14,16,16,18,0.544584791,0.000421694414678109
clsQDEIM,2,0.999,14,16,16,18,0.5452730450000001,0.0005833473243395321
SOPT,2,0.999,14,16,16,19,0.562147442,0.0005089763217865621
clsSOPT,2,0.999,14,16,16,19,0.565746953,0.0007648156249896736
QDEIM,2,0.999,14,16,16,19,0.571070997,0.0004191933741973518
clsQDEIM,2,0.999,14,16,16,19,0.570907105,0.0005554708629994808
SOPT,2,0.999,14,16,16,20,0.576072592,0.0004408607872224893
clsSOPT,2,0.999,14,16,16,20,0.5819390360000001,0.0007258784299334478
QDEIM,2,0.999,14,16,16,20,0.579580588,0.000414046494052279
clsQDEIM,2,0.999,14,16,16,20,0.584130888,0.0005515977891393457
SOPT,2,0.999,14,16,16,21,0.577358371,0.0003940043345359958
clsSOPT,2,0.999,14,16,16,21,0.585082332,0.0005804245242924335
QDEIM,2,0.999,14,16,16,21,0.601038286,0.0005059969903354115
clsQDEIM,2,0.999,14,16,16,21,0.630469689,0.0005501273220312784
SOPT,2,0.999,14,16,16,22,0.6000340660000001,0.0003975221851122611
clsSOPT,2,0.999,14,16,16,22,0.602706202,0.0004823859718758081
QDEIM,2,0.999,14,16,16,22,0.629367122,0.0004691674376019343
clsQDEIM,2,0.999,14,16,16,22,0.646597431,0.000495601616063935
SOPT,2,0.999,14,16,16,23,0.641843139,0.0003807564451265162
clsSOPT,2,0.999,14,16,16,23,0.63062364,0.0003592986091978463
QDEIM,2,0.999,14,16,16,23,0.664451429,0.0004716871541513954
clsQDEIM,2,0.999,14,16,16,23,0.6378378300000001,0.000688885897902122
SOPT,2,0.999,14,16,16,24,0.6229818890000001,0.000358535628811133
clsSOPT,2,0.999,14,16,16,24,0.654786757,0.0003568562708306186
QDEIM,2,0.999,14,16,16,24,0.661531185,0.000527591550423097
clsQDEIM,2,0.999,14,16,16,24,0.655342206,0.0007363671366461083
SOPT,2,0.999,14,16,16,25,0.64908838,0.0003544041106369237
clsSOPT,2,0.999,14,16,16,25,0.6668256699999999,0.0003578253766644284
QDEIM,2,0.999,14,16,16,25,0.6731460469999999,0.0005422985889251811
clsQDEIM,2,0.999,14,16,16,25,0.6838083829999999,0.0006968266418102347
SOPT,2,0.999,14,16,16,26,0.6685621820000001,0.000331325081738544
clsSOPT,2,0.999,14,16,16,26,0.679411816,0.000371528810595533
QDEIM,2,0.999,14,16,16,26,0.6908921029999999,0.0004940057193482177
clsQDEIM,2,0.999,14,16,16,26,0.693028011,0.0006415137199450467
SOPT,2,0.999,14,16,16,27,0.6860405220000001,0.0003172019847412286
clsSOPT,2,0.999,14,16,16,27,0.705421791,0.000312514359414818
QDEIM,2,0.999,14,16,16,27,0.706807322,0.0004086063108269238
clsQDEIM,2,0.999,14,16,16,27,0.7100049070000001,0.0006168213995436812
SOPT,2,0.999,14,16,16,28,0.7031704729999999,0.0003469747770335457
clsSOPT,2,0.999,14,16,16,28,0.710360746,0.0003143897750532725
QDEIM,2,0.999,14,16,16,28,0.727643261,0.0004080754315817848
clsQDEIM,2,0.999,14,16,16,28,0.723098893,0.0005494151986304292
SOPT,2,0.999,14,16,16,29,0.7170343889999999,0.0003565561882681857
clsSOPT,2,0.999,14,16,16,29,0.7299335929999999,0.0003292192799219296
QDEIM,2,0.999,14,16,16,29,0.746258797,0.0003866495661696323
clsQDEIM,2,0.999,14,16,16,29,0.746278121,0.0005233334042296345
SOPT,2,0.999,14,16,16,30,0.734302421,0.0003532386043262946
clsSOPT,2,0.999,14,16,16,30,0.753929772,0.0003307699157489877
QDEIM,2,0.999,14,16,16,30,0.763794555,0.0003999907833908751
clsQDEIM,2,0.999,14,16,16,30,0.761496124,0.0005688058240268571
SOPT,2,0.999,14,16,16,31,0.767852122,0.0003432345215437353
clsSOPT,2,0.999,14,16,16,31,0.762620436,0.0003376373415685299
QDEIM,2,0.999,14,16,16,31,0.7827348460000001,0.0004042522834185273
clsQDEIM,2,0.999,14,16,16,31,0.774957516,0.0005810884367881782
SOPT,2,0.999,14,16,16,32,0.7778424230000001,0.0003402595869869204
clsSOPT,2,0.999,14,16,16,32,0.770730304,0.0003375794215375834
QDEIM,2,0.999,14,16,16,32,0.800617661,0.0004006472651053251
clsQDEIM,2,0.999,14,16,16,32,0.805286431,0.0005851407969488716
SOPT,2,0.999,14,16,16,33,0.794175962,0.0003466572444912898
clsSOPT,2,0.999,14,16,16,33,0.791048979,0.0003406008801826497
QDEIM,2,0.999,14,16,16,33,0.822079161,0.0004030059938024098
clsQDEIM,2,0.999,14,16,16,33,0.834099966,0.0003812031966058586
SOPT,2,0.999,14,16,16,34,0.819182444,0.0003479512730713189
clsSOPT,2,0.999,14,16,16,34,0.810149479,0.0003406008801826568
QDEIM,2,0.999,14,16,16,34,0.840473315,0.0004289430239482723
clsQDEIM,2,0.999,14,16,16,34,0.8177403489999999,0.0003959332186893552
SOPT,2,0.999,14,16,16,35,0.808784033,0.0003461910196908107
clsSOPT,2,0.999,14,16,16,35,0.83139782,0.0003406008801825187
QDEIM,2,0.999,14,16,16,35,0.8574141559999999,0.000397013434238846
clsQDEIM,2,0.999,14,16,16,35,0.8758304299999999,0.0003995813521847988
SOPT,2,0.999,14,16,16,36,0.8278438379999999,0.0003907750522295681
clsSOPT,2,0.999,14,16,16,36,0.845802847,0.0003406008801826374
QDEIM,2,0.999,14,16,16,36,0.876223159,0.0003995349258043553
clsQDEIM,2,0.999,14,16,16,36,0.860608051,0.0004120232609099506
SOPT,2,0.999,14,16,16,37,0.857789095,0.0003927087567904114
clsSOPT,2,0.999,14,16,16,37,0.85097623,0.000340600880182649
QDEIM,2,0.999,14,16,16,37,0.884563032,0.0004046283122569723
clsQDEIM,2,0.999,14,16,16,37,0.870220581,0.0004144090499902346
SOPT,2,0.999,14,16,16,38,0.859255074,0.0003914060450323138
clsSOPT,2,0.999,14,16,16,38,0.874444034,0.000340600880182653
QDEIM,2,0.999,14,16,16,38,0.9043738139999999,0.000406649874801092
clsQDEIM,2,0.999,14,16,16,38,0.8913913530000001,0.000377796021335383
SOPT,2,0.999,14,16,16,39,0.886589165,0.0003667377006608685
clsSOPT,2,0.999,14,16,16,39,0.888745592,0.0003406008801826476
QDEIM,2,0.999,14,16,16,39,0.920468922,0.0004021354142268801
clsQDEIM,2,0.999,14,16,16,39,0.912340331,0.000379092718090609
SOPT,2,0.999,14,16,16,40,0.89285287,0.0003712231571476677
clsSOPT,2,0.999,14,16,16,40,0.9133999820000001,0.0003406008801826421
QDEIM,2,0.999,14,16,16,40,0.94265274,0.0003985905163868862
clsQDEIM,2,0.999,14,16,16,40,0.929105548,0.0003801106769194851
SOPT,2,0.999,14,16,16,41,0.917617824,0.0003663469996775722
clsSOPT,2,0.999,14,16,16,41,0.926443256,0.0003406008801826502
QDEIM,2,0.999,14,16,16,41,0.965382789,0.000386766407457193
clsQDEIM,2,0.999,14,16,16,41,0.970740449,0.0003782464368459629
SOPT,3,0.9999,19,21,21,22,0.6832513060000001,0.0003245161965686538
clsSOPT,3,0.9999,19,21,21,22,0.654852607,0.0001185644251519985
QDEIM,3,0.9999,19,21,21,22,0.6777391699999999,0.0002102548369490883
clsQDEIM,3,0.9999,19,21,21,22,0.692776274,0.000259043018404479
SOPT,3,0.9999,19,21,21,23,0.7101066899999999,0.0003701191790682943
clsSOPT,3,0.9999,19,21,21,23,0.665933145,0.0001325676906944502
QDEIM,3,0.9999,19,21,21,23,0.6951674729999999,0.0002080659983241926
clsQDEIM,3,0.9999,19,21,21,23,0.700800945,0.000360195836884395
SOPT,3,0.9999,19,21,21,24,0.722576,0.0001498793506839252
clsSOPT,3,0.9999,19,21,21,24,0.680344404,8.928399691277865e-05
QDEIM,3,0.9999,19,21,21,24,0.717425199,0.0002180462168904639
clsQDEIM,3,0.9999,19,21,21,24,0.71962556,0.0003152150921549586
SOPT,3,0.9999,19,21,21,25,0.748115258,0.0001162585406153712
clsSOPT,3,0.9999,19,21,21,25,0.698835872,8.69880685957821e-05
QDEIM,3,0.9999,19,21,21,25,0.733052094,0.0003047137631543689
clsQDEIM,3,0.9999,19,21,21,25,0.7452296980000001,0.0002791869759237261
SOPT,3,0.9999,19,21,21,26,0.755800483,0.0001191978100572501
clsSOPT,3,0.9999,19,21,21,26,0.7175922509999999,0.0002222106574694626
QDEIM,3,0.9999,19,21,21,26,0.7636909860000001,0.0002839328081274755
clsQDEIM,3,0.9999,19,21,21,26,0.7601917659999999,0.000313691957324035
SOPT,3,0.9999,19,21,21,27,0.776587613,0.0001694438319742061
clsSOPT,3,0.9999,19,21,21,27,0.735854134,0.0001327093404960062
QDEIM,3,0.9999,19,21,21,27,0.7712562279999999,0.0003117690571829636
clsQDEIM,3,0.9999,19,21,21,27,0.773867583,0.0003308966057461759
SOPT,3,0.9999,19,21,21,28,0.796143236,0.0003250519155379729
clsSOPT,3,0.9999,19,21,21,28,0.753270816,0.0001878855660164429
QDEIM,3,0.9999,19,21,21,28,0.7950440550000001,0.0003191785149024583
clsQDEIM,3,0.9999,19,21,21,28,0.825865958,0.0003266245083944037
SOPT,3,0.9999,19,21,21,29,0.81885835,0.000563095380548564
clsSOPT,3,0.9999,19,21,21,29,0.766161442,0.0001623189343547147
QDEIM,3,0.9999,19,21,21,29,0.80671662,0.000266643081623086
clsQDEIM,3,0.9999,19,21,21,29,0.812827265,0.0003971582990344734
SOPT,3,0.9999,19,21,21,30,0.821323934,0.0006663634554357824
clsSOPT,3,0.9999,19,21,21,30,0.795523803,0.0002691829621825032
QDEIM,3,0.9999,19,21,21,30,0.816801165,0.0007574575960989749
clsQDEIM,3,0.9999,19,21,21,30,0.866484821,0.0003395675564086168
SOPT,3,0.9999,19,21,21,31,0.842607247,0.0006665527372493055
clsSOPT,3,0.9999,19,21,21,31,0.813363971,0.0002826974171610421
QDEIM,3,0.9999,19,21,21,31,0.827518463,0.0007146900243293877
clsQDEIM,3,0.9999,19,21,21,31,0.8551940099999999,0.0003675343465899459
SOPT,3,0.9999,19,21,21,32,0.8571474240000001,0.0004448256341175733
clsSOPT,3,0.9999,19,21,21,32,0.84357815,0.0004965614099947108
QDEIM,3,0.9999,19,21,21,32,0.843226836,0.000727635898086004
clsQDEIM,3,0.9999,19,21,21,32,0.873014644,0.0003483466487547881
SOPT,3,0.9999,19,21,21,33,0.882423431,0.0004431549637903159
clsSOPT,3,0.9999,19,21,21,33,0.845609769,0.0005527228801836274
QDEIM,3,0.9999,19,21,21,33,0.864478743,0.0007601535148898243
clsQDEIM,3,0.9999,19,21,21,33,0.901030993,0.0003244771460497757
SOPT,3,0.9999,19,21,21,34,0.898764847,0.0007745932849797837
clsSOPT,3,0.9999,19,21,21,34,0.862997315,0.000549603834098389
QDEIM,3,0.9999,19,21,21,34,0.879997554,0.0006058353337778851
clsQDEIM,3,0.9999,19,21,21,34,0.909447721,0.0003153164395441602
SOPT,3,0.9999,19,21,21,35,0.9036866609999999,0.0006982988046471187
clsSOPT,3,0.9999,19,21,21,35,0.917174602,0.0005857946768038544
QDEIM,3,0.9999,19,21,21,35,0.89852163,0.000605842735060017
clsQDEIM,3,0.9999,19,21,21,35,0.92284676,0.0003003184213183983
SOPT,3,0.9999,19,21,21,36,0.9248544500000001,0.0003491526828059748
clsSOPT,3,0.9999,19,21,21,36,0.899866433,0.0005953240899594829
QDEIM,3,0.9999,19,21,21,36,0.9169749660000001,0.0004938148312311519
clsQDEIM,3,0.9999,19,21,21,36,0.930741698,0.0002870993765677835
SOPT,3,0.9999,19,21,21,37,0.9488524,0.0004290210837104555
clsSOPT,3,0.9999,19,21,21,37,0.929493712,0.0007737553232411063
QDEIM,3,0.9999,19,21,21,37,0.974950348,0.0003873209858284718
clsQDEIM,3,0.9999,19,21,21,37,0.937286085,0.0006431090174934984
SOPT,3,0.9999,19,21,21,38,0.996873922,0.00048086646626005
clsSOPT,3,0.9999,19,21,21,38,0.9270846540000001,0.0007122184667615258
QDEIM,3,0.9999,19,21,21,38,1.749922842,0.0003680271882450591
clsQDEIM,3,0.9999,19,21,21,38,0.96872283,0.0005360686317412204
SOPT,3,0.9999,19,21,21,39,0.972180748,0.0004184547807224449
clsSOPT,3,0.9999,19,21,21,39,0.9403723349999999,0.0004695474782118039
QDEIM,3,0.9999,19,21,21,39,1.014608958,0.000360699153907191
clsQDEIM,3,0.9999,19,21,21,39,0.989547186,0.000606361686426851
SOPT,3,0.9999,19,21,21,40,0.996961996,0.0004211146303487855
clsSOPT,3,0.9999,19,21,21,40,0.95046389,0.000359634092334657
QDEIM,3,0.9999,19,21,21,40,0.993966769,0.0004530237450491496
clsQDEIM,3,0.9999,19,21,21,40,0.997305679,0.0004317752138409256
SOPT,3,0.9999,19,21,21,41,1.000925025,0.000391704477051771
clsSOPT,3,0.9999,19,21,21,41,0.982111382,0.0003080009315189233
QDEIM,3,0.9999,19,21,21,41,1.049586828,0.0004538467812482973
clsQDEIM,3,0.9999,19,21,21,41,1.024128001,0.0004359424605129305
SOPT,3,0.9999,19,21,21,42,1.033025437,0.0003615089157532914
clsSOPT,3,0.9999,19,21,21,42,0.987216957,0.0002734868632001487
QDEIM,3,0.9999,19,21,21,42,1.045122612,0.0004662650823679082
clsQDEIM,3,0.9999,19,21,21,42,1.029020361,0.0004121526078034803
SOPT,3,0.9999,19,21,21,43,1.039177571,0.0003307410708348265
clsSOPT,3,0.9999,19,21,21,43,1.048647339,0.0001122055392731929
QDEIM,3,0.9999,19,21,21,43,1.034381775,0.0004711202921762566
clsQDEIM,3,0.9999,19,21,21,43,1.042157261,0.0004904829960506106
SOPT,3,0.9999,19,21,21,44,1.071106497,9.214164932779836e-05
clsSOPT,3,0.9999,19,21,21,44,1.070624931,0.0001092726565355239
QDEIM,3,0.9999,19,21,21,44,1.059278864,0.0004693414129692611
clsQDEIM,3,0.9999,19,21,21,44,1.080245083,0.0004397385922116911
SOPT,3,0.9999,19,21,21,45,1.067785764,9.44275783360269e-05
clsSOPT,3,0.9999,19,21,21,45,1.058141889,0.0001196685910800447
QDEIM,3,0.9999,19,21,21,45,1.075594925,0.0004744102678447797
clsQDEIM,3,0.9999,19,21,21,45,1.114417779,0.0004392161610012716
SOPT,3,0.9999,19,21,21,46,1.093418639,9.483098478546131e-05
clsSOPT,3,0.9999,19,21,21,46,1.060877316,0.0001112187864121691
QDEIM,3,0.9999,19,21,21,46,1.092671196,0.0004523664656913839
clsQDEIM,3,0.9999,19,21,21,46,1.128275825,0.0003735090050113229
SOPT,4,0.99999,24,27,27,28,0.892272353,0.009618848821058608
clsSOPT,4,0.99999,24,27,27,28,0.9027908019999999,0.01582189903361114
QDEIM,4,0.99999,24,27,27,28,0.8735763560000001,0.004440348517238706
clsQDEIM,4,0.99999,24,27,27,28,0.863664962,0.01129988010070557
SOPT,4,0.99999,24,27,27,29,0.904640135,0.005966784705567499
clsSOPT,4,0.99999,24,27,27,29,0.940973255,0.0122645152609029
QDEIM,4,0.99999,24,27,27,29,0.890662438,0.004440348517238206
clsQDEIM,4,0.99999,24,27,27,29,0.87481946,0.01095807849189826
SOPT,4,0.99999,24,27,27,30,0.925925075,0.006047329051178412
clsSOPT,4,0.99999,24,27,27,30,0.944800067,0.01567488432292791
QDEIM,4,0.99999,24,27,27,30,0.909418576,0.004357652891771955
clsQDEIM,4,0.99999,24,27,27,30,0.897839194,0.009004247362050539
SOPT,4,0.99999,24,27,27,31,0.934708705,0.005787396002095832
clsSOPT,4,0.99999,24,27,27,31,0.948109191,0.001569203241520895
QDEIM,4,0.99999,24,27,27,31,0.925481379,0.004040035904542511
clsQDEIM,4,0.99999,24,27,27,31,0.9214169919999999,0.00985575194684481
SOPT,4,0.99999,24,27,27,32,0.997454677,0.007887758844400631
clsSOPT,4,0.99999,24,27,27,32,0.964870785,0.0015335511510697
QDEIM,4,0.99999,24,27,27,32,0.962967237,0.003189256191765245
clsQDEIM,4,0.99999,24,27,27,32,0.9411194730000001,0.0110537371760202
SOPT,4,0.99999,24,27,27,33,0.981268198,0.003970050455475816
clsSOPT,4,0.99999,24,27,27,33,0.986095695,0.001425834502102832
QDEIM,4,0.99999,24,27,27,33,0.965917616,0.002130504274122324
clsQDEIM,4,0.99999,24,27,27,33,0.9578441090000001,0.01100019531340881
SOPT,4,0.99999,24,27,27,34,1.027047906,0.003699288670619273
clsSOPT,4,0.99999,24,27,27,34,1.006423193,0.001468336831392542
QDEIM,4,0.99999,24,27,27,34,0.983387509,0.002410723016867439
clsQDEIM,4,0.99999,24,27,27,34,0.978830681,0.01052222860153078
SOPT,4,0.99999,24,27,27,35,1.02789559,0.003624629141346185
clsSOPT,4,0.99999,24,27,27,35,1.017766481,0.001505925688250058
QDEIM,4,0.99999,24,27,27,35,1.012773259,0.001902122363871316
clsQDEIM,4,0.99999,24,27,27,35,0.996017007,0.01021057950991895
SOPT,4,0.99999,24,27,27,36,1.038509851,0.006266906703678463
clsSOPT,4,0.99999,24,27,27,36,1.036513572,0.0004364716644007443
QDEIM,4,0.99999,24,27,27,36,1.023926214,0.002163915235180377
clsQDEIM,4,0.99999,24,27,27,36,1.015859089,0.009785737472267996
SOPT,4,0.99999,24,27,27,37,1.038929613,0.006393552410525401
clsSOPT,4,0.99999,24,27,27,37,1.055220056,0.0001187870516491893
QDEIM,4,0.99999,24,27,27,37,1.039873533,0.002024658372806016
clsQDEIM,4,0.99999,24,27,27,37,1.044514185,0.009642278162324108
SOPT,4,0.99999,24,27,27,38,1.097547221,0.006408184274801739
clsSOPT,4,0.99999,24,27,27,38,1.073987455,0.001411497265915318
QDEIM,4,0.99999,24,27,27,38,1.070063941,0.001956227269848977
clsQDEIM,4,0.99999,24,27,27,38,1.076875907,0.009570196640036936
SOPT,4,0.99999,24,27,27,39,1.079579888,0.006440931382823986
clsSOPT,4,0.99999,24,27,27,39,1.110006955,0.001771512124034179
QDEIM,4,0.99999,24,27,27,39,1.093936291,0.002117617764157018
clsQDEIM,4,0.99999,24,27,27,39,1.086623594,0.008763113004663979
SOPT,4,0.99999,24,27,27,40,1.094490547,0.00643091899266957
clsSOPT,4,0.99999,24,27,27,40,1.104033807,0.002360379629857426
QDEIM,4,0.99999,24,27,27,40,1.089935097,0.0022951877861227
clsQDEIM,4,0.99999,24,27,27,40,1.082840743,0.00868492202696952
SOPT,4,0.99999,24,27,27,41,1.118162435,0.005464961121485763
clsSOPT,4,0.99999,24,27,27,41,1.117202803,0.002109357967620754
QDEIM,4,0.99999,24,27,27,41,1.110415395,0.002359617318872142
clsQDEIM,4,0.99999,24,27,27,41,1.106806227,0.008614687626131854
SOPT,4,0.99999,24,27,27,42,1.132806752,0.004617694252451909
clsSOPT,4,0.99999,24,27,27,42,1.147151001,0.003362401775600198
QDEIM,4,0.99999,24,27,27,42,1.128717913,0.002277865421693553
clsQDEIM,4,0.99999,24,27,27,42,1.168087602,0.01137992803700053
SOPT,4,0.99999,24,27,27,43,1.157572046,0.004616501248467203
clsSOPT,4,0.99999,24,27,27,43,1.159924678,0.003667056958307365
QDEIM,4,0.99999,24,27,27,43,1.144063967,0.002233423513442275
clsQDEIM,4,0.99999,24,27,27,43,1.148811299,0.01149720463254603
SOPT,4,0.99999,24,27,27,44,1.168114671,0.003978225714732005
clsSOPT,4,0.99999,24,27,27,44,1.174574004,0.003649328548427412
QDEIM,4,0.99999,24,27,27,44,1.163016887,0.002205513869761949
clsQDEIM,4,0.99999,24,27,27,44,1.158003212,0.01134115487290353
SOPT,4,0.99999,24,27,27,45,1.210488581,0.003481314390700467
clsSOPT,4,0.99999,24,27,27,45,1.183099315,0.003743168903096554
QDEIM,4,0.99999,24,27,27,45,1.181352961,0.002186363616675019
clsQDEIM,4,0.99999,24,27,27,45,1.176185873,0.01090279317535009
SOPT,4,0.99999,24,27,27,46,1.209924548,0.003470018222625841
clsSOPT,4,0.99999,24,27,27,46,1.193851087,0.003948969318511207
QDEIM,4,0.99999,24,27,27,46,1.199432357,0.002172410347220983
clsQDEIM,4,0.99999,24,27,27,46,1.208580985,0.01138508125285835
SOPT,4,0.99999,24,27,27,47,1.250552957,0.002703816343031113
clsSOPT,4,0.99999,24,27,27,47,1.229321551,0.003908217799159496
QDEIM,4,0.99999,24,27,27,47,1.225783397,0.002161792109669826
clsQDEIM,4,0.99999,24,27,27,47,1.198390535,0.007946310515312036
SOPT,4,0.99999,24,27,27,48,1.251011508,0.002926128525680739
clsSOPT,4,0.99999,24,27,27,48,1.228939886,0.0004657350963598659
QDEIM,4,0.99999,24,27,27,48,1.231162375,0.002161350617985395
clsQDEIM,4,0.99999,24,27,27,48,1.220561344,0.007922722849101988
SOPT,4,0.99999,24,27,27,49,1.36383192,0.002302007710513118
clsSOPT,4,0.99999,24,27,27,49,1.244856226,0.0004254314080799589
QDEIM,4,0.99999,24,27,27,49,1.265500203,0.002160980729267778
clsQDEIM,4,0.99999,24,27,27,49,1.222551164,0.007921905844927917
SOPT,4,0.99999,24,27,27,50,1.276779177,0.00275873312030225
clsSOPT,4,0.99999,24,27,27,50,1.264577007,0.003573729236323799
QDEIM,4,0.99999,24,27,27,50,1.275302606,0.002158894461027083
clsQDEIM,4,0.99999,24,27,27,50,1.242544283,0.007649453806541744
SOPT,4,0.99999,24,27,27,51,1.282147336,0.002669237977280018
clsSOPT,4,0.99999,24,27,27,51,1.28667556,0.002697724201888966
QDEIM,4,0.99999,24,27,27,51,1.287452448,0.002084880979674438
clsQDEIM,4,0.99999,24,27,27,51,1.287938652,0.007583489037929463
SOPT,4,0.99999,24,27,27,52,1.323134747,0.002066639355926609
clsSOPT,4,0.99999,24,27,27,52,1.323001383,0.002044316104379368
QDEIM,4,0.99999,24,27,27,52,1.30095634,0.002060686762822588
clsQDEIM,4,0.99999,24,27,27,52,1.279020953,0.01009108796264588
SOPT,5,0.999999,29,32,32,33,1.16313646,0.001191969854219728
clsSOPT,5,0.999999,29,32,32,33,,
QDEIM,5,0.999999,29,32,32,33,1.16881921,0.001461135530419127
clsQDEIM,5,0.999999,29,32,32,33,1.110833718,0.0004581034210205675
SOPT,5,0.999999,29,32,32,34,1.204475534,0.0005672799677576664
clsSOPT,5,0.999999,29,32,32,34,1.21699442,0.01900634639120414
QDEIM,5,0.999999,29,32,32,34,1.180100456,0.00140972542931506
clsQDEIM,5,0.999999,29,32,32,34,1.134428592,0.000455618725460355
SOPT,5,0.999999,29,32,32,35,1.225729429,0.002561696541403355
clsSOPT,5,0.999999,29,32,32,35,,
QDEIM,5,0.999999,29,32,32,35,1.211965312,0.003582077970011099
clsQDEIM,5,0.999999,29,32,32,35,1.149408044,0.0005195940469832519
SOPT,5,0.999999,29,32,32,36,,
clsSOPT,5,0.999999,29,32,32,36,,
QDEIM,5,0.999999,29,32,32,36,1.228715238,0.003620539266969432
clsQDEIM,5,0.999999,29,32,32,36,1.170489469,0.0004814821702719125
SOPT,5,0.999999,29,32,32,37,,
clsSOPT,5,0.999999,29,32,32,37,,
QDEIM,5,0.999999,29,32,32,37,1.24638039,0.0036057205719677
clsQDEIM,5,0.999999,29,32,32,37,1.187521158,0.0009423118253181391
SOPT,5,0.999999,29,32,32,38,,
clsSOPT,5,0.999999,29,32,32,38,,
QDEIM,5,0.999999,29,32,32,38,1.261308123,0.003711659061295718
clsQDEIM,5,0.999999,29,32,32,38,1.208070604,0.0005574773230739543
SOPT,5,0.999999,29,32,32,39,,
clsSOPT,5,0.999999,29,32,32,39,,
QDEIM,5,0.999999,29,32,32,39,1.266686254,0.00155569374943173
clsQDEIM,5,0.999999,29,32,32,39,1.237477151,0.0006135322132767995
SOPT,5,0.999999,29,32,32,40,,
clsSOPT,5,0.999999,29,32,32,40,,
QDEIM,5,0.999999,29,32,32,40,1.297987238,0.009437516556721844
clsQDEIM,5,0.999999,29,32,32,40,1.236009851,0.0003977526894715389
SOPT,5,0.999999,29,32,32,41,,
clsSOPT,5,0.999999,29,32,32,41,,
QDEIM,5,0.999999,29,32,32,41,1.446531822,0.01799088278052577
clsQDEIM,5,0.999999,29,32,32,41,1.247328619,0.0002951869955167515
SOPT,5,0.999999,29,32,32,42,1.38147536,0.006149297359191595
clsSOPT,5,0.999999,29,32,32,42,1.340337852,0.002858792325207204
QDEIM,5,0.999999,29,32,32,42,1.478032435,0.01795664126753948
clsQDEIM,5,0.999999,29,32,32,42,1.259373984,8.673147026401269e-05
SOPT,5,0.999999,29,32,32,43,1.381196153,0.006245928875522598
clsSOPT,5,0.999999,29,32,32,43,1.36521993,0.002857546859377402
QDEIM,5,0.999999,29,32,32,43,1.49344875,0.0166118634084787
clsQDEIM,5,0.999999,29,32,32,43,1.278835902,5.603060598877362e-05
SOPT,5,0.999999,29,32,32,44,1.426966211,0.005926262594036096
clsSOPT,5,0.999999,29,32,32,44,1.372657447,0.002646670827544712
QDEIM,5,0.999999,29,32,32,44,,
clsQDEIM,5,0.999999,29,32,32,44,1.313960205,7.3590762823995e-05
SOPT,5,0.999999,29,32,32,45,1.394480653,0.00585773892389119
clsSOPT,5,0.999999,29,32,32,45,1.372597921,0.002797245533929598
QDEIM,5,0.999999,29,32,32,45,1.488019524,0.05781894952322726
clsQDEIM,5,0.999999,29,32,32,45,1.312634223,2.202296878592854e-05
SOPT,5,0.999999,29,32,32,46,1.42808882,0.01511138026077892
clsSOPT,5,0.999999,29,32,32,46,1.388750698,0.002772184944798589
QDEIM,5,0.999999,29,32,32,46,1.488172407,0.04755757543108803
clsQDEIM,5,0.999999,29,32,32,46,,
SOPT,5,0.999999,29,32,32,47,1.557051642,0.113808878113671
clsSOPT,5,0.999999,29,32,32,47,1.391045062,0.001321144741758889
QDEIM,5,0.999999,29,32,32,47,1.53063718,0.05189323374188371
clsQDEIM,5,0.999999,29,32,32,47,,
SOPT,5,0.999999,29,32,32,48,1.654999839,0.5130180214814921
clsSOPT,5,0.999999,29,32,32,48,1.412798909,0.0006817507994320854
QDEIM,5,0.999999,29,32,32,48,1.537402647,0.01487238668324873
clsQDEIM,5,0.999999,29,32,32,48,,
SOPT,5,0.999999,29,32,32,49,1.864480615,2.967014958707791
clsSOPT,5,0.999999,29,32,32,49,1.429280736,0.001023372106481331
QDEIM,5,0.999999,29,32,32,49,1.549902599,0.0356008876221301
clsQDEIM,5,0.999999,29,32,32,49,1.522642425,2.74458277360681e-05
SOPT,5,0.999999,29,32,32,50,1.999021794,2.515130240055586
clsSOPT,5,0.999999,29,32,32,50,1.452619523,0.000616907266264501
QDEIM,5,0.999999,29,32,32,50,1.562903198,0.03834841522380378
clsQDEIM,5,0.999999,29,32,32,50,1.549536408,8.136270741594155e-05
SOPT,5,0.999999,29,32,32,51,,
clsSOPT,5,0.999999,29,32,32,51,1.473119495,0.0003149622358179377
QDEIM,5,0.999999,29,32,32,51,1.578385647,0.0657122466392888
clsQDEIM,5,0.999999,29,32,32,51,1.580206296,8.526698060215011e-05
SOPT,5,0.999999,29,32,32,52,,
clsSOPT,5,0.999999,29,32,32,52,1.494170521,0.0003488044937717797
QDEIM,5,0.999999,29,32,32,52,1.725101249,0.7305670185801559
clsQDEIM,5,0.999999,29,32,32,52,1.476416483,0.0004247920409331646
SOPT,5,0.999999,29,32,32,53,1.595686332,0.006422599688048382
clsSOPT,5,0.999999,29,32,32,53,1.508375577,0.0003136762648617269
QDEIM,5,0.999999,29,32,32,53,1.752455601,0.6105209014247078
clsQDEIM,5,0.999999,29,32,32,53,,
SOPT,5,0.999999,29,32,32,54,1.584491118,0.006353685232072755
clsSOPT,5,0.999999,29,32,32,54,1.53725611,0.0001489389556423878
QDEIM,5,0.999999,29,32,32,54,1.767290445,0.995412303434838
clsQDEIM,5,0.999999,29,32,32,54,,
SOPT,5,0.999999,29,32,32,55,1.623123247,0.005220859136119819
clsSOPT,5,0.999999,29,32,32,55,1.525793606,0.0002327921105427361
QDEIM,5,0.999999,29,32,32,55,1.803956112,0.3665391068242029
clsQDEIM,5,0.999999,29,32,32,55,,
SOPT,5,0.999999,29,32,32,56,,
clsSOPT,5,0.999999,29,32,32,56,1.547137489,0.0007046968661716944
QDEIM,5,0.999999,29,32,32,56,1.796160469,1.064980707530316
clsQDEIM,5,0.999999,29,32,32,56,,
SOPT,5,0.999999,29,32,32,57,1.946489676,2.353827037826559
clsSOPT,5,0.999999,29,32,32,57,1.575222628,0.0009013040691739063
QDEIM,5,0.999999,29,32,32,57,1.817298821,1.242600883270425
clsQDEIM,5,0.999999,29,32,32,57,,
SOPT,6,1,34,38,37,38,1.431077879,0.006723942430637575
clsSOPT,6,1,34,38,37,38,,
QDEIM,6,1,34,38,37,38,1.617308423,0.003802884467940935
clsQDEIM,6,1,34,38,37,38,1.468636614,0.005207173400554473
SOPT,6,1,34,38,37,39,,
clsSOPT,6,1,34,38,37,39,1.838331688,0.3210418114666146
QDEIM,6,1,34,38,37,39,1.643850698,0.002754233483169509
clsQDEIM,6,1,34,38,37,39,1.469336206,0.00490678487703522
SOPT,6,1,34,38,37,40,1.5288553,0.007536591423902562
clsSOPT,6,1,34,38,37,40,,
QDEIM,6,1,34,38,37,40,1.774981294,0.003647739573528779
clsQDEIM,6,1,34,38,37,40,1.486621508,0.006764110456934446
SOPT,6,1,34,38,37,41,1.561094411,0.007168207702215859
clsSOPT,6,1,34,38,37,41,1.914794847,0.1077925490565798
QDEIM,6,1,34,38,37,41,,
clsQDEIM,6,1,34,38,37,41,1.518717105,0.00917555604421208
SOPT,6,1,34,38,37,42,1.548348209,0.00485586891654028
clsSOPT,6,1,34,38,37,42,1.660994499,0.02005940222479532
QDEIM,6,1,34,38,37,42,,
clsQDEIM,6,1,34,38,37,42,1.540145797,0.009039231478463059
SOPT,6,1,34,38,37,43,1.57425905,0.0007162471247421909
clsSOPT,6,1,34,38,37,43,1.668917882,0.01600205609274861
QDEIM,6,1,34,38,37,43,,
clsQDEIM,6,1,34,38,37,43,1.567922836,0.01074746585238279
SOPT,6,1,34,38,37,44,1.613823738,0.0003949465126693669
clsSOPT,6,1,34,38,37,44,1.603485491,0.00188510190522151
QDEIM,6,1,34,38,37,44,,
clsQDEIM,6,1,34,38,37,44,1.565767803,0.01082381851786646
SOPT,6,1,34,38,37,45,1.603229653,0.002145660833286283
clsSOPT,6,1,34,38,37,45,1.605373186,0.001921597909208923
QDEIM,6,1,34,38,37,45,,
clsQDEIM,6,1,34,38,37,45,1.616326389,0.01166150870557743
SOPT,6,1,34,38,37,46,1.654710463,0.001788575997136815
clsSOPT,6,1,34,38,37,46,1.620759144,0.002921445479986596
QDEIM,6,1,34,38,37,46,,
clsQDEIM,6,1,34,38,37,46,1.645136208,0.01130121719798953
SOPT,6,1,34,38,37,47,1.629636247,0.001187247325334467
clsSOPT,6,1,34,38,37,47,1.612512876,0.00270469687499891
QDEIM,6,1,34,38,37,47,,
clsQDEIM,6,1,34,38,37,47,1.607592896,0.007144614463489682
SOPT,6,1,34,38,37,48,1.661495062,0.001235590019452316
clsSOPT,6,1,34,38,37,48,1.638904783,0.002667376734317176
QDEIM,6,1,34,38,37,48,,
clsQDEIM,6,1,34,38,37,48,1.668597812,0.007181126349140486
SOPT,6,1,34,38,37,49,1.728827952,0.001280206734641483
clsSOPT,6,1,34,38,37,49,1.971322827,0.5744851616566052
QDEIM,6,1,34,38,37,49,,
clsQDEIM,6,1,34,38,37,49,1.641918052,0.007194254387054047
SOPT,6,1,34,38,37,50,1.744152292,0.0001914035344702201
clsSOPT,6,1,34,38,37,50,,
QDEIM,6,1,34,38,37,50,,
clsQDEIM,6,1,34,38,37,50,1.660174849,0.007208361640448066
SOPT,6,1,34,38,37,51,1.745692782,0.0005308583163144808
clsSOPT,6,1,34,38,37,51,,
QDEIM,6,1,34,38,37,51,1.900523268,0.003930583857400385
clsQDEIM,6,1,34,38,37,51,1.679629475,0.00629107024164574
SOPT,6,1,34,38,37,52,1.752904225,0.0005040159927698327
clsSOPT,6,1,34,38,37,52,1.725335527,0.001603766947395511
QDEIM,6,1,34,38,37,52,1.900889792,0.003814723306890174
clsQDEIM,6,1,34,38,37,52,1.703286534,0.006376875170816099
SOPT,6,1,34,38,37,53,1.807311389,0.0003491104888563966
clsSOPT,6,1,34,38,37,53,1.739438022,0.0005873863662404568
QDEIM,6,1,34,38,37,53,1.904087855,0.003730069099341109
clsQDEIM,6,1,34,38,37,53,1.702504374,0.006426912678932943
SOPT,6,1,34,38,37,54,1.782162939,0.0007481142685687314
clsSOPT,6,1,34,38,37,54,1.752673244,0.000144153900249047
QDEIM,6,1,34,38,37,54,1.923678553,0.003665545369783781
clsQDEIM,6,1,34,38,37,54,1.729856064,0.006381938320214683
SOPT,6,1,34,38,37,55,1.798094615,0.0007788306072826844
clsSOPT,6,1,34,38,37,55,1.772613969,0.0003121011123479892
QDEIM,6,1,34,38,37,55,2.008300539,0.004380631065719882
clsQDEIM,6,1,34,38,37,55,1.752115564,0.006822840736193684
SOPT,6,1,34,38,37,56,1.823842588,0.001482925832652556
clsSOPT,6,1,34,38,37,56,1.792400646,0.0003718042765905599
QDEIM,6,1,34,38,37,56,2.04187257,0.005850418337755427
clsQDEIM,6,1,34,38,37,56,1.791829797,0.006699635114956126
SOPT,6,1,34,38,37,57,1.833970795,0.001680835368867409
clsSOPT,6,1,34,38,37,57,1.809840579,0.000371175731937011
QDEIM,6,1,34,38,37,57,2.022355226,0.005392183793806148
clsQDEIM,6,1,34,38,37,57,1.791339705,0.006943251428432514
SOPT,6,1,34,38,37,58,1.847340315,0.0013491807491659
clsSOPT,6,1,34,38,37,58,1.849306093,0.0003655544879397567
QDEIM,6,1,34,38,37,58,,
clsQDEIM,6,1,34,38,37,58,1.811219359,0.006228567426578412
SOPT,6,1,34,38,37,59,1.865554842,0.001705342904252233
clsSOPT,6,1,34,38,37,59,1.857074168,0.0003439165246541784
QDEIM,6,1,34,38,37,59,,
clsQDEIM,6,1,34,38,37,59,2.133588448,0.3459833147452576
SOPT,6,1,34,38,37,60,1.876551548,0.001833133701469644
clsSOPT,6,1,34,38,37,60,1.875331893,0.0003430148878123077
QDEIM,6,1,34,38,37,60,,
clsQDEIM,6,1,34,38,37,60,2.251520644,0.117192432972221
SOPT,6,1,34,38,37,61,1.918598274,0.001974277635981006
clsSOPT,6,1,34,38,37,61,1.898194394,0.0005381581242990041
QDEIM,6,1,34,38,37,61,,
clsQDEIM,6,1,34,38,37,61,2.269916959,0.1043987029257459
SOPT,6,1,34,38,37,62,1.905310566,0.001834727165066818
clsSOPT,6,1,34,38,37,62,1.916402633,0.0004875223307441143
QDEIM,6,1,34,38,37,62,2.58778132,1.201018815918825
clsQDEIM,6,1,34,38,37,62,2.227833262,0.08089442119054907
