method,t,solver,k,ef,ws,w,q,nqp,TT3,ErrX,ErrV,ErrE,nt
sopt,0.8,7,2,0.99,40,35,2,,0.0369883,,0.198715,-1
qdeim,0.8,7,2,0.99,40,35,2,256,448,320,320,256,256,448,256,256,320,320,320,384,448,256,448,256,256,256,384,384,256,448,192,192,256,384,192,384,192,384,384,448,384,512,1.53927,0.000170692,0.00319821,0.000775937,375
gnat,0.8,7,2,0.99,40,35,2,192,256,256,192,256,192,192,192,192,192,192,192,256,192,128,128,128,128,128,128,128,128,128,128,128,128,128,128,128,128,128,128,128,128,320,0.853724,0.00018442,0.00358866,0.000896241,242
sopt,0.8,7,2,0.99,40,35,3,,0.0369883,,0.198715,-1
qdeim,0.8,7,2,0.99,40,35,3,384,576,512,448,384,576,576,576,384,448,512,512,512,576,448,576,384,384,320,448,512,384,768,320,320,384,512,320,512,320,512,512,576,512,1024,1.45844,0.000168654,0.00317778,0.00075677,411
gnat,0.8,7,2,0.99,40,35,3,320,320,320,320,320,320,320,320,320,320,320,256,256,256,192,192,192,192,192,192,192,192,192,192,192,192,192,192,192,192,192,192,192,192,512,0.899381,0.00019487,0.00374391,0.000921241,247
sopt,0.8,7,2,0.99,40,35,4,,0.0369883,,0.198715,-1
qdeim,0.8,7,2,0.99,40,35,4,576,768,640,576,576,768,768,768,512,768,640,640,832,704,576,640,576,576,640,768,640,576,832,512,512,576,640,512,640,512,640,640,704,704,1216,2.64126,0.000164335,0.00305986,0.000735161,436
gnat,0.8,7,2,0.99,40,35,4,384,384,384,384,384,384,384,384,384,384,384,256,256,256,256,256,256,256,256,256,256,256,256,256,256,256,256,256,256,256,256,256,256,256,640,0.726265,0.000196288,0.00377807,0.00092214,247
sopt,0.8,7,2,0.99,40,35,5,,0.0369883,,0.198715,-1
qdeim,0.8,7,2,0.99,40,35,5,704,896,768,768,768,896,896,896,704,896,768,768,960,896,704,768,768,768,768,1024,832,704,1024,704,640,704,832,704,832,640,832,832,896,768,1728,3.10571,0.000163591,0.00305369,0.000732891,448
gnat,0.8,7,2,0.99,40,35,5,448,448,448,448,448,448,448,448,448,448,448,320,320,320,320,320,320,320,320,320,320,320,320,320,320,320,320,320,320,320,320,320,320,320,832,0.979592,0.00021988,0.00409258,0.00102372,254
sopt,0.8,7,2,0.99,40,35,6,,0.0369883,,0.198715,-1
qdeim,0.8,7,2,0.99,40,35,6,896,1088,896,960,896,1024,1024,960,896,1024,896,960,1024,1088,896,960,896,896,896,1152,1024,832,1152,832,768,896,960,896,960,832,960,1024,1024,896,1856,6.00315,0.000168067,0.00315732,0.000733133,446
gnat,0.8,7,2,0.99,40,35,6,512,512,512,512,512,512,512,512,512,512,512,384,384,384,384,384,384,384,384,384,384,384,384,384,384,384,384,384,384,384,384,384,384,384,960,1.01604,0.000221523,0.00412789,0.00102262,254
sopt,0.8,7,2,0.99,40,35,7,,0.0369883,,0.198715,-1
qdeim,0.8,7,2,0.99,40,35,7,960,1280,1088,1152,1216,1152,1216,1088,1088,1344,1088,1152,1152,1216,1024,1088,1024,1088,1024,1216,1216,960,1216,960,960,1088,1024,1088,1152,1024,1088,1216,1152,1024,1984,3.61074,0.000168091,0.00315877,0.000721701,446
gnat,0.8,7,2,0.99,40,35,7,576,576,576,576,576,576,576,576,576,576,576,448,448,448,448,448,448,448,448,448,448,448,448,448,448,448,448,448,448,448,448,448,448,448,1152,1.23055,0.000194075,0.00371353,0.000849487,289
sopt,0.8,7,2,0.99,40,35,8,,0.0369883,,0.198715,-1
qdeim,0.8,7,2,0.99,40,35,8,1152,1472,1216,1280,1408,1344,1344,1216,1280,1408,1280,1344,1344,1408,1152,1280,1216,1280,1216,1344,1408,1152,1344,1088,1088,1280,1024,1280,1280,1216,1216,1408,1280,1152,2176,5.31878,0.000167622,0.00316176,0.000709115,446
gnat,0.8,7,2,0.99,40,35,8,640,640,640,640,640,640,640,640,640,640,640,512,512,512,512,512,512,512,512,512,512,512,512,512,512,512,512,512,512,512,512,512,512,512,1280,1.20871,0.000202154,0.00402678,0.000927253,289
sopt,0.8,7,2,0.99,40,35,9,,0.0369883,,0.198715,-1
qdeim,0.8,7,2,0.99,40,35,9,1344,1600,1408,1408,1472,1536,1472,1344,1472,1472,1408,1536,1536,1408,1344,1472,1408,1472,1408,1536,1536,1344,1536,1216,1216,1472,1152,1408,1408,1408,1344,1536,1408,1280,2368,5.23864,0.000160243,0.00301477,0.000684275,449
gnat,0.8,7,2,0.99,40,35,9,768,768,768,768,704,704,704,704,704,768,640,640,576,576,576,576,576,576,576,576,576,576,576,576,576,576,576,576,576,576,576,576,576,576,1344,3.04747,0.000197324,0.00394913,0.000896095,296
sopt,0.8,7,2,0.99,40,35,10,,0.0369883,,0.198715,-1
qdeim,0.8,7,2,0.99,40,35,10,1472,1792,1536,1536,1600,1728,1600,1536,1664,1664,1600,1664,1728,1600,1472,1600,1536,1536,1600,1664,1664,1536,1664,1280,1344,1536,1344,1536,1600,1472,1472,1728,1600,1408,2560,5.75057,0.000156474,0.00299474,0.000659086,469
gnat,0.8,7,2,0.99,40,35,10,832,896,896,896,768,768,768,768,768,832,640,640,640,640,640,640,640,640,640,640,640,640,640,640,640,640,640,640,640,640,640,640,640,640,1408,1.39196,0.000196291,0.00392405,0.000892632,296
sopt,0.8,7,2,0.9999,40,35,2,,0.0369883,,0.198715,-1
qdeim,0.8,7,2,0.9999,40,35,2,256,448,320,320,256,256,448,256,256,320,320,320,384,448,256,448,256,256,256,384,384,256,448,192,192,384,576,320,256,576,576,512,512,576,576,1.42224,9.8828e-05,0.00223762,0.000331164,395
gnat,0.8,7,2,0.9999,40,35,2,192,256,256,192,256,192,192,192,192,192,192,192,256,192,128,128,128,128,128,128,128,128,128,128,128,256,256,256,256,448,448,384,512,448,448,0.973368,0.000120985,0.00273953,0.000405831,264
sopt,0.8,7,2,0.9999,40,35,3,,0.0369883,,0.198715,-1
qdeim,0.8,7,2,0.9999,40,35,3,384,576,512,448,384,576,576,576,384,448,512,512,512,576,448,576,384,384,320,448,512,384,768,320,320,448,640,448,384,768,704,640,512,704,832,3.48179,9.99737e-05,0.00233227,0.00034746,442
gnat,0.8,7,2,0.9999,40,35,3,320,320,320,320,320,320,320,320,320,320,320,256,256,256,192,192,192,192,192,192,192,192,192,192,192,320,320,384,384,576,576,448,576,640,704,1.08964,0.00012269,0.00273669,0.000381887,268
sopt,0.8,7,2,0.9999,40,35,4,,0.0369883,,0.198715,-1
qdeim,0.8,7,2,0.9999,40,35,4,576,768,640,576,576,768,768,768,512,768,640,640,832,704,576,640,576,576,640,768,640,576,832,512,512,576,704,576,576,960,832,832,512,704,1024,1.66638,9.15318e-05,0.00224617,0.000319184,473
gnat,0.8,7,2,0.9999,40,35,4,384,384,384,384,384,384,384,384,384,384,384,256,256,256,256,256,256,256,256,256,256,256,256,256,256,384,384,512,512,640,640,512,640,768,896,1.02323,0.000124308,0.0027797,0.000383799,268
sopt,0.8,7,2,0.9999,40,35,5,,0.0369883,,0.198715,-1
qdeim,0.8,7,2,0.9999,40,35,5,704,896,768,768,768,896,896,896,704,896,768,768,960,896,704,768,768,768,768,1024,832,704,1024,704,640,704,832,768,704,1088,1088,960,640,768,1152,3.99211,9.15811e-05,0.00216852,0.000295022,506
gnat,0.8,7,2,0.9999,40,35,5,448,448,448,448,448,448,448,448,448,448,448,320,320,320,320,320,320,320,320,320,320,320,320,320,320,448,448,640,640,768,768,640,704,960,1024,1.45274,0.000114194,0.00253695,0.000382012,283
sopt,0.8,7,2,0.9999,40,35,6,,0.0369883,,0.198715,-1
qdeim,0.8,7,2,0.9999,40,35,6,896,1088,896,960,896,1024,1024,960,896,1024,896,960,1024,1088,896,960,896,896,896,1152,1024,832,1152,832,768,896,1024,896,896,1280,1216,1216,768,832,1216,2.44269,9.6064e-05,0.00236048,0.000299748,516
gnat,0.8,7,2,0.9999,40,35,6,512,512,512,512,512,512,512,512,512,512,512,384,384,384,384,384,384,384,384,384,384,384,384,384,384,512,512,768,768,896,896,768,768,1152,1152,2.18111,0.000113769,0.00249459,0.000382341,283
sopt,0.8,7,2,0.9999,40,35,7,,0.0369883,,0.198715,-1
qdeim,0.8,7,2,0.9999,40,35,7,960,1280,1088,1152,1216,1152,1216,1088,1088,1344,1088,1152,1152,1216,1024,1088,1024,1088,1024,1216,1216,960,1216,960,960,1152,1216,1216,1024,1344,1472,1344,896,896,1280,5.00542,9.46465e-05,0.00234532,0.000270246,516
gnat,0.8,7,2,0.9999,40,35,7,576,576,576,576,576,576,576,576,576,576,576,448,448,448,448,448,448,448,448,448,448,448,448,448,448,576,576,896,832,960,960,896,896,1280,1216,2.34505,0.000112923,0.00238065,0.00036729,306
sopt,0.8,7,2,0.9999,40,35,8,,0.0369883,,0.198715,-1
qdeim,0.8,7,2,0.9999,40,35,8,1152,1472,1216,1280,1408,1344,1344,1216,1280,1408,1280,1344,1344,1408,1152,1280,1216,1280,1216,1344,1408,1152,1344,1088,1088,1280,1280,1280,1152,1536,1536,1536,1024,1024,1408,5.04717,9.17572e-05,0.00233753,0.000255653,516
gnat,0.8,7,2,0.9999,40,35,8,640,640,640,640,640,640,640,640,640,640,640,512,512,512,512,512,512,512,512,512,512,512,512,512,512,640,640,1024,896,1024,1024,1024,1024,1408,1280,1.44937,0.000111457,0.00236975,0.000361883,306
sopt,0.8,7,2,0.9999,40,35,9,,0.0369883,,0.198715,-1
qdeim,0.8,7,2,0.9999,40,35,9,1344,1600,1408,1408,1472,1536,1472,1344,1472,1472,1408,1536,1536,1408,1344,1472,1408,1472,1408,1536,1536,1344,1536,1216,1216,1408,1408,1408,1216,1728,1664,1792,1152,1088,1536,5.27878,8.96489e-05,0.00231998,0.000236021,512
gnat,0.8,7,2,0.9999,40,35,9,768,768,768,768,704,704,704,704,704,768,640,640,576,576,576,576,576,576,576,576,576,576,576,576,576,768,768,1088,960,1152,1216,1152,1152,1536,1344,1.56849,0.000106846,0.00226585,0.000365053,315
sopt,0.8,7,2,0.9999,40,35,10,,0.0369883,,0.198715,-1
qdeim,0.8,7,2,0.9999,40,35,10,1472,1792,1536,1536,1600,1728,1600,1536,1664,1664,1600,1664,1728,1600,1472,1600,1536,1536,1600,1664,1664,1536,1664,1280,1344,1472,1536,1536,1472,1920,1792,1920,1280,1152,1536,3.82141,8.15584e-05,0.00218456,0.000184048,534
gnat,0.8,7,2,0.9999,40,35,10,832,896,896,896,768,768,768,768,768,832,640,640,640,640,640,640,640,640,640,640,640,640,640,640,640,896,832,1152,1024,1280,1280,1280,1280,1536,1408,1.58703,0.00010531,0.00225517,0.000363044,315
sopt,0.8,4,2,0.99,80,35,2,,0.0369885,,0.198713,-1
qdeim,0.8,4,2,0.99,80,35,2,256,320,320,320,256,448,256,256,256,320,256,448,320,256,320,192,256,192,384,256,384,256,320,192,256,256,192,256,320,192,192,320,320,320,320,2.13848,0.0314347,0.0207595,0.0337929,285
gnat,0.8,4,2,0.99,80,35,2,256,192,192,192,256,256,192,192,256,192,192,256,256,256,128,128,128,128,128,128,128,128,128,128,128,128,128,128,128,128,128,128,128,128,384,2.19175,0.0312661,0.0220972,0.0340821,254
sopt,0.8,4,2,0.99,80,35,3,,0.0369885,,0.198713,-1
qdeim,0.8,4,2,0.99,80,35,3,320,384,448,512,576,768,448,384,384,384,384,576,448,384,640,320,384,320,704,448,576,384,512,320,384,448,320,384,448,384,320,512,512,448,448,2.7343,0.0299126,0.01564,0.0299628,328
gnat,0.8,4,2,0.99,80,35,3,320,320,320,320,320,320,320,320,320,320,320,256,256,256,192,192,192,192,192,192,192,192,192,192,192,192,192,192,192,192,192,192,192,192,512,0.994335,0.0288193,0.0270852,0.0297877,250
sopt,0.8,4,2,0.99,80,35,4,,0.0369885,,0.198713,-1
qdeim,0.8,4,2,0.99,80,35,4,512,576,576,576,704,960,704,512,512,512,576,704,576,576,768,512,576,512,832,512,768,576,704,448,576,576,512,512,576,512,512,640,640,768,640,2.19213,0.0293316,0.0176904,0.0289792,357
gnat,0.8,4,2,0.99,80,35,4,384,384,384,384,384,384,384,384,384,384,384,256,256,256,256,256,256,256,256,256,256,256,256,256,256,256,256,256,256,256,256,256,256,256,640,1.16883,0.0272477,0.0275012,0.0269491,249
sopt,0.8,4,2,0.99,80,35,5,,0.0369885,,0.198713,-1
qdeim,0.8,4,2,0.99,80,35,5,640,704,768,704,896,1216,768,704,704,640,768,832,768,704,896,704,768,640,960,832,1088,640,832,640,704,704,704,704,768,640,704,704,768,896,768,4.84173,0.029081,0.0168637,0.028401,358
gnat,0.8,4,2,0.99,80,35,5,448,448,448,448,448,448,448,448,448,448,448,320,320,320,320,320,320,320,320,320,320,320,320,320,320,320,320,320,320,320,320,320,320,320,832,5.0103,0.0254865,0.0189138,0.023137,254
sopt,0.8,4,2,0.99,80,35,6,,0.0369885,,0.198713,-1
qdeim,0.8,4,2,0.99,80,35,6,768,1024,960,768,1024,1472,1088,1024,896,768,960,1024,960,832,1088,896,960,832,1216,960,1216,768,960,832,832,896,896,896,896,832,896,832,960,960,896,3.7434,0.0286314,0.0179651,0.0282703,384
gnat,0.8,4,2,0.99,80,35,6,512,512,512,512,512,512,512,512,512,512,512,384,384,384,384,384,384,384,384,384,384,384,384,384,384,384,384,384,384,384,384,384,384,384,1024,1.11699,0.0243644,0.0122358,0.0207496,254
sopt,0.8,4,2,0.99,80,35,7,,0.0369885,,0.198713,-1
qdeim,0.8,4,2,0.99,80,35,7,960,1152,1152,832,1152,1536,1216,1152,1088,960,1024,1216,1152,1024,1152,1024,1152,1024,1280,1088,1344,960,1088,1024,1024,1024,1088,1024,1024,960,1088,960,1088,1024,1088,3.16183,0.0281342,0.0163253,0.0278885,405
gnat,0.8,4,2,0.99,80,35,7,576,576,576,576,576,576,576,576,576,576,576,448,448,448,448,448,448,448,448,448,448,448,448,448,448,448,448,448,448,448,448,448,448,448,1152,1.98822,0.0229799,0.0151248,0.0189872,280
sopt,0.8,4,2,0.99,80,35,8,,0.0369885,,0.198713,-1
qdeim,0.8,4,2,0.99,80,35,8,1152,1280,1344,960,1344,1664,1536,1344,1152,1152,1152,1408,1280,1216,1344,1216,1280,1216,1344,1216,1536,1088,1216,1216,1152,1216,1216,1152,1152,1024,1216,1152,1216,1152,1216,6.96156,0.027502,0.0159075,0.0266424,427
gnat,0.8,4,2,0.99,80,35,8,640,640,640,640,640,640,640,640,640,640,640,512,512,512,512,512,512,512,512,512,512,512,512,512,512,512,512,512,512,512,512,512,512,512,1280,3.0866,0.022069,0.0166665,0.01782,280
sopt,0.8,4,2,0.99,80,35,9,,0.0369885,,0.198713,-1
qdeim,0.8,4,2,0.99,80,35,9,1344,1408,1536,1024,1472,1728,1664,1600,1344,1280,1344,1600,1472,1344,1536,1408,1408,1408,1408,1344,1664,1280,1344,1344,1280,1344,1344,1280,1280,1152,1344,1344,1408,1280,1344,6.15429,0.0265824,0.020535,0.0254963,436
gnat,0.8,4,2,0.99,80,35,9,768,768,768,768,704,704,704,704,704,768,640,576,576,576,576,576,576,576,576,576,576,576,576,576,576,576,576,576,576,576,576,576,576,576,1344,1.77261,0.0213196,0.0148549,0.0166733,291
sopt,0.8,4,2,0.99,80,35,10,,0.0369885,,0.198713,-1
qdeim,0.8,4,2,0.99,80,35,10,1472,1536,1728,1152,1600,1856,1792,1856,1472,1472,1472,1728,1664,1536,1728,1536,1472,1536,1472,1472,1792,1472,1472,1472,1472,1472,1408,1472,1408,1280,1408,1472,1536,1408,1472,4.56864,0.0257458,0.0188112,0.0240266,452
gnat,0.8,4,2,0.99,80,35,10,832,832,896,832,768,768,768,768,768,896,640,640,640,640,640,640,640,640,640,640,640,640,640,640,640,640,640,640,640,640,640,640,640,640,1408,2.80133,0.0208069,0.0139335,0.0159653,289
sopt,0.8,4,2,0.9999,80,35,2,,0.0369885,,0.198713,-1
qdeim,0.8,4,2,0.9999,80,35,2,256,320,320,320,256,448,256,256,256,320,256,448,320,256,320,192,256,192,384,256,384,256,320,192,256,384,384,320,256,576,576,512,512,512,512,2.37047,0.0298999,0.0161163,0.0285728,321
gnat,0.8,4,2,0.9999,80,35,2,256,192,192,192,256,256,192,192,256,192,192,256,256,256,128,128,128,128,128,128,128,128,128,128,128,192,256,256,256,512,512,384,512,448,512,1.00266,0.0300262,0.0171412,0.0295387,273
sopt,0.8,4,2,0.9999,80,35,3,,0.0369885,,0.198713,-1
qdeim,0.8,4,2,0.9999,80,35,3,320,384,448,512,576,768,448,384,384,384,384,576,448,384,640,320,384,320,704,448,576,384,512,320,384,576,448,448,384,896,704,640,512,704,768,4.70166,0.0285691,0.0134052,0.0258591,349
gnat,0.8,4,2,0.9999,80,35,3,320,320,320,320,320,320,320,320,320,320,320,256,256,256,192,192,192,192,192,192,192,192,192,192,192,320,320,384,384,576,576,448,576,640,704,2.26637,0.0279014,0.0253027,0.0267491,270
sopt,0.8,4,2,0.9999,80,35,4,,0.0369885,,0.198713,-1
qdeim,0.8,4,2,0.9999,80,35,4,512,576,576,576,704,960,704,512,512,512,576,704,576,576,768,512,576,512,832,512,768,576,704,448,576,640,576,640,704,1088,832,832,512,704,960,2.28631,0.0274297,0.015011,0.0236107,371
gnat,0.8,4,2,0.9999,80,35,4,384,384,384,384,384,384,384,384,384,384,384,256,256,256,256,256,256,256,256,256,256,256,256,256,256,384,384,512,512,640,640,512,640,768,896,1.38293,0.0265714,0.0266527,0.0247574,269
sopt,0.8,4,2,0.9999,80,35,5,,0.0369885,,0.198713,-1
qdeim,0.8,4,2,0.9999,80,35,5,640,704,768,704,896,1216,768,704,704,640,768,832,768,704,896,704,768,640,960,832,1088,640,832,640,704,768,704,768,768,1152,1088,960,640,768,1088,10.9168,0.0268651,0.0136075,0.0223595,383
gnat,0.8,4,2,0.9999,80,35,5,448,448,448,448,448,448,448,448,448,448,448,320,320,320,320,320,320,320,320,320,320,320,320,320,320,448,448,640,640,768,768,640,704,960,1024,1.80387,0.0249436,0.0172258,0.0214914,283
sopt,0.8,4,2,0.9999,80,35,6,,0.0369885,,0.198713,-1
qdeim,0.8,4,2,0.9999,80,35,6,768,1024,960,768,1024,1472,1088,1024,896,768,960,1024,960,832,1088,896,960,832,1216,960,1216,768,960,832,832,960,896,896,896,1344,1216,1216,768,832,1152,5.42391,0.0263131,0.01083,0.0214405,425
gnat,0.8,4,2,0.9999,80,35,6,512,512,512,512,512,512,512,512,512,512,512,384,384,384,384,384,384,384,384,384,384,384,384,384,384,512,512,768,768,896,896,768,768,1152,1152,1.65001,0.0238826,0.0115938,0.0194208,283
sopt,0.8,4,2,0.9999,80,35,7,,0.0369885,,0.198713,-1
qdeim,0.8,4,2,0.9999,80,35,7,960,1152,1152,832,1152,1536,1216,1152,1088,960,1024,1216,1152,1024,1152,1024,1152,1024,1280,1088,1344,960,1088,1024,1024,1152,1088,1088,1024,1344,1472,1408,896,896,1280,7.70876,0.0254596,0.00930982,0.0202245,448
gnat,0.8,4,2,0.9999,80,35,7,576,576,576,576,576,576,576,576,576,576,576,448,448,448,448,448,448,448,448,448,448,448,448,448,448,576,576,896,832,960,960,896,896,1280,1216,2.90869,0.0226501,0.0139922,0.0181161,301
sopt,0.8,4,2,0.9999,80,35,8,,0.0369885,,0.198713,-1
qdeim,0.8,4,2,0.9999,80,35,8,1152,1280,1344,960,1344,1664,1536,1344,1152,1152,1152,1408,1280,1216,1344,1216,1280,1216,1344,1216,1536,1088,1216,1216,1152,1280,1280,1216,1152,1536,1600,1536,1024,1024,1408,4.79277,0.0247316,0.00803055,0.0190061,469
gnat,0.8,4,2,0.9999,80,35,8,640,640,640,640,640,640,640,640,640,640,640,512,512,512,512,512,512,512,512,512,512,512,512,512,512,640,640,1024,896,1024,1024,1024,1024,1408,1280,3.19532,0.0218031,0.0158761,0.0171666,301
sopt,0.8,4,2,0.9999,80,35,9,,0.0369885,,0.198713,-1
qdeim,0.8,4,2,0.9999,80,35,9,1344,1408,1536,1024,1472,1728,1664,1600,1344,1280,1344,1600,1472,1344,1536,1408,1408,1408,1408,1344,1664,1280,1344,1344,1280,1408,1408,1280,1216,1728,1728,1792,1152,1088,1536,5.75985,0.0236937,0.01108,0.0176894,485
gnat,0.8,4,2,0.9999,80,35,9,768,768,768,768,704,704,704,704,704,768,640,576,576,576,576,576,576,576,576,576,576,576,576,576,576,768,768,1088,960,1152,1216,1152,1152,1536,1344,1.98248,0.0209991,0.0144616,0.0160553,309
sopt,0.8,4,2,0.9999,80,35,10,,0.0369885,,0.198713,-1
qdeim,0.8,4,2,0.9999,80,35,10,1472,1536,1728,1152,1600,1856,1792,1856,1472,1472,1472,1728,1664,1536,1728,1536,1472,1536,1472,1472,1792,1472,1472,1472,1472,1536,1472,1408,1472,1920,1856,1920,1280,1152,1536,5.40167,0.0229217,0.0109924,0.0169235,504
gnat,0.8,4,2,0.9999,80,35,10,832,832,896,832,768,768,768,768,768,896,640,640,640,640,640,640,640,640,640,640,640,640,640,640,640,896,832,1152,1024,1280,1280,1280,1280,1536,1408,2.37134,0.0205064,0.0135684,0.0153014,309
sopt,0.8,7,3,0.99,80,36,2,,0.038768,,0.205019,-1
qdeim,0.8,7,3,0.99,80,36,2,1512,864,864,648,864,1080,648,864,864,1080,1296,864,864,432,432,648,648,648,864,864,1296,864,864,864,648,864,864,1080,864,864,864,1080,1080,1512,1080,1080,4.68921,0.000124473,0.00317874,0.00111751,450
gnat,0.8,7,3,0.99,80,36,2,648,432,432,432,432,432,432,432,432,432,432,432,216,216,216,216,216,216,432,216,432,432,216,216,216,216,216,432,432,432,432,432,432,432,432,1080,1.34077,0.000139928,0.00347343,0.00113387,382
sopt,0.8,7,3,0.99,80,36,3,,0.038768,,0.205019,-1
qdeim,0.8,7,3,0.99,80,36,3,1944,1512,1512,1080,1296,1728,1080,1080,1512,1512,1944,1296,2808,864,1080,864,1296,1296,1080,1296,2376,1296,1296,1728,1080,1512,1512,1296,1512,864,1512,1296,1512,1944,1296,1728,5.34334,0.000122995,0.00317092,0.00111892,580
gnat,0.8,7,3,0.99,80,36,3,648,648,648,648,648,648,648,648,648,648,648,648,432,432,432,432,432,432,432,432,432,432,432,432,432,432,432,648,648,648,648,648,648,648,648,1728,2.68439,0.000139967,0.00347335,0.0011339,382
sopt,0.8,7,3,0.99,80,36,4,,0.038768,,0.205019,-1
qdeim,0.8,7,3,0.99,80,36,4,2376,2160,2160,1728,1944,2160,1512,1512,1728,1728,2592,1728,3456,1512,1728,1944,1944,1944,1728,1728,3456,1944,1944,1944,2160,1944,2160,2376,2160,1512,2160,1728,1944,2160,1944,2376,8.05256,0.000116898,0.00308876,0.00107798,637
gnat,0.8,7,3,0.99,80,36,4,864,864,864,864,864,864,864,864,864,864,864,864,432,432,432,432,432,432,432,432,432,432,432,432,432,432,432,864,864,864,864,864,864,864,864,1728,2.65524,0.000139842,0.00347332,0.00113389,382
sopt,0.8,7,3,0.99,80,36,5,,0.038768,,0.205019,-1
qdeim,0.8,7,3,0.99,80,36,5,3024,2592,2808,2160,2592,2592,1728,1944,2160,2160,2808,2160,4104,1944,2160,2592,2376,2592,2376,2376,3888,2376,2592,2376,2376,2592,2808,3456,2592,1944,2592,2160,2376,2592,2592,2592,9.21685,0.000110503,0.00295259,0.00102316,727
gnat,0.8,7,3,0.99,80,36,5,864,864,864,864,864,1080,864,864,864,864,864,864,432,432,432,432,432,432,432,432,432,432,432,432,432,432,432,864,864,864,864,864,1080,1080,1080,1944,1.83495,0.000145665,0.003534,0.00114755,406
sopt,0.8,7,3,0.99,80,36,6,,0.038768,,0.205019,-1
qdeim,0.8,7,3,0.99,80,36,6,3672,3240,3456,2592,3240,3240,2160,2592,2808,2376,2808,2808,4752,2376,2808,3024,3024,3240,3024,3024,4320,2592,3024,2808,2376,3024,3240,3888,3024,2592,3024,2808,3456,3240,3024,3240,8.23959,0.000109674,0.0029393,0.00101034,781
gnat,0.8,7,3,0.99,80,36,6,864,864,864,864,864,1080,864,864,864,864,864,864,432,432,432,432,432,432,432,432,432,432,432,432,432,432,432,864,864,864,864,864,1080,1080,1296,1944,1.99702,0.000145165,0.00352808,0.00114607,406
sopt,0.8,7,3,0.99,80,36,7,,0.038768,,0.205019,-1
qdeim,0.8,7,3,0.99,80,36,7,4320,3888,4104,3240,3888,3456,2808,3240,3024,2808,3240,4320,5184,3024,3456,3240,3672,3888,3672,3672,4752,3024,3456,3240,2808,4536,3456,4104,3456,3024,3456,3456,4104,3888,3456,3672,14.2446,0.000110794,0.00301713,0.00101383,842
gnat,0.8,7,3,0.99,80,36,7,864,864,864,864,864,1296,864,864,864,864,864,864,432,432,432,432,432,432,432,432,432,432,432,432,432,432,432,864,864,864,864,864,1296,1296,1296,2160,2.78351,0.000144819,0.00352377,0.00114456,406
sopt,0.8,7,3,0.99,80,36,8,,0.038768,,0.205019,-1
qdeim,0.8,7,3,0.99,80,36,8,4968,4320,4536,3672,4536,3888,3456,3456,3240,3024,3888,4752,6048,3240,4104,3672,4104,4104,4320,4104,5184,3456,4104,3888,3240,4968,3672,4104,3888,3672,3672,4104,4104,4320,3888,3888,11.5044,0.000108822,0.00291442,0.00100784,846
gnat,0.8,7,3,0.99,80,36,8,864,864,864,864,864,1296,864,864,864,864,864,864,432,432,432,432,432,432,432,432,432,432,432,432,432,432,432,864,864,864,864,864,1296,1296,1296,2160,2.40376,0.000144552,0.0035207,0.00114346,406
sopt,0.8,7,3,0.99,80,36,9,,0.038768,,0.205019,-1
qdeim,0.8,7,3,0.99,80,36,9,5400,4320,4536,4104,4752,4536,3888,4104,3456,3240,4320,4968,6264,3456,4536,4320,4320,4104,4536,4536,5832,3672,4320,4104,3672,5184,3888,4536,4536,4320,3888,4536,4752,4752,4104,4320,27.1438,0.000106673,0.00289674,0.000964707,858
gnat,0.8,7,3,0.99,80,36,9,1080,1080,1080,1080,1080,1296,1080,1080,1080,1080,1080,1080,648,648,648,648,648,648,648,648,648,648,648,648,648,648,648,864,864,864,864,864,1296,1296,1296,2592,3.36076,0.000144984,0.00350488,0.00116078,410
sopt,0.8,7,3,0.99,80,36,10,,0.038768,,0.205019,-1
qdeim,0.8,7,3,0.99,80,36,10,5616,4536,4536,4320,4968,4968,4536,4536,3888,3456,4968,4968,6912,3672,5184,4752,4320,4320,4752,4968,6264,4320,4752,4320,4320,5616,4536,5400,4968,4752,3888,4968,4968,5184,4320,4536,13.3825,0.000102591,0.00283492,0.000948967,895
gnat,0.8,7,3,0.99,80,36,10,1296,1296,1296,1296,1296,1296,1080,1080,1080,1080,1080,1080,648,648,648,648,648,648,648,648,648,648,648,648,648,648,648,864,864,864,864,864,1296,1296,1296,2808,2.96213,0.000144864,0.00350246,0.0011601,410
sopt,0.8,7,3,0.9999,80,36,2,,0.038768,,0.205019,-1
qdeim,0.8,7,3,0.9999,80,36,2,1512,864,864,648,864,1080,648,864,864,1080,1296,864,864,864,864,864,864,864,1080,1080,1512,1296,1296,1296,1512,1296,1080,1296,1296,648,648,648,648,864,1080,1296,3.11462,6.70918e-05,0.00139926,4.39967e-05,437
gnat,0.8,7,3,0.9999,80,36,2,648,432,432,432,432,432,432,432,432,432,432,432,216,432,432,432,432,432,648,432,864,1080,648,864,864,648,648,864,648,432,648,648,648,648,864,1296,3.29447,7.27128e-05,0.00148301,0.00010993,386
sopt,0.8,7,3,0.9999,80,36,3,,0.038768,,0.205019,-1
qdeim,0.8,7,3,0.9999,80,36,3,1944,1512,1512,1080,1296,1728,1080,1080,1512,1512,1944,1296,2808,1296,1512,1080,1512,1512,1512,1512,1512,1512,1512,1512,1944,1512,1512,1296,1296,864,648,648,648,1296,1296,1512,2.98801,6.9034e-05,0.0013708,5.74138e-05,487
gnat,0.8,7,3,0.9999,80,36,3,648,648,648,648,648,648,648,648,648,648,648,648,432,648,648,648,648,648,648,648,1080,1080,1080,1080,1080,1080,1080,1080,864,864,864,864,864,1080,864,1728,1.90104,7.52158e-05,0.00148396,0.000108177,386
sopt,0.8,7,3,0.9999,80,36,4,,0.038768,,0.205019,-1
qdeim,0.8,7,3,0.9999,80,36,4,2376,2160,2160,1728,1944,2160,1512,1512,1728,1728,2592,1728,3456,1728,1728,1944,1944,1944,1944,1728,1728,1512,1728,1512,1944,1944,1512,1512,1296,1080,864,864,864,1512,1512,1728,4.87118,6.8482e-05,0.00137372,6.32627e-05,501
gnat,0.8,7,3,0.9999,80,36,4,864,864,864,864,864,864,864,864,864,864,864,864,432,864,864,864,864,864,864,864,1296,1296,1296,1296,1296,1296,1296,1296,864,864,864,864,864,1296,1296,1728,3.05874,7.43291e-05,0.00148378,0.000109017,386
sopt,0.8,7,3,0.9999,80,36,5,,0.038768,,0.205019,-1
qdeim,0.8,7,3,0.9999,80,36,5,3024,2592,2808,2160,2592,2592,1728,1944,2160,2160,2808,2160,4104,2160,1944,2376,2376,2376,2376,2160,1944,1728,2160,1512,1944,2376,1944,1512,1296,1080,864,864,1080,1512,1512,1944,4.60984,6.89595e-05,0.00126319,5.43178e-05,575
gnat,0.8,7,3,0.9999,80,36,5,864,864,864,864,864,1080,864,864,864,864,864,864,432,864,864,864,864,864,864,864,1296,1296,1296,1296,1296,1512,1512,1296,864,864,864,864,1080,1296,1296,1944,3.72376,7.15599e-05,0.00148238,0.000111361,410
sopt,0.8,7,3,0.9999,80,36,6,,0.038768,,0.205019,-1
qdeim,0.8,7,3,0.9999,80,36,6,3672,3240,3456,2592,3240,3240,2160,2592,2808,2376,2808,2808,4752,2592,2376,2376,2808,2808,2808,2592,1944,1728,2160,1728,1944,2376,2160,1728,1512,1296,864,864,1296,1512,1728,1944,5.17856,6.67692e-05,0.0012706,6.70517e-05,628
gnat,0.8,7,3,0.9999,80,36,6,864,864,864,864,864,1080,864,864,864,864,864,864,432,864,864,864,864,864,864,864,1296,1296,1296,1296,1296,1512,1512,1296,864,864,864,864,1080,1296,1296,1944,2.14341,7.16942e-05,0.0014861,0.000112109,410
sopt,0.8,7,3,0.9999,80,36,7,,0.038768,,0.205019,-1
qdeim,0.8,7,3,0.9999,80,36,7,4320,3888,4104,3240,3888,3456,2808,3240,3024,2808,3240,4320,5184,3024,2808,2592,3240,3240,3240,3024,2160,1944,2160,1944,2160,2592,2160,1944,1728,1296,1080,1080,1296,1512,1944,1944,9.89298,6.84351e-05,0.00126155,6.95374e-05,632
gnat,0.8,7,3,0.9999,80,36,7,864,864,864,864,864,1296,864,864,864,864,864,864,432,864,864,864,864,864,864,864,1296,1296,1512,1296,1296,1728,1728,1296,864,864,864,864,1296,1296,1296,2160,5.43797,7.17997e-05,0.00148904,0.000112783,410
sopt,0.8,7,3,0.9999,80,36,8,,0.038768,,0.205019,-1
qdeim,0.8,7,3,0.9999,80,36,8,4968,4320,4536,3672,4536,3888,3456,3456,3240,3024,3888,4752,6048,3240,3240,3024,3456,3456,3672,3456,2160,2160,2376,2160,2376,2592,2376,2376,1944,1512,1296,1080,1296,1512,2376,1944,9.16517,7.10223e-05,0.00131218,7.89524e-05,629
gnat,0.8,7,3,0.9999,80,36,8,864,864,864,864,864,1296,864,864,864,864,864,864,432,864,864,864,864,864,864,864,1296,1296,1512,1296,1296,1728,1728,1296,864,864,864,864,1296,1296,1296,2160,2.24825,7.19017e-05,0.00149194,0.000113485,410
sopt,0.8,7,3,0.9999,80,36,9,,0.038768,,0.205019,-1
qdeim,0.8,7,3,0.9999,80,36,9,5400,4320,4536,4104,4752,4536,3888,4104,3456,3240,4320,4968,6264,3456,3672,3456,3456,3456,3888,3888,2376,2160,2376,2160,2376,2592,2376,2592,2160,1728,1296,1296,1296,1512,2376,1944,10.1208,7.13427e-05,0.00134812,9.13012e-05,629
gnat,0.8,7,3,0.9999,80,36,9,1080,1080,1080,1080,1080,1296,1080,1080,1080,1080,1080,1080,648,1080,1080,1080,1080,1080,1080,1080,1728,1512,1944,1728,1728,2160,1728,1296,864,864,864,864,1296,1296,1296,2592,6.59186,7.10493e-05,0.00146545,0.000108564,410
sopt,0.8,7,3,0.9999,80,36,10,,0.038768,,0.205019,-1
qdeim,0.8,7,3,0.9999,80,36,10,5616,4536,4536,4320,4968,4968,4536,4536,3888,3456,4968,4968,6912,3456,4104,3888,3456,3456,3888,4104,2592,2376,2592,2376,2376,2592,2592,2808,2592,1728,1296,1296,1296,1512,2592,1944,10.3381,6.51712e-05,0.00132725,9.29306e-05,657
gnat,0.8,7,3,0.9999,80,36,10,1296,1296,1296,1296,1296,1296,1080,1080,1080,1080,1080,1080,648,1080,1080,1080,1080,1080,1080,1080,1728,1512,2160,1944,1728,2160,1728,1296,864,864,864,864,1296,1296,1296,2808,3.41161,7.07659e-05,0.00146515,0.000109027,410
sopt,0.8,4,3,0.99,120,48,2,,0.0387681,,0.205018,-1
qdeim,0.8,4,3,0.99,120,48,2,1080,864,1512,1080,864,864,864,1080,864,1512,864,1080,864,1512,1080,648,1080,1080,1080,864,864,864,864,864,1080,864,864,864,864,864,864,864,648,864,648,1512,864,864,864,864,864,864,864,864,864,864,864,1296,7.38997,0.0339562,0.055594,0.0503123,534
gnat,0.8,4,3,0.99,120,48,2,648,648,648,648,864,648,648,648,432,432,648,648,648,648,648,432,432,432,432,432,432,432,432,216,216,432,432,216,432,432,216,216,216,216,216,432,432,432,432,432,432,432,648,432,648,432,432,864,2.28977,0.0351519,0.0562334,0.0553745,401
sopt,0.8,4,3,0.99,120,48,3,,0.0387681,,0.205018,-1
qdeim,0.8,4,3,0.99,120,48,3,1512,1296,1728,1728,1512,1512,1296,1728,1512,2592,1512,1296,1512,2160,1728,1296,1728,1296,1512,1080,1512,1512,1512,1296,1512,1944,1296,1296,1296,1512,1296,1296,1080,1512,1080,1944,1296,1296,1512,1512,1512,1512,1296,1296,1296,1512,1512,1728,6.58134,0.0327591,0.0532091,0.0469674,591
gnat,0.8,4,3,0.99,120,48,3,648,648,648,648,864,648,648,648,648,648,648,648,648,648,648,432,432,432,432,432,432,432,432,432,432,432,432,432,432,432,432,432,432,432,432,432,432,648,648,648,648,648,648,648,648,864,648,1296,3.83083,0.0340651,0.0507641,0.0513052,398
sopt,0.8,4,3,0.99,120,48,4,,0.0387681,,0.205018,-1
qdeim,0.8,4,3,0.99,120,48,4,1728,1944,1944,1944,2160,1944,1512,1944,1944,3024,2160,1944,1944,2592,2160,1728,2808,1728,1944,1728,2592,2160,2160,1944,2160,2376,1728,1728,1944,1944,1512,1728,1512,1944,2160,3024,1728,1944,2592,2160,1944,2160,1512,1728,1944,1728,1944,2376,13.3889,0.0317154,0.0456115,0.042963,648
gnat,0.8,4,3,0.99,120,48,4,864,864,864,864,864,864,864,864,864,864,864,864,864,864,864,432,432,432,432,432,432,432,432,432,432,432,432,432,432,432,432,432,432,432,432,432,432,864,864,864,864,864,864,864,864,864,864,1296,6.17451,0.0334645,0.0476171,0.0487172,395
sopt,0.8,4,3,0.99,120,48,5,,0.0387681,,0.205018,-1
qdeim,0.8,4,3,0.99,120,48,5,2376,2592,2592,2376,2808,2376,1944,2376,2160,3456,2592,2160,2592,3240,2808,2376,3024,1944,3024,2160,3024,2808,2808,2592,2808,3024,2376,2160,2592,2376,2160,2376,2160,2592,3024,3456,2376,2592,3024,2808,2592,2592,2160,2160,2376,2376,2376,3024,12.2,0.0308051,0.0432935,0.0410352,703
gnat,0.8,4,3,0.99,120,48,5,864,864,864,864,864,864,864,1080,864,864,864,864,864,864,864,432,432,432,432,432,432,432,432,432,432,432,432,432,432,432,432,432,432,432,432,432,432,864,864,864,864,864,1080,1080,1080,1080,1080,1728,2.74766,0.0331831,0.0451532,0.0472085,412
sopt,0.8,4,3,0.99,120,48,6,,0.0387681,,0.205018,-1
qdeim,0.8,4,3,0.99,120,48,6,2808,3240,2808,2808,3456,2808,2376,3024,2376,4104,3024,2592,3240,3672,3888,2808,3456,2160,3456,2808,3456,3456,3456,3240,3456,3456,3024,2592,3024,2808,2592,3240,2592,3456,3672,4104,2592,3240,3672,3456,3024,3240,2808,3240,3024,3240,3024,3672,30.1869,0.0299911,0.0466507,0.038702,760
gnat,0.8,4,3,0.99,120,48,6,864,864,864,864,864,864,864,1296,864,864,864,864,864,864,864,432,432,432,432,432,432,432,432,432,432,432,432,432,432,432,432,432,432,432,432,432,432,864,864,864,864,864,1080,1080,1080,1296,1296,2160,4.81325,0.0330838,0.0453481,0.0466526,412
sopt,0.8,4,3,0.99,120,48,7,,0.0387681,,0.205018,-1
qdeim,0.8,4,3,0.99,120,48,7,3240,3888,3240,3240,4104,3240,2808,3456,3024,4536,3456,3024,3672,4104,4320,3240,4104,2808,3888,3240,4104,3888,4104,3888,4104,3888,3672,3240,3456,3456,2808,3672,3240,4536,4104,4752,3024,3672,4104,4104,3456,3888,3240,3456,3672,3240,3672,4320,24.9417,0.0292038,0.0446449,0.0368369,794
gnat,0.8,4,3,0.99,120,48,7,864,864,864,864,864,864,864,1296,864,864,864,864,864,864,864,648,432,432,432,432,432,432,432,432,432,432,432,432,432,432,432,432,432,432,432,432,432,864,864,864,864,864,1296,1296,1296,1296,1296,2160,3.8772,0.0329597,0.0451741,0.0460782,412
sopt,0.8,4,3,0.99,120,48,8,,0.0387681,,0.205018,-1
qdeim,0.8,4,3,0.99,120,48,8,3672,4536,3888,3456,4536,3888,3240,3888,3672,5184,4104,3672,4104,4320,4752,3672,4536,3240,4320,3888,4752,4320,4536,4536,4752,4536,4104,3672,3888,3888,3024,4104,3888,5184,4752,5400,3672,4320,4536,4536,3672,4320,3672,3888,3672,3456,4104,4968,28.2004,0.0284463,0.0394026,0.0348301,813
gnat,0.8,4,3,0.99,120,48,8,864,864,864,864,864,864,864,1296,864,864,864,864,864,864,864,648,432,432,432,432,432,432,432,432,432,432,432,432,432,432,432,432,432,432,432,432,432,864,864,864,864,864,1296,1296,1296,1296,1296,2160,4.26752,0.0329586,0.0452722,0.0460821,412
sopt,0.8,4,3,0.99,120,48,9,,0.0387681,,0.205018,-1
qdeim,0.8,4,3,0.99,120,48,9,4320,4968,4536,4104,4536,4320,3888,4320,4320,5616,4752,4320,4536,4968,5184,3888,4752,3888,4536,4104,5400,4536,4752,4968,4968,4968,4536,3888,4104,4104,3456,4536,4536,5616,5400,6048,4320,4536,4752,4752,3672,4320,4104,4104,4104,3888,4320,5184,33.2706,0.0280615,0.0387649,0.0341294,845
gnat,0.8,4,3,0.99,120,48,9,1080,1080,1080,1080,1080,1080,1080,1296,1080,1080,1080,1080,1080,1080,1080,864,648,648,648,648,648,648,648,648,648,648,648,648,648,648,648,648,648,648,648,648,648,864,864,864,864,864,1296,1296,1296,1296,1296,2592,3.37634,0.0315145,0.0390146,0.0431652,414
sopt,0.8,4,3,0.99,120,48,10,,0.0387681,,0.205018,-1
qdeim,0.8,4,3,0.99,120,48,10,4968,4968,5184,4752,4536,4752,4536,4752,4968,6048,5400,4752,5184,5400,5616,4104,4968,4536,4968,4320,5616,4536,4752,5184,4968,5616,4968,4536,4104,4320,3888,5184,4752,6264,5832,6696,4968,4752,5184,4968,3888,4536,4320,4752,4536,4104,4320,5400,26.1791,0.0275791,0.0380336,0.0330274,862
gnat,0.8,4,3,0.99,120,48,10,1296,1296,1296,1296,1296,1296,1296,1296,1296,1080,1080,1080,1080,1296,1080,1296,648,648,864,648,648,864,864,648,648,864,864,864,864,648,648,648,864,648,648,864,864,864,864,864,864,864,1296,1296,1296,1296,1296,3024,3.45517,0.031011,0.0367857,0.041973,419
sopt,0.8,4,3,0.9999,120,48,2,,0.0387681,,0.205018,-1
qdeim,0.8,4,3,0.9999,120,48,2,1080,864,1512,1080,864,864,864,1080,864,1512,864,1080,864,1512,1080,648,1080,1080,1080,864,864,864,864,864,1080,864,864,864,864,1080,1296,1296,864,1296,864,1728,864,1080,1080,864,648,648,648,648,864,1080,1080,1512,9.08098,0.0327339,0.0477013,0.0341364,542
gnat,0.8,4,3,0.9999,120,48,2,648,648,648,648,864,648,648,648,432,432,648,648,648,648,648,432,432,432,432,432,432,432,432,216,216,432,432,216,432,648,432,432,432,432,432,648,648,648,648,648,648,648,864,648,864,648,1080,1296,3.45391,0.0342138,0.0489425,0.0393487,421
sopt,0.8,4,3,0.9999,120,48,3,,0.0387681,,0.205018,-1
qdeim,0.8,4,3,0.9999,120,48,3,1512,1296,1728,1728,1512,1512,1296,1728,1512,2592,1512,1296,1512,2160,1728,1296,1728,1296,1512,1080,1512,1512,1512,1296,1512,1944,1296,1296,1296,1728,1728,1728,1296,1944,1296,1944,1512,1512,1728,864,648,648,648,864,1080,1080,1296,1728,8.53887,0.0315267,0.0441775,0.0319521,588
gnat,0.8,4,3,0.9999,120,48,3,648,648,648,648,864,648,648,648,648,648,648,648,648,648,648,432,432,432,432,432,432,432,432,432,432,432,432,432,432,648,648,648,648,648,648,648,648,864,864,864,864,864,864,864,1080,1080,1296,1728,3.03491,0.0331529,0.0445602,0.0370745,418
sopt,0.8,4,3,0.9999,120,48,4,,0.0387681,,0.205018,-1
qdeim,0.8,4,3,0.9999,120,48,4,1728,1944,1944,1944,2160,1944,1512,1944,1944,3024,2160,1944,1944,2592,2160,1728,2808,1728,1944,1728,2592,2160,2160,1944,2160,2376,1728,1728,1944,1944,1944,1944,1512,2376,2160,2808,1728,1944,2808,864,864,864,648,864,1296,1296,1296,1728,11.7787,0.0305491,0.0383529,0.0296579,607
gnat,0.8,4,3,0.9999,120,48,4,864,864,864,864,864,864,864,864,864,864,864,864,864,864,864,432,432,432,432,432,432,432,432,432,432,432,432,432,432,864,864,864,864,864,864,864,864,864,864,864,864,864,864,864,1296,1296,1728,1728,2.95179,0.0328588,0.0437218,0.0369339,417
sopt,0.8,4,3,0.9999,120,48,5,,0.0387681,,0.205018,-1
qdeim,0.8,4,3,0.9999,120,48,5,2376,2592,2592,2376,2808,2376,1944,2376,2160,3456,2592,2160,2592,3240,2808,2376,3024,1944,3024,2160,3024,2808,2808,2592,2808,3024,2376,2160,2592,2376,2376,2376,1944,3024,3240,3240,2160,2376,3024,864,864,864,864,864,1296,1728,1296,2160,17.0964,0.0295954,0.0355603,0.0283188,666
gnat,0.8,4,3,0.9999,120,48,5,864,864,864,864,864,864,864,1080,864,864,864,864,864,864,864,432,432,432,432,432,432,432,432,432,432,432,432,432,432,864,864,864,864,864,864,864,864,864,864,864,864,864,1080,1080,1296,1296,1728,1944,8.79396,0.0327528,0.0431277,0.0367264,430
sopt,0.8,4,3,0.9999,120,48,6,,0.0387681,,0.205018,-1
qdeim,0.8,4,3,0.9999,120,48,6,2808,3240,2808,2808,3456,2808,2376,3024,2376,4104,3024,2592,3240,3672,3888,2808,3456,2160,3456,2808,3456,3456,3456,3240,3456,3456,3024,2592,3024,2592,2808,3240,2160,3888,3888,3888,2376,2808,3672,1080,864,864,864,864,1296,1944,1512,2160,15.9236,0.0287988,0.0404311,0.0270867,722
gnat,0.8,4,3,0.9999,120,48,6,864,864,864,864,864,864,864,1296,864,864,864,864,864,864,864,432,432,432,432,432,432,432,432,432,432,432,432,432,432,864,864,864,864,864,864,864,864,864,864,864,864,864,1080,1080,1296,1296,1728,2160,4.09462,0.0327478,0.043215,0.0367152,430
sopt,0.8,4,3,0.9999,120,48,7,,0.0387681,,0.205018,-1
qdeim,0.8,4,3,0.9999,120,48,7,3240,3888,3240,3240,4104,3240,2808,3456,3024,4536,3456,3024,3672,4104,4320,3240,4104,2808,3888,3240,4104,3888,4104,3888,4104,3888,3672,3240,3456,3024,3024,3672,3024,4752,4104,4320,2592,3240,3888,1080,1080,1080,1080,1080,1296,2160,1512,2592,21.2568,0.0280271,0.0386928,0.0253376,759
gnat,0.8,4,3,0.9999,120,48,7,864,864,864,864,864,864,864,1296,864,864,864,864,864,864,864,648,432,432,432,432,432,432,432,432,432,432,432,432,432,1080,1080,864,864,864,864,864,864,864,864,864,864,864,1296,1296,1296,1296,1728,2160,4.82767,0.0325912,0.04286,0.0363366,429
sopt,0.8,4,3,0.9999,120,48,8,,0.0387681,,0.205018,-1
qdeim,0.8,4,3,0.9999,120,48,8,3672,4536,3888,3456,4536,3888,3240,3888,3672,5184,4104,3672,4104,4320,4752,3672,4536,3240,4320,3888,4752,4320,4536,4536,4752,4536,4104,3672,3888,3456,3240,3888,3456,5184,4536,4752,3024,3672,4536,1296,1296,1296,1080,1296,1296,2376,1512,3024,16.5654,0.0272303,0.0326807,0.0237841,769
gnat,0.8,4,3,0.9999,120,48,8,864,864,864,864,864,864,864,1296,864,864,864,864,864,864,864,648,432,432,432,432,432,432,432,432,432,432,432,432,432,1080,1080,864,864,864,864,864,864,864,864,864,864,864,1296,1296,1296,1296,1728,2160,3.97632,0.0325932,0.0426032,0.0363496,429
sopt,0.8,4,3,0.9999,120,48,9,,0.0387681,,0.205018,-1
qdeim,0.8,4,3,0.9999,120,48,9,4320,4968,4536,4104,4536,4320,3888,4320,4320,5616,4752,4320,4536,4968,5184,3888,4752,3888,4536,4104,5400,4536,4752,4968,4968,4968,4536,3888,4104,3672,3456,4104,3888,5616,4968,5184,3456,3888,4752,1296,1296,1296,1296,1296,1296,2376,1512,3456,24.8345,0.0268824,0.0324048,0.0233682,785
gnat,0.8,4,3,0.9999,120,48,9,1080,1080,1080,1080,1080,1080,1080,1296,1080,1080,1080,1080,1080,1080,1080,864,648,648,648,648,648,648,648,648,648,648,648,648,648,1080,1080,1080,1080,1080,1080,1080,1080,864,864,864,864,864,1296,1296,1296,1296,1944,2808,7.28802,0.0311951,0.0369228,0.0339652,430
sopt,0.8,4,3,0.9999,120,48,10,,0.0387681,,0.205018,-1
qdeim,0.8,4,3,0.9999,120,48,10,4968,4968,5184,4752,4536,4752,4536,4752,4968,6048,5400,4752,5184,5400,5616,4104,4968,4536,4968,4320,5616,4536,4752,5184,4968,5616,4968,4536,4104,3888,3888,4536,4104,6048,5184,5616,3888,3888,4968,1296,1296,1296,1296,1296,1296,2592,1512,3456,26.3089,0.0265356,0.0326731,0.0227925,806
gnat,0.8,4,3,0.9999,120,48,10,1296,1296,1296,1296,1296,1296,1296,1296,1296,1080,1080,1080,1080,1296,1080,1296,648,648,864,648,648,864,864,648,648,864,864,864,864,1296,1296,1080,1296,1080,1080,1296,1296,864,864,864,864,864,1296,1296,1296,1296,2160,3240,6.91602,0.0306499,0.0331344,0.0328232,430
