method,t,solver,k,ef,ws,w,q,nqp,TT3,ErrX,ErrV,ErrE,nt
sopt,0.8,7,2,0.99,80,18,2,,0.0369883,,0.198715,-1
qdeim,0.8,7,2,0.99,80,18,2,256,256,320,256,320,320,320,256,256,256,256,256,256,320,256,192,256,448,0.80286,0.000218086,0.00546255,0.0015851,314
gnat,0.8,7,2,0.99,80,18,2,192,256,192,192,192,256,256,192,128,128,128,128,128,128,128,128,128,384,0.544971,0.000233558,0.00603742,0.00165874,242
sopt,0.8,7,2,0.99,80,18,3,,0.0369883,,0.198715,-1
qdeim,0.8,7,2,0.99,80,18,3,384,384,512,448,448,512,512,384,448,384,384,320,384,640,384,256,384,768,1.16229,0.000213371,0.00533651,0.00157181,372
gnat,0.8,7,2,0.99,80,18,3,320,320,320,320,320,320,256,256,192,192,192,192,192,192,192,192,192,576,0.757699,0.000242245,0.00585915,0.00171579,247
sopt,0.8,7,2,0.99,80,18,4,,0.0369883,,0.198715,-1
qdeim,0.8,7,2,0.99,80,18,4,576,448,704,576,640,832,704,576,576,576,512,448,512,960,576,448,576,960,1.26126,0.000215744,0.00542721,0.00163097,372
gnat,0.8,7,2,0.99,80,18,4,384,384,384,384,384,384,256,256,256,256,256,256,256,256,256,256,256,768,0.76358,0.000242991,0.00588776,0.00171659,247
sopt,0.8,7,2,0.99,80,18,5,,0.0369883,,0.198715,-1
qdeim,0.8,7,2,0.99,80,18,5,704,640,896,704,768,1024,896,768,704,768,704,576,640,1152,768,576,768,1216,1.38156,0.000212541,0.00555381,0.00154483,377
gnat,0.8,7,2,0.99,80,18,5,448,448,448,448,448,448,320,320,320,320,320,320,320,320,320,320,320,960,0.696966,0.000257788,0.00608572,0.0017587,254
sopt,0.8,7,2,0.99,80,18,6,,0.0369883,,0.198715,-1
qdeim,0.8,7,2,0.99,80,18,6,896,832,1216,768,960,1152,1024,896,896,960,896,704,832,1280,896,768,896,1344,1.66844,0.000212827,0.00540447,0.00153202,406
gnat,0.8,7,2,0.99,80,18,6,512,512,512,512,512,512,384,384,384,384,384,384,384,384,384,384,384,1152,0.751826,0.000258626,0.00608002,0.00175793,254
sopt,0.8,7,2,0.99,80,18,7,,0.0369883,,0.198715,-1
qdeim,0.8,7,2,0.99,80,18,7,960,960,1408,960,1088,1280,1088,1024,1088,1088,1088,896,1024,1408,1088,832,1088,1536,2.036,0.000205596,0.00545511,0.00146211,438
gnat,0.8,7,2,0.99,80,18,7,576,576,576,576,576,576,448,448,448,448,448,448,448,448,448,448,448,1216,0.920307,0.00024429,0.00609613,0.0016831,283
sopt,0.8,7,2,0.99,80,18,8,,0.0369883,,0.198715,-1
qdeim,0.8,7,2,0.99,80,18,8,1152,1088,1536,1280,1216,1344,1280,1216,1152,1280,1216,1088,1152,1600,1280,960,1280,1664,2.19336,0.000202201,0.00537183,0.00144595,458
gnat,0.8,7,2,0.99,80,18,8,640,640,640,640,640,640,512,512,512,512,512,512,512,512,512,512,512,1280,0.974891,0.000241265,0.00603856,0.00167915,283
sopt,0.8,7,2,0.99,80,18,9,,0.0369883,,0.198715,-1
qdeim,0.8,7,2,0.99,80,18,9,1344,1280,1600,1408,1280,1472,1472,1408,1344,1472,1344,1216,1280,1728,1472,1088,1408,1792,2.36613,0.000195789,0.00518317,0.00134151,460
gnat,0.8,7,2,0.99,80,18,9,768,768,768,704,704,768,640,576,576,576,576,576,576,576,576,576,576,1344,1.02183,0.000228922,0.00571401,0.00162908,296
sopt,0.8,7,2,0.99,80,18,10,,0.0369883,,0.198715,-1
qdeim,0.8,7,2,0.99,80,18,10,1472,1408,1728,1728,1408,1600,1600,1536,1408,1600,1536,1344,1408,1856,1536,1216,1472,1920,2.63887,0.000193005,0.00516902,0.00129765,460
gnat,0.8,7,2,0.99,80,18,10,832,896,832,768,768,832,640,640,640,640,640,640,640,640,640,640,640,1408,1.08775,0.000232211,0.00582783,0.00167194,296
sopt,0.8,7,2,0.9999,80,18,2,,0.0369883,,0.198715,-1
qdeim,0.8,7,2,0.9999,80,18,2,256,384,320,384,320,384,384,448,384,384,448,448,512,384,256,576,512,640,0.863619,0.00014591,0.001407,0.00064152,302
gnat,0.8,7,2,0.9999,80,18,2,192,448,384,384,320,384,512,384,320,320,320,384,384,256,256,448,448,448,0.801417,0.000130582,0.00142723,0.000583132,278
sopt,0.8,7,2,0.9999,80,18,3,,0.0369883,,0.198715,-1
qdeim,0.8,7,2,0.9999,80,18,3,384,576,512,448,512,576,704,640,576,640,576,512,512,576,448,768,640,896,1.24505,0.00013611,0.00143092,0.000669824,352
gnat,0.8,7,2,0.9999,80,18,3,320,576,640,512,512,512,576,576,512,512,512,448,448,384,384,576,576,640,0.953263,0.00013564,0.00137707,0.000575814,278
sopt,0.8,7,2,0.9999,80,18,4,,0.0369883,,0.198715,-1
qdeim,0.8,7,2,0.9999,80,18,4,576,704,576,512,512,704,832,768,704,704,704,640,640,704,704,960,640,1024,1.37239,0.000135648,0.00137542,0.000660304,360
gnat,0.8,7,2,0.9999,80,18,4,384,640,768,640,640,640,640,640,640,640,640,512,512,512,512,640,640,768,0.954347,0.000135448,0.00138289,0.000572652,278
sopt,0.8,7,2,0.9999,80,18,5,,0.0369883,,0.198715,-1
qdeim,0.8,7,2,0.9999,80,18,5,704,832,768,768,704,960,960,832,832,832,832,768,768,832,832,1216,640,1152,1.55928,0.000133583,0.00129964,0.000629318,379
gnat,0.8,7,2,0.9999,80,18,5,448,768,832,768,768,768,768,768,768,768,768,640,640,640,640,768,704,960,1.00515,0.000126874,0.00126053,0.000535579,283
sopt,0.8,7,2,0.9999,80,18,6,,0.0369883,,0.198715,-1
qdeim,0.8,7,2,0.9999,80,18,6,896,960,896,960,896,1024,960,896,960,960,832,896,896,960,832,1344,768,1216,1.60691,0.000130254,0.00138613,0.000719193,396
gnat,0.8,7,2,0.9999,80,18,6,512,896,896,896,896,896,896,896,896,896,896,768,768,768,768,896,768,1152,1.13584,0.000126546,0.00125909,0.000533189,283
sopt,0.8,7,2,0.9999,80,18,7,,0.0369883,,0.198715,-1
qdeim,0.8,7,2,0.9999,80,18,7,960,1024,1088,1088,960,1024,1088,960,1152,1088,896,1088,1024,1152,960,1536,896,1344,1.86779,0.000120159,0.00133677,0.000711228,405
gnat,0.8,7,2,0.9999,80,18,7,576,1024,1024,896,960,960,1024,1024,1024,960,960,896,896,896,832,960,896,1216,1.43693,0.000136029,0.001281,0.000572865,302
sopt,0.8,7,2,0.9999,80,18,8,,0.0369883,,0.198715,-1
qdeim,0.8,7,2,0.9999,80,18,8,1152,1152,1216,1216,1024,1152,1216,1088,1280,1216,1024,1152,1088,1280,1088,1664,1024,1408,2.59917,0.000117295,0.00131611,0.000709666,405
gnat,0.8,7,2,0.9999,80,18,8,640,1152,1152,1024,1024,1024,1024,1152,1152,1024,1024,1024,1024,1024,896,1024,1024,1280,1.28927,0.000131019,0.00123782,0.000583708,311
sopt,0.8,7,2,0.9999,80,18,9,,0.0369883,,0.198715,-1
qdeim,0.8,7,2,0.9999,80,18,9,1344,1216,1344,1344,1088,1216,1280,1216,1408,1344,1152,1216,1216,1408,1216,1728,1152,1472,2.07623,0.000111595,0.00124457,0.000682917,405
gnat,0.8,7,2,0.9999,80,18,9,768,1280,1216,1152,1152,1216,1152,1344,1344,1152,1152,1152,1152,1152,960,1152,1152,1344,2.26154,0.000113657,0.00109479,0.000538478,339
sopt,0.8,7,2,0.9999,80,18,10,,0.0369883,,0.198715,-1
qdeim,0.8,7,2,0.9999,80,18,10,1472,1344,1472,1408,1216,1216,1280,1408,1536,1344,1280,1344,1280,1472,1344,1792,1280,1536,2.14918,0.000108266,0.00117229,0.000656697,405
gnat,0.8,7,2,0.9999,80,18,10,832,1408,1344,1280,1152,1344,1216,1472,1472,1280,1280,1280,1280,1280,1024,1280,1280,1408,1.67135,0.000104258,0.00104979,0.000555487,341
sopt,0.8,4,2,0.99,120,24,2,,0.0369885,,0.198713,-1
qdeim,0.8,4,2,0.99,120,24,2,256,256,448,256,320,448,448,448,448,256,256,192,192,384,384,192,448,320,384,256,192,256,448,384,1.08809,0.0295849,0.0482435,0.0383283,285
gnat,0.8,4,2,0.99,120,24,2,256,192,256,256,192,192,192,192,256,192,128,128,128,128,128,128,128,128,128,128,128,128,128,320,0.762271,0.0294958,0.0467386,0.039963,253
sopt,0.8,4,2,0.99,120,24,3,,0.0369885,,0.198713,-1
qdeim,0.8,4,2,0.99,120,24,3,384,384,768,448,448,512,768,640,576,384,448,320,320,576,576,384,576,448,704,384,256,384,576,512,1.45966,0.0285315,0.0482975,0.037089,350
gnat,0.8,4,2,0.99,120,24,3,320,320,320,320,320,320,320,320,256,256,192,192,192,192,192,192,192,192,192,192,192,192,192,512,0.85017,0.0269681,0.0528852,0.0356708,250
sopt,0.8,4,2,0.99,120,24,4,,0.0369885,,0.198713,-1
qdeim,0.8,4,2,0.99,120,24,4,576,704,1088,576,576,704,896,832,768,576,576,384,512,896,768,576,768,640,896,576,384,512,704,704,2.21149,0.0268786,0.0540695,0.0351387,436
gnat,0.8,4,2,0.99,120,24,4,384,384,384,384,384,384,384,384,256,256,256,256,256,256,256,256,256,256,256,256,256,256,256,640,0.953349,0.0253882,0.055153,0.0329938,248
sopt,0.8,4,2,0.99,120,24,5,,0.0369885,,0.198713,-1
qdeim,0.8,4,2,0.99,120,24,5,768,896,1216,768,640,832,1024,960,960,768,704,576,704,1088,896,768,896,768,1024,704,512,704,896,896,2.6635,0.0278343,0.0212663,0.0263438,451
gnat,0.8,4,2,0.99,120,24,5,448,448,448,448,448,448,448,448,320,320,320,320,320,320,320,320,320,320,320,320,320,320,320,832,1.07327,0.0236038,0.0488155,0.029192,254
sopt,0.8,4,2,0.99,120,24,6,,0.0369885,,0.198713,-1
qdeim,0.8,4,2,0.99,120,24,6,,,,,0
