Options used:
   --mesh ../data/beam-quad.mesh
   --refine-serial 4
   --refine-parallel 0
   --order 2
   --ode-solver 14
   --t-final 1
   --time-step 0.008
   --viscosity 0.01
   --shear-modulus 0.25
   --bulk-modulus 5
   --adaptive-lin-rtol
   --visualization
   --no-visit-datafiles
   --visualization-steps 1
   --nset 1
   --no-offline
   --online
   --no-merge
   --no-qdeim
   --no-sopt
   --nsr -1
   --rxdim 2
   --rvdim 4
   --hdim 1
   --id 0
   --hyperreduce
   --not-xbase-only
   --velocity-ic
   --scaling 1
   --eqp
   --no-sample-mesh
   --no-preceqp
   --tol-nnls 1e-14
   --max-nnls 0
   --n-time-windows 0
Number of velocity/deformation unknowns: 16962
initial elastic energy (EE) = 2.03224e-18
initial kinetic energy (KE) = 0.000318123
initial   total energy (TE) = 0.000318123
Opening file: basisV.000000
reduced V dim = 4
Opening file: basisX.000000
reduced X dim = 2
Opening file: basisH.000000
reduced H dim = 1
Opening file: basis0_X_snapshot.000000
NNLSSolver init on rank 0 out of 1 processes
0 0 504 32768 0 1.434225944501681e+00 4.461323259396974e+00
1 1 504 32768 1 8.589806306981231e-01 3.547052391386318e+00
2 2 504 32768 2 5.047697687599525e-01 3.325500560890568e+00
3 3 504 32768 3 5.042859787717955e-01 3.221189299786621e+00
4 4 504 32768 4 5.036807479577273e-01 3.133870128750825e+00
5 5 504 32768 5 5.034191104615521e-01 3.051760079111288e+00
6 6 504 32768 6 5.034219442227331e-01 2.983301313433242e+00
7 7 504 32768 7 5.031980787512946e-01 2.926979316390383e+00
8 8 504 32768 8 5.029600663755368e-01 2.873660186538849e+00
9 9 504 32768 9 5.028134661794765e-01 2.824379386760532e+00
10 10 504 32768 10 5.027929164245694e-01 2.775666861827466e+00
11 11 504 32768 11 5.025488397842029e-01 2.726274166778141e+00
12 12 504 32768 12 5.024443005842375e-01 2.701668201701720e+00
13 13 504 32768 13 5.012820288202948e-01 2.652358112422606e+00
14 14 504 32768 14 5.012820532965425e-01 2.596162569592058e+00
15 15 504 32768 15 5.012820062382113e-01 2.540363821306496e+00
16 16 504 32768 16 5.011620553531729e-01 2.495153090509490e+00
17 17 504 32768 17 5.011453088116679e-01 2.449520789919863e+00
18 18 504 32768 18 3.755250375183445e-01 2.380993433853065e+00
19 19 504 32768 19 3.754089170434629e-01 2.341174768368594e+00
20 20 504 32768 20 3.752473943321074e-01 2.309111370669926e+00
21 21 504 32768 21 3.752473505175293e-01 2.277905667070026e+00
22 22 504 32768 22 3.752474310728471e-01 2.246563962238829e+00
23 23 504 32768 23 3.752474355121483e-01 2.215471335919328e+00
24 24 504 32768 24 3.751490498199633e-01 2.181356689282433e+00
25 25 504 32768 25 3.751507200825521e-01 2.165935280122421e+00
26 26 504 32768 26 3.751415209220719e-01 2.138569691129178e+00
27 27 504 32768 27 3.751322754257314e-01 2.109770278039371e+00
28 28 504 32768 28 3.751322320105118e-01 2.073424013295333e+00
29 29 504 32768 29 3.750545432861027e-01 2.048252197427517e+00
30 30 504 32768 30 3.750548413803318e-01 2.022247108300803e+00
31 31 504 32768 31 3.750303340128075e-01 1.997121090358788e+00
32 32 504 32768 32 3.750303994926977e-01 1.969011374708115e+00
33 33 504 32768 33 3.202256763580665e-01 1.927136659001000e+00
34 34 504 32768 34 3.202234748850880e-01 1.905485010954997e+00
35 35 504 32768 35 3.202224488291771e-01 1.879058823191489e+00
36 36 504 32768 36 3.202226825727693e-01 1.858158923557427e+00
37 37 504 32768 37 3.200244705216077e-01 1.837270006086431e+00
38 38 504 32768 38 3.199706531524718e-01 1.816354759638336e+00
39 39 504 32768 39 3.196161308001019e-01 1.795972387141568e+00
40 40 504 32768 40 3.192462596125458e-01 1.775656583113734e+00
41 41 504 32768 41 3.191021127255559e-01 1.755421553150036e+00
42 42 504 32768 42 3.191020840995541e-01 1.730787398307351e+00
43 43 504 32768 43 3.190935017707428e-01 1.711101251700074e+00
44 44 504 32768 44 3.189120127417657e-01 1.691599153470573e+00
45 45 504 32768 45 3.189122092940930e-01 1.665154628298947e+00
46 46 504 32768 46 3.189121619551677e-01 1.646622445237820e+00
47 47 504 32768 47 3.189121358996412e-01 1.628553028314050e+00
48 48 504 32768 48 3.188427898255530e-01 1.612362770752690e+00
49 49 504 32768 49 3.187646409854628e-01 1.596231184516830e+00
50 50 504 32768 50 3.187650615396417e-01 1.580331536471957e+00
51 51 504 32768 51 3.187634995429846e-01 1.564759150543114e+00
52 52 504 32768 52 3.187344285383114e-01 1.549516204623173e+00
53 53 504 32768 53 3.185787655833013e-01 1.534134077332449e+00
54 54 504 32768 54 3.184180972286108e-01 1.518716310100741e+00
55 55 504 32768 55 3.183427750271606e-01 1.501457442096614e+00
56 56 504 32768 56 3.183427834781557e-01 1.485800935770072e+00
57 57 504 32768 57 3.183432593093563e-01 1.469321807693316e+00
58 58 504 32768 58 3.181746228918575e-01 1.453707958720646e+00
59 59 504 32768 59 3.180177248649332e-01 1.437934658898414e+00
60 60 504 32768 60 3.179068695254438e-01 1.422002786477735e+00
61 61 504 32768 61 3.178635455765847e-01 1.407025314371122e+00
62 62 504 32768 62 3.178642274829706e-01 1.388049924824121e+00
63 63 504 32768 63 3.178642324388087e-01 1.373695134199469e+00
64 64 504 32768 64 3.177998751322873e-01 1.359611634167483e+00
65 65 504 32768 65 3.178194218604624e-01 1.346892404091959e+00
66 66 504 32768 66 3.177887069109866e-01 1.335300055826928e+00
67 67 504 32768 67 3.177319471471898e-01 1.323744924186477e+00
68 68 504 32768 68 3.177317994581993e-01 1.311403328081591e+00
69 69 504 32768 69 3.176103022894077e-01 1.300036169910018e+00
70 70 504 32768 70 3.178056735908030e-01 1.288476147718854e+00
71 71 504 32768 71 3.177578071231228e-01 1.277091760409255e+00
72 72 504 32768 72 3.174371512804995e-01 1.246961952316170e+00
73 73 504 32768 73 3.174373778152950e-01 1.236127005329662e+00
74 74 504 32768 74 3.174384466217736e-01 1.225474649848583e+00
75 75 504 32768 75 2.225144688842516e-01 1.153001516687879e+00
76 76 504 32768 76 2.225143927036973e-01 1.142344583530331e+00
77 77 504 32768 77 2.225142527425394e-01 1.132597307431179e+00
78 78 504 32768 78 2.225142159949316e-01 1.123257931623507e+00
79 79 504 32768 79 2.225142158392399e-01 1.113946369556130e+00
80 80 504 32768 80 2.225141753491386e-01 1.105490025632879e+00
81 81 504 32768 81 2.225140949129009e-01 1.097510586756785e+00
82 82 504 32768 82 2.141281152091062e-01 1.088407926625366e+00
83 83 504 32768 83 2.141196855742099e-01 1.080644127339661e+00
84 84 504 32768 84 2.141197014808091e-01 1.072851677462403e+00
85 85 504 32768 85 2.141197278777761e-01 1.065027012308445e+00
86 86 504 32768 86 2.141212380057066e-01 1.057237174405488e+00
87 87 504 32768 87 2.141214847859275e-01 1.049442693081299e+00
88 88 504 32768 88 2.141215600025441e-01 1.041368264497736e+00
89 89 504 32768 89 2.141212509572733e-01 1.033518532162288e+00
90 90 504 32768 90 2.141212819572537e-01 1.025631690503311e+00
91 91 504 32768 91 2.137032554344777e-01 1.017708038810501e+00
92 92 504 32768 92 2.137033077486182e-01 1.010315522791470e+00
93 93 504 32768 93 2.137033750529910e-01 1.002882844184568e+00
94 94 504 32768 94 2.137033805779982e-01 9.954690635538040e-01
95 95 504 32768 95 2.137033888657074e-01 9.880246823131529e-01
96 96 504 32768 96 2.134642282855633e-01 9.805612409983705e-01
97 97 504 32768 97 2.134659538242769e-01 9.622719335371970e-01
98 98 504 32768 98 2.134661855088311e-01 9.532094927126222e-01
99 99 504 32768 99 2.134664544224764e-01 9.458254588265875e-01
100 100 504 32768 100 2.131873295188768e-01 9.384623850487310e-01
101 101 504 32768 101 2.131879671099534e-01 9.310800134762258e-01
102 102 504 32768 102 2.131880254830769e-01 9.238559997775113e-01
103 103 504 32768 103 2.131881129526417e-01 9.166677262775752e-01
104 104 504 32768 104 2.131886862029111e-01 9.094354978959208e-01
105 105 504 32768 105 2.131884914577482e-01 9.022294505570726e-01
106 106 504 32768 106 2.132390861212917e-01 8.949802474194027e-01
107 107 504 32768 107 2.132327023040847e-01 8.876746434138990e-01
108 108 504 32768 108 2.132328410369853e-01 8.803581320005700e-01
109 109 504 32768 109 2.132328220684427e-01 8.730808415349237e-01
110 110 504 32768 110 2.132328224673522e-01 8.658719723573555e-01
111 111 504 32768 111 2.132309935638875e-01 8.469214635155751e-01
112 112 504 32768 112 2.132308266587466e-01 8.233313556901173e-01
113 113 504 32768 113 2.132313649378678e-01 8.160142234122143e-01
114 114 504 32768 114 2.132313420428413e-01 8.105646527414099e-01
115 115 504 32768 115 2.130521399711444e-01 8.051912271206932e-01
116 116 504 32768 116 2.130519807312277e-01 7.991269278522978e-01
117 117 504 32768 117 2.130521398851863e-01 7.771792619227803e-01
118 118 504 32768 118 2.132754345934817e-01 7.620882099629376e-01
119 119 504 32768 119 2.132757671848264e-01 7.573426790940547e-01
120 120 504 32768 120 2.132757098797055e-01 7.488612415250665e-01
121 121 504 32768 121 2.132757084464600e-01 7.446394530976128e-01
122 122 504 32768 122 2.132757088872570e-01 7.405988467315499e-01
123 123 504 32768 123 2.130889249646662e-01 7.367256717056597e-01
124 124 504 32768 124 2.130887192990060e-01 7.319568273254036e-01
125 125 504 32768 125 2.130886539882333e-01 7.288835021719915e-01
126 126 504 32768 126 2.130886617204202e-01 7.258429723423511e-01
127 127 504 32768 127 2.128785214812042e-01 7.229423373311630e-01
128 128 504 32768 128 2.128783496555698e-01 7.143735835854047e-01
129 129 504 32768 129 2.128042268253182e-01 7.116561537475803e-01
130 130 504 32768 130 2.128048544585188e-01 7.049870814487912e-01
131 131 504 32768 131 2.128048309824663e-01 7.022479006394048e-01
132 132 504 32768 132 2.128047857817437e-01 6.929171717845892e-01
133 133 504 32768 133 2.128051000322627e-01 6.876422072867701e-01
134 134 504 32768 134 2.128051925120067e-01 6.849546116662351e-01
135 135 504 32768 135 2.128053352779358e-01 6.650221311652273e-01
136 136 504 32768 136 2.093658702640451e-01 6.479419860095162e-01
137 137 504 32768 137 2.093659252463351e-01 6.417049187675887e-01
138 138 504 32768 138 2.093656003123693e-01 6.236849696120524e-01
139 139 504 32768 139 2.094576759223606e-01 6.102980616813823e-01
140 140 504 32768 140 2.094588464763268e-01 5.977862626276296e-01
141 141 504 32768 141 2.092252207882171e-01 5.944720563818385e-01
142 142 504 32768 142 2.091015543625941e-01 5.892303242370661e-01
143 143 504 32768 143 2.091002151582693e-01 5.750691498904305e-01
144 144 504 32768 144 2.091017409992663e-01 5.664943175505056e-01
145 145 504 32768 145 2.091010351945257e-01 5.618674360818161e-01
146 146 504 32768 146 2.091010101587651e-01 5.561786888527510e-01
147 147 504 32768 147 2.091076952496776e-01 5.410924277565798e-01
148 148 504 32768 148 2.089502740717074e-01 5.209417569789133e-01
149 149 504 32768 149 2.089539308932814e-01 5.144250418983888e-01
150 151 504 32768 149 1.278716112294442e-01 4.464747695324109e-01
151 152 504 32768 150 1.064564160449396e-01 4.096255269133421e-01
152 153 504 32768 151 1.064563478630548e-01 4.032652187823400e-01
153 154 504 32768 152 1.064564225949844e-01 4.005680114996330e-01
154 155 504 32768 153 1.064572158570493e-01 3.953992714014133e-01
155 156 504 32768 154 1.064571333514671e-01 3.886730315629968e-01
156 157 504 32768 155 1.064560558814516e-01 3.831211366227004e-01
157 158 504 32768 156 1.064561109184148e-01 3.791305254161700e-01
158 159 504 32768 157 1.064561748574916e-01 3.753701532711572e-01
159 160 504 32768 158 1.064568502946226e-01 3.699471265232341e-01
160 161 504 32768 159 1.064568325114288e-01 3.651338333126939e-01
161 162 504 32768 160 1.064582493947643e-01 3.622307873249907e-01
162 163 504 32768 161 9.992791562339390e-02 3.393541115197994e-01
163 164 504 32768 162 8.445123742583445e-02 3.075895658733446e-01
164 165 504 32768 163 8.445150013214879e-02 2.980975218938491e-01
165 166 504 32768 164 8.466328761609430e-02 2.897107660797309e-01
166 167 504 32768 165 8.466426755937896e-02 2.877026917908281e-01
167 168 504 32768 166 8.425958520604264e-02 2.866215252513928e-01
168 169 504 32768 167 8.408085595254804e-02 2.709020420978243e-01
169 170 504 32768 168 8.408180520468889e-02 2.538142609334286e-01
170 171 504 32768 169 8.408435741595367e-02 2.477110188790546e-01
171 172 504 32768 170 8.408346873849185e-02 2.451899739347848e-01
172 173 504 32768 171 8.411186783862760e-02 2.394688599759803e-01
173 174 504 32768 172 8.411131138250455e-02 2.361836899369887e-01
174 175 504 32768 173 8.407887690982259e-02 2.348382864393672e-01
175 176 504 32768 174 8.407892658090925e-02 2.273481830137329e-01
176 177 504 32768 175 8.407999849372376e-02 2.161633056996176e-01
177 178 504 32768 176 8.407999817886966e-02 2.134324604446824e-01
178 179 504 32768 177 8.407773896864149e-02 2.058004283029080e-01
179 180 504 32768 178 8.409843262686961e-02 1.911298879271879e-01
180 181 504 32768 179 8.409842403174139e-02 1.896820901045106e-01
181 182 504 32768 180 8.392031270490889e-02 1.869068754506054e-01
182 183 504 32768 181 8.392105616884028e-02 1.860758198529936e-01
183 184 504 32768 182 8.392104445657757e-02 1.849505170879337e-01
184 185 504 32768 183 8.392103750444149e-02 1.844619712538419e-01
185 186 504 32768 184 8.396740122528835e-02 1.834500609000441e-01
186 187 504 32768 185 8.397012758621632e-02 1.796216929748961e-01
187 188 504 32768 186 8.399283985018506e-02 1.778603612807567e-01
188 189 504 32768 187 8.399167906839752e-02 1.769139289186799e-01
189 191 504 32768 187 8.246447847638254e-02 1.406473421155906e-01
190 192 504 32768 188 8.246089685325192e-02 1.378369382257026e-01
191 193 504 32768 189 8.237766824798773e-02 1.359847296832372e-01
192 194 504 32768 190 8.237764054773408e-02 1.358840221477325e-01
193 195 504 32768 191 8.237828015237869e-02 1.345752894923857e-01
194 196 504 32768 192 6.412145752313046e-02 1.273424832175113e-01
195 197 504 32768 193 6.412129276505492e-02 1.255720463678280e-01
196 198 504 32768 194 6.406701458357851e-02 1.232368447269249e-01
197 200 504 32768 194 2.958847460626648e-02 9.400195948108608e-02
198 201 504 32768 195 2.958908146795007e-02 9.256311117538274e-02
199 202 504 32768 196 2.958940670087645e-02 9.100252893337472e-02
200 203 504 32768 197 2.958626258184228e-02 9.002524550159668e-02
201 204 504 32768 198 2.906451735804042e-02 8.789105698889162e-02
202 205 504 32768 199 2.906585125647900e-02 8.691728170442761e-02
203 206 504 32768 200 2.907447847651596e-02 8.439510858326869e-02
204 207 504 32768 201 2.868548802427585e-02 8.324325310781136e-02
205 208 504 32768 202 2.869358692560673e-02 8.283712723419710e-02
206 209 504 32768 203 2.869163727790152e-02 8.191279021885937e-02
207 210 504 32768 204 2.721477118855139e-02 7.996830264331881e-02
208 211 504 32768 205 2.720436981566983e-02 7.895337177617595e-02
209 212 504 32768 206 2.720427269956763e-02 7.892647788268986e-02
210 213 504 32768 207 2.672893592861433e-02 7.759151053772421e-02
211 214 504 32768 208 2.672884869256733e-02 7.729535690887153e-02
212 215 504 32768 209 2.706590046307718e-02 7.556474415541986e-02
213 216 504 32768 210 2.706580750909379e-02 7.530094901383523e-02
214 217 504 32768 211 2.631571001392421e-02 7.452302624929955e-02
215 218 504 32768 212 2.606410629078877e-02 6.487203428727221e-02
216 219 504 32768 213 2.606310217212654e-02 6.456016899228910e-02
217 221 504 32768 213 2.602642931601735e-02 6.345689003518061e-02
218 222 504 32768 214 2.602662294802216e-02 6.318393467383041e-02
219 223 504 32768 215 2.602485021945144e-02 6.314524903937464e-02
220 224 504 32768 216 2.602468773983480e-02 6.313619116358314e-02
221 225 504 32768 217 2.602636853570831e-02 6.287697000788320e-02
222 226 504 32768 218 2.602633069434427e-02 6.225291792527236e-02
223 227 504 32768 219 2.602811859227180e-02 6.215029999126694e-02
224 228 504 32768 220 2.599076371574141e-02 6.128381615129172e-02
225 230 504 32768 220 1.715031405680692e-02 5.112864933212145e-02
226 231 504 32768 221 1.813053133229218e-02 4.921711750081573e-02
227 232 504 32768 222 1.666331882147238e-02 4.653178767710085e-02
228 233 504 32768 223 1.681649121072394e-02 4.435099252795908e-02
229 234 504 32768 224 1.682628052792796e-02 4.401787000714431e-02
230 235 504 32768 225 1.578968556151615e-02 4.270069095604046e-02
231 236 504 32768 226 1.581509122210922e-02 4.214726936614768e-02
232 237 504 32768 227 1.581679018798136e-02 4.178016309080508e-02
233 238 504 32768 228 1.589529143967987e-02 4.083142785332969e-02
234 239 504 32768 229 1.589518953293380e-02 4.048728033486346e-02
235 241 504 32768 229 1.269645647847810e-02 3.657006215762963e-02
236 242 504 32768 230 1.269868172340692e-02 3.641818597858387e-02
237 243 504 32768 231 1.271534121298275e-02 3.558089584842920e-02
238 244 504 32768 232 1.271516205090443e-02 3.545481760178753e-02
239 245 504 32768 233 8.792977364349136e-03 2.415944455091638e-02
240 246 504 32768 234 8.787259105828102e-03 2.277028656441160e-02
241 247 504 32768 235 8.625894257277864e-03 2.183614563504233e-02
242 249 504 32768 235 6.250487921843994e-03 2.086644098326922e-02
243 251 504 32768 235 5.347969471359194e-03 2.063962177684193e-02
244 252 504 32768 236 5.334262622642217e-03 2.002285168623957e-02
245 253 504 32768 237 5.334160099801926e-03 1.989403211948209e-02
246 254 504 32768 238 5.334142579386831e-03 1.908216510060139e-02
247 255 504 32768 239 5.329117552048822e-03 1.866729860844535e-02
248 256 504 32768 240 5.328160286584901e-03 1.800996640373192e-02
249 258 504 32768 240 5.325044253244661e-03 1.767533606273701e-02
250 260 504 32768 240 5.250212968871761e-03 1.751253895481365e-02
251 261 504 32768 241 5.249557186359794e-03 1.742689342768808e-02
252 262 504 32768 242 5.249595527265271e-03 1.734303935771042e-02
253 263 504 32768 243 5.249527721655204e-03 1.722126721128526e-02
254 264 504 32768 244 5.249385561728996e-03 1.698612036425577e-02
255 265 504 32768 245 5.249431555638967e-03 1.674888124867358e-02
256 266 504 32768 246 5.249430938612435e-03 1.646019048519114e-02
257 267 504 32768 247 5.249430319492809e-03 1.628894951416468e-02
258 268 504 32768 248 5.249456485569481e-03 1.608957464737763e-02
259 269 504 32768 249 5.249455732452896e-03 1.557915518342446e-02
260 270 504 32768 250 5.249457405873081e-03 1.530437029462535e-02
261 271 504 32768 251 5.249986446667322e-03 1.503835677416087e-02
262 272 504 32768 252 5.249371862932895e-03 1.479007213112383e-02
263 273 504 32768 253 5.249215366927208e-03 1.472425426750840e-02
264 274 504 32768 254 5.249255009904929e-03 1.456145836778556e-02
265 275 504 32768 255 5.249255606133521e-03 1.453750942149106e-02
266 276 504 32768 256 5.249254517189344e-03 1.417914091602483e-02
267 277 504 32768 257 5.249261057166209e-03 1.410052436291116e-02
268 279 504 32768 257 5.249236177524061e-03 1.382352577064795e-02
269 280 504 32768 258 5.249065697502525e-03 1.365872475426373e-02
270 281 504 32768 259 5.257396677229947e-03 1.334221639040651e-02
271 282 504 32768 260 5.256839855398989e-03 1.320145630676308e-02
272 283 504 32768 261 5.256832171755016e-03 1.303437208572053e-02
273 284 504 32768 262 5.256831647742505e-03 1.302230066135207e-02
274 285 504 32768 263 5.256833660037021e-03 1.282921862017484e-02
275 286 504 32768 264 5.256835543619606e-03 1.270407080331126e-02
276 287 504 32768 265 5.256838818732658e-03 1.255420330794790e-02
277 288 504 32768 266 5.256838861691352e-03 1.242143366179717e-02
278 289 504 32768 267 5.256733939977758e-03 1.235704364617962e-02
279 290 504 32768 268 5.256771607098814e-03 1.231417062431383e-02
280 291 504 32768 269 5.256771452769385e-03 1.219663577222818e-02
281 292 504 32768 270 5.256762240744088e-03 1.218467008883015e-02
282 293 504 32768 271 5.033148432968804e-03 1.100075053394226e-02
283 294 504 32768 272 5.031508705191221e-03 1.093202478380134e-02
284 295 504 32768 273 5.031541917711599e-03 1.088641117244433e-02
285 296 504 32768 274 5.035584795993906e-03 1.036691951688365e-02
286 297 504 32768 275 5.034175386017156e-03 1.026004305449885e-02
287 298 504 32768 276 5.014499155653646e-03 1.019775111038204e-02
288 299 504 32768 277 5.014496596360760e-03 1.018871982084572e-02
289 300 504 32768 278 5.014501171730717e-03 1.013057838946113e-02
290 301 504 32768 279 5.015622695205862e-03 1.003046176829831e-02
291 304 504 32768 278 4.947570845325235e-03 9.257165383155356e-03
292 305 504 32768 279 4.947326451916137e-03 9.223568454591911e-03
293 307 504 32768 279 2.861860972284937e-03 6.969238984496580e-03
294 308 504 32768 280 2.861812679136367e-03 6.921144101999562e-03
295 309 504 32768 281 2.861190425457147e-03 6.762383987764929e-03
296 310 504 32768 282 2.861197517821731e-03 6.673033651304060e-03
297 311 504 32768 283 2.861211092271972e-03 6.608106609963763e-03
298 312 504 32768 284 2.861379174586845e-03 6.563915462238936e-03
299 313 504 32768 285 2.861355852161330e-03 6.544459826071557e-03
300 314 504 32768 286 2.861157713346293e-03 6.401975977529551e-03
301 315 504 32768 287 2.861182798370804e-03 6.344072549801739e-03
302 316 504 32768 288 2.861221034165441e-03 6.214722480877790e-03
303 317 504 32768 289 2.861214548534567e-03 6.187111988577019e-03
304 318 504 32768 290 2.861090703339206e-03 6.129875538022735e-03
305 319 504 32768 291 2.861092006639321e-03 6.122254963689975e-03
306 320 504 32768 292 2.857088518451725e-03 6.088237854698824e-03
307 321 504 32768 293 2.851143959182780e-03 5.973545507403571e-03
308 322 504 32768 294 2.851034638018195e-03 5.933610489744033e-03
309 323 504 32768 295 2.850819647766414e-03 5.908975910982443e-03
310 325 504 32768 295 2.606794191534974e-03 5.701155640542785e-03
311 326 504 32768 296 2.606796331910262e-03 5.651505792801709e-03
312 327 504 32768 297 2.607168271693244e-03 5.572822168515095e-03
313 328 504 32768 298 2.607169027073637e-03 5.570900987699057e-03
314 329 504 32768 299 2.606464242335300e-03 5.542261818390970e-03
315 330 504 32768 300 2.606392608502129e-03 5.518399290921068e-03
316 331 504 32768 301 2.605230271768153e-03 5.495474429597104e-03
317 333 504 32768 301 1.902224658594124e-03 4.185160284806281e-03
318 334 504 32768 302 1.902202042079483e-03 4.149219233652995e-03
319 335 504 32768 303 1.901541609040347e-03 4.050576833145973e-03
320 336 504 32768 304 1.901393294340881e-03 4.019342297363610e-03
321 337 504 32768 305 1.901321426828830e-03 3.985811566465180e-03
322 338 504 32768 306 1.901961326749908e-03 3.950266335823033e-03
323 339 504 32768 307 1.901959814332926e-03 3.921029882247042e-03
324 340 504 32768 308 1.901959835943865e-03 3.911432609673918e-03
325 341 504 32768 309 1.903715184011702e-03 3.877744119127175e-03
326 342 504 32768 310 1.903718273992000e-03 3.831698698636274e-03
327 343 504 32768 311 1.903718588038284e-03 3.819980010435151e-03
328 344 504 32768 312 1.903717272700952e-03 3.748395569231355e-03
329 347 504 32768 311 9.173763727852613e-04 2.632554462813177e-03
330 348 504 32768 312 9.580018898237355e-04 2.579455187272978e-03
331 349 504 32768 313 9.582230988566102e-04 2.483226623775060e-03
332 350 504 32768 314 9.581969387428069e-04 2.472387095276324e-03
333 351 504 32768 315 9.572590422898367e-04 2.422403474353331e-03
334 352 504 32768 316 9.570390189753999e-04 2.362264403219144e-03
335 353 504 32768 317 9.570157396974611e-04 2.358816212628183e-03
336 354 504 32768 318 9.711854327062850e-04 2.299436324562581e-03
337 356 504 32768 318 9.747950402278577e-04 2.084052246175947e-03
338 357 504 32768 319 9.810920803601869e-04 2.071356870077048e-03
339 358 504 32768 320 9.810930055329284e-04 2.060764958375736e-03
340 359 504 32768 321 9.810913420328980e-04 2.047032900392539e-03
341 360 504 32768 322 9.811031480533266e-04 2.036308063082013e-03
342 361 504 32768 323 9.810918731564533e-04 2.024299045340153e-03
343 362 504 32768 324 9.810927724115345e-04 2.001230952131950e-03
344 363 504 32768 325 9.810942678405564e-04 1.986443193884391e-03
345 364 504 32768 326 9.811233746677712e-04 1.981161782318079e-03
346 365 504 32768 327 9.811618134296122e-04 1.977132216451588e-03
347 366 504 32768 328 9.811609054656591e-04 1.960700603261077e-03
348 367 504 32768 329 9.811682290298861e-04 1.952671141466767e-03
349 368 504 32768 330 9.570383445899430e-04 1.925235654554087e-03
350 370 504 32768 330 9.267342784491278e-04 1.881972303048037e-03
351 372 504 32768 330 9.159732077438359e-04 1.866958490544192e-03
352 373 504 32768 331 9.159727142545042e-04 1.856653029201145e-03
353 374 504 32768 332 9.131305726191182e-04 1.835997609199426e-03
354 375 504 32768 333 9.131241002309116e-04 1.832204698845219e-03
355 376 504 32768 334 9.129539707170115e-04 1.815095300777502e-03
356 377 504 32768 335 9.142236904380120e-04 1.806964612805911e-03
357 378 504 32768 336 9.142092464384721e-04 1.796029848754488e-03
358 380 504 32768 336 8.714633070483623e-04 1.549484608974867e-03
359 381 504 32768 337 8.774193123818273e-04 1.538796008596376e-03
360 382 504 32768 338 8.776811887203754e-04 1.531207971623670e-03
361 383 504 32768 339 8.776844386542451e-04 1.531035637919336e-03
362 384 504 32768 340 8.776904489706854e-04 1.527613178515865e-03
363 385 504 32768 341 8.777416886696845e-04 1.522946078233286e-03
364 386 504 32768 342 8.777625564369174e-04 1.515722737596450e-03
365 387 504 32768 343 8.777567212493824e-04 1.511397185748850e-03
366 388 504 32768 344 8.776331553845650e-04 1.502312134451405e-03
367 389 504 32768 345 8.774969147386069e-04 1.495877322431533e-03
368 390 504 32768 346 8.767583494368180e-04 1.493559642523905e-03
369 391 504 32768 347 8.759160027411738e-04 1.485346712550353e-03
370 392 504 32768 348 8.759342219514650e-04 1.481786590456757e-03
371 393 504 32768 349 8.759181576878120e-04 1.481190825355961e-03
372 394 504 32768 350 8.759115307030345e-04 1.471769154006015e-03
373 395 504 32768 351 8.759131255380081e-04 1.469849025628708e-03
374 396 504 32768 352 8.756486338009772e-04 1.463788819144553e-03
375 397 504 32768 353 8.756507717841857e-04 1.462177102700883e-03
376 398 504 32768 354 8.753733572570366e-04 1.458543023103515e-03
377 399 504 32768 355 8.748332526157544e-04 1.456645900502556e-03
378 400 504 32768 356 8.745051964532659e-04 1.454455578992972e-03
379 401 504 32768 357 8.742299378948280e-04 1.450225128444074e-03
380 403 504 32768 357 8.644755238835405e-04 1.396855696268686e-03
381 405 504 32768 357 8.727291621107615e-04 1.344747335272382e-03
382 406 504 32768 358 8.716412524039642e-04 1.340969674408489e-03
383 407 504 32768 359 8.716301044806428e-04 1.338435709777609e-03
384 408 504 32768 360 8.719332090999346e-04 1.332542119501624e-03
385 411 504 32768 359 8.719983538509159e-04 1.276455693512379e-03
386 412 504 32768 360 8.819988840878651e-04 1.263928814851739e-03
387 413 504 32768 361 8.946367362807634e-04 1.263057594078607e-03
388 416 504 32768 360 4.995403818522975e-04 1.006699115386916e-03
389 417 504 32768 361 4.491149356015476e-04 9.413731586753229e-04
390 420 504 32768 360 4.328408740101402e-04 8.970710307208986e-04
391 421 504 32768 361 4.330485816345610e-04 8.958699976117270e-04
392 422 504 32768 362 4.331287661531182e-04 8.925067853284340e-04
393 425 504 32768 361 3.696039568435888e-04 7.769964768659271e-04
394 426 504 32768 362 3.740062519773153e-04 7.759632175902958e-04
395 427 504 32768 363 3.756527799484297e-04 7.749960529624892e-04
396 429 504 32768 363 3.756691674261365e-04 7.715665873174125e-04
397 430 504 32768 364 3.756907208422635e-04 7.591467871604630e-04
398 432 504 32768 364 3.485568491706876e-04 7.500128283734060e-04
399 433 504 32768 365 3.485570426574821e-04 7.477875842488375e-04
400 434 504 32768 366 3.463979311501303e-04 7.285252231802004e-04
401 436 504 32768 366 3.436563976313912e-04 7.054385429597639e-04
402 437 504 32768 367 3.429855867230170e-04 7.034892509797696e-04
403 439 504 32768 367 3.420277155196123e-04 6.914143544887191e-04
404 441 504 32768 367 2.954395465716522e-04 6.513300149931101e-04
405 444 504 32768 366 2.453039868526239e-04 6.229254563469865e-04
406 447 504 32768 365 1.790945424074500e-04 6.051719156010397e-04
407 448 504 32768 366 1.818218491414941e-04 6.046106031941576e-04
408 451 504 32768 365 1.848924321484156e-04 6.020970558176353e-04
409 452 504 32768 366 1.848793127658140e-04 5.866369363330262e-04
410 454 504 32768 366 1.833321916828796e-04 5.426673762284205e-04
411 457 504 32768 365 1.834567890039099e-04 5.306771735504131e-04
412 458 504 32768 366 1.834588314984093e-04 5.305907795546287e-04
413 459 504 32768 367 1.837771548238355e-04 5.305646045340541e-04
414 460 504 32768 368 1.841634775087190e-04 5.290866066647031e-04
415 462 504 32768 368 1.842375560463655e-04 5.253259147752063e-04
416 464 504 32768 368 1.552861747130641e-04 4.965113767545616e-04
417 466 504 32768 368 1.548546660781655e-04 4.909150944482369e-04
418 467 504 32768 369 1.546160843574734e-04 4.887847628083884e-04
419 468 504 32768 370 1.546212773598317e-04 4.873956910409407e-04
420 469 504 32768 371 1.546540043514655e-04 4.866425960966660e-04
421 470 504 32768 372 1.567431764719487e-04 4.808792466380835e-04
422 472 504 32768 372 1.622980298210082e-04 4.688124601106366e-04
423 473 504 32768 373 1.622954533504616e-04 4.666515605715666e-04
424 475 504 32768 373 1.622990124850494e-04 4.590630809583617e-04
425 476 504 32768 374 1.625162418622180e-04 4.510757791237898e-04
426 478 504 32768 374 1.614175705958603e-04 4.436312009889942e-04
427 479 504 32768 375 1.614168707373936e-04 4.424586334807085e-04
428 480 504 32768 376 1.600770607116106e-04 4.367157267381971e-04
429 481 504 32768 377 1.600806032632496e-04 4.295439131665430e-04
430 482 504 32768 378 1.600788205412205e-04 4.287987398199796e-04
431 483 504 32768 379 1.600752353519723e-04 4.273354051525236e-04
432 484 504 32768 380 1.657734824710120e-04 4.160780818881673e-04
433 485 504 32768 381 1.540215362324219e-04 4.149465375350759e-04
434 486 504 32768 382 1.534861981741601e-04 4.132727542142353e-04
435 487 504 32768 383 1.534852062317378e-04 4.128818839658664e-04
436 488 504 32768 384 1.534675218999501e-04 4.114942044446356e-04
437 489 504 32768 385 1.534748228039961e-04 4.114758562853305e-04
438 493 504 32768 383 1.191088252206101e-04 3.658062632126467e-04
439 495 504 32768 383 1.194555521411067e-04 3.579600801977051e-04
440 497 504 32768 383 1.191480143564200e-04 3.440326447102257e-04
441 498 504 32768 384 1.191461057914547e-04 3.440208384835586e-04
442 501 504 32768 383 1.192008095619015e-04 3.335477007234007e-04
443 502 504 32768 384 1.192023750873503e-04 3.265927700382576e-04
444 503 504 32768 385 1.192035731161148e-04 3.251751058306129e-04
445 504 504 32768 386 1.191955441975949e-04 3.231265927450885e-04
446 505 504 32768 387 1.192453774148473e-04 3.070459925232885e-04
447 506 504 32768 388 1.192685412316002e-04 3.059097982355351e-04
448 507 504 32768 389 1.192483298358876e-04 3.007727795192794e-04
449 508 504 32768 390 1.192485600333786e-04 3.003479192026725e-04
450 509 504 32768 391 1.192464503116878e-04 2.997932829495889e-04
451 510 504 32768 392 1.192489195131037e-04 2.989241774895245e-04
452 511 504 32768 393 1.192522341995544e-04 2.985738486248616e-04
453 512 504 32768 394 1.192541351260994e-04 2.982649702109107e-04
454 514 504 32768 394 1.192446135874630e-04 2.591254152189947e-04
455 516 504 32768 394 1.192709703269101e-04 2.525824131180055e-04
456 517 504 32768 395 1.192707474840589e-04 2.520954268581285e-04
457 518 504 32768 396 1.192711066897653e-04 2.515992937694563e-04
458 519 504 32768 397 1.192722103762062e-04 2.495047305948717e-04
459 520 504 32768 398 1.192741728855345e-04 2.490736254764018e-04
460 521 504 32768 399 1.192866034057221e-04 2.488250484326702e-04
461 522 504 32768 400 1.192937493490044e-04 2.469557280446600e-04
462 523 504 32768 401 1.192992248969750e-04 2.469199849766071e-04
463 524 504 32768 402 1.192758882000426e-04 2.461987209385720e-04
464 526 504 32768 402 9.656900809535493e-05 1.959943411697514e-04
465 527 504 32768 403 9.636474353894030e-05 1.951733685120798e-04
466 528 504 32768 404 8.812606881605666e-05 1.840295575937948e-04
467 529 504 32768 405 8.830196377308187e-05 1.840273217894754e-04
468 530 504 32768 406 8.830164232254394e-05 1.840186230134619e-04
469 532 504 32768 406 8.807816743742434e-05 1.814306570643478e-04
470 534 504 32768 406 8.351497149158913e-05 1.752787236201126e-04
471 535 504 32768 407 8.453855716900377e-05 1.752108471370094e-04
472 537 504 32768 407 8.490311299965665e-05 1.751246610388880e-04
473 538 504 32768 408 8.489270567152740e-05 1.744515552906210e-04
474 540 504 32768 408 8.502593847910271e-05 1.668085332734377e-04
475 542 504 32768 408 8.206633530947432e-05 1.639656080740532e-04
476 543 504 32768 409 6.231375528014712e-05 1.481549536093011e-04
477 545 504 32768 409 6.676461466484256e-05 1.405479357667483e-04
478 546 504 32768 410 6.682274372195423e-05 1.381490734910481e-04
479 547 504 32768 411 6.713579666062165e-05 1.375163964476366e-04
480 548 504 32768 412 6.714365134695409e-05 1.370519340085710e-04
481 550 504 32768 412 6.426132204236928e-05 1.361521883016447e-04
482 552 504 32768 412 6.214804063925642e-05 1.235960327366303e-04
483 556 504 32768 410 6.207380104300405e-05 1.226682283859328e-04
484 559 504 32768 409 6.191424754011149e-05 1.201169835539926e-04
485 561 504 32768 409 6.125876773662132e-05 1.186961142253003e-04
486 563 504 32768 409 6.092780209482948e-05 1.176827038920273e-04
487 566 504 32768 408 6.044598190007685e-05 1.169019631955457e-04
488 567 504 32768 409 6.044565423271332e-05 1.163821577003993e-04
489 568 504 32768 410 6.060867564589640e-05 1.162657257811240e-04
490 569 504 32768 411 6.060601506233225e-05 1.155311828868742e-04
491 570 504 32768 412 6.013960668499200e-05 1.152183277117754e-04
492 571 504 32768 413 6.051166896935264e-05 1.151988336430350e-04
493 572 504 32768 414 6.051242493210720e-05 1.145158101216310e-04
494 574 504 32768 414 6.051261080579728e-05 1.118283107913041e-04
495 575 504 32768 415 6.055582312356249e-05 1.118072615969584e-04
496 576 504 32768 416 6.055701004724247e-05 1.110971669674592e-04
497 578 504 32768 416 6.113302384166773e-05 1.107766607465449e-04
498 580 504 32768 416 6.034093117311841e-05 1.105431361770918e-04
499 582 504 32768 416 6.031670018524151e-05 1.104698994506999e-04
500 583 504 32768 417 6.029054700517625e-05 1.101260026785566e-04
501 584 504 32768 418 6.029089175490747e-05 1.096983897326406e-04
502 586 504 32768 418 6.021823176243055e-05 1.092698597784203e-04
503 587 504 32768 419 6.024238299787405e-05 1.006126268149423e-04
504 588 504 32768 420 6.020043427732692e-05 9.870725490510842e-05
505 590 504 32768 420 5.982959181581104e-05 9.827004120312309e-05
506 591 504 32768 421 5.954745596496478e-05 9.812303452382500e-05
507 592 504 32768 422 5.954946364843513e-05 9.797127550456818e-05
508 593 504 32768 423 5.955389167819170e-05 9.709918585410493e-05
509 596 504 32768 422 5.935539673703777e-05 9.680328526788898e-05
510 598 504 32768 422 5.945402266873708e-05 9.654391598164484e-05
511 599 504 32768 423 5.948438460603649e-05 9.633817619280455e-05
512 600 504 32768 424 5.950315634265966e-05 9.620792379404321e-05
513 601 504 32768 425 5.950741847179335e-05 9.573833592592340e-05
514 605 504 32768 423 3.165991644173048e-05 6.911431302471345e-05
515 607 504 32768 423 3.391293444223262e-05 6.778463861167018e-05
516 608 504 32768 424 3.374211792064604e-05 6.674975236942207e-05
517 609 504 32768 425 3.379037118010511e-05 6.160288395789666e-05
518 611 504 32768 425 3.304659946489504e-05 6.150417977423043e-05
519 613 504 32768 425 3.177380276894622e-05 6.022381996525356e-05
520 614 504 32768 426 3.178412540715235e-05 5.938493706625491e-05
521 615 504 32768 427 3.177336637475322e-05 5.906949302948016e-05
522 616 504 32768 428 3.177474522823390e-05 5.881723718392512e-05
523 617 504 32768 429 3.169769195581313e-05 5.837080832858629e-05
524 619 504 32768 429 3.263049181120152e-05 5.715563840827713e-05
525 622 504 32768 428 2.819733023458697e-05 5.355577610179624e-05
526 624 504 32768 428 2.768444832054030e-05 5.306957758589996e-05
527 625 504 32768 429 2.902756651059448e-05 5.259989719793891e-05
528 627 504 32768 429 2.836246613448847e-05 5.198860588450119e-05
529 630 504 32768 428 2.676761227286442e-05 5.108571189230544e-05
530 632 504 32768 428 2.589473892034114e-05 5.097492423350933e-05
531 633 504 32768 429 2.589537443533763e-05 5.092912632426674e-05
532 634 504 32768 430 2.592126619014951e-05 5.037635984927006e-05
533 635 504 32768 431 2.592996041334773e-05 5.024957818835201e-05
534 636 504 32768 432 2.593438515563327e-05 4.780156220784771e-05
535 637 504 32768 433 2.592872096229156e-05 4.672866026870646e-05
536 638 504 32768 434 2.584496884552538e-05 4.548297761516942e-05
537 640 504 32768 434 2.477440182112941e-05 4.507674818101155e-05
538 641 504 32768 435 2.477629225109282e-05 4.476257948121732e-05
539 642 504 32768 436 2.477871067766923e-05 4.455107115058107e-05
540 643 504 32768 437 2.478862581000569e-05 4.440731315127323e-05
541 644 504 32768 438 2.477504468701368e-05 4.429692062897603e-05
542 645 504 32768 439 2.478628714479573e-05 4.317177616648122e-05
543 647 504 32768 439 2.426976867174272e-05 4.174388341806525e-05
544 649 504 32768 439 2.431684443691421e-05 4.138814565994306e-05
545 650 504 32768 440 2.431721662754193e-05 4.136653090229711e-05
546 652 504 32768 440 2.365338246982181e-05 4.094885074280997e-05
547 654 504 32768 440 2.400549088383702e-05 4.087406739478595e-05
548 655 504 32768 441 2.400552177634875e-05 4.049700273361648e-05
549 656 504 32768 442 2.396446789412222e-05 4.033568095849195e-05
550 657 504 32768 443 2.390967752576176e-05 4.005686426695824e-05
551 659 504 32768 443 2.322662695905245e-05 3.838545138790033e-05
552 661 504 32768 443 2.105866236159100e-05 3.656114878440509e-05
553 663 504 32768 443 2.148922730691930e-05 3.482223707287076e-05
554 665 504 32768 443 2.023156560348021e-05 3.300197149603477e-05
555 666 504 32768 444 2.023093958774289e-05 3.266078156706469e-05
556 667 504 32768 445 2.022662326035881e-05 3.177087091084772e-05
557 669 504 32768 445 1.813968402703978e-05 2.826391782209640e-05
558 670 504 32768 446 1.815646571978200e-05 2.787124258502662e-05
559 672 504 32768 446 1.706870512529393e-05 2.649916196441773e-05
560 674 504 32768 446 1.661342446823465e-05 2.588126747343207e-05
561 676 504 32768 446 1.641752360922590e-05 2.567425154543651e-05
562 677 504 32768 447 1.641827468175379e-05 2.544392564968933e-05
563 678 504 32768 448 1.646574825752768e-05 2.517426265304018e-05
564 680 504 32768 448 1.542045754755104e-05 2.389210658622253e-05
565 681 504 32768 449 1.541948391880469e-05 2.382586235987531e-05
566 682 504 32768 450 1.541954268114206e-05 2.370510305845760e-05
567 683 504 32768 451 1.541900014135536e-05 2.351475455442546e-05
568 685 504 32768 451 1.038477077409529e-05 1.752385921944540e-05
569 687 504 32768 451 8.151465382508150e-06 1.514643377928061e-05
570 689 504 32768 451 4.973255003387290e-06 1.342823902365560e-05
571 690 504 32768 452 5.219769569475751e-06 1.254400837407343e-05
572 692 504 32768 452 5.209973553659710e-06 1.139053260845807e-05
573 693 504 32768 453 5.211952319500268e-06 1.087990859515259e-05
574 694 504 32768 454 5.173080017859728e-06 1.046236674178246e-05
575 695 504 32768 455 5.177051723545738e-06 1.041671324618129e-05
576 696 504 32768 456 5.175298173744815e-06 9.787801549846412e-06
577 697 504 32768 457 5.182868758692689e-06 9.352596484056205e-06
578 698 504 32768 458 5.182738233354378e-06 9.328950590946244e-06
579 700 504 32768 458 4.630354311650959e-06 7.936312626964641e-06
580 701 504 32768 459 4.632893224196592e-06 7.761880330094692e-06
581 702 504 32768 460 4.622407481154776e-06 7.676383110084993e-06
582 704 504 32768 460 1.406690604220110e-06 4.691799807214345e-06
583 705 504 32768 461 1.405075908101707e-06 4.573128958234399e-06
584 707 504 32768 461 1.402692937351284e-06 4.487827401858679e-06
585 708 504 32768 462 1.344803688891517e-06 4.047542845222564e-06
586 709 504 32768 463 1.178904192026126e-06 3.687383644486211e-06
587 710 504 32768 464 1.147362089865886e-06 3.239389827995262e-06
588 711 504 32768 465 1.146185133262188e-06 3.055263224924119e-06
589 712 504 32768 466 1.146098544228851e-06 2.866062663245083e-06
590 713 504 32768 467 1.136787858734125e-06 2.758647761618187e-06
591 714 504 32768 468 1.156531565572992e-06 2.618422789937533e-06
592 716 504 32768 468 1.205377168625895e-06 2.550414472826448e-06
593 717 504 32768 469 1.198283700166033e-06 2.507517071799849e-06
594 718 504 32768 470 1.043136418494671e-06 1.923190350795776e-06
595 720 504 32768 470 9.996987017183021e-07 1.858605903326474e-06
596 722 504 32768 470 9.245664153816932e-07 1.764315684701526e-06
597 723 504 32768 471 9.253904909820419e-07 1.730437764246748e-06
598 724 504 32768 472 9.260479830008963e-07 1.676651360467128e-06
599 725 504 32768 473 9.216754722761185e-07 1.644326406238579e-06
600 727 504 32768 473 9.079940495978691e-07 1.635912331094778e-06
601 729 504 32768 473 9.019766936895021e-07 1.631494793006152e-06
602 730 504 32768 474 8.954385194443881e-07 1.620428731531213e-06
603 732 504 32768 474 8.881739702777654e-07 1.604891749057577e-06
604 734 504 32768 474 8.843594319562087e-07 1.600057020736724e-06
605 736 504 32768 474 8.736551850996496e-07 1.595934172277331e-06
606 737 504 32768 475 8.749660440769444e-07 1.557776996374865e-06
607 739 504 32768 475 8.045462781904226e-07 1.422580457763222e-06
608 741 504 32768 475 7.169775181892336e-07 1.322301957371156e-06
609 743 504 32768 475 6.765310451117293e-07 1.244432429468765e-06
610 745 504 32768 475 4.640335831621973e-07 9.554762296109357e-07
611 747 504 32768 475 4.036425421296941e-07 9.362629134249989e-07
612 749 504 32768 475 3.287373683317352e-07 8.351900756379536e-07
613 751 504 32768 475 3.300476920269437e-07 8.248728299648911e-07
614 752 504 32768 476 3.313569196268884e-07 8.229677554797634e-07
615 753 504 32768 477 3.311167539498186e-07 8.062636990539961e-07
616 755 504 32768 477 3.157150859691114e-07 7.886768273768498e-07
617 757 504 32768 477 3.170311849676029e-07 7.813362383486156e-07
618 758 504 32768 478 3.171235458271472e-07 7.313258844805073e-07
619 760 504 32768 478 3.056511505515088e-07 5.741859299949179e-07
620 761 504 32768 479 3.056505025124502e-07 5.692744667351834e-07
621 763 504 32768 479 3.089296848586689e-07 5.345394131424893e-07
622 765 504 32768 479 3.087618998529527e-07 5.343704451475905e-07
623 766 504 32768 480 3.087624937192063e-07 5.282680151541910e-07
624 768 504 32768 480 1.483117896816324e-07 3.655520527141270e-07
625 770 504 32768 480 1.347012324123707e-07 3.126822050319113e-07
626 771 504 32768 481 1.346778286270123e-07 2.998284690776142e-07
627 772 504 32768 482 1.346629554404527e-07 2.946127698768083e-07
628 773 504 32768 483 1.345130681531198e-07 2.859509639824070e-07
629 774 504 32768 484 1.225243103761221e-07 2.145208665291846e-07
630 775 504 32768 485 1.224690771915010e-07 1.939104720043835e-07
631 778 504 32768 484 5.344736355472454e-08 1.343734213063871e-07
632 779 504 32768 485 5.616038238061266e-08 1.314016531931733e-07
633 781 504 32768 485 6.314479887730243e-08 1.160730372823611e-07
634 782 504 32768 486 6.303533035041387e-08 1.135219691781041e-07
635 784 504 32768 486 6.378903022174966e-08 1.131856708803235e-07
636 785 504 32768 487 6.212610838666211e-08 1.128556692949354e-07
637 787 504 32768 487 5.929689248518627e-08 1.100664205187075e-07
638 788 504 32768 488 5.900162837646190e-08 1.050549156200794e-07
639 789 504 32768 489 5.906322688296767e-08 1.034575600707603e-07
640 790 504 32768 490 5.907638555178549e-08 1.028200496420004e-07
641 791 504 32768 491 3.125542187394794e-08 6.427795177627336e-08
642 793 504 32768 491 3.116404239020265e-08 6.377588550354926e-08
643 795 504 32768 491 3.115657969356966e-08 5.825047716915092e-08
644 796 504 32768 492 1.661947021636259e-08 4.079459733465778e-08
645 797 504 32768 493 1.661823523846648e-08 3.745375553349655e-08
646 798 504 32768 494 1.670905699722819e-08 3.579976424766825e-08
647 799 504 32768 495 1.670005305155569e-08 3.079810345794705e-08
648 800 504 32768 496 1.668263553949804e-08 2.579233637806533e-08
649 802 504 32768 496 1.591852304706950e-08 2.481706240767101e-08
650 804 504 32768 496 1.503188925037747e-08 2.373624922930090e-08
651 806 504 32768 496 1.480256554475800e-08 2.340978260804600e-08
652 807 504 32768 496 1.480256570096650e-08 2.340978246936237e-08
653 809 504 32768 496 1.469365795703226e-08 2.326788434515344e-08
654 810 504 32768 497 1.469291111000359e-08 2.171197418093147e-08
655 811 504 32768 498 4.903691300239821e-09 6.536268975103890e-09
656 812 504 32768 499 1.367200269664082e-09 1.728349139466195e-09
657 814 504 32768 499 1.367114685346671e-09 1.728241734113328e-09
658 816 504 32768 499 1.366747486020170e-09 1.727781194969695e-09
659 817 504 32768 499 1.366747486020170e-09 1.727781194969695e-09
660 818 504 32768 499 1.366747486020170e-09 1.727781194969695e-09
661 819 504 32768 499 1.366747486020170e-09 1.727781194969695e-09
662 821 504 32768 499 1.366748304809651e-09 1.727782210504433e-09
663 822 504 32768 499 1.366748304809651e-09 1.727782210504433e-09
664 824 504 32768 499 1.366756076370823e-09 1.727791971574671e-09
665 826 504 32768 499 1.366748332565226e-09 1.727782231085877e-09
666 827 504 32768 499 1.366748332565226e-09 1.727782231085877e-09
667 828 504 32768 499 1.366748332565226e-09 1.727782231085877e-09
668 830 504 32768 499 1.366730319196652e-09 1.727759648538742e-09
669 831 504 32768 499 1.366730319196652e-09 1.727759648538742e-09
670 832 504 32768 499 1.366730319196652e-09 1.727759648538742e-09
671 833 504 32768 499 1.366730319196652e-09 1.727759648538742e-09
672 834 504 32768 499 1.366730319196652e-09 1.727759648538742e-09
673 836 504 32768 499 1.366721770479362e-09 1.727748889522710e-09
674 837 504 32768 499 1.366721770479362e-09 1.727748889522710e-09
675 839 504 32768 499 1.366723269280445e-09 1.727750782931496e-09
676 840 504 32768 499 1.366723269280445e-09 1.727750782931496e-09
677 841 504 32768 499 1.366723269280445e-09 1.727750782931496e-09
678 843 504 32768 499 1.366717940209927e-09 1.727744100083455e-09
679 844 504 32768 499 1.366717940209927e-09 1.727744100083455e-09
680 846 504 32768 499 1.366795975010771e-09 1.727842014141577e-09
681 848 504 32768 499 1.366794517843051e-09 1.727840185399365e-09
682 849 504 32768 499 1.366794517843051e-09 1.727840185399365e-09
683 851 504 32768 499 1.366794628865353e-09 1.727840294448412e-09
684 852 504 32768 499 1.366794628865353e-09 1.727840294448412e-09
685 853 504 32768 499 1.366794628865353e-09 1.727840294448412e-09
686 855 504 32768 499 1.366779515954430e-09 1.727821359748503e-09
687 856 504 32768 499 1.366779515954430e-09 1.727821359748503e-09
688 858 504 32768 499 1.366780959244362e-09 1.727823139728369e-09
689 860 504 32768 499 1.366779515954430e-09 1.727821345732834e-09
690 861 504 32768 499 1.366779515954430e-09 1.727821345732834e-09
691 862 504 32768 499 1.366779515954430e-09 1.727821345732834e-09
692 864 504 32768 499 1.366637088218159e-09 1.727642586276488e-09
693 866 504 32768 499 1.366629594212743e-09 1.727633140749979e-09
694 867 504 32768 499 1.366629594212743e-09 1.727633140749979e-09
695 869 504 32768 499 1.366637199240461e-09 1.727642708027835e-09
696 871 504 32768 499 1.366629552579379e-09 1.727633120094104e-09
697 872 504 32768 499 1.366629552579379e-09 1.727633120094104e-09
698 874 504 32768 499 1.366643652411792e-09 1.727650807727358e-09
699 876 504 32768 499 1.366629552579379e-09 1.727633120094104e-09
700 877 504 32768 499 1.366629552579379e-09 1.727633120094104e-09
701 878 504 32768 499 1.366629552579379e-09 1.727633120094104e-09
702 880 504 32768 499 1.366292703974814e-09 1.727209985321204e-09
703 881 504 32768 499 1.366292703974814e-09 1.727209985321204e-09
704 882 504 32768 499 1.366292703974814e-09 1.727209985321204e-09
705 883 504 32768 499 1.366292703974814e-09 1.727209985321204e-09
706 884 504 32768 499 1.366292703974814e-09 1.727209985321204e-09
707 886 504 32768 499 1.366292037840999e-09 1.727209190508134e-09
708 888 504 32768 499 1.366280741321724e-09 1.727194947588653e-09
709 889 504 32768 499 1.366280741321724e-09 1.727194947588653e-09
710 891 504 32768 499 1.366292093352151e-09 1.727209223719832e-09
711 893 504 32768 499 1.366280741321724e-09 1.727194958536262e-09
712 894 504 32768 499 1.366280741321724e-09 1.727194958536262e-09
713 895 504 32768 499 1.366280741321724e-09 1.727194958536262e-09
714 897 504 32768 499 1.366280213965787e-09 1.727194287157240e-09
715 898 504 32768 499 1.366280213965787e-09 1.727194287157240e-09
716 899 504 32768 499 1.366280213965787e-09 1.727194287157240e-09
717 900 504 32768 499 1.366280213965787e-09 1.727194287157240e-09
718 901 504 32768 499 1.366280213965787e-09 1.727194287157240e-09
719 903 504 32768 499 1.366278770675855e-09 1.727192491775885e-09
720 904 504 32768 499 1.366278770675855e-09 1.727192491775885e-09
721 906 504 32768 499 1.366280796832875e-09 1.727195032987861e-09
722 907 504 32768 499 1.366280796832875e-09 1.727195032987861e-09
723 909 504 32768 499 1.366281851544748e-09 1.727196324286951e-09
724 911 504 32768 499 1.366280852344026e-09 1.727195077219907e-09
725 912 504 32768 499 1.366280852344026e-09 1.727195077219907e-09
726 914 504 32768 499 1.366293009286146e-09 1.727210335610596e-09
727 916 504 32768 499 1.366280880099602e-09 1.727195132475196e-09
728 918 504 32768 499 1.366223231769048e-09 1.727122739767137e-09
729 919 504 32768 499 1.366223231769048e-09 1.727122739767137e-09
730 921 504 32768 499 1.366243493339248e-09 1.727148228270649e-09
731 923 504 32768 499 1.366224258725346e-09 1.727124083986578e-09
732 925 504 32768 499 1.366222843190990e-09 1.727122274440433e-09
733 926 504 32768 499 1.366222843190990e-09 1.727122274440433e-09
734 927 504 32768 499 1.366222843190990e-09 1.727122274440433e-09
735 928 504 32768 499 1.366222843190990e-09 1.727122274440433e-09
736 929 504 32768 499 1.366222843190990e-09 1.727122274440433e-09
737 931 504 32768 499 1.366221344389906e-09 1.727120414094534e-09
738 932 504 32768 499 1.366221344389906e-09 1.727120414094534e-09
739 933 504 32768 499 1.366221344389906e-09 1.727120414094534e-09
740 935 504 32768 499 1.366199417485170e-09 1.727092872543538e-09
741 937 504 32768 499 1.366178711825761e-09 1.727066878789303e-09
742 938 504 32768 499 1.366178711825761e-09 1.727066878789303e-09
743 939 504 32768 499 1.366178711825761e-09 1.727066878789303e-09
744 940 504 32768 499 1.366178711825761e-09 1.727066878789303e-09
745 941 504 32768 499 1.366178711825761e-09 1.727066878789303e-09
746 943 504 32768 499 1.366163696059353e-09 1.727048076713996e-09
747 944 504 32768 499 1.366163696059353e-09 1.727048076713996e-09
748 946 504 32768 499 1.366196281105125e-09 1.727088954992864e-09
749 947 504 32768 499 1.366196281105125e-09 1.727088954992864e-09
750 948 504 32768 499 1.366196281105125e-09 1.727088954992864e-09
751 950 504 32768 499 1.366163696059353e-09 1.727048031021177e-09
752 951 504 32768 499 1.366163696059353e-09 1.727048031021177e-09
753 953 504 32768 499 1.366178822848063e-09 1.727067035137462e-09
754 955 504 32768 499 1.366093058119411e-09 1.726959426020041e-09
755 956 504 32768 499 1.366093058119411e-09 1.726959426020041e-09
756 958 504 32768 499 1.366094862231826e-09 1.726961685049316e-09
757 960 504 32768 499 1.366093085874986e-09 1.726959451057695e-09
758 961 504 32768 499 1.366093085874986e-09 1.726959451057695e-09
759 963 504 32768 499 1.366094889987401e-09 1.726961693148661e-09
760 965 504 32768 499 1.366093085874986e-09 1.726959451057695e-09
761 966 504 32768 499 1.366093085874986e-09 1.726959451057695e-09
762 967 504 32768 499 1.366093085874986e-09 1.726959451057695e-09
763 969 504 32768 499 1.366080068510023e-09 1.726943085083489e-09
764 970 504 32768 499 1.366080068510023e-09 1.726943085083489e-09
765 972 504 32768 499 1.366093085874986e-09 1.726959448062448e-09
766 974 504 32768 499 1.366079985243296e-09 1.726943020195297e-09
767 975 504 32768 499 1.366079985243296e-09 1.726943020195297e-09
768 976 504 32768 499 1.366079985243296e-09 1.726943020195297e-09
769 978 504 32768 499 1.366066745833727e-09 1.726926412337390e-09
770 979 504 32768 499 1.366066745833727e-09 1.726926412337390e-09
771 980 504 32768 499 1.366066745833727e-09 1.726926412337390e-09
772 982 504 32768 499 1.366064719676707e-09 1.726923901046857e-09
773 984 504 32768 499 1.366059057539282e-09 1.726916764567172e-09
774 986 504 32768 499 1.365907623118723e-09 1.726726700742981e-09
775 988 504 32768 499 1.365887888904460e-09 1.726701946101382e-09
776 989 504 32768 499 1.365887888904460e-09 1.726701946101382e-09
777 990 504 32768 499 1.365887888904460e-09 1.726701946101382e-09
778 992 504 32768 499 1.365887861148884e-09 1.726701933546920e-09
779 994 504 32768 499 1.365887888904460e-09 1.726701954201713e-09
780 996 504 32768 499 1.365883309234484e-09 1.726696184326794e-09
781 997 504 32768 499 1.365883309234484e-09 1.726696184326794e-09
782 998 504 32768 499 1.365883309234484e-09 1.726696184326794e-09
783 999 504 32768 499 1.365883309234484e-09 1.726696184326794e-09
784 1001 504 32768 499 1.365883670056967e-09 1.726696600744531e-09
785 1002 504 32768 499 1.365883670056967e-09 1.726696600744531e-09
786 1004 504 32768 499 1.366021420978747e-09 1.726869502815654e-09
787 1006 504 32768 499 1.366020838111659e-09 1.726868729014455e-09
788 1008 504 32768 499 1.366015259240960e-09 1.726861781742369e-09
789 1010 504 32768 499 1.366013066550487e-09 1.726859064104535e-09
790 1011 504 32768 499 1.366013066550487e-09 1.726859064104535e-09
791 1012 504 32768 499 1.366013066550487e-09 1.726859064104535e-09
792 1014 504 32768 499 1.365865656688392e-09 1.726674055799729e-09
793 1015 504 32768 499 1.365865656688392e-09 1.726674055799729e-09
794 1016 504 32768 499 1.365865656688392e-09 1.726674055799729e-09
795 1017 504 32768 499 1.365865656688392e-09 1.726674055799729e-09
796 1019 504 32768 499 1.365866544866812e-09 1.726675193967210e-09
797 1020 504 32768 499 1.365866544866812e-09 1.726675193967210e-09
798 1022 504 32768 499 1.365866655889114e-09 1.726675319804350e-09
799 1024 504 32768 499 1.365866489355660e-09 1.726675137031179e-09
800 1026 504 32768 499 1.365863852575977e-09 1.726671820204535e-09
801 1027 504 32768 499 1.365863852575977e-09 1.726671820204535e-09
802 1029 504 32768 499 1.365972848721420e-09 1.726808633295504e-09
803 1031 504 32768 499 1.365972210343180e-09 1.726807845347640e-09
804 1032 504 32768 499 1.365972210343180e-09 1.726807845347640e-09
805 1034 504 32768 499 1.365976595724128e-09 1.726813334339929e-09
806 1036 504 32768 499 1.365972210343180e-09 1.726807845347640e-09
807 1037 504 32768 499 1.365972210343180e-09 1.726807845347640e-09
808 1039 504 32768 499 1.366012650216852e-09 1.726858585718567e-09
809 1041 504 32768 499 1.366010707326559e-09 1.726856143771838e-09
810 1042 504 32768 499 1.366010707326559e-09 1.726856143771838e-09
811 1044 504 32768 499 1.366018423376580e-09 1.726865821557321e-09
812 1045 504 32768 499 1.366018423376580e-09 1.726865821557321e-09
813 1046 504 32768 499 1.366018423376580e-09 1.726865821557321e-09
814 1047 504 32768 499 1.366018423376580e-09 1.726865821557321e-09
815 1048 504 32768 499 1.366018423376580e-09 1.726865821557321e-09
816 1049 504 32768 499 1.366018423376580e-09 1.726865821557321e-09
817 1050 504 32768 499 1.366018423376580e-09 1.726865821557321e-09
818 1051 504 32768 499 1.366018423376580e-09 1.726865821557321e-09
819 1053 504 32768 499 1.366029248051071e-09 1.726879399306482e-09
820 1055 504 32768 499 1.366018395621005e-09 1.726865797906351e-09
821 1057 504 32768 499 1.366017146620102e-09 1.726864230917180e-09
822 1058 504 32768 499 1.366017146620102e-09 1.726864230917180e-09
823 1060 504 32768 499 1.366019561355181e-09 1.726867229425267e-09
824 1061 504 32768 499 1.366019561355181e-09 1.726867229425267e-09
825 1062 504 32768 499 1.366019561355181e-09 1.726867229425267e-09
826 1063 504 32768 499 1.366019561355181e-09 1.726867229425267e-09
827 1064 504 32768 499 1.366019561355181e-09 1.726867229425267e-09
828 1066 504 32768 499 1.366017118864526e-09 1.726864199240957e-09
829 1067 504 32768 499 1.366017118864526e-09 1.726864199240957e-09
830 1069 504 32768 499 1.366019422577303e-09 1.726867095267026e-09
831 1070 504 32768 499 1.366019422577303e-09 1.726867095267026e-09
NNLS stall detected... exiting
NNLS solver: m = 504, n = 32768, outer_iter = 831, inner_iter = 1070
Warning: NNLS unconverged. Stalled = 1
resErr = 1.36601942e-09 vs tol = 1.00000000e-14; mumax = 1.793076e-17 vs tol = 3.943702e-26
0: Number of nonzeros in NNLS solution: 499, out of 32768
Global number of nonzeros in NNLS solution: 499
0: relative residual norm for NNLS solution of Gs = Gw: 3.87075e-10
0: EQP using 274 elements out of 2048
Lifted initial energies, EE = 2.03224e-18, KE = 0.000318123, TE = 0
step 1, t = 0.008, EE = 4.33369e-09, KE = 0.000318115, TE = -4.12693e-09
step 2, t = 0.016, EE = 1.73328e-08, KE = 0.000318105, TE = -6.06448e-10
step 3, t = 0.024, EE = 3.89945e-08, KE = 0.000318095, TE = 1.05568e-08
step 4, t = 0.032, EE = 6.93157e-08, KE = 0.000318083, TE = 2.93592e-08
step 5, t = 0.04, EE = 1.08293e-07, KE = 0.000318071, TE = 5.57979e-08
step 6, t = 0.048, EE = 1.55925e-07, KE = 0.000318057, TE = 8.98709e-08
step 7, t = 0.056, EE = 2.12206e-07, KE = 0.000318042, TE = 1.31577e-07
step 8, t = 0.064, EE = 2.77135e-07, KE = 0.000318027, TE = 1.80915e-07
step 9, t = 0.072, EE = 3.50707e-07, KE = 0.00031801, TE = 2.37884e-07
step 10, t = 0.08, EE = 4.32919e-07, KE = 0.000317993, TE = 3.02486e-07
step 11, t = 0.088, EE = 5.23768e-07, KE = 0.000317974, TE = 3.7472e-07
step 12, t = 0.096, EE = 6.2325e-07, KE = 0.000317954, TE = 4.54588e-07
step 13, t = 0.104, EE = 7.31362e-07, KE = 0.000317934, TE = 5.4209e-07
step 14, t = 0.112, EE = 8.48099e-07, KE = 0.000317912, TE = 6.37228e-07
step 15, t = 0.12, EE = 9.73457e-07, KE = 0.00031789, TE = 7.40004e-07
step 16, t = 0.128, EE = 1.10743e-06, KE = 0.000317866, TE = 8.50418e-07
step 17, t = 0.136, EE = 1.25002e-06, KE = 0.000317842, TE = 9.68475e-07
step 18, t = 0.144, EE = 1.40122e-06, KE = 0.000317816, TE = 1.09417e-06
step 19, t = 0.152, EE = 1.56102e-06, KE = 0.00031779, TE = 1.22752e-06
step 20, t = 0.16, EE = 1.72942e-06, KE = 0.000317762, TE = 1.36851e-06
step 21, t = 0.168, EE = 1.90642e-06, KE = 0.000317734, TE = 1.51715e-06
step 22, t = 0.176, EE = 2.092e-06, KE = 0.000317705, TE = 1.67345e-06
step 23, t = 0.184, EE = 2.28617e-06, KE = 0.000317674, TE = 1.83739e-06
step 24, t = 0.192, EE = 2.48892e-06, KE = 0.000317643, TE = 2.00899e-06
step 25, t = 0.2, EE = 2.70024e-06, KE = 0.000317611, TE = 2.18826e-06
step 26, t = 0.208, EE = 2.92013e-06, KE = 0.000317578, TE = 2.37518e-06
step 27, t = 0.216, EE = 3.14859e-06, KE = 0.000317544, TE = 2.56976e-06
step 28, t = 0.224, EE = 3.3856e-06, KE = 0.00031751, TE = 2.772e-06
step 29, t = 0.232, EE = 3.63116e-06, KE = 0.000317474, TE = 2.98191e-06
step 30, t = 0.24, EE = 3.88526e-06, KE = 0.000317437, TE = 3.19949e-06
step 31, t = 0.248, EE = 4.14791e-06, KE = 0.0003174, TE = 3.42474e-06
step 32, t = 0.256, EE = 4.41908e-06, KE = 0.000317362, TE = 3.65765e-06
step 33, t = 0.264, EE = 4.69879e-06, KE = 0.000317323, TE = 3.89824e-06
step 34, t = 0.272, EE = 4.98701e-06, KE = 0.000317283, TE = 4.14649e-06
step 35, t = 0.28, EE = 5.28374e-06, KE = 0.000317242, TE = 4.40242e-06
step 36, t = 0.288, EE = 5.58897e-06, KE = 0.0003172, TE = 4.66603e-06
step 37, t = 0.296, EE = 5.90271e-06, KE = 0.000317158, TE = 4.9373e-06
step 38, t = 0.304, EE = 6.22493e-06, KE = 0.000317114, TE = 5.21626e-06
step 39, t = 0.312, EE = 6.55564e-06, KE = 0.00031707, TE = 5.50288e-06
step 40, t = 0.32, EE = 6.89482e-06, KE = 0.000317025, TE = 5.79718e-06
step 41, t = 0.328, EE = 7.24246e-06, KE = 0.00031698, TE = 6.09916e-06
step 42, t = 0.336, EE = 7.59857e-06, KE = 0.000316933, TE = 6.4088e-06
step 43, t = 0.344, EE = 7.96312e-06, KE = 0.000316886, TE = 6.72613e-06
step 44, t = 0.352, EE = 8.33612e-06, KE = 0.000316838, TE = 7.05112e-06
step 45, t = 0.36, EE = 8.71755e-06, KE = 0.000316789, TE = 7.38379e-06
step 46, t = 0.368, EE = 9.10741e-06, KE = 0.00031674, TE = 7.72413e-06
step 47, t = 0.376, EE = 9.50568e-06, KE = 0.00031669, TE = 8.07214e-06
step 48, t = 0.384, EE = 9.91236e-06, KE = 0.000316639, TE = 8.42781e-06
step 49, t = 0.392, EE = 1.03274e-05, KE = 0.000316587, TE = 8.79116e-06
step 50, t = 0.4, EE = 1.07509e-05, KE = 0.000316534, TE = 9.16216e-06
step 51, t = 0.408, EE = 1.11827e-05, KE = 0.000316481, TE = 9.54083e-06
step 52, t = 0.416, EE = 1.1623e-05, KE = 0.000316427, TE = 9.92717e-06
step 53, t = 0.424, EE = 1.20715e-05, KE = 0.000316373, TE = 1.03212e-05
step 54, t = 0.432, EE = 1.25284e-05, KE = 0.000316317, TE = 1.07228e-05
step 55, t = 0.44, EE = 1.29937e-05, KE = 0.000316261, TE = 1.11321e-05
step 56, t = 0.448, EE = 1.34673e-05, KE = 0.000316205, TE = 1.1549e-05
step 57, t = 0.456, EE = 1.39492e-05, KE = 0.000316148, TE = 1.19736e-05
step 58, t = 0.464, EE = 1.44394e-05, KE = 0.00031609, TE = 1.24059e-05
step 59, t = 0.472, EE = 1.49379e-05, KE = 0.000316031, TE = 1.28457e-05
step 60, t = 0.48, EE = 1.54447e-05, KE = 0.000315972, TE = 1.32933e-05
step 61, t = 0.488, EE = 1.59598e-05, KE = 0.000315912, TE = 1.37484e-05
step 62, t = 0.496, EE = 1.64831e-05, KE = 0.000315851, TE = 1.42112e-05
step 63, t = 0.504, EE = 1.70147e-05, KE = 0.00031579, TE = 1.46816e-05
step 64, t = 0.512, EE = 1.75545e-05, KE = 0.000315728, TE = 1.51596e-05
step 65, t = 0.52, EE = 1.81026e-05, KE = 0.000315666, TE = 1.56452e-05
step 66, t = 0.528, EE = 1.86588e-05, KE = 0.000315603, TE = 1.61384e-05
step 67, t = 0.536, EE = 1.92233e-05, KE = 0.000315539, TE = 1.66392e-05
step 68, t = 0.544, EE = 1.9796e-05, KE = 0.000315475, TE = 1.71477e-05
step 69, t = 0.552, EE = 2.03768e-05, KE = 0.00031541, TE = 1.76637e-05
step 70, t = 0.56, EE = 2.09658e-05, KE = 0.000315345, TE = 1.81873e-05
step 71, t = 0.568, EE = 2.15629e-05, KE = 0.000315279, TE = 1.87185e-05
step 72, t = 0.576, EE = 2.21682e-05, KE = 0.000315212, TE = 1.92572e-05
step 73, t = 0.584, EE = 2.27817e-05, KE = 0.000315145, TE = 1.98036e-05
step 74, t = 0.592, EE = 2.34032e-05, KE = 0.000315077, TE = 2.03574e-05
step 75, t = 0.6, EE = 2.40328e-05, KE = 0.000315009, TE = 2.09189e-05
step 76, t = 0.608, EE = 2.46705e-05, KE = 0.00031494, TE = 2.14878e-05
step 77, t = 0.616, EE = 2.53163e-05, KE = 0.000314871, TE = 2.20644e-05
step 78, t = 0.624, EE = 2.59702e-05, KE = 0.000314801, TE = 2.26484e-05
step 79, t = 0.632, EE = 2.66321e-05, KE = 0.000314731, TE = 2.324e-05
step 80, t = 0.64, EE = 2.7302e-05, KE = 0.00031466, TE = 2.3839e-05
step 81, t = 0.648, EE = 2.79799e-05, KE = 0.000314589, TE = 2.44456e-05
step 82, t = 0.656, EE = 2.86659e-05, KE = 0.000314517, TE = 2.50597e-05
step 83, t = 0.664, EE = 2.93598e-05, KE = 0.000314445, TE = 2.56813e-05
step 84, t = 0.672, EE = 3.00617e-05, KE = 0.000314372, TE = 2.63103e-05
step 85, t = 0.68, EE = 3.07715e-05, KE = 0.000314298, TE = 2.69469e-05
step 86, t = 0.688, EE = 3.14893e-05, KE = 0.000314225, TE = 2.75908e-05
step 87, t = 0.696, EE = 3.2215e-05, KE = 0.00031415, TE = 2.82423e-05
step 88, t = 0.704, EE = 3.29486e-05, KE = 0.000314076, TE = 2.89012e-05
step 89, t = 0.712, EE = 3.36901e-05, KE = 0.000314, TE = 2.95675e-05
step 90, t = 0.72, EE = 3.44395e-05, KE = 0.000313925, TE = 3.02412e-05
step 91, t = 0.728, EE = 3.51967e-05, KE = 0.000313849, TE = 3.09223e-05
step 92, t = 0.736, EE = 3.59618e-05, KE = 0.000313772, TE = 3.16109e-05
step 93, t = 0.744, EE = 3.67347e-05, KE = 0.000313695, TE = 3.23068e-05
step 94, t = 0.752, EE = 3.75154e-05, KE = 0.000313618, TE = 3.30101e-05
step 95, t = 0.76, EE = 3.83039e-05, KE = 0.00031354, TE = 3.37208e-05
step 96, t = 0.768, EE = 3.91002e-05, KE = 0.000313462, TE = 3.44389e-05
step 97, t = 0.776, EE = 3.99042e-05, KE = 0.000313383, TE = 3.51642e-05
step 98, t = 0.784, EE = 4.0716e-05, KE = 0.000313304, TE = 3.5897e-05
step 99, t = 0.792, EE = 4.15354e-05, KE = 0.000313225, TE = 3.6637e-05
step 100, t = 0.8, EE = 4.23626e-05, KE = 0.000313145, TE = 3.73844e-05
step 101, t = 0.808, EE = 4.31975e-05, KE = 0.000313065, TE = 3.8139e-05
step 102, t = 0.816, EE = 4.40401e-05, KE = 0.000312984, TE = 3.8901e-05
step 103, t = 0.824, EE = 4.48902e-05, KE = 0.000312903, TE = 3.96702e-05
step 104, t = 0.832, EE = 4.57481e-05, KE = 0.000312822, TE = 4.04466e-05
step 105, t = 0.84, EE = 4.66135e-05, KE = 0.00031274, TE = 4.12303e-05
step 106, t = 0.848, EE = 4.74865e-05, KE = 0.000312658, TE = 4.20213e-05
step 107, t = 0.856, EE = 4.83671e-05, KE = 0.000312575, TE = 4.28195e-05
step 108, t = 0.864, EE = 4.92553e-05, KE = 0.000312493, TE = 4.36248e-05
step 109, t = 0.872, EE = 5.0151e-05, KE = 0.00031241, TE = 4.44374e-05
step 110, t = 0.88, EE = 5.10542e-05, KE = 0.000312326, TE = 4.52572e-05
step 111, t = 0.888, EE = 5.19649e-05, KE = 0.000312242, TE = 4.60841e-05
step 112, t = 0.896, EE = 5.2883e-05, KE = 0.000312158, TE = 4.69181e-05
step 113, t = 0.904, EE = 5.38086e-05, KE = 0.000312074, TE = 4.77593e-05
step 114, t = 0.912, EE = 5.47417e-05, KE = 0.000311989, TE = 4.86076e-05
step 115, t = 0.92, EE = 5.56822e-05, KE = 0.000311904, TE = 4.9463e-05
step 116, t = 0.928, EE = 5.663e-05, KE = 0.000311819, TE = 5.03255e-05
step 117, t = 0.936, EE = 5.75853e-05, KE = 0.000311733, TE = 5.11951e-05
step 118, t = 0.944, EE = 5.85479e-05, KE = 0.000311647, TE = 5.20718e-05
step 119, t = 0.952, EE = 5.95178e-05, KE = 0.000311561, TE = 5.29554e-05
step 120, t = 0.96, EE = 6.0495e-05, KE = 0.000311474, TE = 5.38461e-05
step 121, t = 0.968, EE = 6.14795e-05, KE = 0.000311387, TE = 5.47439e-05
step 122, t = 0.976, EE = 6.24713e-05, KE = 0.0003113, TE = 5.56486e-05
step 123, t = 0.984, EE = 6.34703e-05, KE = 0.000311213, TE = 5.65603e-05
step 124, t = 0.992, EE = 6.44766e-05, KE = 0.000311125, TE = 5.74789e-05
step 125, t = 1, EE = 6.549e-05, KE = 0.000311038, TE = 5.84045e-05
Elapsed time for time integration loop 0.319206
Relative error of ROM position (x) at t_final: 1 is 0.000191382
Relative error of ROM velocity (v) at t_final: 1 is 0.255829
Elapsed time for entire simulation 21.5322
