Options used:
   --mesh ../data/beam-quad.mesh
   --refine-serial 3
   --refine-parallel 0
   --order 2
   --ode-solver 14
   --t-final 1
   --time-step 0.01
   --viscosity 0.01
   --shear-modulus 0.25
   --bulk-modulus 5
   --adaptive-lin-rtol
   --visualization
   --no-visit-datafiles
   --visualization-steps 1
   --nset 1
   --no-offline
   --online
   --no-merge
   --no-qdeim
   --no-sopt
   --nsr -1
   --rxdim 1
   --rvdim 2
   --hdim 1
   --id 0
   --hyperreduce
   --not-xbase-only
   --velocity-ic
   --scaling 1
   --eqp
   --no-sample-mesh
   --no-preceqp
   --tol-nnls 1e-14
   --max-nnls 0
   --n-time-windows 0
Number of velocity/deformation unknowns: 4386
initial elastic energy (EE) = 3.93175e-18
initial kinetic energy (KE) = 0.000318123
initial   total energy (TE) = 0.000318123
Opening file: basisV.000000
reduced V dim = 2
Opening file: basisX.000000
reduced X dim = 1
Opening file: basisH.000000
reduced H dim = 1
Opening file: basis0_X_snapshot.000000
NNLSSolver init on rank 0 out of 1 processes
0 0 202 8192 0 1.682486009750697e+01 2.584053808362786e+01
1 1 202 8192 1 1.248762387951582e+01 2.072665239349231e+01
2 2 202 8192 2 9.506188259707690e+00 1.922629518121153e+01
3 3 202 8192 3 7.867952628797550e+00 1.673306025079713e+01
4 4 202 8192 4 3.028375037676743e+00 5.923642085702151e+00
5 5 202 8192 5 1.942792616922405e+00 4.582328554201546e+00
6 6 202 8192 6 1.943376487373597e+00 4.156385411188184e+00
7 7 202 8192 7 1.944215039255501e+00 4.038500112217807e+00
8 8 202 8192 8 1.943518466129354e+00 3.986518917798788e+00
9 9 202 8192 9 1.952948437233458e+00 3.905150503108325e+00
10 10 202 8192 10 7.882546274655453e-01 2.931484678962794e+00
11 11 202 8192 11 7.880792274339014e-01 2.833194269808978e+00
12 12 202 8192 12 7.794468538589885e-01 2.732046546666958e+00
13 13 202 8192 13 7.796414467319526e-01 2.653203270733402e+00
14 14 202 8192 14 7.693356482925624e-01 2.561972334413857e+00
15 15 202 8192 15 7.697394693896152e-01 2.488960440569528e+00
16 16 202 8192 16 7.628384460964798e-01 2.426853217398310e+00
17 17 202 8192 17 7.598344003392985e-01 2.365085269124229e+00
18 18 202 8192 18 7.590773493820395e-01 2.306512580753415e+00
19 19 202 8192 19 6.177743942488892e-01 2.124116239634765e+00
20 20 202 8192 20 6.177710226890266e-01 2.070884740856954e+00
21 21 202 8192 21 6.080454476296510e-01 2.039627742701184e+00
22 22 202 8192 22 5.154194604902780e-01 1.985438018954457e+00
23 23 202 8192 23 5.139104299748962e-01 1.945342652063693e+00
24 24 202 8192 24 5.104058884697702e-01 1.905545565358906e+00
25 25 202 8192 25 5.098025733419450e-01 1.869658006387709e+00
26 26 202 8192 26 5.078525434569507e-01 1.836472159722494e+00
27 27 202 8192 27 5.078721017224522e-01 1.804387773439413e+00
28 28 202 8192 28 5.048864109875951e-01 1.773829353707180e+00
29 29 202 8192 29 5.043327703642149e-01 1.743313383432474e+00
30 30 202 8192 30 5.045444579623602e-01 1.728582655158515e+00
31 31 202 8192 31 5.048680201378943e-01 1.688196922201205e+00
32 32 202 8192 32 4.936110224290192e-01 1.660564110563649e+00
33 33 202 8192 33 4.908776141725004e-01 1.633210069397171e+00
34 34 202 8192 34 4.906113091165054e-01 1.602986919445250e+00
35 35 202 8192 35 4.892985451471629e-01 1.575317209895897e+00
36 36 202 8192 36 5.016823059814611e-01 1.538320522853759e+00
37 37 202 8192 37 5.016835552620169e-01 1.514023594024227e+00
38 38 202 8192 38 5.016298064111885e-01 1.491762037125483e+00
39 39 202 8192 39 5.016222952651980e-01 1.476787449888879e+00
40 40 202 8192 40 4.996925571067714e-01 1.460877860121828e+00
41 41 202 8192 41 5.033116244109511e-01 1.439431180087060e+00
42 42 202 8192 42 5.032740694038292e-01 1.423656101979715e+00
43 43 202 8192 43 5.032428875401974e-01 1.408906595955523e+00
44 44 202 8192 44 5.075981225238830e-01 1.395076493320243e+00
45 45 202 8192 45 5.076905399874607e-01 1.381447050851558e+00
46 46 202 8192 46 5.078143262430326e-01 1.368889272471266e+00
47 47 202 8192 47 5.075217708391891e-01 1.363295500292570e+00
48 48 202 8192 48 5.060267103950993e-01 1.352724816506820e+00
49 49 202 8192 49 5.045787612222551e-01 1.342297103576839e+00
50 50 202 8192 50 5.045563919115007e-01 1.331793086459237e+00
51 51 202 8192 51 5.044310022609786e-01 1.321523372124276e+00
52 52 202 8192 52 5.026777258247042e-01 1.311664147084173e+00
53 53 202 8192 53 5.026444168763283e-01 1.302133590263305e+00
54 54 202 8192 54 5.080840669256452e-01 1.292894697024584e+00
55 55 202 8192 55 5.070222487731242e-01 1.283534227295145e+00
56 56 202 8192 56 5.067925482762886e-01 1.274194216943193e+00
57 57 202 8192 57 5.068039452715420e-01 1.265016600591295e+00
58 58 202 8192 58 5.068147121377770e-01 1.255837682844376e+00
59 59 202 8192 59 5.063615450900290e-01 1.246752847681039e+00
60 60 202 8192 60 5.008282287391899e-01 1.213887963533838e+00
61 61 202 8192 61 5.008144188547861e-01 1.206601799419522e+00
62 62 202 8192 62 2.712385164559047e-01 1.003276223167928e+00
63 63 202 8192 63 2.829181655041512e-01 9.472675505667223e-01
64 64 202 8192 64 2.829199938658087e-01 9.381605225140753e-01
65 65 202 8192 65 2.828998007343362e-01 9.300106447435049e-01
66 66 202 8192 66 2.829041352364708e-01 9.213498703493097e-01
67 67 202 8192 67 2.824408507690864e-01 9.140742866071569e-01
68 68 202 8192 68 2.824426530350430e-01 9.070432648290015e-01
69 69 202 8192 69 2.824583249744470e-01 9.001657612568743e-01
70 70 202 8192 70 2.827241719461489e-01 8.932284894748321e-01
71 71 202 8192 71 2.826872672668532e-01 8.872066025442373e-01
72 72 202 8192 72 2.826377215130655e-01 8.817898185886280e-01
73 73 202 8192 73 2.826235674315993e-01 8.766405319665488e-01
74 74 202 8192 74 2.825760193801570e-01 8.716858394537739e-01
75 75 202 8192 75 2.821440480231211e-01 8.668768232129029e-01
76 76 202 8192 76 2.817340484918485e-01 8.622268464108650e-01
77 77 202 8192 77 2.818765172649442e-01 8.599840009344583e-01
78 78 202 8192 78 2.818790077952482e-01 8.556889467855202e-01
79 79 202 8192 79 2.818398146945728e-01 8.517217773119147e-01
80 80 202 8192 80 2.818172641696685e-01 8.477976022173423e-01
81 81 202 8192 81 2.818748797465611e-01 8.414276243594389e-01
82 82 202 8192 82 2.818485833738328e-01 8.374993356507661e-01
83 83 202 8192 83 2.817371876019520e-01 8.330637441202047e-01
84 84 202 8192 84 2.811210755488894e-01 8.295960700244122e-01
85 85 202 8192 85 2.811128387718312e-01 8.261866528605557e-01
86 86 202 8192 86 2.807860719138480e-01 8.007986555714095e-01
87 87 202 8192 87 2.810111807056129e-01 7.976529919390386e-01
88 88 202 8192 88 2.809820351552398e-01 7.946588332993434e-01
89 89 202 8192 89 2.809489423387559e-01 7.917338941879148e-01
90 90 202 8192 90 2.757857526256320e-01 7.490720321232691e-01
91 91 202 8192 91 2.761293827975664e-01 7.453900215518077e-01
92 92 202 8192 92 2.761287358043033e-01 7.423414289176548e-01
93 95 202 8192 91 2.459431716954832e-01 6.431759455507684e-01
94 96 202 8192 92 2.457647504995012e-01 6.406428335086175e-01
95 97 202 8192 93 2.457856591880840e-01 6.388581506452031e-01
96 98 202 8192 94 2.456263125499499e-01 6.353081697070754e-01
97 99 202 8192 95 2.456285908924596e-01 6.335569551750577e-01
98 100 202 8192 96 2.427532324941899e-01 6.078872901417098e-01
99 101 202 8192 97 2.396806028046660e-01 5.656925553682375e-01
100 102 202 8192 98 2.396576714638576e-01 5.640857486092767e-01
101 103 202 8192 99 2.396590923047483e-01 5.540873369911046e-01
102 104 202 8192 100 2.366954609693158e-01 5.490612373889203e-01
103 105 202 8192 101 2.366940698732899e-01 5.477833700060423e-01
104 106 202 8192 102 2.366449584552146e-01 5.442031791004914e-01
105 108 202 8192 102 2.200170932075335e-01 4.929935852228988e-01
106 109 202 8192 103 2.176394217551682e-01 4.902621598610861e-01
107 111 202 8192 103 2.186063223347962e-01 4.853938892531805e-01
108 112 202 8192 104 2.171237606026615e-01 4.840772257490933e-01
109 113 202 8192 105 2.172321725694823e-01 4.817971907279401e-01
110 114 202 8192 106 2.158930598921605e-01 4.797849689754773e-01
111 115 202 8192 107 2.158943696744307e-01 4.789806172214585e-01
112 116 202 8192 108 2.159005232378653e-01 4.781780978301534e-01
113 117 202 8192 109 2.159178735854212e-01 4.778174147285499e-01
114 118 202 8192 110 2.158690580733202e-01 4.764857404507689e-01
115 120 202 8192 110 2.147889979923353e-01 4.620971309109954e-01
116 121 202 8192 111 2.151728252844383e-01 4.618833379609831e-01
117 123 202 8192 111 2.097838324713501e-01 4.407700728241675e-01
118 124 202 8192 112 2.094187336539380e-01 4.406502557963344e-01
119 126 202 8192 112 1.829010932103597e-01 3.927499155128797e-01
120 127 202 8192 113 1.829018531435793e-01 3.919589536652106e-01
121 129 202 8192 113 1.812569915883877e-01 3.883684488779967e-01
122 130 202 8192 114 1.586262963819316e-01 3.624969469763384e-01
123 131 202 8192 115 1.583296259666906e-01 3.624303444255867e-01
124 132 202 8192 116 1.581872841838544e-01 3.614294524607447e-01
125 134 202 8192 116 1.584433992247538e-01 3.554996563480199e-01
126 136 202 8192 116 1.558997487576846e-01 3.480392793228917e-01
127 138 202 8192 116 1.526766536966794e-01 3.419016207206365e-01
128 139 202 8192 117 1.527040654353967e-01 3.409271636947521e-01
129 140 202 8192 118 1.526847924681498e-01 3.407377199116506e-01
130 142 202 8192 118 1.500081287796068e-01 3.354120428003555e-01
131 144 202 8192 118 1.572058292763631e-01 2.542131828012063e-01
132 147 202 8192 117 1.566946350015953e-01 2.368491334491169e-01
133 149 202 8192 117 1.566290265718327e-01 2.347921991784108e-01
134 150 202 8192 118 1.566416185468055e-01 2.343469436965451e-01
135 151 202 8192 119 1.566406964221803e-01 2.327875827897416e-01
136 152 202 8192 120 1.566306922654751e-01 2.320409134324874e-01
137 154 202 8192 120 1.573007744922122e-01 2.246332528704430e-01
138 155 202 8192 121 1.581008420743927e-01 2.241900759027332e-01
139 156 202 8192 122 4.817738339397299e-02 1.236969821673250e-01
140 157 202 8192 123 4.820325382609385e-02 1.230575294364613e-01
141 159 202 8192 123 4.822675948505072e-02 1.187749602214346e-01
142 160 202 8192 124 4.822762961499280e-02 1.173508864442583e-01
143 161 202 8192 125 4.828881467870420e-02 1.127512488854003e-01
144 162 202 8192 126 4.826545386566607e-02 1.123591466089596e-01
145 163 202 8192 127 4.829112566480596e-02 1.115966308873219e-01
146 164 202 8192 128 4.830174493428379e-02 1.108579135317852e-01
147 165 202 8192 129 3.898281178311693e-02 8.502984678426395e-02
148 166 202 8192 130 3.896562734638737e-02 8.444604009167975e-02
149 167 202 8192 131 3.896590701206977e-02 8.424312731663011e-02
150 168 202 8192 132 3.891991470882341e-02 8.270862980047416e-02
151 169 202 8192 133 3.891743260059923e-02 8.230068190774377e-02
152 170 202 8192 134 3.891875198064582e-02 8.118360176749750e-02
153 171 202 8192 135 3.893700342462551e-02 8.060209479905067e-02
154 172 202 8192 136 3.151851213783022e-02 6.225835776297290e-02
155 173 202 8192 137 3.170891493191563e-02 6.181578542109097e-02
156 174 202 8192 138 2.054325966303900e-02 5.502181391302581e-02
157 176 202 8192 138 1.603336070305026e-02 4.698639090414851e-02
158 177 202 8192 139 1.576096543342775e-02 4.375118674853826e-02
159 178 202 8192 140 1.574938083667082e-02 4.358025195429593e-02
160 179 202 8192 141 1.571334476125374e-02 4.310339112219602e-02
161 180 202 8192 142 1.570029896567944e-02 4.115993126418174e-02
162 181 202 8192 143 1.569970597681154e-02 4.096752189093628e-02
163 182 202 8192 144 1.570419942986976e-02 4.080135448804427e-02
164 183 202 8192 145 1.560685788203495e-02 3.841893461920552e-02
165 184 202 8192 146 1.560663052384710e-02 3.838434082353724e-02
166 185 202 8192 147 1.561195857248212e-02 3.798960590282105e-02
167 186 202 8192 148 1.561873051596437e-02 3.794372104607595e-02
168 187 202 8192 149 1.563392063985515e-02 3.791938222543086e-02
169 190 202 8192 148 1.431637836273859e-02 3.307644956052683e-02
170 191 202 8192 149 1.428002977176960e-02 3.303627431707486e-02
171 193 202 8192 149 1.431600762646825e-02 3.246502142780361e-02
172 194 202 8192 150 1.431502760866458e-02 3.238968665930485e-02
173 195 202 8192 151 1.430952830797112e-02 3.236213911721341e-02
174 198 202 8192 150 1.401703172204977e-02 2.864094197518909e-02
175 200 202 8192 150 1.342227933307434e-02 2.735007650297103e-02
176 202 202 8192 150 1.300013664572715e-02 2.654999960990817e-02
177 204 202 8192 150 1.134167056763847e-02 2.486718630114679e-02
178 206 202 8192 150 9.364015869417302e-03 2.258291504755508e-02
179 208 202 8192 150 7.993870362683432e-03 1.732316980148446e-02
180 209 202 8192 151 8.313693255672243e-03 1.644807399895398e-02
181 210 202 8192 152 8.288294850611387e-03 1.633946411021552e-02
182 211 202 8192 153 8.165833843322876e-03 1.617275598954376e-02
183 213 202 8192 153 6.681333711367085e-03 1.398550414173007e-02
184 214 202 8192 154 6.760358236088903e-03 1.397624838434539e-02
185 218 202 8192 152 3.633364232856070e-03 1.123928497489517e-02
186 220 202 8192 152 3.852952436088107e-03 1.083109452866983e-02
187 222 202 8192 152 3.877667802932001e-03 1.069371017078030e-02
188 224 202 8192 152 3.378257754322060e-03 1.033993154967208e-02
189 225 202 8192 153 3.462675853288130e-03 1.022613856238373e-02
190 226 202 8192 154 3.539781514330585e-03 1.004353305657274e-02
191 227 202 8192 155 3.554331735040942e-03 1.001828662943291e-02
192 229 202 8192 155 2.959524918833873e-03 8.489897577936405e-03
193 230 202 8192 156 2.579369441420733e-03 8.330102148992630e-03
194 232 202 8192 156 2.616405555714934e-03 7.242241083431048e-03
195 236 202 8192 154 2.848221009562695e-03 6.164947399049364e-03
196 237 202 8192 155 2.845699567664753e-03 6.018593089996739e-03
197 239 202 8192 155 2.567023847324995e-03 5.755404735569628e-03
198 240 202 8192 156 2.566877408722330e-03 5.603041006272737e-03
199 241 202 8192 157 2.568022762437859e-03 5.548598514760391e-03
200 242 202 8192 158 2.567713635569590e-03 5.399039454262271e-03
201 244 202 8192 158 2.354456387772841e-03 5.186227594500396e-03
202 245 202 8192 159 2.354362862595681e-03 5.081638904246446e-03
203 247 202 8192 159 1.616546965958060e-03 4.492178195957365e-03
204 249 202 8192 159 1.593813758919759e-03 4.237978519810035e-03
205 251 202 8192 159 1.661820010326652e-03 4.181745605316464e-03
206 252 202 8192 160 1.406973548061973e-03 4.017727069496083e-03
207 254 202 8192 160 9.593576198861087e-04 3.529454317278341e-03
208 255 202 8192 161 9.594223505842729e-04 3.483741208516794e-03
209 256 202 8192 162 9.615217372109480e-04 3.425044432882499e-03
210 258 202 8192 162 9.254194120196189e-04 3.121946149050931e-03
211 261 202 8192 161 8.713176779233523e-04 2.886570082343676e-03
212 262 202 8192 162 8.825981157616722e-04 2.799948308395706e-03
213 264 202 8192 162 8.751303549886755e-04 2.602199044394369e-03
214 266 202 8192 162 8.252879531699413e-04 2.442696783994218e-03
215 267 202 8192 163 8.240304356943839e-04 2.424034430092976e-03
216 269 202 8192 163 6.910924052721281e-04 2.156464108421183e-03
217 270 202 8192 164 6.908171104704939e-04 2.143506964912309e-03
218 272 202 8192 164 6.930884745164977e-04 2.114323727431028e-03
219 273 202 8192 165 6.933090417115404e-04 2.005322368271206e-03
220 274 202 8192 166 6.932389566770532e-04 1.975263226843883e-03
221 275 202 8192 167 6.933183965476162e-04 1.949666632749211e-03
222 277 202 8192 167 6.846200156591513e-04 1.896897518473147e-03
223 279 202 8192 167 6.808593677983728e-04 1.744609079261102e-03
224 280 202 8192 168 6.695590386182740e-04 1.591300394125927e-03
225 281 202 8192 169 6.686781416363831e-04 1.575957131175550e-03
226 283 202 8192 169 6.668339419598375e-04 1.564177927771569e-03
227 284 202 8192 170 6.757142331613480e-04 1.520826981043674e-03
228 286 202 8192 170 6.865769695381464e-04 1.498579928468012e-03
229 287 202 8192 171 6.865485817339445e-04 1.487626744066431e-03
230 289 202 8192 171 6.707223522788163e-04 1.345802878542104e-03
231 290 202 8192 172 6.707322525286049e-04 1.331998390242498e-03
232 291 202 8192 173 6.706640905820218e-04 1.314108007948486e-03
233 294 202 8192 172 6.789730609598833e-04 1.125221522873464e-03
234 295 202 8192 173 6.789717723292490e-04 1.123665474401389e-03
235 296 202 8192 174 6.794463977795623e-04 1.123424207744266e-03
236 297 202 8192 175 6.791130864983845e-04 1.098800480885587e-03
237 298 202 8192 176 6.661561109842714e-04 1.064807865078928e-03
238 299 202 8192 177 6.660254186017143e-04 1.042878294144059e-03
239 302 202 8192 176 6.480017659729259e-04 9.452606949057118e-04
240 303 202 8192 177 6.433445327199661e-04 9.384715657328559e-04
241 305 202 8192 177 6.437629527623661e-04 9.325187644868391e-04
242 307 202 8192 177 6.195260075311088e-04 8.969030759519183e-04
243 308 202 8192 178 6.186483236825675e-04 8.942667142807571e-04
244 310 202 8192 178 5.827673925287792e-04 8.480989917602691e-04
245 311 202 8192 179 5.830942816299691e-04 8.453791098237012e-04
246 314 202 8192 178 2.686539545841414e-04 5.002545678086555e-04
247 315 202 8192 179 5.915864053882651e-05 1.995400698945761e-04
248 316 202 8192 180 6.250478858820301e-05 1.809694241689768e-04
249 318 202 8192 180 6.422342629716418e-05 1.588455614882325e-04
250 319 202 8192 181 5.038772269750805e-05 1.293595732531008e-04
251 321 202 8192 181 4.392974895224556e-05 1.251719578253987e-04
252 322 202 8192 182 4.395212691740137e-05 1.142902438462375e-04
253 323 202 8192 183 4.394466535803179e-05 9.625473658612527e-05
254 324 202 8192 184 4.047704339251257e-05 7.352533224721101e-05
255 325 202 8192 185 4.047704554554864e-05 7.329487978863412e-05
256 326 202 8192 186 1.908900358873136e-05 4.629079178192946e-05
257 327 202 8192 187 1.907433605626787e-05 4.558839006069259e-05
258 328 202 8192 188 1.899014776593810e-05 3.794410086625364e-05
259 330 202 8192 188 1.887371924200698e-05 3.580247955423472e-05
260 332 202 8192 188 1.096288258302338e-05 1.986194628780753e-05
261 333 202 8192 189 1.095177167612026e-05 1.930354606680895e-05
262 334 202 8192 190 3.956056424573626e-06 1.111061700469256e-05
263 335 202 8192 191 3.881819094542757e-06 1.063268745682253e-05
264 336 202 8192 192 3.809094683068383e-06 9.473395390513371e-06
265 338 202 8192 192 3.007029478271680e-06 8.746851387508781e-06
266 339 202 8192 193 3.007037672033124e-06 7.880944459744872e-06
267 340 202 8192 194 3.003033980322413e-06 6.963368686430663e-06
268 342 202 8192 194 3.004981004072500e-06 6.501379935195286e-06
269 344 202 8192 194 2.675820113594456e-06 5.368390845541518e-06
270 346 202 8192 194 2.676223364636113e-06 4.512992690438673e-06
271 347 202 8192 195 1.138635501534351e-06 2.458481893930570e-06
272 348 202 8192 196 1.138634676893964e-06 2.457668033908844e-06
273 349 202 8192 197 1.138688951466947e-06 2.001444423172253e-06
274 350 202 8192 198 8.105933517546592e-07 1.187801590342650e-06
275 352 202 8192 198 1.804946733843332e-07 3.146802845432171e-07
276 353 202 8192 199 1.787355825922750e-07 2.528095529984178e-07
277 355 202 8192 199 1.262092400182623e-07 1.785377862391838e-07
278 357 202 8192 199 5.166108904800645e-08 7.310514805144774e-08
279 359 202 8192 199 5.130666065660424e-08 7.266449232346920e-08
280 361 202 8192 199 3.322901493803912e-08 4.702462803634854e-08
281 363 202 8192 199 5.045681803819217e-09 7.151381058184565e-09
282 364 202 8192 200 -9.994004544479320e-12 1.135926228799301e-14
target tolerance met
NNLS solver: m = 202, n = 8192, outer_iter = 282, inner_iter = 364: converged
0: Number of nonzeros in NNLS solution: 200, out of 8192
Global number of nonzeros in NNLS solution: 200
0: relative residual norm for NNLS solution of Gs = Gw: 3.29367e-16
0: EQP using 88 elements out of 512
Lifted initial energies, EE = 3.93175e-18, KE = 0.000318123, ΔTE = 0
step 1, t = 0.01, EE = 4.18023e-09, KE = 0.000318113, ΔTE = -5.73017e-09
step 2, t = 0.02, EE = 1.67205e-08, KE = 0.000318101, ΔTE = -5.60164e-09
step 3, t = 0.03, EE = 3.76201e-08, KE = 0.000318086, ΔTE = 3.882e-10
step 4, t = 0.04, EE = 6.6878e-08, KE = 0.000318068, ΔTE = 1.22426e-08
step 5, t = 0.05, EE = 1.04493e-07, KE = 0.000318048, ΔTE = 2.99653e-08
step 6, t = 0.06, EE = 1.50465e-07, KE = 0.000318026, ΔTE = 5.35607e-08
step 7, t = 0.07, EE = 2.04792e-07, KE = 0.000318001, ΔTE = 8.30338e-08
step 8, t = 0.08, EE = 2.67472e-07, KE = 0.000317974, ΔTE = 1.1839e-07
step 9, t = 0.09, EE = 3.38504e-07, KE = 0.000317944, ΔTE = 1.59635e-07
step 10, t = 0.1, EE = 4.17886e-07, KE = 0.000317912, ΔTE = 2.06776e-07
step 11, t = 0.11, EE = 5.05617e-07, KE = 0.000317877, ΔTE = 2.59818e-07
step 12, t = 0.12, EE = 6.01695e-07, KE = 0.00031784, ΔTE = 3.18771e-07
step 13, t = 0.13, EE = 7.06117e-07, KE = 0.0003178, ΔTE = 3.8364e-07
step 14, t = 0.14, EE = 8.18881e-07, KE = 0.000317759, ΔTE = 4.54435e-07
step 15, t = 0.15, EE = 9.39986e-07, KE = 0.000317714, ΔTE = 5.31164e-07
step 16, t = 0.16, EE = 1.06943e-06, KE = 0.000317667, ΔTE = 6.13836e-07
step 17, t = 0.17, EE = 1.2072e-06, KE = 0.000317618, ΔTE = 7.0246e-07
step 18, t = 0.18, EE = 1.35331e-06, KE = 0.000317567, ΔTE = 7.97045e-07
step 19, t = 0.19, EE = 1.50775e-06, KE = 0.000317513, ΔTE = 8.97601e-07
step 20, t = 0.2, EE = 1.67052e-06, KE = 0.000317457, ΔTE = 1.00414e-06
step 21, t = 0.21, EE = 1.84161e-06, KE = 0.000317398, ΔTE = 1.11667e-06
step 22, t = 0.22, EE = 2.02102e-06, KE = 0.000317337, ΔTE = 1.2352e-06
step 23, t = 0.23, EE = 2.20874e-06, KE = 0.000317274, ΔTE = 1.35975e-06
step 24, t = 0.24, EE = 2.40478e-06, KE = 0.000317208, ΔTE = 1.49032e-06
step 25, t = 0.25, EE = 2.60913e-06, KE = 0.000317141, ΔTE = 1.62693e-06
step 26, t = 0.26, EE = 2.82179e-06, KE = 0.000317071, ΔTE = 1.76959e-06
step 27, t = 0.27, EE = 3.04274e-06, KE = 0.000316999, ΔTE = 1.9183e-06
step 28, t = 0.28, EE = 3.272e-06, KE = 0.000316924, ΔTE = 2.07309e-06
step 29, t = 0.29, EE = 3.50955e-06, KE = 0.000316847, ΔTE = 2.23396e-06
step 30, t = 0.3, EE = 3.75539e-06, KE = 0.000316769, ΔTE = 2.40094e-06
step 31, t = 0.31, EE = 4.00952e-06, KE = 0.000316687, ΔTE = 2.57402e-06
step 32, t = 0.32, EE = 4.27193e-06, KE = 0.000316604, ΔTE = 2.75322e-06
step 33, t = 0.33, EE = 4.54261e-06, KE = 0.000316519, ΔTE = 2.93856e-06
step 34, t = 0.34, EE = 4.82157e-06, KE = 0.000316431, ΔTE = 3.13005e-06
step 35, t = 0.35, EE = 5.1088e-06, KE = 0.000316342, ΔTE = 3.3277e-06
step 36, t = 0.36, EE = 5.40429e-06, KE = 0.00031625, ΔTE = 3.53153e-06
step 37, t = 0.37, EE = 5.70803e-06, KE = 0.000316156, ΔTE = 3.74154e-06
step 38, t = 0.38, EE = 6.02003e-06, KE = 0.000316061, ΔTE = 3.95776e-06
step 39, t = 0.39, EE = 6.34028e-06, KE = 0.000315963, ΔTE = 4.1802e-06
step 40, t = 0.4, EE = 6.66877e-06, KE = 0.000315863, ΔTE = 4.40886e-06
step 41, t = 0.41, EE = 7.00549e-06, KE = 0.000315761, ΔTE = 4.64378e-06
step 42, t = 0.42, EE = 7.35045e-06, KE = 0.000315657, ΔTE = 4.88495e-06
step 43, t = 0.43, EE = 7.70363e-06, KE = 0.000315552, ΔTE = 5.13239e-06
step 44, t = 0.44, EE = 8.06503e-06, KE = 0.000315444, ΔTE = 5.38613e-06
step 45, t = 0.45, EE = 8.43465e-06, KE = 0.000315334, ΔTE = 5.64616e-06
step 46, t = 0.46, EE = 8.81247e-06, KE = 0.000315223, ΔTE = 5.91251e-06
step 47, t = 0.47, EE = 9.19849e-06, KE = 0.00031511, ΔTE = 6.1852e-06
step 48, t = 0.48, EE = 9.59271e-06, KE = 0.000314994, ΔTE = 6.46422e-06
step 49, t = 0.49, EE = 9.99512e-06, KE = 0.000314877, ΔTE = 6.74961e-06
step 50, t = 0.5, EE = 1.04057e-05, KE = 0.000314759, ΔTE = 7.04138e-06
step 51, t = 0.51, EE = 1.08245e-05, KE = 0.000314638, ΔTE = 7.33953e-06
step 52, t = 0.52, EE = 1.12514e-05, KE = 0.000314516, ΔTE = 7.64409e-06
step 53, t = 0.53, EE = 1.16865e-05, KE = 0.000314392, ΔTE = 7.95507e-06
step 54, t = 0.54, EE = 1.21298e-05, KE = 0.000314266, ΔTE = 8.27248e-06
step 55, t = 0.55, EE = 1.25812e-05, KE = 0.000314138, ΔTE = 8.59634e-06
step 56, t = 0.56, EE = 1.30407e-05, KE = 0.000314009, ΔTE = 8.92667e-06
step 57, t = 0.57, EE = 1.35084e-05, KE = 0.000313878, ΔTE = 9.26348e-06
step 58, t = 0.58, EE = 1.39842e-05, KE = 0.000313746, ΔTE = 9.60678e-06
step 59, t = 0.59, EE = 1.44681e-05, KE = 0.000313611, ΔTE = 9.95659e-06
step 60, t = 0.6, EE = 1.49602e-05, KE = 0.000313476, ΔTE = 1.03129e-05
step 61, t = 0.61, EE = 1.54603e-05, KE = 0.000313338, ΔTE = 1.06758e-05
step 62, t = 0.62, EE = 1.59685e-05, KE = 0.0003132, ΔTE = 1.10452e-05
step 63, t = 0.63, EE = 1.64849e-05, KE = 0.000313059, ΔTE = 1.14212e-05
step 64, t = 0.64, EE = 1.70093e-05, KE = 0.000312917, ΔTE = 1.18038e-05
step 65, t = 0.65, EE = 1.75418e-05, KE = 0.000312774, ΔTE = 1.2193e-05
step 66, t = 0.66, EE = 1.80823e-05, KE = 0.000312629, ΔTE = 1.25888e-05
step 67, t = 0.67, EE = 1.86309e-05, KE = 0.000312483, ΔTE = 1.29912e-05
step 68, t = 0.68, EE = 1.91876e-05, KE = 0.000312336, ΔTE = 1.34003e-05
step 69, t = 0.69, EE = 1.97522e-05, KE = 0.000312187, ΔTE = 1.38161e-05
step 70, t = 0.7, EE = 2.0325e-05, KE = 0.000312036, ΔTE = 1.42385e-05
step 71, t = 0.71, EE = 2.09057e-05, KE = 0.000311885, ΔTE = 1.46676e-05
step 72, t = 0.72, EE = 2.14945e-05, KE = 0.000311732, ΔTE = 1.51034e-05
step 73, t = 0.73, EE = 2.20912e-05, KE = 0.000311578, ΔTE = 1.55459e-05
step 74, t = 0.74, EE = 2.2696e-05, KE = 0.000311422, ΔTE = 1.59952e-05
step 75, t = 0.75, EE = 2.33087e-05, KE = 0.000311265, ΔTE = 1.64512e-05
step 76, t = 0.76, EE = 2.39294e-05, KE = 0.000311108, ΔTE = 1.6914e-05
step 77, t = 0.77, EE = 2.45581e-05, KE = 0.000310948, ΔTE = 1.73836e-05
step 78, t = 0.78, EE = 2.51948e-05, KE = 0.000310788, ΔTE = 1.786e-05
step 79, t = 0.79, EE = 2.58394e-05, KE = 0.000310627, ΔTE = 1.83432e-05
step 80, t = 0.8, EE = 2.64919e-05, KE = 0.000310464, ΔTE = 1.88332e-05
step 81, t = 0.81, EE = 2.71524e-05, KE = 0.000310301, ΔTE = 1.93301e-05
step 82, t = 0.82, EE = 2.78207e-05, KE = 0.000310136, ΔTE = 1.98338e-05
step 83, t = 0.83, EE = 2.8497e-05, KE = 0.00030997, ΔTE = 2.03444e-05
step 84, t = 0.84, EE = 2.91812e-05, KE = 0.000309804, ΔTE = 2.08618e-05
step 85, t = 0.85, EE = 2.98733e-05, KE = 0.000309636, ΔTE = 2.13862e-05
step 86, t = 0.86, EE = 3.05733e-05, KE = 0.000309467, ΔTE = 2.19175e-05
step 87, t = 0.87, EE = 3.12811e-05, KE = 0.000309298, ΔTE = 2.24558e-05
step 88, t = 0.88, EE = 3.19968e-05, KE = 0.000309127, ΔTE = 2.3001e-05
step 89, t = 0.89, EE = 3.27204e-05, KE = 0.000308956, ΔTE = 2.35531e-05
step 90, t = 0.9, EE = 3.34517e-05, KE = 0.000308783, ΔTE = 2.41122e-05
step 91, t = 0.91, EE = 3.41909e-05, KE = 0.00030861, ΔTE = 2.46784e-05
step 92, t = 0.92, EE = 3.4938e-05, KE = 0.000308436, ΔTE = 2.52515e-05
step 93, t = 0.93, EE = 3.56928e-05, KE = 0.000308262, ΔTE = 2.58316e-05
step 94, t = 0.94, EE = 3.64554e-05, KE = 0.000308086, ΔTE = 2.64188e-05
step 95, t = 0.95, EE = 3.72259e-05, KE = 0.00030791, ΔTE = 2.70131e-05
step 96, t = 0.96, EE = 3.8004e-05, KE = 0.000307733, ΔTE = 2.76144e-05
step 97, t = 0.97, EE = 3.879e-05, KE = 0.000307556, ΔTE = 2.82228e-05
step 98, t = 0.98, EE = 3.95837e-05, KE = 0.000307378, ΔTE = 2.88383e-05
step 99, t = 0.99, EE = 4.03851e-05, KE = 0.000307199, ΔTE = 2.94609e-05
step 100, t = 1, EE = 4.11943e-05, KE = 0.000307019, ΔTE = 3.00906e-05
Elapsed time for time integration loop 0.0557746
Relative error of ROM position (x) at t_final: 1 is 7.51115e-05
Relative error of ROM velocity (v) at t_final: 1 is 0.24646
Elapsed time for entire simulation 1.553
