method,energy_frac,rwdim,rrdim,nldim,nsr,nqp,time,error
EQPGlobal,0.9,4,6,6,,90,0.29869315,0.01226703248769512
EQP,0.9,4,6,6,20,20,0.115536917,0.01215122645494749
EQP,0.9,4,6,6,40,40,0.1564495,0.01226108349455627
EQP,0.9,4,6,6,60,60,0.20040608,0.01225410901107973
EQP,0.9,4,6,6,80,80,0.2491380049999999,0.01227784027389742
EQP,0.9,4,6,6,100,90,0.311139329,0.01226703248769512
EQP,0.9,4,6,6,120,90,0.2998817899999999,0.01226703248769512
EQP,0.9,4,6,6,140,90,0.301448466,0.01226703248769512
EQP,0.9,4,6,6,160,90,0.30008743,0.01226703248769512
EQP,0.9,4,6,6,180,90,0.297547567,0.01226703248769512
EQP,0.9,4,6,6,200,90,0.297655286,0.01226703248769512
EQP,0.9,4,6,6,220,90,0.309643259,0.01226703248769512
EQP,0.9,4,6,6,240,90,0.298412628,0.01226703248769512
EQP,0.9,4,6,6,260,90,0.305840426,0.01226703248769512
EQP,0.9,4,6,6,280,90,0.299685297,0.01226703248769512
EQP,0.9,4,6,6,300,90,0.29804894,0.01226703248769512
EQP,0.9,4,6,6,320,90,0.297460145,0.01226703248769512
EQP,0.9,4,6,6,340,90,0.297702039,0.01226703248769512
EQP,0.9,4,6,6,360,90,0.297731674,0.01226703248769512
EQP,0.9,4,6,6,380,90,0.29861075,0.01226703248769512
EQP,0.9,4,6,6,400,90,0.300237634,0.01226703248769512
EQP,0.9,4,6,6,420,90,0.2921613909999999,0.01226703248769512
EQP,0.9,4,6,6,440,90,0.3056540379999999,0.01226703248769512
EQP,0.9,4,6,6,460,90,0.298449729,0.01226703248769512
EQP,0.9,4,6,6,480,90,0.312781302,0.01226703248769512
EQP,0.9,4,6,6,500,90,0.301824734,0.01226703248769512
EQP,0.9,4,6,6,520,90,0.3023973959999999,0.01226703248769512
EQP,0.9,4,6,6,540,90,0.2976589949999999,0.01226703248769512
EQP,0.9,4,6,6,560,90,0.300435238,0.01226703248769512
EQP,0.9,4,6,6,580,90,0.312600817,0.01226703248769512
EQP,0.9,4,6,6,600,90,0.302956181,0.01226703248769512
EQP,0.9,4,6,6,620,90,0.296162988,0.01226703248769512
EQP,0.9,4,6,6,640,90,0.299710264,0.01226703248769512
EQP,0.9,4,6,6,660,90,0.303209027,0.01226703248769512
EQP,0.9,4,6,6,680,90,0.304122361,0.01226703248769512
EQP,0.9,4,6,6,700,90,0.302434847,0.01226703248769512
EQP,0.9,4,6,6,720,90,0.303958909,0.01226703248769512
EQP,0.9,4,6,6,740,90,0.2984674639999999,0.01226703248769512
EQP,0.9,4,6,6,760,90,0.298052632,0.01226703248769512
EQP,0.9,4,6,6,780,90,0.297142449,0.01226703248769512
EQP,0.9,4,6,6,800,90,0.296321086,0.01226703248769512
EQP,0.9,4,6,6,820,90,0.311048189,0.01226703248769512
EQP,0.9,4,6,6,840,90,0.301647508,0.01226703248769512
EQP,0.9,4,6,6,860,90,0.301461098,0.01226703248769512
EQP,0.9,4,6,6,880,90,0.302646995,0.01226703248769512
EQP,0.9,4,6,6,900,90,0.300079316,0.01226703248769512
EQP,0.9,4,6,6,920,90,0.298324064,0.01226703248769512
EQP,0.9,4,6,6,940,90,0.30757421,0.01226703248769512
EQP,0.9,4,6,6,960,90,0.303610108,0.01226703248769512
EQP,0.9,4,6,6,980,90,0.308467464,0.01226703248769512
EQP,0.9,4,6,6,1000,90,0.31309646,0.01226703248769512
EQP,0.9,4,6,6,1020,90,0.302692591,0.01226703248769512
EQP,0.9,4,6,6,1040,90,0.302503856,0.01226703248769512
EQPGlobal,0.99,9,11,11,1040,150,0.8355855280000001,7.714537975827323e-05
EQP,0.99,9,11,11,20,20,0.215360576,0.007463309891708615
EQP,0.99,9,11,11,40,40,0.348311106,0.0003518381514477955
EQP,0.99,9,11,11,60,60,0.422469073,7.5118739357402e-05
EQP,0.99,9,11,11,80,80,0.5092773479999999,7.586822218015546e-05
EQP,0.99,9,11,11,100,100,0.59758125,7.698590251378606e-05
EQP,0.99,9,11,11,120,120,0.6894402479999999,7.70468952664555e-05
EQP,0.99,9,11,11,140,140,0.780341192,7.708049568923895e-05
EQP,0.99,9,11,11,160,150,0.837446522,7.714537975827323e-05
EQP,0.99,9,11,11,180,150,0.83226477,7.714537975827323e-05
EQP,0.99,9,11,11,200,150,0.8278733110000001,7.714537975827323e-05
EQP,0.99,9,11,11,220,150,0.830249908,7.714537975827323e-05
EQP,0.99,9,11,11,240,150,0.831087863,7.714537975827323e-05
EQP,0.99,9,11,11,260,150,0.825448753,7.714537975827323e-05
EQP,0.99,9,11,11,280,150,0.830842167,7.714537975827323e-05
EQP,0.99,9,11,11,300,150,0.8264653280000001,7.714537975827323e-05
EQP,0.99,9,11,11,320,150,0.828071602,7.714537975827323e-05
EQP,0.99,9,11,11,340,150,0.8282384140000001,7.714537975827323e-05
EQP,0.99,9,11,11,360,150,0.825161908,7.714537975827323e-05
EQP,0.99,9,11,11,380,150,0.8177239740000001,7.714537975827323e-05
EQP,0.99,9,11,11,400,150,0.834851221,7.714537975827323e-05
EQP,0.99,9,11,11,420,150,0.823556109,7.714537975827323e-05
EQP,0.99,9,11,11,440,150,0.827803832,7.714537975827323e-05
EQP,0.99,9,11,11,460,150,0.827166853,7.714537975827323e-05
EQP,0.99,9,11,11,480,150,0.832801977,7.714537975827323e-05
EQP,0.99,9,11,11,500,150,0.826945384,7.714537975827323e-05
EQP,0.99,9,11,11,520,150,0.829683083,7.714537975827323e-05
EQP,0.99,9,11,11,540,150,0.823279734,7.714537975827323e-05
EQP,0.99,9,11,11,560,150,0.823734937,7.714537975827323e-05
EQP,0.99,9,11,11,580,150,0.834557931,7.714537975827323e-05
EQP,0.99,9,11,11,600,150,0.823891864,7.714537975827323e-05
EQP,0.99,9,11,11,620,150,0.831377209,7.714537975827323e-05
EQP,0.99,9,11,11,640,150,0.821503862,7.714537975827323e-05
EQP,0.99,9,11,11,660,150,0.823567417,7.714537975827323e-05
EQP,0.99,9,11,11,680,150,0.83100788,7.714537975827323e-05
EQP,0.99,9,11,11,700,150,0.8218936530000001,7.714537975827323e-05
EQP,0.99,9,11,11,720,150,0.827253563,7.714537975827323e-05
EQP,0.99,9,11,11,740,150,0.827711672,7.714537975827323e-05
EQP,0.99,9,11,11,760,150,0.833028204,7.714537975827323e-05
EQP,0.99,9,11,11,780,150,0.8265546459999999,7.714537975827323e-05
EQP,0.99,9,11,11,800,150,0.825647241,7.714537975827323e-05
EQP,0.99,9,11,11,820,150,0.82570444,7.714537975827323e-05
EQP,0.99,9,11,11,840,150,0.833842653,7.714537975827323e-05
EQP,0.99,9,11,11,860,150,0.8373841590000001,7.714537975827323e-05
EQP,0.99,9,11,11,880,150,0.836024476,7.714537975827323e-05
EQP,0.99,9,11,11,900,150,0.8375721110000001,7.714537975827323e-05
EQP,0.99,9,11,11,920,150,0.83424426,7.714537975827323e-05
EQP,0.99,9,11,11,940,150,0.830379432,7.714537975827323e-05
EQP,0.99,9,11,11,960,150,0.826448537,7.714537975827323e-05
EQP,0.99,9,11,11,980,150,0.8263735169999999,7.714537975827323e-05
EQP,0.99,9,11,11,1000,150,0.833812556,7.714537975827323e-05
EQP,0.99,9,11,11,1020,150,0.828370513,7.714537975827323e-05
EQP,0.99,9,11,11,1040,150,0.8353328590000001,7.714537975827323e-05
EQPGlobal,0.999,14,16,16,1040,191,1.769379513,5.056453289884114e-07
EQP,0.999,14,16,16,20,20,0.388692622,0.03160733116710774
EQP,0.999,14,16,16,40,40,0.529762776,0.002035597271722022
EQP,0.999,14,16,16,60,60,0.694167287,0.0002437989308945955
EQP,0.999,14,16,16,80,80,0.870028058,2.784635379894575e-05
EQP,0.999,14,16,16,100,100,1.042883701,9.421499121501027e-06
EQP,0.999,14,16,16,120,120,1.206100172,1.757483502925566e-06
EQP,0.999,14,16,16,140,140,1.382496636,6.99593729054529e-07
EQP,0.999,14,16,16,160,160,1.519666096,5.085002506807533e-07
EQP,0.999,14,16,16,180,180,1.68373224,5.041648072389438e-07
EQP,0.999,14,16,16,200,191,1.784078972,5.056453289884114e-07
EQP,0.999,14,16,16,220,191,1.776152754,5.056453289884114e-07
EQP,0.999,14,16,16,240,191,1.769654046,5.056453289884114e-07
EQP,0.999,14,16,16,260,191,1.782379381,5.056453289884114e-07
EQP,0.999,14,16,16,280,191,1.786568891,5.056453289884114e-07
EQP,0.999,14,16,16,300,191,1.786281159,5.056453289884114e-07
EQP,0.999,14,16,16,320,191,1.783435567,5.056453289884114e-07
EQP,0.999,14,16,16,340,191,1.785075237,5.056453289884114e-07
EQP,0.999,14,16,16,360,191,1.786023702,5.056453289884114e-07
EQP,0.999,14,16,16,380,191,1.78638812,5.056453289884114e-07
EQP,0.999,14,16,16,400,191,1.77044995,5.056453289884114e-07
EQP,0.999,14,16,16,420,191,1.786224024,5.056453289884114e-07
EQP,0.999,14,16,16,440,191,1.769648312,5.056453289884114e-07
EQP,0.999,14,16,16,460,191,1.787268412,5.056453289884114e-07
EQP,0.999,14,16,16,480,191,1.782775484,5.056453289884114e-07
EQP,0.999,14,16,16,500,191,1.774795283,5.056453289884114e-07
EQP,0.999,14,16,16,520,191,1.783864265,5.056453289884114e-07
EQP,0.999,14,16,16,540,191,1.788954369,5.056453289884114e-07
EQP,0.999,14,16,16,560,191,1.78542075,5.056453289884114e-07
EQP,0.999,14,16,16,580,191,1.787292394,5.056453289884114e-07
EQP,0.999,14,16,16,600,191,1.772640886,5.056453289884114e-07
EQP,0.999,14,16,16,620,191,1.785655291,5.056453289884114e-07
EQP,0.999,14,16,16,640,191,1.780354125,5.056453289884114e-07
EQP,0.999,14,16,16,660,191,1.790275563,5.056453289884114e-07
EQP,0.999,14,16,16,680,191,1.786051696,5.056453289884114e-07
EQP,0.999,14,16,16,700,191,1.786806605,5.056453289884114e-07
EQP,0.999,14,16,16,720,191,1.772527047,5.056453289884114e-07
EQP,0.999,14,16,16,740,191,1.760903077,5.056453289884114e-07
EQP,0.999,14,16,16,760,191,1.772974697,5.056453289884114e-07
EQP,0.999,14,16,16,780,191,1.773652038,5.056453289884114e-07
EQP,0.999,14,16,16,800,191,1.759268665,5.056453289884114e-07
EQP,0.999,14,16,16,820,191,1.773966449,5.056453289884114e-07
EQP,0.999,14,16,16,840,191,1.775836421,5.056453289884114e-07
EQP,0.999,14,16,16,860,191,1.772380979,5.056453289884114e-07
EQP,0.999,14,16,16,880,191,1.760619866,5.056453289884114e-07
EQP,0.999,14,16,16,900,191,1.759303791,5.056453289884114e-07
EQP,0.999,14,16,16,920,191,1.761140838,5.056453289884114e-07
EQP,0.999,14,16,16,940,191,1.764279144,5.056453289884114e-07
EQP,0.999,14,16,16,960,191,1.758064001,5.056453289884114e-07
EQP,0.999,14,16,16,980,191,1.759649016,5.056453289884114e-07
EQP,0.999,14,16,16,1000,191,1.771439667,5.056453289884114e-07
EQP,0.999,14,16,16,1020,191,1.771536316,5.056453289884114e-07
EQP,0.999,14,16,16,1040,191,1.764637961,5.056453289884114e-07
EQPGlobal,0.9999,19,21,21,1040,236,3.686253582,1.745889995015925e-08
EQP,0.9999,19,21,21,20,20,0.5370170379999999,0.1011657085289594
EQP,0.9999,19,21,21,40,40,0.8584234550000001,0.001670514389452211
EQP,0.9999,19,21,21,60,60,1.110709084,0.0004574619686722593
EQP,0.9999,19,21,21,80,80,1.398804554,0.0001322372273859135
EQP,0.9999,19,21,21,100,100,1.681672019,4.465374622678332e-05
EQP,0.9999,19,21,21,120,120,1.93638303,1.068501372810741e-05
EQP,0.9999,19,21,21,140,140,2.2104857,2.656483173064616e-06
EQP,0.9999,19,21,21,160,160,2.462940666,5.145308152298029e-07
EQP,0.9999,19,21,21,180,180,2.754644781,1.39027504123309e-07
EQP,0.9999,19,21,21,200,200,3.046472288,2.758820316940916e-08
EQP,0.9999,19,21,21,220,220,3.29294897,1.950680601662592e-08
EQP,0.9999,19,21,21,240,236,3.507531341,1.745889995015925e-08
EQP,0.9999,19,21,21,260,236,3.628926033,1.745889995015925e-08
EQP,0.9999,19,21,21,280,236,3.515828073,1.745889995015925e-08
EQP,0.9999,19,21,21,300,236,3.586464797,1.745889995015925e-08
EQP,0.9999,19,21,21,320,236,3.525605434,1.745889995015925e-08
EQP,0.9999,19,21,21,340,236,3.650606965,1.745889995015925e-08
EQP,0.9999,19,21,21,360,236,3.779444661,1.745889995015925e-08
EQP,0.9999,19,21,21,380,236,3.815096664,1.745889995015925e-08
EQP,0.9999,19,21,21,400,236,3.817793798,1.745889995015925e-08
EQP,0.9999,19,21,21,420,236,3.851178263,1.745889995015925e-08
EQP,0.9999,19,21,21,440,236,3.515299291,1.745889995015925e-08
EQP,0.9999,19,21,21,460,236,3.544337092,1.745889995015925e-08
EQP,0.9999,19,21,21,480,236,3.538727845,1.745889995015925e-08
EQP,0.9999,19,21,21,500,236,3.859738563,1.745889995015925e-08
EQP,0.9999,19,21,21,520,236,3.527978392,1.745889995015925e-08
EQP,0.9999,19,21,21,540,236,3.798683327,1.745889995015925e-08
EQP,0.9999,19,21,21,560,236,3.525945596,1.745889995015925e-08
EQP,0.9999,19,21,21,580,236,3.628461064,1.745889995015925e-08
EQP,0.9999,19,21,21,600,236,3.811441429,1.745889995015925e-08
EQP,0.9999,19,21,21,620,236,3.719002283,1.745889995015925e-08
EQP,0.9999,19,21,21,640,236,3.535874821,1.745889995015925e-08
EQP,0.9999,19,21,21,660,236,3.494719116,1.745889995015925e-08
EQP,0.9999,19,21,21,680,236,3.583030764,1.745889995015925e-08
EQP,0.9999,19,21,21,700,236,3.560195448,1.745889995015925e-08
EQP,0.9999,19,21,21,720,236,3.739028074,1.745889995015925e-08
EQP,0.9999,19,21,21,740,236,3.529854935,1.745889995015925e-08
EQP,0.9999,19,21,21,760,236,3.496808225,1.745889995015925e-08
EQP,0.9999,19,21,21,780,236,3.496017482,1.745889995015925e-08
EQP,0.9999,19,21,21,800,236,3.500326232,1.745889995015925e-08
EQP,0.9999,19,21,21,820,236,3.501394428,1.745889995015925e-08
EQP,0.9999,19,21,21,840,236,3.583636248,1.745889995015925e-08
EQP,0.9999,19,21,21,860,236,3.492712666,1.745889995015925e-08
EQP,0.9999,19,21,21,880,236,3.495754502,1.745889995015925e-08
EQP,0.9999,19,21,21,900,236,3.649109562,1.745889995015925e-08
EQP,0.9999,19,21,21,920,236,3.741033876,1.745889995015925e-08
EQP,0.9999,19,21,21,940,236,3.493472049,1.745889995015925e-08
EQP,0.9999,19,21,21,960,236,3.513308225,1.745889995015925e-08
EQP,0.9999,19,21,21,980,236,3.512167309,1.745889995015925e-08
EQP,0.9999,19,21,21,1000,236,3.486969355,1.745889995015925e-08
EQP,0.9999,19,21,21,1020,236,3.527442768,1.745889995015925e-08
EQP,0.9999,19,21,21,1040,236,3.514327764,1.745889995015925e-08
EQPGlobal,0.99999,24,27,27,1040,279,6.98949336,1.022713578625027e-08
EQP,0.99999,24,27,27,20,20,0.8124562710000001,0.1202884040934107
EQP,0.99999,24,27,27,40,40,1.321041958,0.004258458879235371
EQP,0.99999,24,27,27,60,60,1.817570387,0.001438089848579966
EQP,0.99999,24,27,27,80,80,2.304216806,0.000352575069001721
EQP,0.99999,24,27,27,100,100,2.727412733,0.0001134473295177101
EQP,0.99999,24,27,27,120,120,3.218587118,4.114740333862785e-05
EQP,0.99999,24,27,27,140,140,3.649405235,8.998613934283586e-06
EQP,0.99999,24,27,27,160,160,4.185457502,4.080305745300404e-06
EQP,0.99999,24,27,27,180,180,4.644293497,1.137881462417175e-06
EQP,0.99999,24,27,27,200,200,5.125933998,3.424044723038277e-07
EQP,0.99999,24,27,27,220,220,5.597442119,1.111327171597235e-07
EQP,0.99999,24,27,27,240,240,6.008745647,2.021865650448506e-08
EQP,0.99999,24,27,27,260,260,6.558667762,1.189136072403027e-08
EQP,0.99999,24,27,27,280,280,6.929820368,1.022732002723763e-08
EQP,0.99999,24,27,27,300,279,6.90283814,1.022713578625027e-08
EQP,0.99999,24,27,27,320,279,6.989674839,1.022713578625027e-08
EQP,0.99999,24,27,27,340,279,7.01333559,1.022713578625027e-08
EQP,0.99999,24,27,27,360,279,6.988532757,1.022713578625027e-08
EQP,0.99999,24,27,27,380,279,6.992415638,1.022713578625027e-08
EQP,0.99999,24,27,27,400,279,6.997582982,1.022713578625027e-08
EQP,0.99999,24,27,27,420,279,6.916898999,1.022713578625027e-08
EQP,0.99999,24,27,27,440,279,7.009905973,1.022713578625027e-08
EQP,0.99999,24,27,27,460,279,7.014123085,1.022713578625027e-08
EQP,0.99999,24,27,27,480,279,7.075279562,1.022713578625027e-08
EQP,0.99999,24,27,27,500,279,7.045282403,1.022713578625027e-08
EQP,0.99999,24,27,27,520,279,7.05961902,1.022713578625027e-08
EQP,0.99999,24,27,27,540,279,7.034672101,1.022713578625027e-08
EQP,0.99999,24,27,27,560,279,7.057938595,1.022713578625027e-08
EQP,0.99999,24,27,27,580,279,7.050271094,1.022713578625027e-08
EQP,0.99999,24,27,27,600,279,7.051432785,1.022713578625027e-08
EQP,0.99999,24,27,27,620,279,7.047381311,1.022713578625027e-08
EQP,0.99999,24,27,27,640,279,7.068890072,1.022713578625027e-08
EQP,0.99999,24,27,27,660,279,7.05488679,1.022713578625027e-08
EQP,0.99999,24,27,27,680,279,7.037384905,1.022713578625027e-08
EQP,0.99999,24,27,27,700,279,6.966741415,1.022713578625027e-08
EQP,0.99999,24,27,27,720,279,7.040816259,1.022713578625027e-08
EQP,0.99999,24,27,27,740,279,7.051769193,1.022713578625027e-08
EQP,0.99999,24,27,27,760,279,7.03285797,1.022713578625027e-08
EQP,0.99999,24,27,27,780,279,7.053097644,1.022713578625027e-08
EQP,0.99999,24,27,27,800,279,6.908611083,1.022713578625027e-08
EQP,0.99999,24,27,27,820,279,6.997249539,1.022713578625027e-08
EQP,0.99999,24,27,27,840,279,6.912209065,1.022713578625027e-08
EQP,0.99999,24,27,27,860,279,6.989182638,1.022713578625027e-08
EQP,0.99999,24,27,27,880,279,7.012566928,1.022713578625027e-08
EQP,0.99999,24,27,27,900,279,7.013517751,1.022713578625027e-08
EQP,0.99999,24,27,27,920,279,7.01763817,1.022713578625027e-08
EQP,0.99999,24,27,27,940,279,6.98935043,1.022713578625027e-08
EQP,0.99999,24,27,27,960,279,6.997261236,1.022713578625027e-08
EQP,0.99999,24,27,27,980,279,6.995277057,1.022713578625027e-08
EQP,0.99999,24,27,27,1000,279,7.002915278,1.022713578625027e-08
EQP,0.99999,24,27,27,1020,279,7.010158311,1.022713578625027e-08
EQP,0.99999,24,27,27,1040,279,7.012115471,1.022713578625027e-08
EQPGlobal,0.999999,29,32,32,1040,354,13.514220102,3.970981954203102e-09
EQP,0.999999,29,32,32,20,20,1.540353715,0.2279423172208293
EQP,0.999999,29,32,32,40,40,1.96948225,0.007525186592479969
EQP,0.999999,29,32,32,60,60,2.694177691,0.002298837699256591
EQP,0.999999,29,32,32,80,80,3.421333123,0.0007049712462982998
EQP,0.999999,29,32,32,100,100,4.137125446,0.0002043309410190852
EQP,0.999999,29,32,32,120,120,4.900401518,0.0001128399188866061
EQP,0.999999,29,32,32,140,140,5.631945323,4.945957927998775e-05
EQP,0.999999,29,32,32,160,160,6.395703059,1.863796942767599e-05
EQP,0.999999,29,32,32,180,180,7.171572036,3.471147326198315e-06
EQP,0.999999,29,32,32,200,200,7.937521382,1.689964892005012e-06
EQP,0.999999,29,32,32,220,220,8.648565079000001,5.392559698034984e-07
EQP,0.999999,29,32,32,240,240,9.407923089000001,1.607317181124259e-07
EQP,0.999999,29,32,32,260,260,10.107332645,6.206334459400677e-08
EQP,0.999999,29,32,32,280,280,10.868911382,1.788445510136831e-08
EQP,0.999999,29,32,32,300,300,11.614175943,5.365551522922095e-09
EQP,0.999999,29,32,32,320,320,12.356615119,4.067392413746998e-09
EQP,0.999999,29,32,32,340,340,13.075788663,4.066901903651028e-09
EQP,0.999999,29,32,32,360,354,13.596751884,3.970981954203102e-09
EQP,0.999999,29,32,32,380,354,13.510483755,3.970981954203102e-09
EQP,0.999999,29,32,32,400,354,13.458598992,3.970981954203102e-09
EQP,0.999999,29,32,32,420,354,13.512652647,3.970981954203102e-09
EQP,0.999999,29,32,32,440,354,13.523138197,3.970981954203102e-09
EQP,0.999999,29,32,32,460,354,13.520854655,3.970981954203102e-09
EQP,0.999999,29,32,32,480,354,13.524668272,3.970981954203102e-09
EQP,0.999999,29,32,32,500,354,13.446697856,3.970981954203102e-09
EQP,0.999999,29,32,32,520,354,13.508447457,3.970981954203102e-09
EQP,0.999999,29,32,32,540,354,13.507116276,3.970981954203102e-09
EQP,0.999999,29,32,32,560,354,13.51384448,3.970981954203102e-09
EQP,0.999999,29,32,32,580,354,13.518456952,3.970981954203102e-09
EQP,0.999999,29,32,32,600,354,13.510324427,3.970981954203102e-09
EQP,0.999999,29,32,32,620,354,13.514950796,3.970981954203102e-09
EQP,0.999999,29,32,32,640,354,13.515970701,3.970981954203102e-09
EQP,0.999999,29,32,32,660,354,13.518068146,3.970981954203102e-09
EQP,0.999999,29,32,32,680,354,13.528837742,3.970981954203102e-09
EQP,0.999999,29,32,32,700,354,13.50831231,3.970981954203102e-09
EQP,0.999999,29,32,32,720,354,13.446804389,3.970981954203102e-09
EQP,0.999999,29,32,32,740,354,13.570896833,3.970981954203102e-09
EQP,0.999999,29,32,32,760,354,13.515397536,3.970981954203102e-09
EQP,0.999999,29,32,32,780,354,13.514523518,3.970981954203102e-09
EQP,0.999999,29,32,32,800,354,13.51559502,3.970981954203102e-09
EQP,0.999999,29,32,32,820,354,13.515449248,3.970981954203102e-09
EQP,0.999999,29,32,32,840,354,13.525499385,3.970981954203102e-09
EQP,0.999999,29,32,32,860,354,13.509486807,3.970981954203102e-09
EQP,0.999999,29,32,32,880,354,13.520490544,3.970981954203102e-09
EQP,0.999999,29,32,32,900,354,13.507923056,3.970981954203102e-09
EQP,0.999999,29,32,32,920,354,13.5138331,3.970981954203102e-09
EQP,0.999999,29,32,32,940,354,13.437346764,3.970981954203102e-09
EQP,0.999999,29,32,32,960,354,13.447082627,3.970981954203102e-09
EQP,0.999999,29,32,32,980,354,13.507236778,3.970981954203102e-09
EQP,0.999999,29,32,32,1000,354,13.444549374,3.970981954203102e-09
EQP,0.999999,29,32,32,1020,354,13.513976238,3.970981954203102e-09
EQP,0.999999,29,32,32,1040,354,13.513265698,3.970981954203102e-09
EQPGlobal,1,,,,1040,,,
EQP,1,,,,20,,,
EQP,1,,,,40,,,
EQP,1,,,,60,,,
EQP,1,,,,80,,,
EQP,1,,,,100,,,
EQP,1,,,,120,,,
EQP,1,,,,140,,,
EQP,1,,,,160,,,
EQP,1,,,,180,,,
EQP,1,,,,200,,,
EQP,1,,,,220,,,
EQP,1,,,,240,,,
EQP,1,,,,260,,,
EQP,1,,,,280,,,
EQP,1,,,,300,,,
EQP,1,,,,320,,,
EQP,1,,,,340,,,
EQP,1,,,,360,,,
EQP,1,,,,380,,,
EQP,1,,,,400,,,
EQP,1,,,,420,,,
EQP,1,,,,440,,,
EQP,1,,,,460,,,
EQP,1,,,,480,,,
EQP,1,,,,500,,,
EQP,1,,,,520,,,
EQP,1,,,,540,,,
EQP,1,,,,560,,,
EQP,1,,,,580,,,
EQP,1,,,,600,,,
EQP,1,,,,620,,,
EQP,1,,,,640,,,
EQP,1,,,,660,,,
EQP,1,,,,680,,,
EQP,1,,,,700,,,
EQP,1,,,,720,,,
EQP,1,,,,740,,,
EQP,1,,,,760,,,
EQP,1,,,,780,,,
EQP,1,,,,800,,,
EQP,1,,,,820,,,
EQP,1,,,,840,,,
EQP,1,,,,860,,,
EQP,1,,,,880,,,
EQP,1,,,,900,,,
EQP,1,,,,920,,,
EQP,1,,,,940,,,
EQP,1,,,,960,,,
EQP,1,,,,980,,,
EQP,1,,,,1000,,,
EQP,1,,,,1020,,,
EQP,1,,,,1040,,,
