method,energy_frac,rwdim,rrdim,nldim,nsr,nqp,time,error
EQPGlobal,0.9,4,6,6,,194,0.467599106,0.01755297223188249
EQP,0.9,4,6,6,20,20,0.108599991,0.01764675698256524
SOPT,0.9,4,6,6,20,156,0.394049604,0.01776475815402264
gappy-POD,0.9,4,6,6,20,156,0.401228901,0.01774212159226573
QDEIM,0.9,4,6,6,20,152,0.396270472,0.01742841346851322
EQP,0.9,4,6,6,40,40,0.142609204,0.01759727036395637
SOPT,0.9,4,6,6,40,288,0.684239885,0.01776475815402265
gappy-POD,0.9,4,6,6,40,300,0.671148041,0.01774212159226574
QDEIM,0.9,4,6,6,40,308,0.749676013,0.0173725189426331
EQP,0.9,4,6,6,60,60,0.186706144,0.01756225132880523
SOPT,0.9,4,6,6,60,428,0.925120894,0.01776475815402266
gappy-POD,0.9,4,6,6,60,444,0.942554831,0.01774095719613508
QDEIM,0.9,4,6,6,60,468,1.020568195,0.01738707420865765
EQP,0.9,4,6,6,80,80,0.2209353,0.01756376505583022
SOPT,0.9,4,6,6,80,564,1.17605686,0.01776475815402265
gappy-POD,0.9,4,6,6,80,596,1.235054177,0.01774012383648598
QDEIM,0.9,4,6,6,80,620,1.307437885,0.01749717534051856
EQP,0.9,4,6,6,100,100,0.293608539,0.01755198841378509
SOPT,0.9,4,6,6,100,636,1.321620377,0.0177653643214599
gappy-POD,0.9,4,6,6,100,724,1.474440656,0.01771287197887435
QDEIM,0.9,4,6,6,100,768,1.558581793,0.01757106390985176
EQP,0.9,4,6,6,120,120,0.316322585,0.0175460812277024
SOPT,0.9,4,6,6,120,724,1.480600138,0.01776373297979693
gappy-POD,0.9,4,6,6,120,832,1.669895157,0.01767112908207834
QDEIM,0.9,4,6,6,120,928,1.880822401,0.0176597835665267
EQP,0.9,4,6,6,140,140,0.355544425,0.01755165753626734
SOPT,0.9,4,6,6,140,824,1.662139091,0.01776192102522243
gappy-POD,0.9,4,6,6,140,956,1.911600781,0.01764896063881623
QDEIM,0.9,4,6,6,140,1048,2.084101023,0.01779297468256128
EQP,0.9,4,6,6,160,160,0.398233272,0.01755559779604782
SOPT,0.9,4,6,6,160,904,1.811644267,0.01776024643636692
gappy-POD,0.9,4,6,6,160,1044,2.092186262,0.01764709701224992
QDEIM,0.9,4,6,6,160,1180,2.38224494,0.01803828212707835
EQP,0.9,4,6,6,180,180,0.43517151,0.01755395630661817
SOPT,0.9,4,6,6,180,972,1.984056732,0.01775891229103383
gappy-POD,0.9,4,6,6,180,1152,2.283129347,0.01782559433484218
QDEIM,0.9,4,6,6,180,1280,2.55036752,0.01798426432435901
EQP,0.9,4,6,6,200,194,0.4576412369999999,0.01755297223188249
SOPT,0.9,4,6,6,200,1024,2.090285863,0.01775795929374441
gappy-POD,0.9,4,6,6,200,1244,2.528348478,0.01781149073357512
QDEIM,0.9,4,6,6,200,1364,2.752375042,0.01799631814884889
EQP,0.9,4,6,6,220,194,0.441788133,0.01755297223188249
SOPT,0.9,4,6,6,220,1104,2.3130644,0.01775921605599012
gappy-POD,0.9,4,6,6,220,1332,2.681582697,0.01774111179389825
QDEIM,0.9,4,6,6,220,1452,2.903012624,0.01793549911257441
EQP,0.9,4,6,6,240,194,0.460739663,0.01755297223188249
SOPT,0.9,4,6,6,240,1156,2.354619927,0.01786207784668323
gappy-POD,0.9,4,6,6,240,1408,2.840432168,0.01765132693036057
QDEIM,0.9,4,6,6,240,1548,3.104502363,0.01789934206840105
EQP,0.9,4,6,6,260,194,0.4331220229999999,0.01755297223188249
SOPT,0.9,4,6,6,260,1208,2.898566729,0.01786789974316391
gappy-POD,0.9,4,6,6,260,1512,3.028513358,0.01779894070430349
QDEIM,0.9,4,6,6,260,1624,3.256596327,0.01780469620144699
EQP,0.9,4,6,6,280,194,0.460489833,0.01755297223188249
SOPT,0.9,4,6,6,280,1292,2.599964768,0.01789760687062602
gappy-POD,0.9,4,6,6,280,1592,3.149563232,0.01780769248918959
QDEIM,0.9,4,6,6,280,1712,3.410150719,0.01773249423351005
EQP,0.9,4,6,6,300,194,0.458721562,0.01755297223188249
SOPT,0.9,4,6,6,300,1380,2.796101954,0.01789943663279814
gappy-POD,0.9,4,6,6,300,1672,3.472010149,0.01782562894484767
QDEIM,0.9,4,6,6,300,1792,3.551799719,0.01765810378261545
EQP,0.9,4,6,6,320,194,0.455447968,0.01755297223188249
SOPT,0.9,4,6,6,320,1476,2.969636348,0.01789320424758958
gappy-POD,0.9,4,6,6,320,1768,3.54305836,0.01789736118839136
QDEIM,0.9,4,6,6,320,1868,3.704053036,0.01765266925849182
EQP,0.9,4,6,6,340,194,0.484371938,0.01755297223188249
SOPT,0.9,4,6,6,340,1532,3.209672786,0.01793110784938379
gappy-POD,0.9,4,6,6,340,1908,3.856798478,0.01788362379929541
QDEIM,0.9,4,6,6,340,1908,3.819282083,0.01763485265803928
EQP,0.9,4,6,6,360,194,0.431697256,0.01755297223188249
SOPT,0.9,4,6,6,360,1600,3.20408755,0.01792788490232362
gappy-POD,0.9,4,6,6,360,1956,3.872525203,0.01786971930681253
QDEIM,0.9,4,6,6,360,1972,3.874785162,0.01763027059519012
EQP,0.9,4,6,6,380,194,0.46258921,0.01755297223188249
SOPT,0.9,4,6,6,380,1672,3.741936312,0.0179823219125518
gappy-POD,0.9,4,6,6,380,2048,4.011812707,0.01783877967521538
QDEIM,0.9,4,6,6,380,2048,4.012730969,0.01765723180180366
EQP,0.9,4,6,6,400,194,0.4609461149999999,0.01755297223188249
SOPT,0.9,4,6,6,400,1740,3.453657035,0.01780917486708796
gappy-POD,0.9,4,6,6,400,2112,4.167993141,0.01783076754470532
QDEIM,0.9,4,6,6,400,2128,4.216747344,0.01766647743570723
EQP,0.9,4,6,6,420,194,0.462309611,0.01755297223188249
SOPT,0.9,4,6,6,420,1824,3.62790618,0.01785187072877148
gappy-POD,0.9,4,6,6,420,2184,4.259967388,0.01781487828724637
QDEIM,0.9,4,6,6,420,2212,4.421831958,0.01766839885207984
EQP,0.9,4,6,6,440,194,0.456280845,0.01755297223188249
SOPT,0.9,4,6,6,440,1904,3.800554731,0.01784863988254538
gappy-POD,0.9,4,6,6,440,2248,4.360928892,0.01781905238036304
QDEIM,0.9,4,6,6,440,2252,4.389348306,0.01766776178619775
EQP,0.9,4,6,6,460,194,0.457751726,0.01755297223188249
SOPT,0.9,4,6,6,460,1992,4.325505865,0.01785426348705085
gappy-POD,0.9,4,6,6,460,2316,4.450377208,0.01783126883587024
QDEIM,0.9,4,6,6,460,2356,4.573263998,0.01768071982125713
EQP,0.9,4,6,6,480,194,0.462563183,0.01755297223188249
SOPT,0.9,4,6,6,480,2056,4.027137063,0.01785228244119056
gappy-POD,0.9,4,6,6,480,2336,4.539769233,0.0178125518031183
QDEIM,0.9,4,6,6,480,2448,4.766068338,0.01768006137674646
EQP,0.9,4,6,6,500,194,0.455990444,0.01755297223188249
SOPT,0.9,4,6,6,500,2136,4.210182319,0.017817280273951
gappy-POD,0.9,4,6,6,500,2404,4.645658374,0.01783628470053455
QDEIM,0.9,4,6,6,500,2580,5.045364276,0.01769211394307882
EQP,0.9,4,6,6,520,194,0.461237774,0.01755297223188249
SOPT,0.9,4,6,6,520,2188,5.86174264,0.01782279246132129
gappy-POD,0.9,4,6,6,520,2448,4.851150232,0.01782845078210924
QDEIM,0.9,4,6,6,520,2656,5.199867745,0.01767141627728958
EQP,0.9,4,6,6,540,194,0.467221238,0.01755297223188249
SOPT,0.9,4,6,6,540,2236,4.413979495,0.01781289171636094
gappy-POD,0.9,4,6,6,540,2508,4.947875887,0.017832365723945
QDEIM,0.9,4,6,6,540,2680,5.27574921,0.01767091639669748
EQP,0.9,4,6,6,560,194,0.461830964,0.01755297223188249
SOPT,0.9,4,6,6,560,2316,4.639286521,0.01776351357733987
gappy-POD,0.9,4,6,6,560,2592,5.086201703,0.01783183890734842
QDEIM,0.9,4,6,6,560,2736,5.297655392,0.01768984130723271
EQP,0.9,4,6,6,580,194,0.468465708,0.01755297223188249
SOPT,0.9,4,6,6,580,2388,4.711092973,0.01776841806017837
gappy-POD,0.9,4,6,6,580,2632,5.443741373,0.01783530993850382
QDEIM,0.9,4,6,6,580,2796,5.479076939,0.01769076560737571
EQP,0.9,4,6,6,600,194,0.459656628,0.01755297223188249
SOPT,0.9,4,6,6,600,2472,4.773287515,0.01776141103225949
gappy-POD,0.9,4,6,6,600,2736,5.236085225,0.01781735551864571
QDEIM,0.9,4,6,6,600,2872,5.481848407,0.01768945437754744
EQP,0.9,4,6,6,620,194,0.45565811,0.01755297223188249
SOPT,0.9,4,6,6,620,2528,4.912510817,0.01783167827389565
gappy-POD,0.9,4,6,6,620,2780,5.345478972,0.01782363802222114
QDEIM,0.9,4,6,6,620,2976,5.663591604000001,0.01768436092538037
EQP,0.9,4,6,6,640,194,0.455938559,0.01755297223188249
SOPT,0.9,4,6,6,640,2612,5.057943047,0.01785351978173303
gappy-POD,0.9,4,6,6,640,2796,5.355956402,0.01781385896547235
QDEIM,0.9,4,6,6,640,3032,5.821548368,0.01768275477158253
EQP,0.9,4,6,6,660,194,0.458597073,0.01755297223188249
SOPT,0.9,4,6,6,660,2680,5.182757953,0.01782873593884638
gappy-POD,0.9,4,6,6,660,2824,5.565991417,0.01781171824819862
QDEIM,0.9,4,6,6,660,3104,5.939820996,0.01767819460888835
EQP,0.9,4,6,6,680,194,0.456976698,0.01755297223188249
SOPT,0.9,4,6,6,680,2744,5.328442527,0.01787391203868215
gappy-POD,0.9,4,6,6,680,2880,5.562973873,0.0178013962492102
QDEIM,0.9,4,6,6,680,3172,6.031271186,0.01767819032003197
EQP,0.9,4,6,6,700,194,0.4651979519999999,0.01755297223188249
SOPT,0.9,4,6,6,700,2800,5.453453628,0.01782291660346145
gappy-POD,0.9,4,6,6,700,2900,5.626328169,0.01779158269594418
QDEIM,0.9,4,6,6,700,3224,6.13225998,0.01768594069908658
EQP,0.9,4,6,6,720,194,0.455587373,0.01755297223188249
SOPT,0.9,4,6,6,720,2860,5.540526759,0.01782295446525543
gappy-POD,0.9,4,6,6,720,2912,5.582108229,0.01780093237182239
QDEIM,0.9,4,6,6,720,3300,6.35942066,0.01769482829827992
EQP,0.9,4,6,6,740,194,0.457132524,0.01755297223188249
SOPT,0.9,4,6,6,740,2944,5.719994154,0.01784560177774623
gappy-POD,0.9,4,6,6,740,2968,5.746766344,0.01779702348225987
QDEIM,0.9,4,6,6,740,3344,6.425102455,0.01769616883754409
EQP,0.9,4,6,6,760,194,0.456905547,0.01755297223188249
SOPT,0.9,4,6,6,760,3004,5.821825767,0.01781275830719087
gappy-POD,0.9,4,6,6,760,3000,5.787094885,0.01781718049648883
QDEIM,0.9,4,6,6,760,3352,6.404762782,0.01771314717918662
EQP,0.9,4,6,6,780,194,0.4578947310000001,0.01755297223188249
SOPT,0.9,4,6,6,780,3052,5.876642193,0.01781101345500392
gappy-POD,0.9,4,6,6,780,3016,5.798941016,0.01782476000059727
QDEIM,0.9,4,6,6,780,3412,6.466247478,0.01770933456266244
EQP,0.9,4,6,6,800,194,0.4615954410000001,0.01755297223188249
SOPT,0.9,4,6,6,800,3104,6.014347211,0.0177881293136931
gappy-POD,0.9,4,6,6,800,3028,6.017652316,0.0178290473796695
QDEIM,0.9,4,6,6,800,3436,6.554999498,0.01769098034811038
EQP,0.9,4,6,6,820,194,0.462394439,0.01755297223188249
SOPT,0.9,4,6,6,820,3148,6.041668167,0.017803932945793
gappy-POD,0.9,4,6,6,820,3044,5.820558724,0.01783483734513532
QDEIM,0.9,4,6,6,820,3436,6.522943648,0.01770005016446992
EQP,0.9,4,6,6,840,194,0.457156558,0.01755297223188249
SOPT,0.9,4,6,6,840,3192,6.179427103,0.01781050500818367
gappy-POD,0.9,4,6,6,840,3056,5.789236153,0.01785011662428436
QDEIM,0.9,4,6,6,840,3508,6.656655497,0.01770245018517446
EQP,0.9,4,6,6,860,194,0.462243972,0.01755297223188249
SOPT,0.9,4,6,6,860,3228,6.273213612,0.0178318137604399
gappy-POD,0.9,4,6,6,860,3132,6.035268438,0.01785081943836918
QDEIM,0.9,4,6,6,860,3616,6.8732095,0.01769206599736067
EQP,0.9,4,6,6,880,194,0.455228043,0.01755297223188249
SOPT,0.9,4,6,6,880,3264,6.284699541,0.01782970401397679
gappy-POD,0.9,4,6,6,880,3180,6.041509197,0.01784591545125676
QDEIM,0.9,4,6,6,880,3636,6.962378577,0.01767831366720447
EQP,0.9,4,6,6,900,194,0.457042019,0.01755297223188249
SOPT,0.9,4,6,6,900,3276,6.326497551,0.01783059070115269
gappy-POD,0.9,4,6,6,900,3224,6.166114463,0.0178420292442384
QDEIM,0.9,4,6,6,900,3636,7.033924191,0.0176810107302738
EQP,0.9,4,6,6,920,194,0.4562104419999999,0.01755297223188249
SOPT,0.9,4,6,6,920,3324,6.34323493,0.01783197980690291
gappy-POD,0.9,4,6,6,920,3264,6.204711205,0.01783984711754516
QDEIM,0.9,4,6,6,920,3636,6.886417171,0.01771010944865596
EQP,0.9,4,6,6,940,194,0.455859171,0.01755297223188249
SOPT,0.9,4,6,6,940,3360,6.431158441,0.01786476979850844
gappy-POD,0.9,4,6,6,940,3300,6.268361662,0.01785199483235773
QDEIM,0.9,4,6,6,940,3636,6.891639925,0.01772206760274626
EQP,0.9,4,6,6,960,194,0.455954949,0.01755297223188249
SOPT,0.9,4,6,6,960,3388,6.607683135,0.01786220247559878
gappy-POD,0.9,4,6,6,960,3312,6.347852188,0.01784354436002317
QDEIM,0.9,4,6,6,960,3636,6.918981849,0.01773967529233208
EQP,0.9,4,6,6,980,194,0.4582601199999999,0.01755297223188249
SOPT,0.9,4,6,6,980,3408,6.504637411,0.01786895697513204
gappy-POD,0.9,4,6,6,980,3368,6.379617901,0.01782089362129991
QDEIM,0.9,4,6,6,980,3636,6.904315383,0.0177413706841953
EQP,0.9,4,6,6,1000,194,0.456114898,0.01755297223188249
SOPT,0.9,4,6,6,1000,3428,6.55029894,0.01787200091683527
gappy-POD,0.9,4,6,6,1000,3440,6.563389401,0.01781740768251289
QDEIM,0.9,4,6,6,1000,3648,6.998035873,0.0177404427388531
EQP,0.9,4,6,6,1020,194,0.4663826689999999,0.01755297223188249
SOPT,0.9,4,6,6,1020,3468,6.687295103,0.01788784681809704
gappy-POD,0.9,4,6,6,1020,3464,6.903252535,0.01781467868049498
QDEIM,0.9,4,6,6,1020,3648,6.93044602,0.01773749060748337
EQP,0.9,4,6,6,1040,194,0.465275053,0.01755297223188249
SOPT,0.9,4,6,6,1040,3500,6.859857917,0.01787816665621355
gappy-POD,0.9,4,6,6,1040,3528,6.910059209,0.01779671030801178
QDEIM,0.9,4,6,6,1040,3672,7.153066925,0.01773486636362036
EQPGlobal,0.99,9,11,11,1040,261,1.240570769,0.002767645937665989
EQP,0.99,9,11,11,20,20,0.182772398,0.005235096546452575
SOPT,0.99,9,11,11,20,152,0.47017413,0.002692075078955908
gappy-POD,0.99,9,11,11,20,152,0.4411005139999999,0.003046327255927172
QDEIM,0.99,9,11,11,20,160,0.462904216,0.003059983286334612
EQP,0.99,9,11,11,40,40,0.31734247,0.002796328194120542
SOPT,0.99,9,11,11,40,264,0.6707057169999999,0.00276616806578165
gappy-POD,0.99,9,11,11,40,300,0.7435035569999999,0.003046327255927183
QDEIM,0.99,9,11,11,40,296,0.735535971,0.003085399891238639
EQP,0.99,9,11,11,60,60,0.391875413,0.002792631671590936
SOPT,0.99,9,11,11,60,372,0.881349998,0.002762886443798687
gappy-POD,0.99,9,11,11,60,448,1.044680948,0.003046327255927137
QDEIM,0.99,9,11,11,60,428,1.009021137,0.003086412370348194
EQP,0.99,9,11,11,80,80,0.465550371,0.002777030064854751
SOPT,0.99,9,11,11,80,496,1.195921879,0.002762363542613115
gappy-POD,0.99,9,11,11,80,576,1.315439325,0.00304632725592728
QDEIM,0.99,9,11,11,80,576,1.305841937,0.002981119611145155
EQP,0.99,9,11,11,100,100,0.590947496,0.002766482254894309
SOPT,0.99,9,11,11,100,608,1.354413864,0.002762363542613121
gappy-POD,0.99,9,11,11,100,712,1.559656476,0.003031699848491157
QDEIM,0.99,9,11,11,100,708,1.549653507,0.002929190291731372
EQP,0.99,9,11,11,120,120,0.6252181349999999,0.002766923880733768
SOPT,0.99,9,11,11,120,728,1.638416592,0.002762363542613124
gappy-POD,0.99,9,11,11,120,848,1.822210688,0.0030132105965079
QDEIM,0.99,9,11,11,120,780,1.704073546,0.002876854341748902
EQP,0.99,9,11,11,140,140,0.715264957,0.002767412019503672
SOPT,0.99,9,11,11,140,832,1.783981957,0.002762607934785474
gappy-POD,0.99,9,11,11,140,980,2.10621098,0.003002917435964377
QDEIM,0.99,9,11,11,140,884,1.931507964,0.002883731064705497
EQP,0.99,9,11,11,160,160,0.79927389,0.002767931327318088
SOPT,0.99,9,11,11,160,912,1.93617635,0.002757548184960297
gappy-POD,0.99,9,11,11,160,1104,2.443942715,0.002993923308056956
QDEIM,0.99,9,11,11,160,1004,2.137307658,0.002900413487088829
EQP,0.99,9,11,11,180,180,0.900217346,0.002767817054515732
SOPT,0.99,9,11,11,180,992,2.103347016,0.002755788934982364
gappy-POD,0.99,9,11,11,180,1184,2.506245646,0.002969368510277721
QDEIM,0.99,9,11,11,180,1092,2.317347696,0.002923984923407465
EQP,0.99,9,11,11,200,200,0.9831102940000001,0.002767524844531923
SOPT,0.99,9,11,11,200,1076,2.262445369,0.002751676426929285
gappy-POD,0.99,9,11,11,200,1264,2.647967891,0.002940133446910858
QDEIM,0.99,9,11,11,200,1152,2.453700355,0.002916005842158113
EQP,0.99,9,11,11,220,220,1.067637627,0.002767567776424743
SOPT,0.99,9,11,11,220,1148,2.452936432,0.002733142084177647
gappy-POD,0.99,9,11,11,220,1340,2.812913616,0.002932579206689643
QDEIM,0.99,9,11,11,220,1196,2.562562471,0.002919839754435479
EQP,0.99,9,11,11,240,240,1.146361744,0.002767558081272907
SOPT,0.99,9,11,11,240,1240,2.725547149,0.002766646893936629
gappy-POD,0.99,9,11,11,240,1436,2.992013745,0.002858305850627683
QDEIM,0.99,9,11,11,240,1276,2.682584395,0.002937796186351352
EQP,0.99,9,11,11,260,260,1.238604255,0.002767646112622843
SOPT,0.99,9,11,11,260,1292,2.697884144,0.002768461259645649
gappy-POD,0.99,9,11,11,260,1496,3.22550445,0.002866715243846165
QDEIM,0.99,9,11,11,260,1352,2.833734659,0.002928591855837931
EQP,0.99,9,11,11,280,261,1.229250262,0.002767645937665989
SOPT,0.99,9,11,11,280,1324,2.814291542,0.002772144657504126
gappy-POD,0.99,9,11,11,280,1692,3.52532643,0.002749658759885086
QDEIM,0.99,9,11,11,280,1468,3.036146381,0.002970928787118428
EQP,0.99,9,11,11,300,261,1.243618238,0.002767645937665989
SOPT,0.99,9,11,11,300,1408,3.009272128,0.002764407609599247
gappy-POD,0.99,9,11,11,300,1776,3.716387046,0.002777601023416638
QDEIM,0.99,9,11,11,300,1580,3.294480995,0.002986334258701669
EQP,0.99,9,11,11,320,261,1.236862176,0.002767645937665989
SOPT,0.99,9,11,11,320,1504,3.13255057,0.002744574879990258
gappy-POD,0.99,9,11,11,320,1860,3.847513541,0.002780813812797903
QDEIM,0.99,9,11,11,320,1664,3.463765322,0.00297708449642994
EQP,0.99,9,11,11,340,261,1.242403595,0.002767645937665989
SOPT,0.99,9,11,11,340,1564,3.300837866,0.00274658083880852
gappy-POD,0.99,9,11,11,340,1880,3.923821074,0.002782982324257612
QDEIM,0.99,9,11,11,340,1712,3.569244564,0.002980876596292758
EQP,0.99,9,11,11,360,261,1.244468823,0.002767645937665989
SOPT,0.99,9,11,11,360,1636,3.443342979,0.002755759359875268
gappy-POD,0.99,9,11,11,360,1924,4.004236801,0.002787445138221305
QDEIM,0.99,9,11,11,360,1792,3.705397586,0.002983790537297904
EQP,0.99,9,11,11,380,261,1.233310915,0.002767645937665989
SOPT,0.99,9,11,11,380,1716,3.597158659,0.002748820917793245
gappy-POD,0.99,9,11,11,380,2056,4.252119324,0.002776370986166494
QDEIM,0.99,9,11,11,380,1816,3.772911812,0.003001020001542102
EQP,0.99,9,11,11,400,261,1.250859822,0.002767645937665989
SOPT,0.99,9,11,11,400,1792,3.751995045,0.002739297871460489
gappy-POD,0.99,9,11,11,400,2096,4.318939281,0.002771675263814501
QDEIM,0.99,9,11,11,400,1876,3.90584586,0.002996946371347683
EQP,0.99,9,11,11,420,261,1.239443814,0.002767645937665989
SOPT,0.99,9,11,11,420,1856,3.846262439,0.002737528796267643
gappy-POD,0.99,9,11,11,420,2164,4.483289888,0.002774796097266951
QDEIM,0.99,9,11,11,420,1896,3.918609613,0.003010097039288697
EQP,0.99,9,11,11,440,261,1.252260772,0.002767645937665989
SOPT,0.99,9,11,11,440,1912,3.967012137,0.002737568636789293
gappy-POD,0.99,9,11,11,440,2224,4.574424078,0.002755050666805183
QDEIM,0.99,9,11,11,440,1976,4.105213719,0.003033199997132739
EQP,0.99,9,11,11,460,261,1.237045321,0.002767645937665989
SOPT,0.99,9,11,11,460,1980,4.140905474,0.002732973620860366
gappy-POD,0.99,9,11,11,460,2256,4.820368631,0.002772450907384206
QDEIM,0.99,9,11,11,460,2012,4.156400795,0.00304112085808856
EQP,0.99,9,11,11,480,261,1.241540136,0.002767645937665989
SOPT,0.99,9,11,11,480,2056,4.838889635,0.002739333937063276
gappy-POD,0.99,9,11,11,480,2308,4.775817293,0.002776285623223455
QDEIM,0.99,9,11,11,480,2024,4.159050484,0.00304767905280669
EQP,0.99,9,11,11,500,261,1.23920533,0.002767645937665989
SOPT,0.99,9,11,11,500,2148,4.418446101,0.002730750895679713
gappy-POD,0.99,9,11,11,500,2348,4.775556327,0.002794515613255433
QDEIM,0.99,9,11,11,500,2108,4.330019847,0.00304271173008338
EQP,0.99,9,11,11,520,261,1.249202907,0.002767645937665989
SOPT,0.99,9,11,11,520,2212,4.59439283,0.002738237602931935
gappy-POD,0.99,9,11,11,520,2364,4.88132504,0.00277624116293797
QDEIM,0.99,9,11,11,520,2152,4.445332759,0.003044578006533058
EQP,0.99,9,11,11,540,261,1.237018609,0.002767645937665989
SOPT,0.99,9,11,11,540,2280,4.727818653,0.002737003941035334
gappy-POD,0.99,9,11,11,540,2428,4.988648798,0.002776950257943082
QDEIM,0.99,9,11,11,540,2188,4.49730094,0.003036595940503707
EQP,0.99,9,11,11,560,261,1.244667431,0.002767645937665989
SOPT,0.99,9,11,11,560,2344,4.784929077,0.002745528893467573
gappy-POD,0.99,9,11,11,560,2460,4.985885147,0.002807401478792174
QDEIM,0.99,9,11,11,560,2248,4.6090494,0.003010315164391839
EQP,0.99,9,11,11,580,261,1.240559278,0.002767645937665989
SOPT,0.99,9,11,11,580,2424,4.951409027,0.00274144199258347
gappy-POD,0.99,9,11,11,580,2444,4.98087046,0.002834228141181418
QDEIM,0.99,9,11,11,580,2316,4.741068991,0.002973868728240571
EQP,0.99,9,11,11,600,261,1.242848447,0.002767645937665989
SOPT,0.99,9,11,11,600,2500,5.049030406,0.002740339435002427
gappy-POD,0.99,9,11,11,600,2504,5.066365543,0.002825641489203044
QDEIM,0.99,9,11,11,600,2408,4.948916793,0.002939814074105868
EQP,0.99,9,11,11,620,261,1.239464024,0.002767645937665989
SOPT,0.99,9,11,11,620,2548,5.214534179,0.002738671003669908
gappy-POD,0.99,9,11,11,620,2544,5.151824811,0.002830573537720599
QDEIM,0.99,9,11,11,620,2504,5.179152601,0.002922811699449433
EQP,0.99,9,11,11,640,261,1.241929365,0.002767645937665989
SOPT,0.99,9,11,11,640,2600,5.311205,0.002736636567875762
gappy-POD,0.99,9,11,11,640,2616,5.296966598,0.002823758515502155
QDEIM,0.99,9,11,11,640,2580,5.2738409,0.002900323951081036
EQP,0.99,9,11,11,660,261,1.238802747,0.002767645937665989
SOPT,0.99,9,11,11,660,2648,5.342030185,0.002740027086727308
gappy-POD,0.99,9,11,11,660,2696,5.491854292,0.002820533951141042
QDEIM,0.99,9,11,11,660,2644,5.310065823,0.002903562814245293
EQP,0.99,9,11,11,680,261,1.231013466,0.002767645937665989
SOPT,0.99,9,11,11,680,2684,5.803912558,0.002743836400096136
gappy-POD,0.99,9,11,11,680,2736,5.838092512,0.002819683931401253
QDEIM,0.99,9,11,11,680,2664,5.368269204,0.00288858128530263
EQP,0.99,9,11,11,700,261,1.229590038,0.002767645937665989
SOPT,0.99,9,11,11,700,2708,5.523991227,0.002744742886954835
gappy-POD,0.99,9,11,11,700,2748,5.601309822,0.002816716745169878
QDEIM,0.99,9,11,11,700,2692,5.42420165,0.002889916139097328
EQP,0.99,9,11,11,720,261,1.232434631,0.002767645937665989
SOPT,0.99,9,11,11,720,2780,5.624037256,0.002740155177363738
gappy-POD,0.99,9,11,11,720,2788,5.723802684,0.002814180779345374
QDEIM,0.99,9,11,11,720,2724,5.524643697,0.002886255160879451
EQP,0.99,9,11,11,740,261,1.237198673,0.002767645937665989
SOPT,0.99,9,11,11,740,2828,5.760398497,0.002746186145217113
gappy-POD,0.99,9,11,11,740,2816,5.719699442,0.002811594455243805
QDEIM,0.99,9,11,11,740,2724,5.53631524,0.00288696214468719
EQP,0.99,9,11,11,760,261,1.22941228,0.002767645937665989
SOPT,0.99,9,11,11,760,2872,5.832378488,0.002755399693267682
gappy-POD,0.99,9,11,11,760,2836,5.712769231,0.002809016157892241
QDEIM,0.99,9,11,11,760,2748,5.578768522,0.002889736302937694
EQP,0.99,9,11,11,780,261,1.228390409,0.002767645937665989
SOPT,0.99,9,11,11,780,2916,6.163700188,0.002756695629927765
gappy-POD,0.99,9,11,11,780,2824,5.704098811,0.002806948256156886
QDEIM,0.99,9,11,11,780,2800,5.604789489,0.002878907416593302
EQP,0.99,9,11,11,800,261,1.241375312,0.002767645937665989
SOPT,0.99,9,11,11,800,2976,6.098312459,0.002755914461458307
gappy-POD,0.99,9,11,11,800,2876,5.856028285,0.00280642619892059
QDEIM,0.99,9,11,11,800,2884,5.800739997,0.002876327824235906
EQP,0.99,9,11,11,820,261,1.230987358,0.002767645937665989
SOPT,0.99,9,11,11,820,3024,6.366337759,0.002761308142417469
gappy-POD,0.99,9,11,11,820,2876,5.796940025,0.00282557172574889
QDEIM,0.99,9,11,11,820,2984,6.023448788,0.00287344573735926
EQP,0.99,9,11,11,840,261,1.238080452,0.002767645937665989
SOPT,0.99,9,11,11,840,3068,6.284797467,0.002764146233147465
gappy-POD,0.99,9,11,11,840,2932,5.987563128,0.002825309250661363
QDEIM,0.99,9,11,11,840,3080,6.201879581,0.002871568267713361
EQP,0.99,9,11,11,860,261,1.239274266,0.002767645937665989
SOPT,0.99,9,11,11,860,3092,6.337410002,0.002760490173720479
gappy-POD,0.99,9,11,11,860,3024,6.158127988,0.002826053591548117
QDEIM,0.99,9,11,11,860,3104,6.28128694,0.00287121122262458
EQP,0.99,9,11,11,880,261,1.238840744,0.002767645937665989
SOPT,0.99,9,11,11,880,3120,6.340798222,0.002770170858691376
gappy-POD,0.99,9,11,11,880,3120,6.643801088,0.002820569786672312
QDEIM,0.99,9,11,11,880,3108,6.284352419,0.002875773615561008
EQP,0.99,9,11,11,900,261,1.234883874,0.002767645937665989
SOPT,0.99,9,11,11,900,3156,6.435585353,0.002766354398963334
gappy-POD,0.99,9,11,11,900,3124,6.30891044,0.002822109884207686
QDEIM,0.99,9,11,11,900,3120,6.375943579,0.00287146222039224
EQP,0.99,9,11,11,920,261,1.237294176,0.002767645937665989
SOPT,0.99,9,11,11,920,3180,6.503023589,0.002762912842751108
gappy-POD,0.99,9,11,11,920,3192,6.408971995,0.002817919150194164
QDEIM,0.99,9,11,11,920,3184,6.399379374,0.002869096015765983
EQP,0.99,9,11,11,940,261,1.241859044,0.002767645937665989
SOPT,0.99,9,11,11,940,3220,6.539463244,0.002772746878829866
gappy-POD,0.99,9,11,11,940,3256,6.586931142,0.002814101267096926
QDEIM,0.99,9,11,11,940,3208,6.491569826,0.002855222729684569
EQP,0.99,9,11,11,960,261,1.229230391,0.002767645937665989
SOPT,0.99,9,11,11,960,3268,6.727989566,0.00277022610541193
gappy-POD,0.99,9,11,11,960,3312,6.628715096000001,0.002812672581415796
QDEIM,0.99,9,11,11,960,3252,6.538958689,0.002861757297501036
EQP,0.99,9,11,11,980,261,1.228288356,0.002767645937665989
SOPT,0.99,9,11,11,980,3300,6.760384462,0.002770528434963721
gappy-POD,0.99,9,11,11,980,3368,6.802840572,0.0028186539478031
QDEIM,0.99,9,11,11,980,3288,6.654953864,0.002859342975299771
EQP,0.99,9,11,11,1000,261,1.239730278,0.002767645937665989
SOPT,0.99,9,11,11,1000,3340,6.77399195,0.002774409081501057
gappy-POD,0.99,9,11,11,1000,3408,6.890257334,0.00281897362097899
QDEIM,0.99,9,11,11,1000,3288,6.669924091,0.00285706606024067
EQP,0.99,9,11,11,1020,261,1.229956073,0.002767645937665989
SOPT,0.99,9,11,11,1020,3376,6.851414613,0.002771197817659494
gappy-POD,0.99,9,11,11,1020,3432,6.930100064,0.002819107212916468
QDEIM,0.99,9,11,11,1020,3296,6.658081639,0.002850414232375265
EQP,0.99,9,11,11,1040,261,1.239206473,0.002767645937665989
SOPT,0.99,9,11,11,1040,3428,7.022890165,0.002771553988464647
gappy-POD,0.99,9,11,11,1040,3484,6.979732786,0.002816902443791495
QDEIM,0.99,9,11,11,1040,3336,6.819888322,0.002848443683179453
EQPGlobal,0.999,14,16,16,1040,298,2.444940652,0.0002864742158144761
EQP,0.999,14,16,16,20,20,0.3535026339999999,0.01328424518804006
SOPT,0.999,14,16,16,20,152,0.497371223,0.0004408607872224893
gappy-POD,0.999,14,16,16,20,156,0.5034217870000001,0.0005461213575568551
QDEIM,0.999,14,16,16,20,160,0.511863776,0.000414046494052279
EQP,0.999,14,16,16,40,40,0.4824120599999999,0.0008062248385834223
SOPT,0.999,14,16,16,40,292,0.795405039,0.0003712231571476677
gappy-POD,0.999,14,16,16,40,304,0.8099144029999999,0.0005461213575568803
QDEIM,0.999,14,16,16,40,316,0.838074207,0.0003985905163868862
EQP,0.999,14,16,16,60,60,0.630672457,0.0004124371819184845
SOPT,0.999,14,16,16,60,428,1.06408716,0.0003367428136758387
gappy-POD,0.999,14,16,16,60,456,1.119504954,0.0005461213575569282
QDEIM,0.999,14,16,16,60,456,1.131869064,0.0003208874011861121
EQP,0.999,14,16,16,80,80,0.7966331,0.0002772369988526859
SOPT,0.999,14,16,16,80,524,1.26551111,0.0003314752479493345
gappy-POD,0.999,14,16,16,80,608,1.448379242,0.0005461213575568151
QDEIM,0.999,14,16,16,80,592,1.394194856,0.0003464006798493619
EQP,0.999,14,16,16,100,100,0.9558980379999999,0.0002972430340376589
SOPT,0.999,14,16,16,100,660,1.592216313,0.0003314681335242036
gappy-POD,0.999,14,16,16,100,748,1.70969442,0.0005461213575568207
QDEIM,0.999,14,16,16,100,740,1.67664778,0.0003962418107204935
EQP,0.999,14,16,16,120,120,1.111184116,0.0002896284880872053
SOPT,0.999,14,16,16,120,776,1.754285807,0.0003314681335242019
gappy-POD,0.999,14,16,16,120,872,1.943713367,0.0005461213575567698
QDEIM,0.999,14,16,16,120,856,1.915441044,0.0003870401167011795
EQP,0.999,14,16,16,140,140,1.264839585,0.0002856246697959741
SOPT,0.999,14,16,16,140,904,1.986321631,0.0003314681335241999
gappy-POD,0.999,14,16,16,140,1012,2.227690231,0.000510233840133084
QDEIM,0.999,14,16,16,140,984,2.181227008,0.0004070206880475279
EQP,0.999,14,16,16,160,160,1.41279688,0.0002868053898467137
SOPT,0.999,14,16,16,160,976,2.139414041,0.0003314327657850942
gappy-POD,0.999,14,16,16,160,1148,2.525995065,0.0005000484505076125
QDEIM,0.999,14,16,16,160,1056,2.335859032,0.0004148298601832533
EQP,0.999,14,16,16,180,180,1.570315258,0.0002872629847312998
SOPT,0.999,14,16,16,180,1080,2.361835283,0.0003321014438527531
gappy-POD,0.999,14,16,16,180,1264,2.753450536,0.0004956513901947978
QDEIM,0.999,14,16,16,180,1168,2.550858245,0.0004143561287391647
EQP,0.999,14,16,16,200,200,1.708475095,0.000286657725950652
SOPT,0.999,14,16,16,200,1172,2.69279586,0.0003335327538806837
gappy-POD,0.999,14,16,16,200,1364,2.947821776,0.0004963240320747754
QDEIM,0.999,14,16,16,200,1264,2.741276898,0.0004111791548709163
EQP,0.999,14,16,16,220,220,1.8615124,0.0002864246934232871
SOPT,0.999,14,16,16,220,1236,2.695567077,0.0003348488837780237
gappy-POD,0.999,14,16,16,220,1468,3.241065891,0.0005159275906896776
QDEIM,0.999,14,16,16,220,1332,2.892115297,0.0004112844061487633
EQP,0.999,14,16,16,240,240,2.023355847,0.0002864080064833564
SOPT,0.999,14,16,16,240,1320,2.891856415,0.0003360632863266486
gappy-POD,0.999,14,16,16,240,1568,3.358308704,0.0005218304169856096
QDEIM,0.999,14,16,16,240,1420,3.045226242,0.0003744434639168501
EQP,0.999,14,16,16,260,260,2.157885619,0.0002864496103122238
SOPT,0.999,14,16,16,260,1352,2.904314848,0.0003370279251652941
gappy-POD,0.999,14,16,16,260,1676,3.597663149,0.0003789837782972875
QDEIM,0.999,14,16,16,260,1528,3.265563265,0.0003796739138514883
EQP,0.999,14,16,16,280,280,2.297420537,0.000286487113269759
SOPT,0.999,14,16,16,280,1404,3.140426526,0.000343365331907347
gappy-POD,0.999,14,16,16,280,1732,3.681545878,0.000388267010363878
QDEIM,0.999,14,16,16,280,1556,3.340776251,0.0003743613149916034
EQP,0.999,14,16,16,300,298,2.447844502,0.0002864742158144761
SOPT,0.999,14,16,16,300,1476,3.239996081,0.0003440009554737311
gappy-POD,0.999,14,16,16,300,1816,3.902250164,0.0003878418892501836
QDEIM,0.999,14,16,16,300,1636,3.495493576,0.0004991025110698643
EQP,0.999,14,16,16,320,298,2.43210207,0.0002864742158144761
SOPT,0.999,14,16,16,320,1576,3.524376357,0.0003043168619756996
gappy-POD,0.999,14,16,16,320,1912,4.189062467,0.0003905673330059038
QDEIM,0.999,14,16,16,320,1664,3.59577871,0.0005302161108802844
EQP,0.999,14,16,16,340,298,2.445665617,0.0002864742158144761
SOPT,0.999,14,16,16,340,1644,3.561009041,0.0003064847392646179
gappy-POD,0.999,14,16,16,340,1968,4.204340102,0.0004293148678445458
QDEIM,0.999,14,16,16,340,1752,3.761765431,0.0006336598008391211
EQP,0.999,14,16,16,360,298,2.451188126,0.0002864742158144761
SOPT,0.999,14,16,16,360,1720,3.68463932,0.0003091345396491846
gappy-POD,0.999,14,16,16,360,2052,4.377080001,0.000392563542166241
QDEIM,0.999,14,16,16,360,1776,3.769676304,0.0006876753284904051
EQP,0.999,14,16,16,380,298,2.445959842,0.0002864742158144761
SOPT,0.999,14,16,16,380,1792,3.916312642,0.0003217015075976807
gappy-POD,0.999,14,16,16,380,2120,4.848546837,0.0003776046594234807
QDEIM,0.999,14,16,16,380,1800,3.870284189,0.0007275179058820679
EQP,0.999,14,16,16,400,298,2.40385673,0.0002864742158144761
SOPT,0.999,14,16,16,400,1856,4.186088955,0.0003084657222580169
gappy-POD,0.999,14,16,16,400,2196,4.71073166,0.0003568833144184474
QDEIM,0.999,14,16,16,400,1852,4.005204919,0.0007379387304286709
EQP,0.999,14,16,16,420,298,2.445576683,0.0002864742158144761
SOPT,0.999,14,16,16,420,1916,4.177123954,0.0003105730990037042
gappy-POD,0.999,14,16,16,420,2356,5.024415108,0.0003416400976805765
QDEIM,0.999,14,16,16,420,1888,4.04637593,0.0007570472150686773
EQP,0.999,14,16,16,440,298,2.443121844,0.0002864742158144761
SOPT,0.999,14,16,16,440,1992,4.32914822,0.0003033165127014619
gappy-POD,0.999,14,16,16,440,2348,4.983623021,0.0003177539362369892
QDEIM,0.999,14,16,16,440,1940,4.163682471,0.0007471785497916293
EQP,0.999,14,16,16,460,298,2.438950514,0.0002864742158144761
SOPT,0.999,14,16,16,460,2072,4.455143166,0.0003010755980991506
gappy-POD,0.999,14,16,16,460,2448,5.238446162,0.000345957160898066
QDEIM,0.999,14,16,16,460,2008,4.235494289,0.0007341224343001469
EQP,0.999,14,16,16,480,298,2.449568112,0.0002864742158144761
SOPT,0.999,14,16,16,480,2136,4.612005196,0.0003057863348184921
gappy-POD,0.999,14,16,16,480,2520,5.329129419,0.0003256171953283185
QDEIM,0.999,14,16,16,480,2072,4.478433596,0.0007228567838807184
EQP,0.999,14,16,16,500,298,2.451172036,0.0002864742158144761
SOPT,0.999,14,16,16,500,2204,4.698032033,0.0003042278975562102
gappy-POD,0.999,14,16,16,500,2476,5.284044297,0.0004016259691287097
QDEIM,0.999,14,16,16,500,2128,4.58755498,0.0007041091560674347
EQP,0.999,14,16,16,520,298,2.464519821,0.0002864742158144761
SOPT,0.999,14,16,16,520,2256,4.864840301,0.0002931732010234378
gappy-POD,0.999,14,16,16,520,2512,5.382089935,0.000392592434698993
QDEIM,0.999,14,16,16,520,2152,4.551873813,0.0007033294366482397
EQP,0.999,14,16,16,540,298,2.440947007,0.0002864742158144761
SOPT,0.999,14,16,16,540,2324,4.97704224,0.0003034808327044256
gappy-POD,0.999,14,16,16,540,2584,5.642238436,0.0003449613487704208
QDEIM,0.999,14,16,16,540,2168,4.614058303,0.0006670914498854171
EQP,0.999,14,16,16,560,298,2.437202796,0.0002864742158144761
SOPT,0.999,14,16,16,560,2372,5.095674665,0.00030031622617404
gappy-POD,0.999,14,16,16,560,2604,5.470670766,0.0003689320415101696
QDEIM,0.999,14,16,16,560,2180,4.621488597,0.0006148636240853443
EQP,0.999,14,16,16,580,298,2.419838522,0.0002864742158144761
SOPT,0.999,14,16,16,580,2424,5.179773754,0.0002995912589538539
gappy-POD,0.999,14,16,16,580,2688,5.699233076,0.0003519385907885524
QDEIM,0.999,14,16,16,580,2196,4.70347278,0.0006026565941458179
EQP,0.999,14,16,16,600,298,2.446341822,0.0002864742158144761
SOPT,0.999,14,16,16,600,2460,5.242595215,0.0003073482490882745
gappy-POD,0.999,14,16,16,600,2764,5.858304066,0.0003665893298577292
QDEIM,0.999,14,16,16,600,2220,4.725126547,0.0006040798914264543
EQP,0.999,14,16,16,620,298,2.438746612,0.0002864742158144761
SOPT,0.999,14,16,16,620,2528,5.528560539,0.0002983862319439415
gappy-POD,0.999,14,16,16,620,2844,5.966175843,0.000336316603412411
QDEIM,0.999,14,16,16,620,2256,4.714056392,0.0005018926497610877
EQP,0.999,14,16,16,640,298,2.439138268,0.0002864742158144761
SOPT,0.999,14,16,16,640,2576,5.688981366,0.0003060415136024653
gappy-POD,0.999,14,16,16,640,2896,6.061319997,0.0003513571853020308
QDEIM,0.999,14,16,16,640,2264,4.778193313,0.0004995646131868047
EQP,0.999,14,16,16,660,298,2.442730648,0.0002864742158144761
SOPT,0.999,14,16,16,660,2616,5.514659357,0.0003028284587075969
gappy-POD,0.999,14,16,16,660,2892,6.07255747,0.0003348170602424381
QDEIM,0.999,14,16,16,660,2312,4.980584778,0.000474897891513506
EQP,0.999,14,16,16,680,298,2.437090758,0.0002864742158144761
SOPT,0.999,14,16,16,680,2668,5.602995217,0.0003075219774966578
gappy-POD,0.999,14,16,16,680,2992,6.206220019,0.0003398688880300971
QDEIM,0.999,14,16,16,680,2372,5.040550939,0.0004534814020752372
EQP,0.999,14,16,16,700,298,2.440293151,0.0002864742158144761
SOPT,0.999,14,16,16,700,2700,5.974363352,0.0003010804605221531
gappy-POD,0.999,14,16,16,700,2980,6.160879549,0.0003480694061958464
QDEIM,0.999,14,16,16,700,2416,5.154392577,0.000428588099839822
EQP,0.999,14,16,16,720,298,2.431023885,0.0002864742158144761
SOPT,0.999,14,16,16,720,2728,5.750609661,0.0003032098745254507
gappy-POD,0.999,14,16,16,720,3048,6.652280323,0.0003338018290389768
QDEIM,0.999,14,16,16,720,2424,5.14305508,0.0004239946152685523
EQP,0.999,14,16,16,740,298,3.538850955,0.0002864742158144761
SOPT,0.999,14,16,16,740,2788,6.13955965,0.0003015060908285634
gappy-POD,0.999,14,16,16,740,3112,7.012244697,0.0003488484383358597
QDEIM,0.999,14,16,16,740,2432,5.363159749,0.0004040909683692036
EQP,0.999,14,16,16,760,298,2.428503345,0.0002864742158144761
SOPT,0.999,14,16,16,760,2832,5.93167623,0.0002989478011522519
gappy-POD,0.999,14,16,16,760,3104,6.485780562,0.0003502933538682524
QDEIM,0.999,14,16,16,760,2472,5.231561597,0.0004165560658347837
EQP,0.999,14,16,16,780,298,2.430133842,0.0002864742158144761
SOPT,0.999,14,16,16,780,2872,6.022249222,0.0003047312468530178
gappy-POD,0.999,14,16,16,780,3176,6.55831764,0.0003443008842060106
QDEIM,0.999,14,16,16,780,2548,5.292939751,0.0003866138361689253
EQP,0.999,14,16,16,800,298,2.449263075,0.0002864742158144761
SOPT,0.999,14,16,16,800,2936,6.16006784,0.0002956155170241759
gappy-POD,0.999,14,16,16,800,3192,6.556616419,0.0003507727521860701
QDEIM,0.999,14,16,16,800,2588,5.470303063,0.0003661570528996231
EQP,0.999,14,16,16,820,298,2.428748278,0.0002864742158144761
SOPT,0.999,14,16,16,820,2972,6.224374654,0.0002948764181412275
gappy-POD,0.999,14,16,16,820,3248,6.749683877,0.0003372599265544028
QDEIM,0.999,14,16,16,820,2600,5.524001564,0.0003698617838034001
EQP,0.999,14,16,16,840,298,2.44809901,0.0002864742158144761
SOPT,0.999,14,16,16,840,3012,6.436391432,0.0002975869241468276
gappy-POD,0.999,14,16,16,840,3192,6.851295695,0.0003456189357325598
QDEIM,0.999,14,16,16,840,2660,5.638884882,0.0003683312633506471
EQP,0.999,14,16,16,860,298,2.451608305,0.0002864742158144761
SOPT,0.999,14,16,16,860,3056,6.517788287,0.0003014959571782537
gappy-POD,0.999,14,16,16,860,3228,6.785950385,0.0003482008753566676
QDEIM,0.999,14,16,16,860,2744,5.819315877,0.0003628449885010846
EQP,0.999,14,16,16,880,298,2.435050871,0.0002864742158144761
SOPT,0.999,14,16,16,880,3088,6.591460713,0.0003044384102915611
gappy-POD,0.999,14,16,16,880,3352,7.067774734,0.0003302950269515639
QDEIM,0.999,14,16,16,880,2840,5.995320556,0.0003622665067802181
EQP,0.999,14,16,16,900,298,2.431750558,0.0002864742158144761
SOPT,0.999,14,16,16,900,3136,6.682146828,0.000299942626443606
gappy-POD,0.999,14,16,16,900,3352,6.991220366,0.0003282332736873845
QDEIM,0.999,14,16,16,900,2924,6.186211642,0.0003591530138283682
EQP,0.999,14,16,16,920,298,2.455402569,0.0002864742158144761
SOPT,0.999,14,16,16,920,3164,6.702626001,0.0003044203775978165
gappy-POD,0.999,14,16,16,920,3392,7.104485602,0.0003321006498511318
QDEIM,0.999,14,16,16,920,2948,6.21500168,0.0003600526419982477
EQP,0.999,14,16,16,940,298,2.434871528,0.0002864742158144761
SOPT,0.999,14,16,16,940,3212,6.741242128,0.0003021662559239034
gappy-POD,0.999,14,16,16,940,3308,6.8687062,0.0003541261960122709
QDEIM,0.999,14,16,16,940,3028,6.351900937,0.0003600513726212988
EQP,0.999,14,16,16,960,298,2.432133197,0.0002864742158144761
SOPT,0.999,14,16,16,960,3280,6.972244833,0.0003038402662148096
gappy-POD,0.999,14,16,16,960,3376,7.045452678,0.0003566424146482807
QDEIM,0.999,14,16,16,960,3060,6.290887675,0.0003619686028225308
EQP,0.999,14,16,16,980,298,2.454522195,0.0002864742158144761
SOPT,0.999,14,16,16,980,3316,7.018219885,0.0003015408355998398
gappy-POD,0.999,14,16,16,980,3372,7.504017516,0.0003581667059291093
QDEIM,0.999,14,16,16,980,3100,6.558787649,0.0003557316157183515
EQP,0.999,14,16,16,1000,298,2.454342184,0.0002864742158144761
SOPT,0.999,14,16,16,1000,3356,7.147314181,0.0002990761630913187
gappy-POD,0.999,14,16,16,1000,3432,7.157007909,0.0003529228313414072
QDEIM,0.999,14,16,16,1000,3156,6.702936897,0.0003514845636116544
EQP,0.999,14,16,16,1020,298,2.434984595,0.0002864742158144761
SOPT,0.999,14,16,16,1020,3408,7.228475275,0.0002987426155822498
gappy-POD,0.999,14,16,16,1020,3424,7.133860248,0.0003676813193346015
QDEIM,0.999,14,16,16,1020,3220,6.843629168,0.0003565784515108798
EQP,0.999,14,16,16,1040,298,2.455959994,0.0002864742158144761
SOPT,0.999,14,16,16,1040,3448,7.199904737,0.0003027587166538461
gappy-POD,0.999,14,16,16,1040,3420,7.131568798,0.0003665438142884027
QDEIM,0.999,14,16,16,1040,3244,6.8076858,0.0003603688856655091
EQPGlobal,0.9999,19,21,21,1040,319,4.352063731,0.0002247114743015459
EQP,0.9999,19,21,21,20,20,0.514681758,0.03661438517571226
SOPT,0.9999,19,21,21,20,0,,
gappy-POD,0.9999,19,21,21,20,0,,
QDEIM,0.9999,19,21,21,20,0,,
EQP,0.9999,19,21,21,40,40,0.735363121,0.003929225996209148
SOPT,0.9999,19,21,21,40,304,0.880080057,0.0004211146303487855
gappy-POD,0.9999,19,21,21,40,308,0.9081823689999999,0.0007234211336433864
QDEIM,0.9999,19,21,21,40,312,0.888424603,0.0004530237450491496
EQP,0.9999,19,21,21,60,60,1.03250216,0.0004026037749189124
SOPT,0.9999,19,21,21,60,448,1.191788976,9.534461468574565e-05
gappy-POD,0.9999,19,21,21,60,456,1.20628861,0.0007234211336433711
QDEIM,0.9999,19,21,21,60,464,1.199930735,0.0006348619368355222
EQP,0.9999,19,21,21,80,80,1.286914156,0.0002744394929095178
SOPT,0.9999,19,21,21,80,568,1.447220785,0.0002214751772831399
gappy-POD,0.9999,19,21,21,80,596,1.515760349,0.0007234211336433983
QDEIM,0.9999,19,21,21,80,580,1.474259923,0.0003268155810340519
EQP,0.9999,19,21,21,100,100,1.55534974,0.0001996537018319166
SOPT,0.9999,19,21,21,100,700,1.701779588,0.0001707771332366253
gappy-POD,0.9999,19,21,21,100,728,1.751101229,0.000723421133642947
QDEIM,0.9999,19,21,21,100,704,1.707975593,0.0003238118282945361
EQP,0.9999,19,21,21,120,120,1.821631044,0.0002603263558244016
SOPT,0.9999,19,21,21,120,820,1.933112344,0.0001707771332366143
gappy-POD,0.9999,19,21,21,120,860,2.004267388,0.0007234211336429184
QDEIM,0.9999,19,21,21,120,792,1.871494691,0.0002335697658644731
EQP,0.9999,19,21,21,140,140,2.052559067,0.0002277036390717906
SOPT,0.9999,19,21,21,140,944,2.192789914,0.0001707771332366194
gappy-POD,0.9999,19,21,21,140,988,2.248825998,0.0007234211336429293
QDEIM,0.9999,19,21,21,140,908,2.134071579,0.0002621606637736693
EQP,0.9999,19,21,21,160,160,2.3674343,0.0002292760205330532
SOPT,0.9999,19,21,21,160,1076,2.482743907,0.0001691748787279574
gappy-POD,0.9999,19,21,21,160,1104,2.601814504,0.000723421133643396
QDEIM,0.9999,19,21,21,160,1032,2.392496825,0.0005806260880487234
EQP,0.9999,19,21,21,180,180,2.75468909,0.0002212244764627888
SOPT,0.9999,19,21,21,180,1176,2.688600484,0.0001654452886711848
gappy-POD,0.9999,19,21,21,180,1232,2.836971313,0.001230755085954856
QDEIM,0.9999,19,21,21,180,1156,2.651530226,0.0001065908117977967
EQP,0.9999,19,21,21,200,200,2.804567509,0.0002252608107944649
SOPT,0.9999,19,21,21,200,1256,2.868960212,0.0001721544158252944
gappy-POD,0.9999,19,21,21,200,1340,3.035052537,0.001346206925005426
QDEIM,0.9999,19,21,21,200,1264,2.910687721,0.0001105611654754339
EQP,0.9999,19,21,21,220,220,3.065556108,0.000224374319923922
SOPT,0.9999,19,21,21,220,1332,3.001822601,0.0001684266575208693
gappy-POD,0.9999,19,21,21,220,1460,3.268495119,0.001281239851588372
QDEIM,0.9999,19,21,21,220,1364,3.087034218,0.0003024922004157618
EQP,0.9999,19,21,21,240,240,3.341042688,0.0002246112541847232
SOPT,0.9999,19,21,21,240,1436,3.257825336,9.327528996236319e-05
gappy-POD,0.9999,19,21,21,240,1564,3.520245658,0.001340969576159646
QDEIM,0.9999,19,21,21,240,1444,3.25904011,0.0001062026316876055
EQP,0.9999,19,21,21,260,260,3.570255982,0.0002251300107751205
SOPT,0.9999,19,21,21,260,1556,3.501053513,0.0002213537496794495
gappy-POD,0.9999,19,21,21,260,1664,3.699355806,0.00131786979400506
QDEIM,0.9999,19,21,21,260,1508,3.408607075,0.0002290775717146847
EQP,0.9999,19,21,21,280,280,3.785625953,0.0002248028054229028
SOPT,0.9999,19,21,21,280,1668,3.765930349,0.0003146409485925066
gappy-POD,0.9999,19,21,21,280,1756,3.909782536,0.001289107295945783
QDEIM,0.9999,19,21,21,280,1580,3.618017995,0.0002288956623788505
EQP,0.9999,19,21,21,300,300,4.093013238,0.0002246861508153178
SOPT,0.9999,19,21,21,300,1732,3.835976558,0.0003007443472988046
gappy-POD,0.9999,19,21,21,300,1836,4.030078888,0.001261578326993197
QDEIM,0.9999,19,21,21,300,1660,3.757620738,0.0004199838037938457
EQP,0.9999,19,21,21,320,319,4.307358005,0.0002247114743015459
SOPT,0.9999,19,21,21,320,1788,3.973437083,0.00029841907194985
gappy-POD,0.9999,19,21,21,320,1920,4.168517745,0.001245266269303583
QDEIM,0.9999,19,21,21,320,1708,3.764326769,0.0006833180916728212
EQP,0.9999,19,21,21,340,319,4.311728,0.0002247114743015459
SOPT,0.9999,19,21,21,340,1808,3.897748897,0.0003077747094181198
gappy-POD,0.9999,19,21,21,340,2012,4.610870677,0.0002453938531191207
QDEIM,0.9999,19,21,21,340,1784,3.990674371,0.0005225760797263768
EQP,0.9999,19,21,21,360,319,4.315872974,0.0002247114743015459
SOPT,0.9999,19,21,21,360,1904,4.20318178,0.0002479997223809079
gappy-POD,0.9999,19,21,21,360,2064,4.599628299,0.0002001929640290738
QDEIM,0.9999,19,21,21,360,1864,4.093839769,0.0005682289035490235
EQP,0.9999,19,21,21,380,319,4.3243626,0.0002247114743015459
SOPT,0.9999,19,21,21,380,1980,4.408283952,0.000240192253705682
gappy-POD,0.9999,19,21,21,380,2156,4.724263282,0.000178535645126216
QDEIM,0.9999,19,21,21,380,1960,4.371710431,0.0006583167769973276
EQP,0.9999,19,21,21,400,319,4.398573402,0.0002247114743015459
SOPT,0.9999,19,21,21,400,2060,4.551340041,0.0002376819164065235
gappy-POD,0.9999,19,21,21,400,2184,4.765670304,0.0002559041734530548
QDEIM,0.9999,19,21,21,400,2000,4.4616507,0.0005978459982666853
EQP,0.9999,19,21,21,420,319,4.289359014,0.0002247114743015459
SOPT,0.9999,19,21,21,420,2124,4.993194527,8.487131666907312e-05
gappy-POD,0.9999,19,21,21,420,2288,5.427049989,0.0001521285767401116
QDEIM,0.9999,19,21,21,420,2028,4.461215045,0.0006387388971313521
EQP,0.9999,19,21,21,440,319,4.427415048,0.0002247114743015459
SOPT,0.9999,19,21,21,440,2196,4.771319325,0.0001114650314495821
gappy-POD,0.9999,19,21,21,440,2292,5.292999413,0.0002712099626158626
QDEIM,0.9999,19,21,21,440,2072,4.531442977,0.0006072943584838808
EQP,0.9999,19,21,21,460,319,4.743920733,0.0002247114743015459
SOPT,0.9999,19,21,21,460,2244,4.911321284,0.0001046156770017661
gappy-POD,0.9999,19,21,21,460,2316,4.972038705,0.0002123460484316006
QDEIM,0.9999,19,21,21,460,2156,4.737011799,0.0004780128867875864
EQP,0.9999,19,21,21,480,319,4.272141797,0.0002247114743015459
SOPT,0.9999,19,21,21,480,2320,5.279049801,0.0001418768832975525
gappy-POD,0.9999,19,21,21,480,2416,5.210018301,0.0001266667628856829
QDEIM,0.9999,19,21,21,480,2220,4.877047069,0.0003819134679620557
EQP,0.9999,19,21,21,500,319,4.338039509,0.0002247114743015459
SOPT,0.9999,19,21,21,500,2376,5.224888396,0.0001238229829737723
gappy-POD,0.9999,19,21,21,500,2460,5.386960268,0.0001706546449327158
QDEIM,0.9999,19,21,21,500,2288,4.98110211,0.0003245193244172887
EQP,0.9999,19,21,21,520,319,4.448568175,0.0002247114743015459
SOPT,0.9999,19,21,21,520,2452,5.360424081,8.3663235634849e-05
gappy-POD,0.9999,19,21,21,520,2504,5.777737351,0.0001266034815367367
QDEIM,0.9999,19,21,21,520,2356,5.188337107,0.0002814298699400731
EQP,0.9999,19,21,21,540,319,4.482303503,0.0002247114743015459
SOPT,0.9999,19,21,21,540,2516,5.43044297,8.054592641214025e-05
gappy-POD,0.9999,19,21,21,540,2672,5.715484139,0.000125901414535491
QDEIM,0.9999,19,21,21,540,2420,5.274790976,0.0002841793693173085
EQP,0.9999,19,21,21,560,319,4.320872729,0.0002247114743015459
SOPT,0.9999,19,21,21,560,2588,5.661502941,8.393780618932261e-05
gappy-POD,0.9999,19,21,21,560,2700,5.769140968,0.0002783240590997553
QDEIM,0.9999,19,21,21,560,2480,5.438415041,0.0003091629772936369
EQP,0.9999,19,21,21,580,319,4.310039126,0.0002247114743015459
SOPT,0.9999,19,21,21,580,2644,6.102432009,7.988083221481593e-05
gappy-POD,0.9999,19,21,21,580,2708,5.87312481,0.0001160419273983998
QDEIM,0.9999,19,21,21,580,2536,5.500024203,0.0003543504867438537
EQP,0.9999,19,21,21,600,319,4.293868557,0.0002247114743015459
SOPT,0.9999,19,21,21,600,2696,5.889320334,9.017956358043032e-05
gappy-POD,0.9999,19,21,21,600,2652,5.80311314,0.0003542092925547915
QDEIM,0.9999,19,21,21,600,2584,5.587235288,0.0003923866679580887
EQP,0.9999,19,21,21,620,319,4.326701818,0.0002247114743015459
SOPT,0.9999,19,21,21,620,2740,6.008890037,8.776001231527924e-05
gappy-POD,0.9999,19,21,21,620,2740,5.879970774,0.0001548691142233599
QDEIM,0.9999,19,21,21,620,2632,5.687129797,0.0005056463020657696
EQP,0.9999,19,21,21,640,319,4.626919565,0.0002247114743015459
SOPT,0.9999,19,21,21,640,2756,6.014690483,9.045809079874657e-05
gappy-POD,0.9999,19,21,21,640,2716,6.210172002,0.0002635004741745681
QDEIM,0.9999,19,21,21,640,2644,5.788648062,0.0004156228423541944
EQP,0.9999,19,21,21,660,319,4.711120161,0.0002247114743015459
SOPT,0.9999,19,21,21,660,2796,6.044322723,9.704526839330193e-05
gappy-POD,0.9999,19,21,21,660,2804,6.026758098,0.0001425058268216654
QDEIM,0.9999,19,21,21,660,2708,5.920803059,0.0005871693723538422
EQP,0.9999,19,21,21,680,319,4.76157629,0.0002247114743015459
SOPT,0.9999,19,21,21,680,2832,6.13859869,8.527079561066742e-05
gappy-POD,0.9999,19,21,21,680,2768,5.938725901,0.0004453490915317665
QDEIM,0.9999,19,21,21,680,2728,6.003570754,0.0005938817543794356
EQP,0.9999,19,21,21,700,319,4.312327126,0.0002247114743015459
SOPT,0.9999,19,21,21,700,2884,6.249464481,9.846886674029156e-05
gappy-POD,0.9999,19,21,21,700,2956,6.929269083,0.0008410954066205679
QDEIM,0.9999,19,21,21,700,2764,6.048388988,0.0005902380335736016
EQP,0.9999,19,21,21,720,319,4.347723664,0.0002247114743015459
SOPT,0.9999,19,21,21,720,2924,6.329247323,8.247981037187375e-05
gappy-POD,0.9999,19,21,21,720,3016,6.529856711,0.0004706770751256852
QDEIM,0.9999,19,21,21,720,2808,6.090857539,0.0005823588176565571
EQP,0.9999,19,21,21,740,319,4.308752254,0.0002247114743015459
SOPT,0.9999,19,21,21,740,2984,6.472255386,8.625421007288337e-05
gappy-POD,0.9999,19,21,21,740,3008,6.356367849,0.0006136297732885459
QDEIM,0.9999,19,21,21,740,2828,6.122180303,0.0008223830713769771
EQP,0.9999,19,21,21,760,319,4.256586172,0.0002247114743015459
SOPT,0.9999,19,21,21,760,3036,6.625806202,8.691168295045499e-05
gappy-POD,0.9999,19,21,21,760,3100,6.685000256,0.0004545732525281389
QDEIM,0.9999,19,21,21,760,2860,6.212773423,0.0008669872586635967
EQP,0.9999,19,21,21,780,319,4.307053764,0.0002247114743015459
SOPT,0.9999,19,21,21,780,3060,6.600330199,8.425984159815554e-05
gappy-POD,0.9999,19,21,21,780,3056,6.642541095,0.0004765016186203441
QDEIM,0.9999,19,21,21,780,2900,6.310509547,0.000850002256501717
EQP,0.9999,19,21,21,800,319,4.345801148,0.0002247114743015459
SOPT,0.9999,19,21,21,800,3104,6.722995023,9.535203781417518e-05
gappy-POD,0.9999,19,21,21,800,3120,6.633421193,0.000522820860925158
QDEIM,0.9999,19,21,21,800,2928,6.343020462,0.0009071316328519407
EQP,0.9999,19,21,21,820,319,4.327358323,0.0002247114743015459
SOPT,0.9999,19,21,21,820,3132,6.813989695,0.0001311048747010484
gappy-POD,0.9999,19,21,21,820,3252,7.011554587,0.0006080637546303617
QDEIM,0.9999,19,21,21,820,2956,6.476090374,0.0009133839989352854
EQP,0.9999,19,21,21,840,319,4.52819051,0.0002247114743015459
SOPT,0.9999,19,21,21,840,3176,6.971129656,0.0001189251855514183
gappy-POD,0.9999,19,21,21,840,3296,7.106963619,0.000474164619811635
QDEIM,0.9999,19,21,21,840,3004,6.477350734,0.000845701086967001
EQP,0.9999,19,21,21,860,319,4.318831474,0.0002247114743015459
SOPT,0.9999,19,21,21,860,3232,6.963869867,8.729102263985166e-05
gappy-POD,0.9999,19,21,21,860,3272,7.086217496,0.0003948730180869656
QDEIM,0.9999,19,21,21,860,3056,6.673579239,0.0008476756526705753
EQP,0.9999,19,21,21,880,319,4.745145122,0.0002247114743015459
SOPT,0.9999,19,21,21,880,3256,7.005190213,9.829922624209179e-05
gappy-POD,0.9999,19,21,21,880,3264,6.965987257,0.0003012948570351563
QDEIM,0.9999,19,21,21,880,3124,6.786683277,0.0007662327886008879
EQP,0.9999,19,21,21,900,319,4.654960398,0.0002247114743015459
SOPT,0.9999,19,21,21,900,3300,7.130703008,0.000140991780119249
gappy-POD,0.9999,19,21,21,900,3212,6.973148305,0.0003159327371581831
QDEIM,0.9999,19,21,21,900,3164,6.983109273,0.0007678651949734909
EQP,0.9999,19,21,21,920,319,4.345822679,0.0002247114743015459
SOPT,0.9999,19,21,21,920,3348,7.373569763,0.0001306122844488387
gappy-POD,0.9999,19,21,21,920,3264,7.008684471,8.971101122349119e-05
QDEIM,0.9999,19,21,21,920,3204,6.998878191,0.0008281108516159167
EQP,0.9999,19,21,21,940,319,4.538709493,0.0002247114743015459
SOPT,0.9999,19,21,21,940,3388,7.388527576,0.0001149350598795682
gappy-POD,0.9999,19,21,21,940,3340,7.578074839,0.0001496668661211122
QDEIM,0.9999,19,21,21,940,3224,7.11187745,0.0008772599689355996
EQP,0.9999,19,21,21,960,319,4.585956642,0.0002247114743015459
SOPT,0.9999,19,21,21,960,3420,7.563941583,9.016338895033404e-05
gappy-POD,0.9999,19,21,21,960,3404,7.964571342,0.0001009760191666262
QDEIM,0.9999,19,21,21,960,3244,7.051920591,0.0008341041989267468
EQP,0.9999,19,21,21,980,319,4.755598645,0.0002247114743015459
SOPT,0.9999,19,21,21,980,3448,7.475757616,8.179539014236966e-05
gappy-POD,0.9999,19,21,21,980,3376,7.430318741,0.0001690524402323634
QDEIM,0.9999,19,21,21,980,3276,7.188220611,0.0008291501780174342
EQP,0.9999,19,21,21,1000,319,4.370870781,0.0002247114743015459
SOPT,0.9999,19,21,21,1000,3488,7.696389334,8.048583285892234e-05
gappy-POD,0.9999,19,21,21,1000,3384,7.403758657,0.0002140790781555267
QDEIM,0.9999,19,21,21,1000,3348,7.303654468,0.0008184685450431074
EQP,0.9999,19,21,21,1020,319,4.319077118,0.0002247114743015459
SOPT,0.9999,19,21,21,1020,3504,7.98033955,8.044580637290062e-05
gappy-POD,0.9999,19,21,21,1020,3460,8.076586697,0.0002034685241566453
QDEIM,0.9999,19,21,21,1020,3380,7.329586362,0.0007971644297217524
EQP,0.9999,19,21,21,1040,319,4.455735691,0.0002247114743015459
SOPT,0.9999,19,21,21,1040,3536,7.642699766,7.846541385070356e-05
gappy-POD,0.9999,19,21,21,1040,3472,7.31404065,0.0003925353054749024
QDEIM,0.9999,19,21,21,1040,3408,7.349166858,0.0008051575883856678
EQPGlobal,0.99999,24,27,27,1040,344,7.971412723,0.000183134769785396
EQP,0.99999,24,27,27,20,20,0.748156641,0.0660836961135286
SOPT,0.99999,24,27,27,20,0,,
gappy-POD,0.99999,24,27,27,20,0,,
QDEIM,0.99999,24,27,27,20,0,,
EQP,0.99999,24,27,27,40,40,1.225534339,0.01166539698871793
SOPT,0.99999,24,27,27,40,312,0.963427161,0.00643091899266934
gappy-POD,0.99999,24,27,27,40,308,0.945292471,0.0058512517406132
QDEIM,0.99999,24,27,27,40,316,0.969525275,0.0022951877861227
EQP,0.99999,24,27,27,60,60,1.693014028,0.001527995712349126
SOPT,0.99999,24,27,27,60,460,1.296250213,0.002305448226361225
gappy-POD,0.99999,24,27,27,60,456,1.280493804,0.005851251740605745
QDEIM,0.99999,24,27,27,60,464,1.29302162,0.002349649341340302
EQP,0.99999,24,27,27,80,80,2.151360931,0.0007113958397039041
SOPT,0.99999,24,27,27,80,600,1.695699065,0.001455746170744067
gappy-POD,0.99999,24,27,27,80,608,1.654074057,0.005851251740599917
QDEIM,0.99999,24,27,27,80,580,1.51948292,0.001895537848495887
EQP,0.99999,24,27,27,100,100,2.463420084,0.0005132239290319871
SOPT,0.99999,24,27,27,100,716,1.962741508,0.001306270505002274
gappy-POD,0.99999,24,27,27,100,736,1.837978561,0.005851251740602951
QDEIM,0.99999,24,27,27,100,704,1.770123671,0.002213134279109693
EQP,0.99999,24,27,27,120,120,2.969132256,0.0003377354383089768
SOPT,0.99999,24,27,27,120,836,2.059726035,0.0004825828067736646
gappy-POD,0.99999,24,27,27,120,848,2.069316241,0.005851251740598689
QDEIM,0.99999,24,27,27,120,804,1.98310541,0.003797956556246326
EQP,0.99999,24,27,27,140,140,3.446087873,0.0002468411202331048
SOPT,0.99999,24,27,27,140,960,2.309051943,0.0008915425671492243
gappy-POD,0.99999,24,27,27,140,968,2.328663976,0.00585125174059353
QDEIM,0.99999,24,27,27,140,904,2.184880048,0.004795120862402052
EQP,0.99999,24,27,27,160,160,3.888017102,0.000201947326733156
SOPT,0.99999,24,27,27,160,1080,2.588690897,0.0002517642990394314
gappy-POD,0.99999,24,27,27,160,1092,2.601851226,0.005851251740593427
QDEIM,0.99999,24,27,27,160,1032,2.500381535,0.00671223829147964
EQP,0.99999,24,27,27,180,180,4.352255152,0.0001944572633049226
SOPT,0.99999,24,27,27,180,1212,2.869715886,7.265673676663845e-05
gappy-POD,0.99999,24,27,27,180,1216,2.841181582,0.005851251740591279
QDEIM,0.99999,24,27,27,180,1112,2.627148128,0.006862710882296964
EQP,0.99999,24,27,27,200,200,4.798841837,0.0001881497833939592
SOPT,0.99999,24,27,27,200,1320,3.080162578,0.0007528137293083083
gappy-POD,0.99999,24,27,27,200,1312,3.243304599,0.005851251740593174
QDEIM,0.99999,24,27,27,200,1244,2.947170053,0.001293595350815123
EQP,0.99999,24,27,27,220,220,5.2322043,0.0001844653633658497
SOPT,0.99999,24,27,27,220,1432,3.370351337,0.0008672091826761271
gappy-POD,0.99999,24,27,27,220,1420,3.355357762,0.005859004914810109
QDEIM,0.99999,24,27,27,220,1340,3.178570453,0.003584800019929752
EQP,0.99999,24,27,27,240,240,5.622350456,0.0001838506942494907
SOPT,0.99999,24,27,27,240,1540,3.646803209,0.0008672091826758848
gappy-POD,0.99999,24,27,27,240,1472,3.447073972,0.003500955900812982
QDEIM,0.99999,24,27,27,240,1452,3.372293409,0.003583947824648742
EQP,0.99999,24,27,27,260,260,6.144095043,0.0001846916927196864
SOPT,0.99999,24,27,27,260,1652,3.81911814,0.0008672091826758856
gappy-POD,0.99999,24,27,27,260,1604,3.744893674,0.003310306345495033
QDEIM,0.99999,24,27,27,260,1540,3.665639048,0.005797018001903095
EQP,0.99999,24,27,27,280,280,6.559949265,0.0001832731514313671
SOPT,0.99999,24,27,27,280,1768,4.064967214,0.0009088626800375121
gappy-POD,0.99999,24,27,27,280,1668,3.893992508,0.002314263770199655
QDEIM,0.99999,24,27,27,280,1616,3.74772442,0.006507087783277988
EQP,0.99999,24,27,27,300,300,7.026594535,0.0001832267441226562
SOPT,0.99999,24,27,27,300,1852,4.269972517,0.001269002888652677
gappy-POD,0.99999,24,27,27,300,1856,4.317414726,0.003955786690562498
QDEIM,0.99999,24,27,27,300,1684,3.889531541,0.006189013748977442
EQP,0.99999,24,27,27,320,320,7.440184072,0.000183110901199718
SOPT,0.99999,24,27,27,320,1936,4.56436105,0.001663969576673109
gappy-POD,0.99999,24,27,27,320,1892,4.374381945,0.003641925492766988
QDEIM,0.99999,24,27,27,320,1720,3.97041905,0.005813422742376564
EQP,0.99999,24,27,27,340,340,7.897067859,0.0001831251908537741
SOPT,0.99999,24,27,27,340,2016,4.669907608,0.001723390048785928
gappy-POD,0.99999,24,27,27,340,1976,4.563988881,0.004009964695722909
QDEIM,0.99999,24,27,27,340,1748,4.012244011,0.008558251401325706
EQP,0.99999,24,27,27,360,344,7.846311871,0.000183134769785396
SOPT,0.99999,24,27,27,360,2124,4.907151897,0.001224503321912094
gappy-POD,0.99999,24,27,27,360,2040,4.663910125,0.003421096339837887
QDEIM,0.99999,24,27,27,360,1828,4.238063288,0.00906100775042528
EQP,0.99999,24,27,27,380,344,7.976582681,0.000183134769785396
SOPT,0.99999,24,27,27,380,2184,5.024474635,0.001499765544148074
gappy-POD,0.99999,24,27,27,380,2192,4.9577513,0.004293177002204623
QDEIM,0.99999,24,27,27,380,1872,4.344678499,0.009677440167605389
EQP,0.99999,24,27,27,400,344,7.963835547,0.000183134769785396
SOPT,0.99999,24,27,27,400,2232,5.131127848,0.001837470937192686
gappy-POD,0.99999,24,27,27,400,2240,5.198936769,0.004166296925298838
QDEIM,0.99999,24,27,27,400,1964,4.547891147,0.009535764939458497
EQP,0.99999,24,27,27,420,344,7.974595779,0.000183134769785396
SOPT,0.99999,24,27,27,420,2316,5.351071238,0.001945619172928939
gappy-POD,0.99999,24,27,27,420,2312,5.282707674,0.004226892589736117
QDEIM,0.99999,24,27,27,420,2048,4.73224253,0.009484467695864991
EQP,0.99999,24,27,27,440,344,7.944520686,0.000183134769785396
SOPT,0.99999,24,27,27,440,2388,5.433437217,0.002197920518620063
gappy-POD,0.99999,24,27,27,440,2308,5.206505692,0.002991535343640329
QDEIM,0.99999,24,27,27,440,2132,4.789841208,0.006244835789942235
EQP,0.99999,24,27,27,460,344,7.851573188,0.000183134769785396
SOPT,0.99999,24,27,27,460,2436,5.537547706,0.002557587510193396
gappy-POD,0.99999,24,27,27,460,2400,5.448910355,0.003496328237720619
QDEIM,0.99999,24,27,27,460,2184,4.98918454,0.006215078967699298
EQP,0.99999,24,27,27,480,344,7.950286133,0.000183134769785396
SOPT,0.99999,24,27,27,480,2488,5.869767482,0.002795548456208302
gappy-POD,0.99999,24,27,27,480,2496,5.673639723,0.004371292816952317
QDEIM,0.99999,24,27,27,480,2292,5.187372983,0.00622734912365511
EQP,0.99999,24,27,27,500,344,7.945954457,0.000183134769785396
SOPT,0.99999,24,27,27,500,2556,5.770754018,0.002392727753438141
gappy-POD,0.99999,24,27,27,500,2532,5.710085543,0.004354447485709393
QDEIM,0.99999,24,27,27,500,2316,5.293551021,0.006079019973672632
EQP,0.99999,24,27,27,520,344,7.952048725,0.000183134769785396
SOPT,0.99999,24,27,27,520,2612,5.95219508,0.00295337216383707
gappy-POD,0.99999,24,27,27,520,2624,5.841857669,0.004491435399159987
QDEIM,0.99999,24,27,27,520,2388,5.391649463,0.007161923606143533
EQP,0.99999,24,27,27,540,344,7.967735289,0.000183134769785396
SOPT,0.99999,24,27,27,540,2676,6.038062549,0.002705296666475573
gappy-POD,0.99999,24,27,27,540,2688,6.265144378,0.004422757857234332
QDEIM,0.99999,24,27,27,540,2428,5.504945759,0.007932454722879361
EQP,0.99999,24,27,27,560,344,7.952826835,0.000183134769785396
SOPT,0.99999,24,27,27,560,2720,6.205946623,0.002142632886376254
gappy-POD,0.99999,24,27,27,560,2660,6.642710793,0.004297016044779402
QDEIM,0.99999,24,27,27,560,2468,5.645484616,0.006994615921158056
EQP,0.99999,24,27,27,580,344,7.850735264,0.000183134769785396
SOPT,0.99999,24,27,27,580,2780,6.322220527,0.00227954345286263
gappy-POD,0.99999,24,27,27,580,2652,5.885559566,0.003567325585390876
QDEIM,0.99999,24,27,27,580,2504,5.677917447,0.007710339292656057
EQP,0.99999,24,27,27,600,344,7.9596538,0.000183134769785396
SOPT,0.99999,24,27,27,600,2836,6.563670582,0.002438805583689547
gappy-POD,0.99999,24,27,27,600,2816,6.206936028,0.004260793690734043
QDEIM,0.99999,24,27,27,600,2604,5.891753454,0.007325583395940096
EQP,0.99999,24,27,27,620,344,7.946486222,0.000183134769785396
SOPT,0.99999,24,27,27,620,2896,6.663684083,0.002009646204351101
gappy-POD,0.99999,24,27,27,620,2860,6.51806831,0.004238896341856596
QDEIM,0.99999,24,27,27,620,2624,6.033797208,0.007143758406956138
EQP,0.99999,24,27,27,640,344,7.991991565,0.000183134769785396
SOPT,0.99999,24,27,27,640,2964,6.799598117,0.001920749657019201
gappy-POD,0.99999,24,27,27,640,2840,6.386984553,0.005249675167868961
QDEIM,0.99999,24,27,27,640,2668,6.016015284,0.005484707806139805
EQP,0.99999,24,27,27,660,344,7.83224969,0.000183134769785396
SOPT,0.99999,24,27,27,660,3008,6.812018995,0.002269907069278345
gappy-POD,0.99999,24,27,27,660,2908,6.515533291,0.005268613894541458
QDEIM,0.99999,24,27,27,660,2696,6.06719516,0.004604260526051701
EQP,0.99999,24,27,27,680,344,7.968344526,0.000183134769785396
SOPT,0.99999,24,27,27,680,3076,7.163785337,0.001549681546291301
gappy-POD,0.99999,24,27,27,680,2944,6.619804812,0.003920803902687241
QDEIM,0.99999,24,27,27,680,2704,6.078424418,0.004643215991236021
EQP,0.99999,24,27,27,700,344,7.957298497,0.000183134769785396
SOPT,0.99999,24,27,27,700,3112,7.080448404,0.001748121740625124
gappy-POD,0.99999,24,27,27,700,3032,6.808716712,0.003900429659799139
QDEIM,0.99999,24,27,27,700,2716,6.092318917,0.004856633592431792
EQP,0.99999,24,27,27,720,344,7.950903389,0.000183134769785396
SOPT,0.99999,24,27,27,720,3160,7.098932726,0.001833231207919026
gappy-POD,0.99999,24,27,27,720,3056,6.856586496,0.003623018231341299
QDEIM,0.99999,24,27,27,720,2736,6.184370942,0.004769101725924793
EQP,0.99999,24,27,27,740,344,7.947115692,0.000183134769785396
SOPT,0.99999,24,27,27,740,3184,7.14535398,0.001462398355547245
gappy-POD,0.99999,24,27,27,740,3068,6.912606811,0.003765703411088668
QDEIM,0.99999,24,27,27,740,2788,6.305442999,0.004577844172405315
EQP,0.99999,24,27,27,760,344,7.978303773,0.000183134769785396
SOPT,0.99999,24,27,27,760,3240,7.416524471,0.001693754833194688
gappy-POD,0.99999,24,27,27,760,3072,6.95822773,0.00306903981611275
QDEIM,0.99999,24,27,27,760,2812,6.410979693,0.004740227130870074
EQP,0.99999,24,27,27,780,344,7.945281599,0.000183134769785396
SOPT,0.99999,24,27,27,780,3268,7.373646279,0.001916576260851548
gappy-POD,0.99999,24,27,27,780,3056,6.897012287,0.003859174009230405
QDEIM,0.99999,24,27,27,780,2872,6.499423518,0.006873563572336469
EQP,0.99999,24,27,27,800,344,7.980855569,0.000183134769785396
SOPT,0.99999,24,27,27,800,3320,7.516143908,0.001544201996736412
gappy-POD,0.99999,24,27,27,800,3216,7.315011223,0.003136681902499726
QDEIM,0.99999,24,27,27,800,2880,6.509546785,0.006712594007238482
EQP,0.99999,24,27,27,820,344,7.952297598,0.000183134769785396
SOPT,0.99999,24,27,27,820,3360,7.595431093,0.001552638220376573
gappy-POD,0.99999,24,27,27,820,3184,7.102890722,0.003145001176478801
QDEIM,0.99999,24,27,27,820,2880,6.492923773,0.006681159022975692
EQP,0.99999,24,27,27,840,344,7.846464568,0.000183134769785396
SOPT,0.99999,24,27,27,840,3412,7.716627988,0.001703810326435541
gappy-POD,0.99999,24,27,27,840,3280,7.321960557,0.003618683825446447
QDEIM,0.99999,24,27,27,840,2884,6.511733217,0.006770510232818651
EQP,0.99999,24,27,27,860,344,7.834608875,0.000183134769785396
SOPT,0.99999,24,27,27,860,3432,7.716529328,0.001726057443900166
gappy-POD,0.99999,24,27,27,860,3264,7.372224135,0.003755405879683798
QDEIM,0.99999,24,27,27,860,2884,6.493918321,0.006750831124807997
EQP,0.99999,24,27,27,880,344,7.644395815,0.000183134769785396
SOPT,0.99999,24,27,27,880,3468,8.013285411,0.001464289814744562
gappy-POD,0.99999,24,27,27,880,3300,7.385112009,0.003039412871622028
QDEIM,0.99999,24,27,27,880,2956,6.698564682,0.007847283487624715
EQP,0.99999,24,27,27,900,344,7.957993018,0.000183134769785396
SOPT,0.99999,24,27,27,900,3496,7.818745952,0.001578324887530469
gappy-POD,0.99999,24,27,27,900,3308,7.476872189,0.002660458560914641
QDEIM,0.99999,24,27,27,900,2972,6.719361239,0.007846422224716782
EQP,0.99999,24,27,27,920,344,7.939929756,0.000183134769785396
SOPT,0.99999,24,27,27,920,3524,7.947829986,0.00131611360534973
gappy-POD,0.99999,24,27,27,920,3440,8.234914906,0.003055914378309408
QDEIM,0.99999,24,27,27,920,3004,6.788074252,0.008053803275008681
EQP,0.99999,24,27,27,940,344,7.951137337,0.000183134769785396
SOPT,0.99999,24,27,27,940,3548,8.182724543999999,0.001384627056342855
gappy-POD,0.99999,24,27,27,940,3436,7.721827408,0.003060056848514542
QDEIM,0.99999,24,27,27,940,3008,6.80149631,0.008124856893382505
EQP,0.99999,24,27,27,960,344,7.83844416,0.000183134769785396
SOPT,0.99999,24,27,27,960,3564,8.075996337999999,0.001442697185757748
gappy-POD,0.99999,24,27,27,960,3444,8.071674249999999,0.003237988957677216
QDEIM,0.99999,24,27,27,960,3016,6.846593773,0.008159947058951074
EQP,0.99999,24,27,27,980,344,7.961562303,0.000183134769785396
SOPT,0.99999,24,27,27,980,3592,8.473546643000001,0.00144897096814676
gappy-POD,0.99999,24,27,27,980,3464,7.702743668,0.003033163206437353
QDEIM,0.99999,24,27,27,980,3052,6.925115465,0.007748459223235492
EQP,0.99999,24,27,27,1000,344,7.947573915,0.000183134769785396
SOPT,0.99999,24,27,27,1000,3636,8.101722013,0.001373528769580238
gappy-POD,0.99999,24,27,27,1000,3496,8.351331326,0.002267231444737847
QDEIM,0.99999,24,27,27,1000,3060,6.947483959,0.007623884542413236
EQP,0.99999,24,27,27,1020,344,7.968268162,0.000183134769785396
SOPT,0.99999,24,27,27,1020,3660,8.172170101000001,0.001376833222039191
gappy-POD,0.99999,24,27,27,1020,3532,10.621083035,0.003029171441524964
QDEIM,0.99999,24,27,27,1020,3096,6.985728765,0.008402246840245936
EQP,0.99999,24,27,27,1040,344,7.936219365,0.000183134769785396
SOPT,0.99999,24,27,27,1040,3676,8.581176308,0.001461138537276228
gappy-POD,0.99999,24,27,27,1040,3428,7.722903852,0.001958970521154333
QDEIM,0.99999,24,27,27,1040,3140,7.103840542,0.008357611710624468
EQPGlobal,0.999999,29,32,32,1040,353,12.587931931,2.962484503317783e-05
EQP,0.999999,29,32,32,20,20,1.275161447,0.08906302336004669
SOPT,0.999999,29,32,32,20,0,,
gappy-POD,0.999999,29,32,32,20,0,,
QDEIM,0.999999,29,32,32,20,0,,
EQP,0.999999,29,32,32,40,40,1.834788546,0.009054594605589127
SOPT,0.999999,29,32,32,40,308,,
gappy-POD,0.999999,29,32,32,40,308,1.114879797,0.0002711106263654777
QDEIM,0.999999,29,32,32,40,292,1.146568751,0.009437516556721844
EQP,0.999999,29,32,32,60,60,2.52268958,0.002240142598431492
SOPT,0.999999,29,32,32,60,452,1.464351714,0.0004872255519881354
gappy-POD,0.999999,29,32,32,60,464,1.527217851,0.0002711106263620883
QDEIM,0.999999,29,32,32,60,444,,
EQP,0.999999,29,32,32,80,80,3.189052441,0.001247494589714589
SOPT,0.999999,29,32,32,80,588,1.8046511,0.0007812613092507446
gappy-POD,0.999999,29,32,32,80,600,1.790320536,0.0002711106263497937
QDEIM,0.999999,29,32,32,80,584,2.144485877,0.9844212401967826
EQP,0.999999,29,32,32,100,100,3.901594874,0.0003945109897790942
SOPT,0.999999,29,32,32,100,740,2.038271807,0.001023042494523215
gappy-POD,0.999999,29,32,32,100,728,2.108530622,0.0002711106263463478
QDEIM,0.999999,29,32,32,100,728,2.282844865,0.09531200562149134
EQP,0.999999,29,32,32,120,120,4.598481554,0.0002533440741213808
SOPT,0.999999,29,32,32,120,864,2.399096896,0.0009824851075987094
gappy-POD,0.999999,29,32,32,120,852,2.296473773,0.0002711106263435478
QDEIM,0.999999,29,32,32,120,844,2.457958397,0.04488318728020528
EQP,0.999999,29,32,32,140,140,5.261496288,0.0001867587007348026
SOPT,0.999999,29,32,32,140,1004,2.649992866,0.000469179556299133
gappy-POD,0.999999,29,32,32,140,964,2.545494631,0.0002711106263401794
QDEIM,0.999999,29,32,32,140,956,2.691169671,0.005559009420660036
EQP,0.999999,29,32,32,160,160,5.939650452,6.330479672341912e-05
SOPT,0.999999,29,32,32,160,1128,2.992860202,0.0007992803146980551
gappy-POD,0.999999,29,32,32,160,1076,2.872993448,0.0002711106263403074
QDEIM,0.999999,29,32,32,160,1040,,
EQP,0.999999,29,32,32,180,180,6.64780291,4.48980670353629e-05
SOPT,0.999999,29,32,32,180,1264,3.269130523,0.0004385716283268797
gappy-POD,0.999999,29,32,32,180,1192,3.104440076,0.0002711106263417704
QDEIM,0.999999,29,32,32,180,1140,,
EQP,0.999999,29,32,32,200,200,7.28853568,2.916073487903934e-05
SOPT,0.999999,29,32,32,200,1376,3.519939557,0.0004246447419393422
gappy-POD,0.999999,29,32,32,200,1292,3.300352303,0.0002711106263446036
QDEIM,0.999999,29,32,32,200,1244,,
EQP,0.999999,29,32,32,220,220,8.020505615999999,2.587559562864865e-05
SOPT,0.999999,29,32,32,220,1500,3.821965683,0.0008375934764911009
gappy-POD,0.999999,29,32,32,220,1388,3.541385722,0.0002711106263459195
QDEIM,0.999999,29,32,32,220,1344,,
EQP,0.999999,29,32,32,240,240,8.703629578999999,2.598386041431642e-05
SOPT,0.999999,29,32,32,240,1600,,
gappy-POD,0.999999,29,32,32,240,1480,3.705809338,0.0002711106263459307
QDEIM,0.999999,29,32,32,240,1424,,
EQP,0.999999,29,32,32,260,260,9.391675611,2.74121439754641e-05
SOPT,0.999999,29,32,32,260,1712,,
gappy-POD,0.999999,29,32,32,260,1596,4.017948166,0.0001645895047824949
QDEIM,0.999999,29,32,32,260,1508,,
EQP,0.999999,29,32,32,280,280,10.725786337,2.942260713971562e-05
SOPT,0.999999,29,32,32,280,1824,,
gappy-POD,0.999999,29,32,32,280,1684,,
QDEIM,0.999999,29,32,32,280,1620,5.129342906,0.8232166056693302
EQP,0.999999,29,32,32,300,300,10.783382992,2.977156001429708e-05
SOPT,0.999999,29,32,32,300,1940,,
gappy-POD,0.999999,29,32,32,300,1808,,
QDEIM,0.999999,29,32,32,300,1696,,
EQP,0.999999,29,32,32,320,320,11.446069039,2.973912729468559e-05
SOPT,0.999999,29,32,32,320,2028,,
gappy-POD,0.999999,29,32,32,320,1884,4.729183361,0.0001654491192931928
QDEIM,0.999999,29,32,32,320,1752,,
EQP,0.999999,29,32,32,340,340,12.146157505,2.961427315713044e-05
SOPT,0.999999,29,32,32,340,2104,,
gappy-POD,0.999999,29,32,32,340,1984,4.782110843,0.02709183634129676
QDEIM,0.999999,29,32,32,340,1800,,
EQP,0.999999,29,32,32,360,353,12.510802393,2.962484503317783e-05
SOPT,0.999999,29,32,32,360,2180,,
gappy-POD,0.999999,29,32,32,360,2000,5.034592458,0.01756866450335596
QDEIM,0.999999,29,32,32,360,1836,,
EQP,0.999999,29,32,32,380,353,12.371893697,2.962484503317783e-05
SOPT,0.999999,29,32,32,380,2240,7.11202999,0.5753777932277737
gappy-POD,0.999999,29,32,32,380,2060,5.103081814,0.0320056344369761
QDEIM,0.999999,29,32,32,380,1896,,
EQP,0.999999,29,32,32,400,353,12.512386346,2.962484503317783e-05
SOPT,0.999999,29,32,32,400,2296,,
gappy-POD,0.999999,29,32,32,400,2184,,
QDEIM,0.999999,29,32,32,400,1956,,
EQP,0.999999,29,32,32,420,353,12.595559299,2.962484503317783e-05
SOPT,0.999999,29,32,32,420,2336,6.177463805,0.04368835268804036
gappy-POD,0.999999,29,32,32,420,2164,5.259376031,0.01555187430641945
QDEIM,0.999999,29,32,32,420,2028,,
EQP,0.999999,29,32,32,440,353,12.590274984,2.962484503317783e-05
SOPT,0.999999,29,32,32,440,2380,6.292929887,0.07479632680188403
gappy-POD,0.999999,29,32,32,440,2304,5.898099545,0.0385365654986467
QDEIM,0.999999,29,32,32,440,2096,,
EQP,0.999999,29,32,32,460,353,12.597784185,2.962484503317783e-05
SOPT,0.999999,29,32,32,460,2436,,
gappy-POD,0.999999,29,32,32,460,2400,,
QDEIM,0.999999,29,32,32,460,2172,,
EQP,0.999999,29,32,32,480,353,12.565046262,2.962484503317783e-05
SOPT,0.999999,29,32,32,480,2504,,
gappy-POD,0.999999,29,32,32,480,2432,5.864455672,0.04915835841739337
QDEIM,0.999999,29,32,32,480,2232,,
EQP,0.999999,29,32,32,500,353,12.556831143,2.962484503317783e-05
SOPT,0.999999,29,32,32,500,2564,,
gappy-POD,0.999999,29,32,32,500,2460,6.328190556,0.1116147306706472
QDEIM,0.999999,29,32,32,500,2296,,
EQP,0.999999,29,32,32,520,353,12.580819478,2.962484503317783e-05
SOPT,0.999999,29,32,32,520,2652,,
gappy-POD,0.999999,29,32,32,520,2564,6.154791175,0.002807342918982708
QDEIM,0.999999,29,32,32,520,2352,,
EQP,0.999999,29,32,32,540,353,12.598585008,2.962484503317783e-05
SOPT,0.999999,29,32,32,540,2688,,
gappy-POD,0.999999,29,32,32,540,2648,,
QDEIM,0.999999,29,32,32,540,2416,,
EQP,0.999999,29,32,32,560,353,12.594850133,2.962484503317783e-05
SOPT,0.999999,29,32,32,560,2736,,
gappy-POD,0.999999,29,32,32,560,2668,6.419397904,0.009016261179708883
QDEIM,0.999999,29,32,32,560,2452,,
EQP,0.999999,29,32,32,580,353,12.580278465,2.962484503317783e-05
SOPT,0.999999,29,32,32,580,2808,,
gappy-POD,0.999999,29,32,32,580,2732,6.550003365,0.006117974418346243
QDEIM,0.999999,29,32,32,580,2464,,
EQP,0.999999,29,32,32,600,353,12.571042301,2.962484503317783e-05
SOPT,0.999999,29,32,32,600,2860,,
gappy-POD,0.999999,29,32,32,600,2844,7.910355435,0.3987078978465025
QDEIM,0.999999,29,32,32,600,2484,,
EQP,0.999999,29,32,32,620,353,12.58625702,2.962484503317783e-05
SOPT,0.999999,29,32,32,620,2920,,
gappy-POD,0.999999,29,32,32,620,2844,6.679936768,0.002668365006050112
QDEIM,0.999999,29,32,32,620,2560,,
EQP,0.999999,29,32,32,640,353,12.586952447,2.962484503317783e-05
SOPT,0.999999,29,32,32,640,2984,,
gappy-POD,0.999999,29,32,32,640,2916,6.900174503,0.002430253485644395
QDEIM,0.999999,29,32,32,640,2620,,
EQP,0.999999,29,32,32,660,353,12.567568743,2.962484503317783e-05
SOPT,0.999999,29,32,32,660,3036,,
gappy-POD,0.999999,29,32,32,660,3028,7.083023429,0.001969182920780304
QDEIM,0.999999,29,32,32,660,2664,,
EQP,0.999999,29,32,32,680,353,12.580028886,2.962484503317783e-05
SOPT,0.999999,29,32,32,680,3096,,
gappy-POD,0.999999,29,32,32,680,3036,8.699970842000001,3.021675107057969
QDEIM,0.999999,29,32,32,680,2704,,
EQP,0.999999,29,32,32,700,353,12.590089581,2.962484503317783e-05
SOPT,0.999999,29,32,32,700,3160,,
gappy-POD,0.999999,29,32,32,700,3036,7.307630793,0.003769193069663111
QDEIM,0.999999,29,32,32,700,2744,6.704994649,0.001364108247878554
EQP,0.999999,29,32,32,720,353,12.581259563,2.962484503317783e-05
SOPT,0.999999,29,32,32,720,3212,,
gappy-POD,0.999999,29,32,32,720,3136,7.479339561,0.004589686544445654
QDEIM,0.999999,29,32,32,720,2760,6.663233682,0.001332885580707031
EQP,0.999999,29,32,32,740,353,12.500191336,2.962484503317783e-05
SOPT,0.999999,29,32,32,740,3260,,
gappy-POD,0.999999,29,32,32,740,3248,,
QDEIM,0.999999,29,32,32,740,2796,6.739758713,0.001912144664719424
EQP,0.999999,29,32,32,760,353,12.575053338,2.962484503317783e-05
SOPT,0.999999,29,32,32,760,3304,,
gappy-POD,0.999999,29,32,32,760,3288,7.735900174,0.004573133739719662
QDEIM,0.999999,29,32,32,760,2856,6.839519822,0.002497371339986208
EQP,0.999999,29,32,32,780,353,12.577183882,2.962484503317783e-05
SOPT,0.999999,29,32,32,780,3340,,
gappy-POD,0.999999,29,32,32,780,3308,8.0883056,0.001617508560976759
QDEIM,0.999999,29,32,32,780,2884,6.900023346,0.002489191669475991
EQP,0.999999,29,32,32,800,353,12.578287875,2.962484503317783e-05
SOPT,0.999999,29,32,32,800,3372,,
gappy-POD,0.999999,29,32,32,800,3336,8.023625179,0.001821561704551653
QDEIM,0.999999,29,32,32,800,2888,6.963757957,0.002267174707639095
EQP,0.999999,29,32,32,820,353,12.583399716,2.962484503317783e-05
SOPT,0.999999,29,32,32,820,3432,,
gappy-POD,0.999999,29,32,32,820,3428,8.118242084,0.003501323446651508
QDEIM,0.999999,29,32,32,820,2896,6.957250943,0.002234234643732751
EQP,0.999999,29,32,32,840,353,12.577224291,2.962484503317783e-05
SOPT,0.999999,29,32,32,840,3456,,
gappy-POD,0.999999,29,32,32,840,3464,8.415419279,0.003256043339275401
QDEIM,0.999999,29,32,32,840,2924,7.027352201,0.00194530969364704
EQP,0.999999,29,32,32,860,353,12.580356342,2.962484503317783e-05
SOPT,0.999999,29,32,32,860,3492,,
gappy-POD,0.999999,29,32,32,860,3476,8.192177328,0.00260728104380985
QDEIM,0.999999,29,32,32,860,3044,7.276233211,0.0008907939242718457
EQP,0.999999,29,32,32,880,353,12.569096824,2.962484503317783e-05
SOPT,0.999999,29,32,32,880,3520,,
gappy-POD,0.999999,29,32,32,880,3584,8.779695615,0.001735000380702215
QDEIM,0.999999,29,32,32,880,3096,7.50393745,0.0009240645155807346
EQP,0.999999,29,32,32,900,353,12.605552347,2.962484503317783e-05
SOPT,0.999999,29,32,32,900,3544,,
gappy-POD,0.999999,29,32,32,900,3488,8.268284314000001,0.00176972840029706
QDEIM,0.999999,29,32,32,900,3160,7.699503689,0.0008694952007781722
EQP,0.999999,29,32,32,920,353,12.59303203,2.962484503317783e-05
SOPT,0.999999,29,32,32,920,3580,,
gappy-POD,0.999999,29,32,32,920,3508,,
QDEIM,0.999999,29,32,32,920,3208,7.730112411,0.0006153199596303237
EQP,0.999999,29,32,32,940,353,12.525647069,2.962484503317783e-05
SOPT,0.999999,29,32,32,940,3608,,
gappy-POD,0.999999,29,32,32,940,3624,8.719938228,0.001061261055614859
QDEIM,0.999999,29,32,32,940,3260,7.944340038,0.0006219982062327158
EQP,0.999999,29,32,32,960,353,12.608002647,2.962484503317783e-05
SOPT,0.999999,29,32,32,960,3624,,
gappy-POD,0.999999,29,32,32,960,3636,,
QDEIM,0.999999,29,32,32,960,3280,8.024986971000001,0.0005293577913696913
EQP,0.999999,29,32,32,980,353,12.585287249,2.962484503317783e-05
SOPT,0.999999,29,32,32,980,3664,,
gappy-POD,0.999999,29,32,32,980,3660,8.796297904999999,0.0005012344298300629
QDEIM,0.999999,29,32,32,980,3380,8.117641591,0.0006404237044609135
EQP,0.999999,29,32,32,1000,353,12.591121701,2.962484503317783e-05
SOPT,0.999999,29,32,32,1000,3688,,
gappy-POD,0.999999,29,32,32,1000,3688,8.909918497,0.0005768145239314418
QDEIM,0.999999,29,32,32,1000,3424,8.392656466,0.0007913492825353614
EQP,0.999999,29,32,32,1020,353,12.569578662,2.962484503317783e-05
SOPT,0.999999,29,32,32,1020,3700,,
gappy-POD,0.999999,29,32,32,1020,3736,9.091860110000001,0.0009383514674798603
QDEIM,0.999999,29,32,32,1020,3440,8.468745209,0.0007724638050692974
EQP,0.999999,29,32,32,1040,353,12.574886639,2.962484503317783e-05
SOPT,0.999999,29,32,32,1040,3724,,
gappy-POD,0.999999,29,32,32,1040,3680,9.065343993000001,0.001369176457381325
QDEIM,0.999999,29,32,32,1040,3440,8.632839988000001,0.0007726313981639681
EQPGlobal,1,,,,1040,,,
EQP,1,,,,20,,,
SOPT,1,,,,20,0,,
gappy-POD,1,,,,20,0,,
QDEIM,1,,,,20,0,,
EQP,1,,,,40,,,
SOPT,1,,,,40,0,,
gappy-POD,1,,,,40,0,,
QDEIM,1,,,,40,0,,
EQP,1,,,,60,,,
SOPT,1,,,,60,0,,
gappy-POD,1,,,,60,0,,
QDEIM,1,,,,60,0,,
EQP,1,,,,80,,,
SOPT,1,,,,80,0,,
gappy-POD,1,,,,80,0,,
QDEIM,1,,,,80,0,,
EQP,1,,,,100,,,
SOPT,1,,,,100,0,,
gappy-POD,1,,,,100,0,,
QDEIM,1,,,,100,0,,
EQP,1,,,,120,,,
SOPT,1,,,,120,0,,
gappy-POD,1,,,,120,0,,
QDEIM,1,,,,120,0,,
EQP,1,,,,140,,,
SOPT,1,,,,140,0,,
gappy-POD,1,,,,140,0,,
QDEIM,1,,,,140,0,,
EQP,1,,,,160,,,
SOPT,1,,,,160,0,,
gappy-POD,1,,,,160,0,,
QDEIM,1,,,,160,0,,
EQP,1,,,,180,,,
SOPT,1,,,,180,0,,
gappy-POD,1,,,,180,0,,
QDEIM,1,,,,180,0,,
EQP,1,,,,200,,,
SOPT,1,,,,200,0,,
gappy-POD,1,,,,200,0,,
QDEIM,1,,,,200,0,,
EQP,1,,,,220,,,
SOPT,1,,,,220,0,,
gappy-POD,1,,,,220,0,,
QDEIM,1,,,,220,0,,
EQP,1,,,,240,,,
SOPT,1,,,,240,0,,
gappy-POD,1,,,,240,0,,
QDEIM,1,,,,240,0,,
EQP,1,,,,260,,,
SOPT,1,,,,260,0,,
gappy-POD,1,,,,260,0,,
QDEIM,1,,,,260,0,,
EQP,1,,,,280,,,
SOPT,1,,,,280,0,,
gappy-POD,1,,,,280,0,,
QDEIM,1,,,,280,0,,
EQP,1,,,,300,,,
SOPT,1,,,,300,0,,
gappy-POD,1,,,,300,0,,
QDEIM,1,,,,300,0,,
EQP,1,,,,320,,,
SOPT,1,,,,320,0,,
gappy-POD,1,,,,320,0,,
QDEIM,1,,,,320,0,,
EQP,1,,,,340,,,
SOPT,1,,,,340,0,,
gappy-POD,1,,,,340,0,,
QDEIM,1,,,,340,0,,
EQP,1,,,,360,,,
SOPT,1,,,,360,0,,
gappy-POD,1,,,,360,0,,
QDEIM,1,,,,360,0,,
EQP,1,,,,380,,,
SOPT,1,,,,380,0,,
gappy-POD,1,,,,380,0,,
QDEIM,1,,,,380,0,,
EQP,1,,,,400,,,
SOPT,1,,,,400,0,,
gappy-POD,1,,,,400,0,,
QDEIM,1,,,,400,0,,
EQP,1,,,,420,,,
SOPT,1,,,,420,0,,
gappy-POD,1,,,,420,0,,
QDEIM,1,,,,420,0,,
EQP,1,,,,440,,,
SOPT,1,,,,440,0,,
gappy-POD,1,,,,440,0,,
QDEIM,1,,,,440,0,,
EQP,1,,,,460,,,
SOPT,1,,,,460,0,,
gappy-POD,1,,,,460,0,,
QDEIM,1,,,,460,0,,
EQP,1,,,,480,,,
SOPT,1,,,,480,0,,
gappy-POD,1,,,,480,0,,
QDEIM,1,,,,480,0,,
EQP,1,,,,500,,,
SOPT,1,,,,500,0,,
gappy-POD,1,,,,500,0,,
QDEIM,1,,,,500,0,,
EQP,1,,,,520,,,
SOPT,1,,,,520,0,,
gappy-POD,1,,,,520,0,,
QDEIM,1,,,,520,0,,
EQP,1,,,,540,,,
SOPT,1,,,,540,0,,
gappy-POD,1,,,,540,0,,
QDEIM,1,,,,540,0,,
EQP,1,,,,560,,,
SOPT,1,,,,560,0,,
gappy-POD,1,,,,560,0,,
QDEIM,1,,,,560,0,,
EQP,1,,,,580,,,
SOPT,1,,,,580,0,,
gappy-POD,1,,,,580,0,,
QDEIM,1,,,,580,0,,
EQP,1,,,,600,,,
SOPT,1,,,,600,0,,
gappy-POD,1,,,,600,0,,
QDEIM,1,,,,600,0,,
EQP,1,,,,620,,,
SOPT,1,,,,620,0,,
gappy-POD,1,,,,620,0,,
QDEIM,1,,,,620,0,,
EQP,1,,,,640,,,
SOPT,1,,,,640,0,,
gappy-POD,1,,,,640,0,,
QDEIM,1,,,,640,0,,
EQP,1,,,,660,,,
SOPT,1,,,,660,0,,
gappy-POD,1,,,,660,0,,
QDEIM,1,,,,660,0,,
EQP,1,,,,680,,,
SOPT,1,,,,680,0,,
gappy-POD,1,,,,680,0,,
QDEIM,1,,,,680,0,,
EQP,1,,,,700,,,
SOPT,1,,,,700,0,,
gappy-POD,1,,,,700,0,,
QDEIM,1,,,,700,0,,
EQP,1,,,,720,,,
SOPT,1,,,,720,0,,
gappy-POD,1,,,,720,0,,
QDEIM,1,,,,720,0,,
EQP,1,,,,740,,,
SOPT,1,,,,740,0,,
gappy-POD,1,,,,740,0,,
QDEIM,1,,,,740,0,,
EQP,1,,,,760,,,
SOPT,1,,,,760,0,,
gappy-POD,1,,,,760,0,,
QDEIM,1,,,,760,0,,
EQP,1,,,,780,,,
SOPT,1,,,,780,0,,
gappy-POD,1,,,,780,0,,
QDEIM,1,,,,780,0,,
EQP,1,,,,800,,,
SOPT,1,,,,800,0,,
gappy-POD,1,,,,800,0,,
QDEIM,1,,,,800,0,,
EQP,1,,,,820,,,
SOPT,1,,,,820,0,,
gappy-POD,1,,,,820,0,,
QDEIM,1,,,,820,0,,
EQP,1,,,,840,,,
SOPT,1,,,,840,0,,
gappy-POD,1,,,,840,0,,
QDEIM,1,,,,840,0,,
EQP,1,,,,860,,,
SOPT,1,,,,860,0,,
gappy-POD,1,,,,860,0,,
QDEIM,1,,,,860,0,,
EQP,1,,,,880,,,
SOPT,1,,,,880,0,,
gappy-POD,1,,,,880,0,,
QDEIM,1,,,,880,0,,
EQP,1,,,,900,,,
SOPT,1,,,,900,0,,
gappy-POD,1,,,,900,0,,
QDEIM,1,,,,900,0,,
EQP,1,,,,920,,,
SOPT,1,,,,920,0,,
gappy-POD,1,,,,920,0,,
QDEIM,1,,,,920,0,,
EQP,1,,,,940,,,
SOPT,1,,,,940,0,,
gappy-POD,1,,,,940,0,,
QDEIM,1,,,,940,0,,
EQP,1,,,,960,,,
SOPT,1,,,,960,0,,
gappy-POD,1,,,,960,0,,
QDEIM,1,,,,960,0,,
EQP,1,,,,980,,,
SOPT,1,,,,980,0,,
gappy-POD,1,,,,980,0,,
QDEIM,1,,,,980,0,,
EQP,1,,,,1000,,,
SOPT,1,,,,1000,0,,
gappy-POD,1,,,,1000,0,,
QDEIM,1,,,,1000,0,,
EQP,1,,,,1020,,,
SOPT,1,,,,1020,0,,
gappy-POD,1,,,,1020,0,,
QDEIM,1,,,,1020,0,,
EQP,1,,,,1040,,,
SOPT,1,,,,1040,0,,
gappy-POD,1,,,,1040,0,,
QDEIM,1,,,,1040,0,,
