method,energy_frac,rwdim,rrdim,nldim,nsr,nqp,time,error
SOPT,0.9,4,6,6,20,152,0.4414694929999999,0.01226946298431562
gappy-POD,0.9,4,6,6,20,160,0.461923678,0.01321689103145569
QDEIM,0.9,4,6,6,20,152,0.444565892,0.01268553412080608
SOPT,0.9,4,6,6,40,264,0.6832313880000001,0.01225127739938131
gappy-POD,0.9,4,6,6,40,320,0.826728584,0.01321689103145573
QDEIM,0.9,4,6,6,40,304,0.778396957,0.01264241121578122
SOPT,0.9,4,6,6,60,404,0.995409503,0.01225127739938131
gappy-POD,0.9,4,6,6,60,480,1.17311612,0.01319425009185752
QDEIM,0.9,4,6,6,60,456,1.124166771,0.01263749292712283
SOPT,0.9,4,6,6,80,544,1.295667464,0.01225127739938131
gappy-POD,0.9,4,6,6,80,632,1.482866445,0.01318122870742685
QDEIM,0.9,4,6,6,80,612,1.455097421,0.01259094828435775
SOPT,0.9,4,6,6,100,660,1.5604155,0.01225131854105387
gappy-POD,0.9,4,6,6,100,780,1.815697652,0.01307578692013441
QDEIM,0.9,4,6,6,100,756,1.75762361,0.01261554662188459
SOPT,0.9,4,6,6,120,748,1.73498282,0.0122511589667831
gappy-POD,0.9,4,6,6,120,876,2.006570516,0.01267797368866481
QDEIM,0.9,4,6,6,120,916,2.117117896,0.01279080401660109
SOPT,0.9,4,6,6,140,852,1.971179834,0.01225037715913832
gappy-POD,0.9,4,6,6,140,1012,2.320952135,0.01270124122412873
QDEIM,0.9,4,6,6,140,996,2.277472269,0.01276876656666845
SOPT,0.9,4,6,6,160,932,2.139964793,0.01224935610156973
gappy-POD,0.9,4,6,6,160,1132,2.590128864,0.01253492332444223
QDEIM,0.9,4,6,6,160,1100,2.511422344,0.01275388928568117
SOPT,0.9,4,6,6,180,1012,2.298854082,0.01224876640426391
gappy-POD,0.9,4,6,6,180,1256,2.807031334,0.01271807037668039
QDEIM,0.9,4,6,6,180,1208,2.749592107,0.01274144273502757
SOPT,0.9,4,6,6,200,1088,2.467826101,0.0122484279320082
gappy-POD,0.9,4,6,6,200,1392,3.154551863,0.012683644819371
QDEIM,0.9,4,6,6,200,1324,2.996312241,0.01273285421501861
SOPT,0.9,4,6,6,220,1128,2.559905968,0.01224574961246528
gappy-POD,0.9,4,6,6,220,1564,3.48043025,0.01258207690776395
QDEIM,0.9,4,6,6,220,1452,3.259510005,0.0127296631751951
SOPT,0.9,4,6,6,240,1164,2.688981994,0.01222005002825832
gappy-POD,0.9,4,6,6,240,1696,3.690716856,0.01249862326699868
QDEIM,0.9,4,6,6,240,1540,3.4310745,0.01272750735462025
SOPT,0.9,4,6,6,260,1236,2.81085585,0.01221653308172596
gappy-POD,0.9,4,6,6,260,1668,3.703236503,0.01249221104153276
QDEIM,0.9,4,6,6,260,1556,3.527435826,0.01269039573487745
SOPT,0.9,4,6,6,280,1332,2.991753846,0.01221134455315585
gappy-POD,0.9,4,6,6,280,1652,3.713752619,0.01255902424645512
QDEIM,0.9,4,6,6,280,1636,3.681221661,0.01266650410698917
SOPT,0.9,4,6,6,300,1412,3.20113776,0.01218473043665365
gappy-POD,0.9,4,6,6,300,1672,3.717194885,0.01260711381088669
QDEIM,0.9,4,6,6,300,1724,3.917300009,0.01265458637231851
SOPT,0.9,4,6,6,320,1496,3.492826606,0.01216505455121404
gappy-POD,0.9,4,6,6,320,1724,3.83314682,0.01283509805110675
QDEIM,0.9,4,6,6,320,1788,4.014378973,0.01261901580706103
SOPT,0.9,4,6,6,340,1576,3.589336185,0.0121598735585256
gappy-POD,0.9,4,6,6,340,1788,3.937905329,0.01271971396079037
QDEIM,0.9,4,6,6,340,1932,4.320888595,0.01270226807118983
SOPT,0.9,4,6,6,360,1672,3.732944689,0.01218260171789536
gappy-POD,0.9,4,6,6,360,1828,4.054130984,0.01270294374246027
QDEIM,0.9,4,6,6,360,2036,4.535374704,0.01276891717480033
SOPT,0.9,4,6,6,380,1748,3.930729233,0.01216872269665427
gappy-POD,0.9,4,6,6,380,1864,4.103338363,0.01270443794728232
QDEIM,0.9,4,6,6,380,2128,4.592095163,0.0127610414628966
SOPT,0.9,4,6,6,400,1808,4.064509382,0.0122240413503815
gappy-POD,0.9,4,6,6,400,2016,4.396248345,0.01257901547646804
QDEIM,0.9,4,6,6,400,2200,4.806705505,0.01267569099401303
SOPT,0.9,4,6,6,420,1856,4.136670813,0.01221251168154425
gappy-POD,0.9,4,6,6,420,1944,4.224977086,0.01273110828935076
QDEIM,0.9,4,6,6,420,2224,4.942869434,0.01268240385463697
SOPT,0.9,4,6,6,440,1932,4.252480189,0.01220337580960135
gappy-POD,0.9,4,6,6,440,2136,4.598474407,0.01267055112575429
QDEIM,0.9,4,6,6,440,2276,4.946737362,0.01267187986125914
SOPT,0.9,4,6,6,460,2008,4.417772464,0.01218610073152962
gappy-POD,0.9,4,6,6,460,2272,4.918569084,0.01253305332673495
QDEIM,0.9,4,6,6,460,2332,5.055223315,0.01269424373014042
SOPT,0.9,4,6,6,480,2088,4.641284804,0.01217646265588123
gappy-POD,0.9,4,6,6,480,2256,4.862187612,0.0125810811568854
QDEIM,0.9,4,6,6,480,2412,5.313436047,0.01270178808499699
SOPT,0.9,4,6,6,500,2176,4.86064082,0.01215429420532649
gappy-POD,0.9,4,6,6,500,2352,5.121967926,0.01256646378604815
QDEIM,0.9,4,6,6,500,2452,5.410711781,0.01276224503591264
SOPT,0.9,4,6,6,520,2232,4.884348279,0.01224572194407685
gappy-POD,0.9,4,6,6,520,2328,5.16405762,0.01256258110802198
QDEIM,0.9,4,6,6,520,2500,5.497771579,0.01274564348051605
SOPT,0.9,4,6,6,540,2308,5.121454293,0.01223190391757406
gappy-POD,0.9,4,6,6,540,2408,5.219348099,0.01262178702071916
QDEIM,0.9,4,6,6,540,2552,5.629835046,0.01272294230126741
SOPT,0.9,4,6,6,560,2368,5.274119798,0.0122213112716089
gappy-POD,0.9,4,6,6,560,2408,5.312141814,0.01263333628125974
QDEIM,0.9,4,6,6,560,2612,5.751834243,0.01272900864217139
SOPT,0.9,4,6,6,580,2444,5.390251226,0.01220741159813607
gappy-POD,0.9,4,6,6,580,2460,5.425218556,0.01264446662212183
QDEIM,0.9,4,6,6,580,2660,5.895087852,0.01273653672152887
SOPT,0.9,4,6,6,600,2524,5.585700758,0.01219926985013107
gappy-POD,0.9,4,6,6,600,2496,5.502881333,0.01267765476821847
QDEIM,0.9,4,6,6,600,2728,6.003814687,0.01272080412044918
SOPT,0.9,4,6,6,620,2584,5.734690526,0.01226864011528045
gappy-POD,0.9,4,6,6,620,2524,5.812045379,0.01268890642339867
QDEIM,0.9,4,6,6,620,2772,6.109774033,0.0126973762629347
SOPT,0.9,4,6,6,640,2632,5.524260683,0.01226451335971675
gappy-POD,0.9,4,6,6,640,2592,5.691145102,0.01267783936385676
QDEIM,0.9,4,6,6,640,2804,6.152689183,0.01267329582404396
SOPT,0.9,4,6,6,660,2696,5.951536616,0.01226806799448027
gappy-POD,0.9,4,6,6,660,2672,5.920525636,0.01266356521667403
QDEIM,0.9,4,6,6,660,2832,6.205452141,0.01265947930856976
SOPT,0.9,4,6,6,680,2736,6.023018521,0.01226114463095384
gappy-POD,0.9,4,6,6,680,2720,5.947563013,0.01264669475003595
QDEIM,0.9,4,6,6,680,2832,6.225065344,0.01266619646412939
SOPT,0.9,4,6,6,700,2792,6.040788412,0.01230502527680956
gappy-POD,0.9,4,6,6,700,2760,6.005547326,0.01262554740139294
QDEIM,0.9,4,6,6,700,2896,6.339995173,0.01265725178175383
SOPT,0.9,4,6,6,720,2876,6.251140186,0.01231277950066216
gappy-POD,0.9,4,6,6,720,2848,6.151193474,0.01260298459716191
QDEIM,0.9,4,6,6,720,2964,6.330246677,0.01263546448532789
SOPT,0.9,4,6,6,740,2924,6.398167329,0.01231256358761546
gappy-POD,0.9,4,6,6,740,2864,6.201223001,0.01258782666284467
QDEIM,0.9,4,6,6,740,3028,6.517144141,0.01259903144511018
SOPT,0.9,4,6,6,760,2968,6.241129783,0.01236528435956349
gappy-POD,0.9,4,6,6,760,2904,6.153616888,0.01257665546534146
QDEIM,0.9,4,6,6,760,3044,6.535956159,0.01259836023705609
SOPT,0.9,4,6,6,780,3016,6.673704212,0.01235598454887024
gappy-POD,0.9,4,6,6,780,2960,6.393653512,0.0125549833186768
QDEIM,0.9,4,6,6,780,3072,6.684445168,0.01260247013039694
SOPT,0.9,4,6,6,800,3088,6.642723105,0.01235492599281116
gappy-POD,0.9,4,6,6,800,3016,6.810045407,0.0125446779879071
QDEIM,0.9,4,6,6,800,3128,6.616728359,0.0126036139194458
SOPT,0.9,4,6,6,820,3140,6.84795296,0.01234174217673652
gappy-POD,0.9,4,6,6,820,3040,6.419636166,0.01252715643817433
QDEIM,0.9,4,6,6,820,3196,6.966294493,0.01260314513800982
SOPT,0.9,4,6,6,840,3192,6.789684748,0.01237147876743549
gappy-POD,0.9,4,6,6,840,3056,6.62086124,0.01251717964655487
QDEIM,0.9,4,6,6,840,3236,7.013583006,0.0125970923902834
SOPT,0.9,4,6,6,860,3240,7.137999488,0.01235929665377617
gappy-POD,0.9,4,6,6,860,3040,6.503836882,0.01250929673299608
QDEIM,0.9,4,6,6,860,3296,6.987753442,0.0125962617748346
SOPT,0.9,4,6,6,880,3276,6.957883065,0.01235630572002176
gappy-POD,0.9,4,6,6,880,3096,6.76152571,0.01251069380009856
QDEIM,0.9,4,6,6,880,3312,7.23537721,0.01257701713960459
SOPT,0.9,4,6,6,900,3336,7.347251895,0.01237519517189723
gappy-POD,0.9,4,6,6,900,3136,6.790180274,0.01250028657895171
QDEIM,0.9,4,6,6,900,3356,7.368200271,0.01256629253509558
SOPT,0.9,4,6,6,920,3384,7.430336535,0.01236751168886764
gappy-POD,0.9,4,6,6,920,3200,6.97593732,0.01249954168994709
QDEIM,0.9,4,6,6,920,3388,7.360525307,0.01256230560203674
SOPT,0.9,4,6,6,940,3452,7.732708588,0.01236271024717375
gappy-POD,0.9,4,6,6,940,3216,6.887366752,0.01248905289685687
QDEIM,0.9,4,6,6,940,3476,7.582260107,0.01256052802823603
SOPT,0.9,4,6,6,960,3492,7.588000495,0.01238102348123391
gappy-POD,0.9,4,6,6,960,3312,7.191577294,0.0124769093867474
QDEIM,0.9,4,6,6,960,3552,7.667305061,0.01255944015437383
SOPT,0.9,4,6,6,980,3532,7.48010898,0.01236864857675535
gappy-POD,0.9,4,6,6,980,3312,7.370941955,0.01247992588184582
QDEIM,0.9,4,6,6,980,3580,7.697047361,0.01255699692518375
SOPT,0.9,4,6,6,1000,3576,7.83730434,0.01237951656489628
gappy-POD,0.9,4,6,6,1000,3312,7.035307596,0.01247318259934993
QDEIM,0.9,4,6,6,1000,3612,7.814278185,0.01255662223483225
SOPT,0.9,4,6,6,1020,3620,7.897274966,0.01235900210107627
gappy-POD,0.9,4,6,6,1020,3352,7.313130696,0.01246991807465952
QDEIM,0.9,4,6,6,1020,3672,7.978249982,0.01255570103949977
SOPT,0.9,4,6,6,1040,3644,7.694888468,0.01234996459440126
gappy-POD,0.9,4,6,6,1040,3376,7.309301857,0.01246759535226817
QDEIM,0.9,4,6,6,1040,3752,8.114368044000001,0.01255436227297173
SOPT,0.99,9,11,11,20,152,0.493497155,7.678065799826511e-05
gappy-POD,0.99,9,11,11,20,160,0.50530736,7.544031068745526e-05
QDEIM,0.99,9,11,11,20,160,0.511156224,7.516301897483413e-05
SOPT,0.99,9,11,11,40,296,0.8608206420000001,7.688233209895283e-05
gappy-POD,0.99,9,11,11,40,304,0.9313939,7.544031068739531e-05
QDEIM,0.99,9,11,11,40,304,0.826553925,7.728192481910359e-05
SOPT,0.99,9,11,11,60,440,1.228389069,7.691640564894123e-05
gappy-POD,0.99,9,11,11,60,440,1.148342238,7.544031068743683e-05
QDEIM,0.99,9,11,11,60,428,1.106244415,7.779277588064832e-05
SOPT,0.99,9,11,11,80,556,1.400334212,7.692019555825504e-05
gappy-POD,0.99,9,11,11,80,564,1.432967254,7.544031068745343e-05
QDEIM,0.99,9,11,11,80,544,1.36758307,7.8407319888714e-05
SOPT,0.99,9,11,11,100,680,1.66292387,7.692019555825962e-05
gappy-POD,0.99,9,11,11,100,684,1.67849484,7.570553142001121e-05
QDEIM,0.99,9,11,11,100,636,1.562921452,7.860329407759713e-05
SOPT,0.99,9,11,11,120,816,1.994594461,7.692019555826618e-05
gappy-POD,0.99,9,11,11,120,784,1.90267941,7.609159944923145e-05
QDEIM,0.99,9,11,11,120,724,1.748071811,7.866525086614414e-05
SOPT,0.99,9,11,11,140,916,2.173426055,7.69208527437314e-05
gappy-POD,0.99,9,11,11,140,868,2.13251307,7.611942910004214e-05
QDEIM,0.99,9,11,11,140,820,1.964611517,7.852136091475861e-05
SOPT,0.99,9,11,11,160,1008,2.383123401,7.694465458616083e-05
gappy-POD,0.99,9,11,11,160,940,2.250356219,7.617009929125981e-05
QDEIM,0.99,9,11,11,160,900,2.124834716,7.857499026835517e-05
SOPT,0.99,9,11,11,180,1080,2.55131895,7.695898186367349e-05
gappy-POD,0.99,9,11,11,180,1060,2.466201321,7.668400114471994e-05
QDEIM,0.99,9,11,11,180,964,2.277078804,7.854540373039597e-05
SOPT,0.99,9,11,11,200,1184,2.79929841,7.697722833586377e-05
gappy-POD,0.99,9,11,11,200,1152,2.798953428,7.666750013008359e-05
QDEIM,0.99,9,11,11,200,1028,2.422761521,7.932004245550727e-05
SOPT,0.99,9,11,11,220,1264,2.933718721,7.694392837173037e-05
gappy-POD,0.99,9,11,11,220,1160,2.731387848,7.653880174713898e-05
QDEIM,0.99,9,11,11,220,1060,2.480750153,7.968304450441025e-05
SOPT,0.99,9,11,11,240,1368,3.243434253,7.706914088229451e-05
gappy-POD,0.99,9,11,11,240,1292,3.012464568,7.623907585128913e-05
QDEIM,0.99,9,11,11,240,1096,2.550774835,7.99880206318184e-05
SOPT,0.99,9,11,11,260,1424,3.656450445,7.705824643569946e-05
gappy-POD,0.99,9,11,11,260,1308,3.014597431,7.630697622802385e-05
QDEIM,0.99,9,11,11,260,1180,2.753533687,8.024110581268865e-05
SOPT,0.99,9,11,11,280,1460,3.352641969,7.705250652292256e-05
gappy-POD,0.99,9,11,11,280,1380,3.152710429,7.634348541405168e-05
QDEIM,0.99,9,11,11,280,1248,2.904329344,8.046007477569922e-05
SOPT,0.99,9,11,11,300,1544,3.581434964,7.692169205200468e-05
gappy-POD,0.99,9,11,11,300,1440,3.302416629,7.634139131863041e-05
QDEIM,0.99,9,11,11,300,1320,3.029799232,7.992070512012221e-05
SOPT,0.99,9,11,11,320,1612,3.658096625,7.70901341611395e-05
gappy-POD,0.99,9,11,11,320,1508,3.478988416,7.63252813451091e-05
QDEIM,0.99,9,11,11,320,1396,3.202436132,7.973387814390394e-05
SOPT,0.99,9,11,11,340,1708,4.090198668,7.799606349110521e-05
gappy-POD,0.99,9,11,11,340,1600,3.687968042,7.701911228576639e-05
QDEIM,0.99,9,11,11,340,1464,3.343605964,7.925865323426751e-05
SOPT,0.99,9,11,11,360,1784,4.130035725,7.79204612280184e-05
gappy-POD,0.99,9,11,11,360,1672,3.719722599,7.711445020921565e-05
QDEIM,0.99,9,11,11,360,1492,3.43593139,7.931402760948862e-05
SOPT,0.99,9,11,11,380,1828,4.188987614,7.80408888715322e-05
gappy-POD,0.99,9,11,11,380,1716,3.914619576,7.702191019326278e-05
QDEIM,0.99,9,11,11,380,1572,3.593027624,7.921214231078405e-05
SOPT,0.99,9,11,11,400,1892,4.372416083,7.815602370662839e-05
gappy-POD,0.99,9,11,11,400,1824,4.134265122,7.707772572593559e-05
QDEIM,0.99,9,11,11,400,1664,3.803046868,7.91920060792138e-05
SOPT,0.99,9,11,11,420,1988,4.534935959,7.76124061348901e-05
gappy-POD,0.99,9,11,11,420,1860,4.222938347,7.704138031788529e-05
QDEIM,0.99,9,11,11,420,1732,3.95244779,7.916460231515241e-05
SOPT,0.99,9,11,11,440,2076,4.787736331,7.730381485323204e-05
gappy-POD,0.99,9,11,11,440,1920,4.406617577,7.718164298225242e-05
QDEIM,0.99,9,11,11,440,1784,4.024776995,7.907177229413453e-05
SOPT,0.99,9,11,11,460,2120,4.823422795,7.727253235450744e-05
gappy-POD,0.99,9,11,11,460,1860,4.210961382,7.758563751249274e-05
QDEIM,0.99,9,11,11,460,1904,6.500752065,7.883034585815665e-05
SOPT,0.99,9,11,11,480,2176,4.949673012,7.702691063123782e-05
gappy-POD,0.99,9,11,11,480,1920,4.294132254,7.734148648657573e-05
QDEIM,0.99,9,11,11,480,1996,4.49225023,7.868054424112215e-05
SOPT,0.99,9,11,11,500,2228,6.361084079,7.71205394116444e-05
gappy-POD,0.99,9,11,11,500,1920,4.33826397,7.737608472652042e-05
QDEIM,0.99,9,11,11,500,2076,4.705009664,7.857111709017477e-05
SOPT,0.99,9,11,11,520,2284,5.171864058,7.712666185769377e-05
gappy-POD,0.99,9,11,11,520,2032,4.616092003,7.77657973154657e-05
QDEIM,0.99,9,11,11,520,2156,4.890128825,7.856137603249547e-05
SOPT,0.99,9,11,11,540,2332,5.297457919,7.715227551853806e-05
gappy-POD,0.99,9,11,11,540,2092,4.791774683,7.779012522873946e-05
QDEIM,0.99,9,11,11,540,2196,4.986615753,7.856216028271539e-05
SOPT,0.99,9,11,11,560,2416,5.606428248,7.765995577327039e-05
gappy-POD,0.99,9,11,11,560,2100,4.797307909,7.804071119019028e-05
QDEIM,0.99,9,11,11,560,2216,5.019844884,7.846648913802023e-05
SOPT,0.99,9,11,11,580,2480,5.654160394,7.726669337953242e-05
gappy-POD,0.99,9,11,11,580,2116,4.811518418,7.796220175699032e-05
QDEIM,0.99,9,11,11,580,2312,5.235646887,7.850481140107631e-05
SOPT,0.99,9,11,11,600,2540,5.753529306,7.712848992106327e-05
gappy-POD,0.99,9,11,11,600,2184,4.963130033000001,7.802503233504968e-05
QDEIM,0.99,9,11,11,600,2332,5.265541328,7.834387374771543e-05
SOPT,0.99,9,11,11,620,2604,5.861008783,7.719639503871781e-05
gappy-POD,0.99,9,11,11,620,2204,4.984091589,7.806605434111014e-05
QDEIM,0.99,9,11,11,620,2344,5.332797209,7.834520406429675e-05
SOPT,0.99,9,11,11,640,2660,6.06525122,7.735949821283289e-05
gappy-POD,0.99,9,11,11,640,2216,5.05099751,7.800668827511596e-05
QDEIM,0.99,9,11,11,640,2360,5.371484641,7.826537371273777e-05
SOPT,0.99,9,11,11,660,2708,6.316482421,7.739888000419635e-05
gappy-POD,0.99,9,11,11,660,2300,5.26833978,7.805508659422307e-05
QDEIM,0.99,9,11,11,660,2388,5.429214079,7.799091466584223e-05
SOPT,0.99,9,11,11,680,2768,6.294003782,7.736285766408397e-05
gappy-POD,0.99,9,11,11,680,2388,5.479854417,7.805741041999357e-05
QDEIM,0.99,9,11,11,680,2420,5.390893073,7.792437602179268e-05
SOPT,0.99,9,11,11,700,2824,6.324620228,7.722539162079472e-05
gappy-POD,0.99,9,11,11,700,2380,5.4456022,7.793231143106574e-05
QDEIM,0.99,9,11,11,700,2456,6.418368265,7.796452414346515e-05
SOPT,0.99,9,11,11,720,2884,6.557332743,7.724945290043853e-05
gappy-POD,0.99,9,11,11,720,2504,5.664338085,7.775858435757518e-05
QDEIM,0.99,9,11,11,720,2560,5.733824327,7.793927009699138e-05
SOPT,0.99,9,11,11,740,2948,6.631225184,7.719441205929636e-05
gappy-POD,0.99,9,11,11,740,2508,5.728575631,7.772249706148759e-05
QDEIM,0.99,9,11,11,740,2648,5.998869086,7.79223636548811e-05
SOPT,0.99,9,11,11,760,2996,6.793546408,7.708500761849461e-05
gappy-POD,0.99,9,11,11,760,2592,5.818075033,7.780748537628996e-05
QDEIM,0.99,9,11,11,760,2704,6.049534538,7.791885348406056e-05
SOPT,0.99,9,11,11,780,3044,6.834212547,7.721656679013677e-05
gappy-POD,0.99,9,11,11,780,2624,5.866543379,7.793159073572054e-05
QDEIM,0.99,9,11,11,780,2760,6.100588614,7.795916963164034e-05
SOPT,0.99,9,11,11,800,3104,7.005629891,7.718350973802121e-05
gappy-POD,0.99,9,11,11,800,2716,6.105533584,7.772407122458826e-05
QDEIM,0.99,9,11,11,800,2844,6.476517599,7.804024438954669e-05
SOPT,0.99,9,11,11,820,3156,7.316436994,7.716683354346167e-05
gappy-POD,0.99,9,11,11,820,2788,6.253930433,7.775982688839731e-05
QDEIM,0.99,9,11,11,820,2844,6.316075327,7.792525028391924e-05
SOPT,0.99,9,11,11,840,3184,7.176711355,7.703617866271953e-05
gappy-POD,0.99,9,11,11,840,2820,6.275484954,7.765366150856225e-05
QDEIM,0.99,9,11,11,840,2844,6.395266774,7.778637141059499e-05
SOPT,0.99,9,11,11,860,3224,7.349082931,7.70295552178868e-05
gappy-POD,0.99,9,11,11,860,2884,6.380455995,7.777034164520072e-05
QDEIM,0.99,9,11,11,860,2860,6.404788511,7.772374827119506e-05
SOPT,0.99,9,11,11,880,3280,7.351691042,7.716957305157983e-05
gappy-POD,0.99,9,11,11,880,2928,6.613189399,7.763575451536899e-05
QDEIM,0.99,9,11,11,880,2876,6.426760164,7.77133210006596e-05
SOPT,0.99,9,11,11,900,3308,7.556926628,7.7076239199556e-05
gappy-POD,0.99,9,11,11,900,3028,6.838112681,7.775116741036173e-05
QDEIM,0.99,9,11,11,900,2944,6.605382365000001,7.770169226259486e-05
SOPT,0.99,9,11,11,920,3348,7.590190258,7.710119735815878e-05
gappy-POD,0.99,9,11,11,920,3084,7.026214449,7.773685828446364e-05
QDEIM,0.99,9,11,11,920,2968,6.692788941,7.761859235103593e-05
SOPT,0.99,9,11,11,940,3380,7.710714084,7.714112186016962e-05
gappy-POD,0.99,9,11,11,940,3080,7.316831961,7.766777898471046e-05
QDEIM,0.99,9,11,11,940,3016,6.808934545,7.756003295791764e-05
SOPT,0.99,9,11,11,960,3436,7.786626082,7.707262359239132e-05
gappy-POD,0.99,9,11,11,960,3112,7.056392387,7.769027184307204e-05
QDEIM,0.99,9,11,11,960,3016,6.843546737,7.744057090045578e-05
SOPT,0.99,9,11,11,980,3464,7.906034851,7.715234423632653e-05
gappy-POD,0.99,9,11,11,980,3172,7.543074508,7.756420332272345e-05
QDEIM,0.99,9,11,11,980,3032,6.877983811,7.743050253254876e-05
SOPT,0.99,9,11,11,1000,3508,8.183512352999999,7.72622000590235e-05
gappy-POD,0.99,9,11,11,1000,3192,7.208611516,7.752976426243e-05
QDEIM,0.99,9,11,11,1000,3044,6.822695273,7.720924376352901e-05
SOPT,0.99,9,11,11,1020,3540,7.971205669,7.714482682771658e-05
gappy-POD,0.99,9,11,11,1020,3260,7.352187621,7.755229191303729e-05
QDEIM,0.99,9,11,11,1020,3068,6.936634052,7.705380251107429e-05
SOPT,0.99,9,11,11,1040,3572,8.120286674999999,7.721765047662599e-05
gappy-POD,0.99,9,11,11,1040,3308,7.63533861,7.741861802263866e-05
QDEIM,0.99,9,11,11,1040,3124,6.987824511,7.697615416787869e-05
SOPT,0.999,14,16,16,20,156,0.564429305,1.477698589262214e-06
gappy-POD,0.999,14,16,16,20,160,0.5717710819999999,2.596078545901808e-05
QDEIM,0.999,14,16,16,20,156,0.5648032700000001,7.716449183604777e-07
SOPT,0.999,14,16,16,40,316,0.915977583,9.812554395954939e-07
gappy-POD,0.999,14,16,16,40,312,0.907134526,2.596078564055526e-05
QDEIM,0.999,14,16,16,40,308,0.912970689,1.101411379638897e-06
SOPT,0.999,14,16,16,60,472,1.323310751,1.237102321040768e-06
gappy-POD,0.999,14,16,16,60,452,1.247668815,2.596078580178354e-05
QDEIM,0.999,14,16,16,60,440,1.215130351,1.563463749869654e-06
SOPT,0.999,14,16,16,80,624,1.62478209,8.696249301441856e-07
gappy-POD,0.999,14,16,16,80,576,1.577098659,2.596078581008759e-05
QDEIM,0.999,14,16,16,80,556,1.468529689,1.615374368779612e-06
SOPT,0.999,14,16,16,100,768,1.922188116,9.195260792591621e-07
gappy-POD,0.999,14,16,16,100,684,1.743356589,2.596078584792864e-05
QDEIM,0.999,14,16,16,100,672,1.72414747,1.386471408067367e-06
SOPT,0.999,14,16,16,120,908,2.24497722,9.80926678054229e-07
gappy-POD,0.999,14,16,16,120,812,2.02666499,2.596078588694907e-05
QDEIM,0.999,14,16,16,120,792,1.960101042,1.230723264334894e-06
SOPT,0.999,14,16,16,140,1024,2.536611281,9.537698353163033e-07
gappy-POD,0.999,14,16,16,140,912,,
QDEIM,0.999,14,16,16,140,868,2.148177905,1.246329110241103e-06
SOPT,0.999,14,16,16,160,1104,2.699567595,9.214083381944645e-07
gappy-POD,0.999,14,16,16,160,1016,2.481499017,9.646588454565446e-06
QDEIM,0.999,14,16,16,160,944,2.303367289,1.50115866119592e-06
SOPT,0.999,14,16,16,180,1220,2.964461823,8.990746207277236e-07
gappy-POD,0.999,14,16,16,180,1092,2.653920077,1.348159395878385e-05
QDEIM,0.999,14,16,16,180,1024,2.472638502,1.612278068354272e-06
SOPT,0.999,14,16,16,200,1320,3.183764956,8.990746207373405e-07
gappy-POD,0.999,14,16,16,200,1168,,
QDEIM,0.999,14,16,16,200,1084,2.632937361,1.312272349896461e-06
SOPT,0.999,14,16,16,220,1456,3.483486244,8.990746207331607e-07
gappy-POD,0.999,14,16,16,220,1248,3.222479016,0.9670198596566881
QDEIM,0.999,14,16,16,220,1148,2.806113008,1.368390428868158e-06
SOPT,0.999,14,16,16,240,1592,3.783467695,9.020482239168172e-07
gappy-POD,0.999,14,16,16,240,1312,3.139470584,1.792984442570026e-05
QDEIM,0.999,14,16,16,240,1204,2.907084024,1.276293166231574e-06
SOPT,0.999,14,16,16,260,1648,4.16268142,8.716086929398116e-07
gappy-POD,0.999,14,16,16,260,1488,3.587327835,7.85457819310718e-07
QDEIM,0.999,14,16,16,260,1268,3.048116751,1.277388130962312e-06
SOPT,0.999,14,16,16,280,1704,4.051730751,9.013807414902758e-07
gappy-POD,0.999,14,16,16,280,1584,3.754255596,7.772245891925541e-07
QDEIM,0.999,14,16,16,280,1324,3.16445127,1.180808691289442e-06
SOPT,0.999,14,16,16,300,1772,4.23545865,8.832702991282531e-07
gappy-POD,0.999,14,16,16,300,1544,3.64690647,9.238003285690245e-07
QDEIM,0.999,14,16,16,300,1364,3.287837059,1.116886946202308e-06
SOPT,0.999,14,16,16,320,1784,4.260783856,8.669727531724201e-07
gappy-POD,0.999,14,16,16,320,1472,3.510134422,1.474024484337017e-06
QDEIM,0.999,14,16,16,320,1388,3.36232782,1.130550534085447e-06
SOPT,0.999,14,16,16,340,1844,4.411614837,8.413770341851419e-07
gappy-POD,0.999,14,16,16,340,1572,3.727308929,1.405895939175569e-06
QDEIM,0.999,14,16,16,340,1428,3.424519279,1.1587764267059e-06
SOPT,0.999,14,16,16,360,1952,4.63331047,8.724635127648642e-07
gappy-POD,0.999,14,16,16,360,1700,4.039903719,9.201967011446352e-07
QDEIM,0.999,14,16,16,360,1460,3.476290085,1.175718341771192e-06
SOPT,0.999,14,16,16,380,2020,4.81701562,1.010280750021803e-06
gappy-POD,0.999,14,16,16,380,1736,4.197032517,8.917027516157296e-07
QDEIM,0.999,14,16,16,380,1500,3.563401859,1.141719500110955e-06
SOPT,0.999,14,16,16,400,2072,4.987746847,9.941124542901638e-07
gappy-POD,0.999,14,16,16,400,1756,4.179415891,1.805695782231004e-06
QDEIM,0.999,14,16,16,400,1564,3.732092597,1.077897418493364e-06
SOPT,0.999,14,16,16,420,2180,5.122335186,9.385790475466751e-07
gappy-POD,0.999,14,16,16,420,1756,4.146823476,1.675508620404298e-06
QDEIM,0.999,14,16,16,420,1612,3.900421528,1.0317350600509e-06
SOPT,0.999,14,16,16,440,2268,5.522246982,8.023699420492426e-07
gappy-POD,0.999,14,16,16,440,1804,4.319221956,1.514372704133132e-06
QDEIM,0.999,14,16,16,440,1696,4.096336969,1.018351774904241e-06
SOPT,0.999,14,16,16,460,2372,5.647353258,7.908661822606649e-07
gappy-POD,0.999,14,16,16,460,1832,4.390424047,1.674214433852562e-06
QDEIM,0.999,14,16,16,460,1768,4.219841945,9.607616660661889e-07
SOPT,0.999,14,16,16,480,2460,6.039546536,7.783567497475617e-07
gappy-POD,0.999,14,16,16,480,2052,4.915188696,1.500512231221717e-06
QDEIM,0.999,14,16,16,480,1804,4.27248541,9.520731301016728e-07
SOPT,0.999,14,16,16,500,2532,5.917647599,8.123696672346633e-07
gappy-POD,0.999,14,16,16,500,2116,5.009843268,1.450616871812915e-06
QDEIM,0.999,14,16,16,500,1848,4.377782903,9.730085555440372e-07
SOPT,0.999,14,16,16,520,2580,6.080440841,8.198163709805262e-07
gappy-POD,0.999,14,16,16,520,2184,5.103363551,1.632442584228812e-06
QDEIM,0.999,14,16,16,520,1932,4.583883227,9.441933709091929e-07
SOPT,0.999,14,16,16,540,2652,6.204710307,8.599391416588214e-07
gappy-POD,0.999,14,16,16,540,2252,5.285403207,1.662323402683174e-06
QDEIM,0.999,14,16,16,540,2040,4.784891027,9.209053028897527e-07
SOPT,0.999,14,16,16,560,2704,6.277154049,9.61803141132994e-07
gappy-POD,0.999,14,16,16,560,2300,5.391855371,1.460989709842851e-06
QDEIM,0.999,14,16,16,560,2104,4.989016052,9.20078679138535e-07
SOPT,0.999,14,16,16,580,2776,6.472844331,1.025836689528011e-06
gappy-POD,0.999,14,16,16,580,2400,5.579427591,1.299075084307506e-06
QDEIM,0.999,14,16,16,580,2160,5.071172451,9.229240375393907e-07
SOPT,0.999,14,16,16,600,2852,6.69869984,9.559165957413762e-07
gappy-POD,0.999,14,16,16,600,2440,5.689297708,1.157990644028376e-06
QDEIM,0.999,14,16,16,600,2284,5.29997269,9.171756109612276e-07
SOPT,0.999,14,16,16,620,2908,6.78353062,9.705043868818211e-07
gappy-POD,0.999,14,16,16,620,2416,5.609049875,1.127890479699951e-06
QDEIM,0.999,14,16,16,620,2364,5.526391657,9.201262622873715e-07
SOPT,0.999,14,16,16,640,2952,6.877627753,9.52706226064058e-07
gappy-POD,0.999,14,16,16,640,2464,5.743814656,1.151877689362948e-06
QDEIM,0.999,14,16,16,640,2436,5.728632234,9.270922923654521e-07
SOPT,0.999,14,16,16,660,3000,6.971129021,9.3256614673587e-07
gappy-POD,0.999,14,16,16,660,2620,6.067676903,1.018318659052028e-06
QDEIM,0.999,14,16,16,660,2540,5.932199615,9.144535612465957e-07
SOPT,0.999,14,16,16,680,3056,7.115849223,8.604920993825825e-07
gappy-POD,0.999,14,16,16,680,2656,6.176519979,9.760404220611246e-07
QDEIM,0.999,14,16,16,680,2640,6.203671446,8.611643009376241e-07
SOPT,0.999,14,16,16,700,3104,7.255019997,8.522769749164236e-07
gappy-POD,0.999,14,16,16,700,2604,6.094630698,1.045777810923083e-06
QDEIM,0.999,14,16,16,700,2676,6.183095429,8.682901769522977e-07
SOPT,0.999,14,16,16,720,3144,7.271203352,8.398744486861165e-07
gappy-POD,0.999,14,16,16,720,2636,6.116809836,1.04542983356101e-06
QDEIM,0.999,14,16,16,720,2764,6.364517332,8.72769254117797e-07
SOPT,0.999,14,16,16,740,3180,7.40210217,8.47516350518726e-07
gappy-POD,0.999,14,16,16,740,2672,6.153716647,9.787055245010875e-07
QDEIM,0.999,14,16,16,740,2820,6.465254695,8.74640923054541e-07
SOPT,0.999,14,16,16,760,3220,7.509258098,8.802832815932888e-07
gappy-POD,0.999,14,16,16,760,2696,6.458501456,8.890164100965906e-07
QDEIM,0.999,14,16,16,760,2844,6.574725023,8.550303905260249e-07
SOPT,0.999,14,16,16,780,3264,7.617729613,9.032868203925474e-07
gappy-POD,0.999,14,16,16,780,2764,6.43407504,8.908639227471612e-07
QDEIM,0.999,14,16,16,780,2852,6.6220279,8.503516889583411e-07
SOPT,0.999,14,16,16,800,3308,7.735347666,9.430250634787221e-07
gappy-POD,0.999,14,16,16,800,2896,6.675106766,8.77538622137039e-07
QDEIM,0.999,14,16,16,800,2856,6.63943144,8.749338454783004e-07
SOPT,0.999,14,16,16,820,3344,7.736480979,9.49043624938143e-07
gappy-POD,0.999,14,16,16,820,2916,6.687796771,9.063572063410208e-07
QDEIM,0.999,14,16,16,820,2864,6.619832111,9.095817075873815e-07
SOPT,0.999,14,16,16,840,3384,7.862727724,9.395999730120786e-07
gappy-POD,0.999,14,16,16,840,2988,6.938056179,8.941867027989715e-07
QDEIM,0.999,14,16,16,840,2904,6.662599631,9.074655672353824e-07
SOPT,0.999,14,16,16,860,3436,7.990798825,9.621349722452765e-07
gappy-POD,0.999,14,16,16,860,3084,7.16984421,8.942220000742514e-07
QDEIM,0.999,14,16,16,860,2948,6.856261807,9.227513412827924e-07
SOPT,0.999,14,16,16,880,3468,7.957080531,9.431453676844679e-07
gappy-POD,0.999,14,16,16,880,3116,7.214394588,8.848514474563933e-07
QDEIM,0.999,14,16,16,880,2980,6.924990393,9.94771154355757e-07
SOPT,0.999,14,16,16,900,3504,8.072269922,1.064342200587633e-06
gappy-POD,0.999,14,16,16,900,3172,7.333848686,8.989670091428519e-07
QDEIM,0.999,14,16,16,900,2992,6.939018763,1.048042956268264e-06
SOPT,0.999,14,16,16,920,3552,8.179668671,1.101426161006184e-06
gappy-POD,0.999,14,16,16,920,3164,7.572482106,8.797671201336326e-07
QDEIM,0.999,14,16,16,920,3032,7.035684722,1.064832675244803e-06
SOPT,0.999,14,16,16,940,3576,8.290622195999999,1.193080606682183e-06
gappy-POD,0.999,14,16,16,940,3288,7.575290758,8.856583706883493e-07
QDEIM,0.999,14,16,16,940,3060,7.090723487,1.032855798264394e-06
SOPT,0.999,14,16,16,960,3600,8.456238258999999,1.237469687027416e-06
gappy-POD,0.999,14,16,16,960,3352,7.729096337,8.667655789356968e-07
QDEIM,0.999,14,16,16,960,3108,7.172555713,1.020022291623091e-06
SOPT,0.999,14,16,16,980,3620,8.344589793000001,1.128454537299566e-06
gappy-POD,0.999,14,16,16,980,3360,7.715474123,8.687191270229174e-07
QDEIM,0.999,14,16,16,980,3180,7.298877948,1.016240534973716e-06
SOPT,0.999,14,16,16,1000,3656,8.47843351,1.013943662840521e-06
gappy-POD,0.999,14,16,16,1000,3452,7.963751227,8.42657877757311e-07
QDEIM,0.999,14,16,16,1000,3232,7.467297717,9.950271904784463e-07
SOPT,0.999,14,16,16,1020,3668,8.352676068999999,9.493085704188601e-07
gappy-POD,0.999,14,16,16,1020,3480,7.986752329,8.591848503214842e-07
QDEIM,0.999,14,16,16,1020,3252,7.536149518,9.959782855258857e-07
SOPT,0.999,14,16,16,1040,3680,8.564544701999999,8.631557509304003e-07
gappy-POD,0.999,14,16,16,1040,3516,8.151580749000001,9.207811741478081e-07
QDEIM,0.999,14,16,16,1040,3268,7.6537944,9.850605464005e-07
SOPT,0.9999,19,21,21,20,0,,
gappy-POD,0.9999,19,21,21,20,0,,
QDEIM,0.9999,19,21,21,20,0,,
SOPT,0.9999,19,21,21,40,312,0.99264793,4.862334433528719e-08
gappy-POD,0.9999,19,21,21,40,312,0.991190233,9.083816208241394e-08
QDEIM,0.9999,19,21,21,40,308,0.97111241,2.609776682799369e-07
SOPT,0.9999,19,21,21,60,464,1.336604497,1.951139528335877e-08
gappy-POD,0.9999,19,21,21,60,452,1.313762853,9.083816103080835e-08
QDEIM,0.9999,19,21,21,60,428,1.251876202,4.084964128606709e-08
SOPT,0.9999,19,21,21,80,604,1.672613829,5.945255332980235e-09
gappy-POD,0.9999,19,21,21,80,588,1.63411012,9.083816045589422e-08
QDEIM,0.9999,19,21,21,80,568,1.577457415,4.512903082038492e-08
SOPT,0.9999,19,21,21,100,740,1.956261634,1.010061673014533e-08
gappy-POD,0.9999,19,21,21,100,700,1.874775032,9.083815988417151e-08
QDEIM,0.9999,19,21,21,100,684,1.837411741,8.484335772000389e-08
SOPT,0.9999,19,21,21,120,868,2.263457369,1.152429721375592e-08
gappy-POD,0.9999,19,21,21,120,820,2.150046705,9.083815827359434e-08
QDEIM,0.9999,19,21,21,120,784,2.061174121,1.143569990245022e-07
SOPT,0.9999,19,21,21,140,1000,2.571049977,7.155728323295085e-09
gappy-POD,0.9999,19,21,21,140,928,2.416566655,9.083815901788397e-08
QDEIM,0.9999,19,21,21,140,884,2.296104644,1.408060430239043e-07
SOPT,0.9999,19,21,21,160,1120,2.872976851,1.369770187923976e-09
gappy-POD,0.9999,19,21,21,160,1028,2.631872983,9.083815884055923e-08
QDEIM,0.9999,19,21,21,160,1004,2.569120103,1.558667097952627e-07
SOPT,0.9999,19,21,21,180,1244,3.150190323,1.761738929364175e-09
gappy-POD,0.9999,19,21,21,180,1136,2.886445073,7.132866249731338e-08
QDEIM,0.9999,19,21,21,180,1084,2.746127255,1.369170586732677e-07
SOPT,0.9999,19,21,21,200,1352,3.367309037,5.271061290583858e-09
gappy-POD,0.9999,19,21,21,200,1216,3.096004142,1.060311762325294e-07
QDEIM,0.9999,19,21,21,200,1172,2.959161312,1.140254694292336e-07
SOPT,0.9999,19,21,21,220,1472,3.632024552,1.433760242371246e-08
gappy-POD,0.9999,19,21,21,220,1320,3.317199715,1.267525468294938e-07
QDEIM,0.9999,19,21,21,220,1228,3.047353972,1.19887152845789e-07
SOPT,0.9999,19,21,21,240,1604,3.981510041,1.116727728079905e-08
gappy-POD,0.9999,19,21,21,240,1468,3.570292412,1.201397249857919e-07
QDEIM,0.9999,19,21,21,240,1300,3.238522655,1.173388214321475e-07
SOPT,0.9999,19,21,21,260,1720,4.347494715,1.116363709666555e-08
gappy-POD,0.9999,19,21,21,260,1552,3.930724543,1.784740513511453e-07
QDEIM,0.9999,19,21,21,260,1360,3.350430166,1.062743320645497e-07
SOPT,0.9999,19,21,21,280,1836,4.539708952,1.116363709688693e-08
gappy-POD,0.9999,19,21,21,280,1656,4.084939015,1.777797622685342e-07
QDEIM,0.9999,19,21,21,280,1408,3.47993876,1.155143713545751e-07
SOPT,0.9999,19,21,21,300,1912,4.632040542,1.116363742798749e-08
gappy-POD,0.9999,19,21,21,300,1736,4.271226064,1.778055885993847e-07
QDEIM,0.9999,19,21,21,300,1432,3.524337747,1.07695703751479e-07
SOPT,0.9999,19,21,21,320,2016,4.935950798,1.200485295365566e-08
gappy-POD,0.9999,19,21,21,320,1776,4.361229338,1.582896287565705e-07
QDEIM,0.9999,19,21,21,320,1480,3.638049049,1.202922509622657e-07
SOPT,0.9999,19,21,21,340,2088,5.084664912,9.265507405354726e-09
gappy-POD,0.9999,19,21,21,340,1756,4.321015467,1.324834146980059e-07
QDEIM,0.9999,19,21,21,340,1524,3.821033963,8.276295262463071e-08
SOPT,0.9999,19,21,21,360,2172,5.306244842,9.06468362440346e-09
gappy-POD,0.9999,19,21,21,360,1804,4.471674635999999,4.970728684434446e-08
QDEIM,0.9999,19,21,21,360,1568,3.886972671,7.977572333264364e-08
SOPT,0.9999,19,21,21,380,2228,5.428354808,8.797400996714976e-09
gappy-POD,0.9999,19,21,21,380,1928,4.641739861,1.083517567308256e-07
QDEIM,0.9999,19,21,21,380,1656,4.105739682,8.865456911223829e-08
SOPT,0.9999,19,21,21,400,2264,5.523479382,8.547383369264515e-09
gappy-POD,0.9999,19,21,21,400,2064,5.085918422,1.478810045723469e-08
QDEIM,0.9999,19,21,21,400,1736,4.312647818,8.850326211693844e-08
SOPT,0.9999,19,21,21,420,2300,5.568823985,8.19040738953378e-09
gappy-POD,0.9999,19,21,21,420,1888,4.640482698,1.131797937200153e-08
QDEIM,0.9999,19,21,21,420,1800,4.462580953,8.991629341283373e-08
SOPT,0.9999,19,21,21,440,2348,5.708009746,4.511755435575239e-09
gappy-POD,0.9999,19,21,21,440,2156,5.249577423,3.7638404928419e-08
QDEIM,0.9999,19,21,21,440,1888,4.657584118,9.148268281690805e-08
SOPT,0.9999,19,21,21,460,2392,5.808939602,2.297770629387946e-09
gappy-POD,0.9999,19,21,21,460,2168,5.317556593,3.248804120971828e-08
QDEIM,0.9999,19,21,21,460,1984,4.838958286,1.033281479068508e-07
SOPT,0.9999,19,21,21,480,2436,5.948339389,1.094640530911623e-08
gappy-POD,0.9999,19,21,21,480,2032,5.028563411,4.636568357358732e-08
QDEIM,0.9999,19,21,21,480,2076,5.042451401,8.167720365871097e-08
SOPT,0.9999,19,21,21,500,2520,6.124744336,8.820439809070517e-09
gappy-POD,0.9999,19,21,21,500,2068,5.081562725,4.536563688509492e-08
QDEIM,0.9999,19,21,21,500,2136,5.215926169,7.589105504346084e-08
SOPT,0.9999,19,21,21,520,2600,6.262066539,2.622777819643102e-09
gappy-POD,0.9999,19,21,21,520,2180,5.350559629,2.610631712828097e-08
QDEIM,0.9999,19,21,21,520,2156,5.260559051,8.116341836919582e-08
SOPT,0.9999,19,21,21,540,2684,6.562753624,1.868248868170235e-09
gappy-POD,0.9999,19,21,21,540,2192,5.371944163,2.360633423744463e-08
QDEIM,0.9999,19,21,21,540,2180,5.379895211,8.880160726920706e-08
SOPT,0.9999,19,21,21,560,2764,6.751280995,4.513492843912988e-09
gappy-POD,0.9999,19,21,21,560,2312,5.670085162,1.824683692880683e-08
QDEIM,0.9999,19,21,21,560,2236,5.533674994,9.273001800739699e-08
SOPT,0.9999,19,21,21,580,2828,6.79105929,5.778257259807652e-09
gappy-POD,0.9999,19,21,21,580,2328,5.92996567,3.943730899241982e-08
QDEIM,0.9999,19,21,21,580,2300,5.591131465,1.045346404504878e-07
SOPT,0.9999,19,21,21,600,2880,6.904877481,4.583931138505427e-09
gappy-POD,0.9999,19,21,21,600,2344,5.689215346,4.882370141142939e-08
QDEIM,0.9999,19,21,21,600,2360,5.701670806,9.405442050636691e-08
SOPT,0.9999,19,21,21,620,2936,7.050416729,4.903077673749155e-09
gappy-POD,0.9999,19,21,21,620,2552,6.116873722,1.569829321648723e-08
QDEIM,0.9999,19,21,21,620,2404,5.885992852,6.135808197902928e-08
SOPT,0.9999,19,21,21,640,3008,7.282763342,5.739787145498029e-09
gappy-POD,0.9999,19,21,21,640,2612,6.340794946,1.58961626997715e-08
QDEIM,0.9999,19,21,21,640,2448,5.924238307,4.977139393899417e-08
SOPT,0.9999,19,21,21,660,3064,7.406799867,5.854111853585701e-09
gappy-POD,0.9999,19,21,21,660,2704,6.542466998,1.10300007669876e-08
QDEIM,0.9999,19,21,21,660,2476,6.007723187,4.791750007297515e-08
SOPT,0.9999,19,21,21,680,3136,7.626896332,1.843888473973295e-09
gappy-POD,0.9999,19,21,21,680,2748,6.694626798,1.028361319183832e-08
QDEIM,0.9999,19,21,21,680,2556,6.194524755,4.457424572349751e-08
SOPT,0.9999,19,21,21,700,3180,7.637608238,1.787242224959867e-09
gappy-POD,0.9999,19,21,21,700,2868,6.707402434,9.355553279578391e-09
QDEIM,0.9999,19,21,21,700,2612,6.391399105,4.674875565716257e-08
SOPT,0.9999,19,21,21,720,3224,8.101624761,7.985816184337938e-09
gappy-POD,0.9999,19,21,21,720,2800,7.011856165,1.080803666830936e-08
QDEIM,0.9999,19,21,21,720,2648,6.461368711,2.668854696419465e-08
SOPT,0.9999,19,21,21,740,3248,7.830458282,5.788865771955706e-09
gappy-POD,0.9999,19,21,21,740,2788,6.741721619,1.078328157414245e-08
QDEIM,0.9999,19,21,21,740,2704,6.437686009,2.587679534323365e-08
SOPT,0.9999,19,21,21,760,3280,7.955084782,4.586520513726851e-09
gappy-POD,0.9999,19,21,21,760,2996,7.42773747,2.402344200770115e-08
QDEIM,0.9999,19,21,21,760,2728,6.647015863,3.428249704996583e-08
SOPT,0.9999,19,21,21,780,3336,8.008573233,9.628801956677619e-09
gappy-POD,0.9999,19,21,21,780,3116,7.595306678,1.257472476618446e-08
QDEIM,0.9999,19,21,21,780,2812,6.792586071,3.688182116583419e-08
SOPT,0.9999,19,21,21,800,3368,7.989361961,8.004878163672346e-09
gappy-POD,0.9999,19,21,21,800,3144,7.652999576,1.929652084697973e-08
QDEIM,0.9999,19,21,21,800,2908,6.971453625,3.49720263304492e-08
SOPT,0.9999,19,21,21,820,3432,8.192239286,1.063731519371477e-08
gappy-POD,0.9999,19,21,21,820,3056,7.344859618,5.768504579774787e-09
QDEIM,0.9999,19,21,21,820,3000,7.185776763,3.238193659293433e-08
SOPT,0.9999,19,21,21,840,3460,8.264100645999999,1.263034145280458e-08
gappy-POD,0.9999,19,21,21,840,3120,7.374820302,5.708551647386901e-09
QDEIM,0.9999,19,21,21,840,3048,7.196199511,3.08405365795825e-08
SOPT,0.9999,19,21,21,860,3496,8.345092258999999,7.042295588730055e-09
gappy-POD,0.9999,19,21,21,860,3260,7.773627515,7.994725382475146e-09
QDEIM,0.9999,19,21,21,860,3084,7.357844779,3.467440080457419e-08
SOPT,0.9999,19,21,21,880,3528,8.434849387,7.991249135070528e-09
gappy-POD,0.9999,19,21,21,880,3224,7.75566406,5.14382158634302e-09
QDEIM,0.9999,19,21,21,880,3108,7.440285764,2.869108231726454e-08
SOPT,0.9999,19,21,21,900,3548,8.545750766999999,9.479660739637627e-09
gappy-POD,0.9999,19,21,21,900,3296,7.855216182,1.953007486450882e-08
QDEIM,0.9999,19,21,21,900,3144,7.517476908,1.908275708391345e-08
SOPT,0.9999,19,21,21,920,3588,8.613100639000001,4.628281977507098e-09
gappy-POD,0.9999,19,21,21,920,3292,7.759489267,3.911387226771601e-08
QDEIM,0.9999,19,21,21,920,3188,7.597649923,2.143735794925402e-08
SOPT,0.9999,19,21,21,940,3616,8.652658447,1.199192544900886e-08
gappy-POD,0.9999,19,21,21,940,3260,7.806753514,2.775846530474257e-08
QDEIM,0.9999,19,21,21,940,3204,7.351952669,2.108448966103056e-08
SOPT,0.9999,19,21,21,960,3644,8.673478812000001,1.192710381556541e-08
gappy-POD,0.9999,19,21,21,960,3216,7.700795638,8.596238432427534e-09
QDEIM,0.9999,19,21,21,960,3212,7.657254972,1.889740299828038e-08
SOPT,0.9999,19,21,21,980,3672,8.696722349,1.583929778353057e-08
gappy-POD,0.9999,19,21,21,980,3336,7.968197811,3.01229301572382e-08
QDEIM,0.9999,19,21,21,980,3260,7.622979828,2.188517873979879e-08
SOPT,0.9999,19,21,21,1000,3704,9.000278100999999,1.057473595518803e-08
gappy-POD,0.9999,19,21,21,1000,3400,8.150764304000001,3.147192117827918e-08
QDEIM,0.9999,19,21,21,1000,3328,7.962921407,1.626157133018752e-08
SOPT,0.9999,19,21,21,1020,3732,8.884167855999999,1.30740253665651e-08
gappy-POD,0.9999,19,21,21,1020,3448,8.301666784,1.716548116063529e-08
QDEIM,0.9999,19,21,21,1020,3372,8.151610692,1.996049666334827e-08
SOPT,0.9999,19,21,21,1040,3764,9.033432056000001,1.390006123165901e-08
gappy-POD,0.9999,19,21,21,1040,3492,8.407641311000001,2.3745470294257e-08
QDEIM,0.9999,19,21,21,1040,3428,8.174750380000001,2.61923442130869e-08
SOPT,0.99999,24,27,27,20,0,,
gappy-POD,0.99999,24,27,27,20,0,,
QDEIM,0.99999,24,27,27,20,0,,
SOPT,0.99999,24,27,27,40,308,1.041010507,1.543687957365987e-08
gappy-POD,0.99999,24,27,27,40,316,1.111041236,1.172870415947833e-08
QDEIM,0.99999,24,27,27,40,300,1.033946763,4.992191761658151e-07
SOPT,0.99999,24,27,27,60,456,1.417706047,2.460428769420557e-09
gappy-POD,0.99999,24,27,27,60,464,2.193137282,1.17243297532499e-08
QDEIM,0.99999,24,27,27,60,432,1.351310177,1.768065115713265e-07
SOPT,0.99999,24,27,27,80,596,1.716826487,1.471300066819991e-08
gappy-POD,0.99999,24,27,27,80,588,1.716352006,1.172666793270443e-08
QDEIM,0.99999,24,27,27,80,552,1.609357323,1.823741532019533e-07
SOPT,0.99999,24,27,27,100,732,2.012166181,6.696425112182422e-09
gappy-POD,0.99999,24,27,27,100,724,2.382102089,1.172896043403432e-08
QDEIM,0.99999,24,27,27,100,684,1.915727424,6.778976994320546e-08
SOPT,0.99999,24,27,27,120,868,2.332277545,2.001267259228747e-08
gappy-POD,0.99999,24,27,27,120,828,2.241555107,1.172665121820764e-08
QDEIM,0.99999,24,27,27,120,784,2.141596688,9.687167616273275e-08
SOPT,0.99999,24,27,27,140,996,2.648573932,2.551554525821222e-08
gappy-POD,0.99999,24,27,27,140,948,2.517055595,1.172769465540868e-08
QDEIM,0.99999,24,27,27,140,900,2.408449495,9.565130673106106e-08
SOPT,0.99999,24,27,27,160,1132,2.996548498,2.559034031740334e-08
gappy-POD,0.99999,24,27,27,160,1044,2.764212865,1.172669532116183e-08
QDEIM,0.99999,24,27,27,160,1032,2.748196157,6.880198717520771e-08
SOPT,0.99999,24,27,27,180,1244,3.270011694,2.106125213936477e-08
gappy-POD,0.99999,24,27,27,180,1156,3.044484335,1.172849379539153e-08
QDEIM,0.99999,24,27,27,180,1112,2.921395465,7.564317917719659e-08
SOPT,0.99999,24,27,27,200,1356,3.540178951,8.881486225918334e-09
gappy-POD,0.99999,24,27,27,200,1244,3.259970462,1.17288906786932e-08
QDEIM,0.99999,24,27,27,200,1208,3.182496312,7.108994090411829e-08
SOPT,0.99999,24,27,27,220,1464,3.783968827,4.911840265595956e-09
gappy-POD,0.99999,24,27,27,220,1332,3.422479498,1.881297569891089e-07
QDEIM,0.99999,24,27,27,220,1348,3.512585347,3.71851045229374e-08
SOPT,0.99999,24,27,27,240,1580,4.049895567,7.651583948786563e-09
gappy-POD,0.99999,24,27,27,240,1360,3.538722116,1.248381838425229e-07
QDEIM,0.99999,24,27,27,240,1400,3.645732573,4.059121906062058e-08
SOPT,0.99999,24,27,27,260,1692,4.583412865,7.662038499392234e-09
gappy-POD,0.99999,24,27,27,260,1524,3.919336325,7.24351847963437e-08
QDEIM,0.99999,24,27,27,260,1516,3.923611435,3.062862202733814e-08
SOPT,0.99999,24,27,27,280,1808,4.580277206,7.662038495209283e-09
gappy-POD,0.99999,24,27,27,280,1604,4.137743271,8.447430514745644e-09
QDEIM,0.99999,24,27,27,280,1616,4.119096338,2.435651513320894e-08
SOPT,0.99999,24,27,27,300,1896,4.838142634,7.662038168260443e-09
gappy-POD,0.99999,24,27,27,300,1636,4.49797318,2.075680572195488e-08
QDEIM,0.99999,24,27,27,300,1708,4.362736549,8.372471141299757e-09
SOPT,0.99999,24,27,27,320,1972,4.969553967,8.128261373659493e-09
gappy-POD,0.99999,24,27,27,320,1840,4.72953835,7.585760218340688e-09
QDEIM,0.99999,24,27,27,320,1764,4.513005818,3.612856741938343e-08
SOPT,0.99999,24,27,27,340,2060,5.217270988,9.282273538897503e-09
gappy-POD,0.99999,24,27,27,340,1908,4.84010649,2.102438869508861e-08
QDEIM,0.99999,24,27,27,340,1868,4.757250201,1.538970219592364e-08
SOPT,0.99999,24,27,27,360,2140,5.407538932,1.064087340673647e-08
gappy-POD,0.99999,24,27,27,360,2048,5.151108334,6.790660184372017e-09
QDEIM,0.99999,24,27,27,360,1924,4.866295697,3.411436939193505e-08
SOPT,0.99999,24,27,27,380,2172,5.576186052,1.210078442814383e-08
gappy-POD,0.99999,24,27,27,380,2084,5.227589384,4.039240609747631e-08
QDEIM,0.99999,24,27,27,380,2044,5.214042361,4.571858165162523e-08
SOPT,0.99999,24,27,27,400,2244,6.16499984,1.291207608750345e-08
gappy-POD,0.99999,24,27,27,400,2176,5.589987191,2.473110407057358e-08
QDEIM,0.99999,24,27,27,400,2164,5.460335814,3.346025188225893e-08
SOPT,0.99999,24,27,27,420,2288,5.817469875,1.615066509667875e-08
gappy-POD,0.99999,24,27,27,420,2172,5.783555492,5.487104727076497e-08
QDEIM,0.99999,24,27,27,420,2212,5.623053162,1.315330463672002e-08
SOPT,0.99999,24,27,27,440,2300,5.845536163,1.735409884504853e-08
gappy-POD,0.99999,24,27,27,440,2328,5.868185135,1.404908828019194e-07
QDEIM,0.99999,24,27,27,440,2276,5.693333488,5.781195251280787e-09
SOPT,0.99999,24,27,27,460,2408,6.119275297,2.134418937771948e-08
gappy-POD,0.99999,24,27,27,460,2412,6.194767893,1.047293944454855e-08
QDEIM,0.99999,24,27,27,460,2328,5.912076941,1.514355541676021e-09
SOPT,0.99999,24,27,27,480,2488,6.482282319,1.426224391271719e-08
gappy-POD,0.99999,24,27,27,480,2460,6.15071018,5.39241343205014e-08
QDEIM,0.99999,24,27,27,480,2392,5.918695782,8.735887313401691e-09
SOPT,0.99999,24,27,27,500,2572,6.447595651,1.570699608650797e-08
gappy-POD,0.99999,24,27,27,500,2604,6.464183582,1.013044639543272e-07
QDEIM,0.99999,24,27,27,500,2404,5.999816863,1.820730564383991e-08
SOPT,0.99999,24,27,27,520,2620,6.545938295,1.802284786795976e-08
gappy-POD,0.99999,24,27,27,520,2456,6.134950807,5.296141417317706e-08
QDEIM,0.99999,24,27,27,520,2448,6.134500389,2.221374901752125e-08
SOPT,0.99999,24,27,27,540,2712,6.851996014,2.083360016663027e-08
gappy-POD,0.99999,24,27,27,540,2552,6.404929953,1.929714003654677e-08
QDEIM,0.99999,24,27,27,540,2488,6.215022564,1.595977277707883e-08
SOPT,0.99999,24,27,27,560,2804,7.280415068,1.250707043833684e-08
gappy-POD,0.99999,24,27,27,560,2704,6.649594157,1.415267918973804e-08
QDEIM,0.99999,24,27,27,560,2552,6.399887646,1.753947647061049e-08
SOPT,0.99999,24,27,27,580,2864,7.193777321,8.105086231071321e-09
gappy-POD,0.99999,24,27,27,580,2656,6.650832389,1.503766278015458e-08
QDEIM,0.99999,24,27,27,580,2608,6.53580383,2.264434204426665e-08
SOPT,0.99999,24,27,27,600,2920,7.402288277,1.306780919177321e-08
gappy-POD,0.99999,24,27,27,600,2740,6.916971765,3.865507246552587e-08
QDEIM,0.99999,24,27,27,600,2680,6.67797164,1.75110009497867e-08
SOPT,0.99999,24,27,27,620,2992,7.575029455,1.202140156286724e-08
gappy-POD,0.99999,24,27,27,620,2740,7.221502204,4.802114813012139e-08
QDEIM,0.99999,24,27,27,620,2768,6.986187232,1.725688320760568e-08
SOPT,0.99999,24,27,27,640,3048,7.638618344,1.821713524957561e-08
gappy-POD,0.99999,24,27,27,640,2744,6.961277649,3.968192439186453e-08
QDEIM,0.99999,24,27,27,640,2844,7.163342709,2.977004309053328e-08
SOPT,0.99999,24,27,27,660,3084,7.720905684,2.031495908093956e-08
gappy-POD,0.99999,24,27,27,660,2920,7.325078434,4.972344385139419e-08
QDEIM,0.99999,24,27,27,660,2852,7.187045496,1.952880161172456e-08
SOPT,0.99999,24,27,27,680,3136,7.910734565,1.650915778352104e-08
gappy-POD,0.99999,24,27,27,680,3000,7.502367762,4.692634529743967e-08
QDEIM,0.99999,24,27,27,680,2852,7.188558328,2.291158224943137e-08
SOPT,0.99999,24,27,27,700,3188,8.169312597999999,1.134100272705135e-08
gappy-POD,0.99999,24,27,27,700,3024,7.603953804,4.466002831951204e-09
QDEIM,0.99999,24,27,27,700,2888,7.251926167,2.708743489557128e-08
SOPT,0.99999,24,27,27,720,3236,8.197976150000001,1.001127267709054e-08
gappy-POD,0.99999,24,27,27,720,3052,7.734495513,4.332978010879964e-08
QDEIM,0.99999,24,27,27,720,2916,7.226645437,3.873678151361837e-08
SOPT,0.99999,24,27,27,740,3288,8.27597602,1.351347042928419e-08
gappy-POD,0.99999,24,27,27,740,3048,7.591385184,2.151105729943721e-08
QDEIM,0.99999,24,27,27,740,2944,7.30847991,3.682571377101444e-08
SOPT,0.99999,24,27,27,760,3320,8.259749931,9.416134737390461e-09
gappy-POD,0.99999,24,27,27,760,3144,8.021516767,3.093698925011241e-08
QDEIM,0.99999,24,27,27,760,2960,7.369916492,3.634327170687157e-08
SOPT,0.99999,24,27,27,780,3372,8.375040707,1.406806753296088e-08
gappy-POD,0.99999,24,27,27,780,3208,7.933302374,3.827189757532676e-08
QDEIM,0.99999,24,27,27,780,2972,7.313241708,3.398283887965857e-08
SOPT,0.99999,24,27,27,800,3428,8.459334309999999,1.108130562449841e-08
gappy-POD,0.99999,24,27,27,800,3376,8.418704131,1.131390874942949e-08
QDEIM,0.99999,24,27,27,800,2984,7.48877115,3.492782334592173e-08
SOPT,0.99999,24,27,27,820,3460,8.584666085,1.358739445052976e-08
gappy-POD,0.99999,24,27,27,820,3396,8.412196943,2.458179003577399e-08
QDEIM,0.99999,24,27,27,820,3008,7.543535837,3.237482528365441e-08
SOPT,0.99999,24,27,27,840,3496,8.779287464999999,1.489910185926214e-08
gappy-POD,0.99999,24,27,27,840,3484,8.626283237999999,2.453201034884623e-08
QDEIM,0.99999,24,27,27,840,3036,7.59056505,1.4546388285416e-08
SOPT,0.99999,24,27,27,860,3536,8.785331082999999,1.42857880120196e-08
gappy-POD,0.99999,24,27,27,860,3456,8.561417345000001,2.285364999743271e-08
QDEIM,0.99999,24,27,27,860,3048,7.638330913,1.47737632981461e-08
SOPT,0.99999,24,27,27,880,3580,8.792953964000001,1.308651383089533e-08
gappy-POD,0.99999,24,27,27,880,3528,8.683490332,2.788077699093314e-08
QDEIM,0.99999,24,27,27,880,3076,7.703934006,7.890811378914852e-09
SOPT,0.99999,24,27,27,900,3612,8.903718188999999,1.124365340947382e-08
gappy-POD,0.99999,24,27,27,900,3576,8.767707360999999,2.683841865143693e-08
QDEIM,0.99999,24,27,27,900,3080,7.632775751,6.928283937536091e-09
SOPT,0.99999,24,27,27,920,3644,9.125666759,1.189854289529011e-08
gappy-POD,0.99999,24,27,27,920,3624,8.837554616,1.871651419549027e-08
QDEIM,0.99999,24,27,27,920,3136,7.798099117,7.201997434638506e-09
SOPT,0.99999,24,27,27,940,3684,9.458622031999999,1.146366052807926e-08
gappy-POD,0.99999,24,27,27,940,3632,9.054289514000001,6.764611427080913e-09
QDEIM,0.99999,24,27,27,940,3188,7.976729302,8.514250417945607e-09
SOPT,0.99999,24,27,27,960,3704,9.091835966,1.037759944582674e-08
gappy-POD,0.99999,24,27,27,960,3680,9.129663817000001,4.034511376898262e-08
QDEIM,0.99999,24,27,27,960,3220,7.983527382,1.522643231092208e-08
SOPT,0.99999,24,27,27,980,3732,9.303641041000001,1.229637443502345e-08
gappy-POD,0.99999,24,27,27,980,3716,9.096594691,2.226458038718105e-08
QDEIM,0.99999,24,27,27,980,3248,8.099312608,1.152874388400298e-08
SOPT,0.99999,24,27,27,1000,3764,9.326407873999999,1.144630610312343e-08
gappy-POD,0.99999,24,27,27,1000,3688,9.194607391,2.944398330731098e-08
QDEIM,0.99999,24,27,27,1000,3272,8.194944704999999,1.084007213059687e-08
SOPT,0.99999,24,27,27,1020,3776,9.839629597,1.016477918595598e-08
gappy-POD,0.99999,24,27,27,1020,3712,8.816759439,1.471342700995685e-08
QDEIM,0.99999,24,27,27,1020,3288,8.148252702000001,1.844201388755415e-08
SOPT,0.99999,24,27,27,1040,3804,9.409681543,1.263474374362135e-08
gappy-POD,0.99999,24,27,27,1040,3756,9.222617428,2.07050528902295e-08
QDEIM,0.99999,24,27,27,1040,3320,7.974025353,1.230797090015211e-08
SOPT,0.999999,29,32,32,20,0,,
gappy-POD,0.999999,29,32,32,20,0,,
QDEIM,0.999999,29,32,32,20,0,,
SOPT,0.999999,29,32,32,40,304,1.186479226,4.571019699520789e-08
gappy-POD,0.999999,29,32,32,40,312,1.302937851,3.497474788705076e-07
QDEIM,0.999999,29,32,32,40,312,1.243658395,9.072441741402285e-07
SOPT,0.999999,29,32,32,60,448,1.569169363,1.514437641701068e-07
gappy-POD,0.999999,29,32,32,60,460,1.597161559,3.151510032881441e-07
QDEIM,0.999999,29,32,32,60,420,1.493292215,4.545871539483646e-07
SOPT,0.999999,29,32,32,80,596,1.925494389,6.084479321745774e-08
gappy-POD,0.999999,29,32,32,80,588,1.912173428,2.806463695528494e-07
QDEIM,0.999999,29,32,32,80,544,1.793101092,3.466871877532326e-07
SOPT,0.999999,29,32,32,100,732,2.263371785,4.742056512649621e-08
gappy-POD,0.999999,29,32,32,100,692,2.141362697,2.83081862665274e-07
QDEIM,0.999999,29,32,32,100,692,2.137360785,3.187856489030081e-07
SOPT,0.999999,29,32,32,120,876,2.548614443,3.804327876847731e-08
gappy-POD,0.999999,29,32,32,120,832,2.513126478,2.678832616669649e-07
QDEIM,0.999999,29,32,32,120,824,2.457334793,3.154681476181011e-07
SOPT,0.999999,29,32,32,140,1008,2.985399322,2.245875721685544e-08
gappy-POD,0.999999,29,32,32,140,920,2.767785504,2.574235364283995e-07
QDEIM,0.999999,29,32,32,140,944,2.758850311,1.643207047186752e-07
SOPT,0.999999,29,32,32,160,1140,3.259720567,2.00936310814738e-08
gappy-POD,0.999999,29,32,32,160,1024,3.135098001,2.555447073367161e-07
QDEIM,0.999999,29,32,32,160,1048,3.0984895,1.074783122773089e-07
SOPT,0.999999,29,32,32,180,1268,3.593753267,1.347329131743926e-08
gappy-POD,0.999999,29,32,32,180,1132,3.287546788,2.53864413493499e-07
QDEIM,0.999999,29,32,32,180,1164,3.371635975,1.470346402882301e-07
SOPT,0.999999,29,32,32,200,1388,3.851116378,1.161619845622847e-08
gappy-POD,0.999999,29,32,32,200,1228,3.743415329,2.477353241536155e-07
QDEIM,0.999999,29,32,32,200,1264,3.622535636,6.312563185645646e-08
SOPT,0.999999,29,32,32,220,1500,4.223728602,1.656330430386562e-08
gappy-POD,0.999999,29,32,32,220,1324,3.765883,2.492509613230533e-07
QDEIM,0.999999,29,32,32,220,1364,3.875631745,9.955893166118398e-08
SOPT,0.999999,29,32,32,240,1624,4.446730679,2.166411507353241e-08
gappy-POD,0.999999,29,32,32,240,1400,4.003743271,2.423537559976821e-07
QDEIM,0.999999,29,32,32,240,1484,4.210633526,8.487629716143877e-08
SOPT,0.999999,29,32,32,260,1732,4.703066837,2.184273212833674e-08
gappy-POD,0.999999,29,32,32,260,1492,4.195106289,1.018114218645907e-07
QDEIM,0.999999,29,32,32,260,1596,4.48121966,1.625454193225426e-07
SOPT,0.999999,29,32,32,280,1832,4.94423467,2.186163996954091e-08
gappy-POD,0.999999,29,32,32,280,1476,4.128524373,6.460871839454562e-07
QDEIM,0.999999,29,32,32,280,1648,4.603104443,1.566730536313838e-07
SOPT,0.999999,29,32,32,300,1940,5.219705131,2.186367887504732e-08
gappy-POD,0.999999,29,32,32,300,1652,4.624600302,3.609995494991638e-07
QDEIM,0.999999,29,32,32,300,1704,4.735124978,1.150447162683465e-07
SOPT,0.999999,29,32,32,320,2020,5.426830472,2.410179059995485e-08
gappy-POD,0.999999,29,32,32,320,1744,5.074237453,8.780804569743027e-07
QDEIM,0.999999,29,32,32,320,1760,4.911644783,6.01870340544465e-08
SOPT,0.999999,29,32,32,340,2072,5.586973747,2.688424112506039e-08
gappy-POD,0.999999,29,32,32,340,1872,5.322716744,1.800763655066158e-07
QDEIM,0.999999,29,32,32,340,1816,5.05114803,6.906527830715316e-08
SOPT,0.999999,29,32,32,360,2160,5.760355392,2.31079175708891e-08
gappy-POD,0.999999,29,32,32,360,1980,5.389312802,2.041216483511437e-07
QDEIM,0.999999,29,32,32,360,1920,5.327257503,1.994002509000303e-06
SOPT,0.999999,29,32,32,380,2228,5.920470799,2.605909185123939e-08
gappy-POD,0.999999,29,32,32,380,2052,5.562119741,2.286225462059643e-07
QDEIM,0.999999,29,32,32,380,1964,,
SOPT,0.999999,29,32,32,400,2272,6.329963471,2.932390777305763e-08
gappy-POD,0.999999,29,32,32,400,2116,5.699293664,3.537538137134402e-07
QDEIM,0.999999,29,32,32,400,2004,5.493505654,1.931186699266234e-07
SOPT,0.999999,29,32,32,420,2304,6.107177429,3.453301311486946e-08
gappy-POD,0.999999,29,32,32,420,2204,5.865959609,1.97231320822419e-07
QDEIM,0.999999,29,32,32,420,2056,5.553467141,1.785714191553139e-07
SOPT,0.999999,29,32,32,440,2348,6.247208677,4.559842287838185e-08
gappy-POD,0.999999,29,32,32,440,2308,6.217420229,3.296084948163269e-07
QDEIM,0.999999,29,32,32,440,2104,5.644017882,2.186929559038514e-07
SOPT,0.999999,29,32,32,460,2408,6.373384205,4.476185054359631e-08
gappy-POD,0.999999,29,32,32,460,2324,6.139478344,1.112666439625323e-07
QDEIM,0.999999,29,32,32,460,2140,5.756003882,2.020957847083649e-07
SOPT,0.999999,29,32,32,480,2480,6.526147107,4.661998056371386e-08
gappy-POD,0.999999,29,32,32,480,2448,6.439875574,1.814183854938584e-07
QDEIM,0.999999,29,32,32,480,2160,5.814728111,2.052025766197956e-07
SOPT,0.999999,29,32,32,500,2564,6.764293643,5.875707856253449e-08
gappy-POD,0.999999,29,32,32,500,2520,6.761244077,4.782038707144491e-07
QDEIM,0.999999,29,32,32,500,2196,5.920744654,2.03450228894779e-07
SOPT,0.999999,29,32,32,520,2660,7.013576662,5.029310884936615e-08
gappy-POD,0.999999,29,32,32,520,2672,6.922183169,3.080714019396799e-08
QDEIM,0.999999,29,32,32,520,2268,6.229313816,1.802103344809678e-07
SOPT,0.999999,29,32,32,540,2736,7.231906633,4.471019452806757e-08
gappy-POD,0.999999,29,32,32,540,2628,7.02130549,6.442887061409275e-07
QDEIM,0.999999,29,32,32,540,2336,6.275512009,2.273053016878926e-07
SOPT,0.999999,29,32,32,560,2784,7.342528436,5.271391145530147e-08
gappy-POD,0.999999,29,32,32,560,2612,6.83717527,5.157739945099916e-08
QDEIM,0.999999,29,32,32,560,2424,6.566221637,3.318311195441076e-07
SOPT,0.999999,29,32,32,580,2860,7.582069528,2.197801919866255e-08
gappy-POD,0.999999,29,32,32,580,2788,7.34295339,4.866352196135149e-09
QDEIM,0.999999,29,32,32,580,2460,6.622063111,2.432145064229054e-07
SOPT,0.999999,29,32,32,600,2936,7.824371307,2.434181284970367e-08
gappy-POD,0.999999,29,32,32,600,2936,7.67081967,1.039285942143562e-07
QDEIM,0.999999,29,32,32,600,2472,6.623300396,1.916047780375632e-07
SOPT,0.999999,29,32,32,620,3012,7.935523985,2.120431125527447e-08
gappy-POD,0.999999,29,32,32,620,2724,7.239160498,1.42027752551346e-08
QDEIM,0.999999,29,32,32,620,2568,6.846053139,3.350439627203487e-07
SOPT,0.999999,29,32,32,640,3060,8.108111268,2.772960788152462e-08
gappy-POD,0.999999,29,32,32,640,2796,7.391539407,2.108842061034846e-08
QDEIM,0.999999,29,32,32,640,2656,7.018926521,2.189539353031726e-07
SOPT,0.999999,29,32,32,660,3136,8.163580004,3.270211615448742e-08
gappy-POD,0.999999,29,32,32,660,2912,7.641211554,1.070070066980287e-08
QDEIM,0.999999,29,32,32,660,2692,7.159648939,1.798602551549137e-07
SOPT,0.999999,29,32,32,680,3192,8.306944409,3.419545318821376e-08
gappy-POD,0.999999,29,32,32,680,2872,7.474121097,8.441677691108913e-08
QDEIM,0.999999,29,32,32,680,2772,7.281542604,1.087428151487466e-07
SOPT,0.999999,29,32,32,700,3228,8.287993128,4.041124394629093e-08
gappy-POD,0.999999,29,32,32,700,2920,7.726510565,2.980937245377336e-08
QDEIM,0.999999,29,32,32,700,2796,7.32246107,9.687422400659584e-08
SOPT,0.999999,29,32,32,720,3260,8.41766181,4.049202928283219e-08
gappy-POD,0.999999,29,32,32,720,2936,7.632470823,1.336281073529295e-08
QDEIM,0.999999,29,32,32,720,2812,7.380283797,3.059382635521076e-08
SOPT,0.999999,29,32,32,740,3300,8.497752956999999,4.761254913590678e-08
gappy-POD,0.999999,29,32,32,740,2984,7.753918665,9.922450716831666e-09
QDEIM,0.999999,29,32,32,740,2860,7.515969279,6.828111879809237e-08
SOPT,0.999999,29,32,32,760,3340,8.713686173999999,5.277579471543358e-08
gappy-POD,0.999999,29,32,32,760,3000,7.983724067,2.460224639634525e-08
QDEIM,0.999999,29,32,32,760,2880,7.640809118,3.75325509121914e-08
SOPT,0.999999,29,32,32,780,3384,8.749102015,4.36164043064152e-08
gappy-POD,0.999999,29,32,32,780,3160,8.234331449000001,1.738670923658847e-08
QDEIM,0.999999,29,32,32,780,2920,7.746260099,3.767085286456787e-08
SOPT,0.999999,29,32,32,800,3420,8.860156603,4.527513963401922e-08
gappy-POD,0.999999,29,32,32,800,3192,8.39918846,3.335853087069241e-08
QDEIM,0.999999,29,32,32,800,2932,7.787464865,2.825176679992752e-08
SOPT,0.999999,29,32,32,820,3456,9.039350424,4.756283004973007e-08
gappy-POD,0.999999,29,32,32,820,3276,8.458535913,1.214908059013198e-08
QDEIM,0.999999,29,32,32,820,2940,7.800520467,3.291788293303922e-08
SOPT,0.999999,29,32,32,840,3500,9.160018334,3.307709099951125e-08
gappy-POD,0.999999,29,32,32,840,3356,8.720448647,1.633950522836817e-08
QDEIM,0.999999,29,32,32,840,2960,7.848043588,2.714347814966408e-08
SOPT,0.999999,29,32,32,860,3544,9.260855186000001,3.431435842247224e-08
gappy-POD,0.999999,29,32,32,860,3400,8.895249408,1.810292516601969e-08
QDEIM,0.999999,29,32,32,860,2996,7.890064031,4.340929054542915e-08
SOPT,0.999999,29,32,32,880,3588,9.248833458,3.535534486074546e-08
gappy-POD,0.999999,29,32,32,880,3408,8.776057374000001,5.33396565320992e-09
QDEIM,0.999999,29,32,32,880,3012,7.966157458,2.721625161493454e-08
SOPT,0.999999,29,32,32,900,3640,9.349317074,3.428113544474171e-08
gappy-POD,0.999999,29,32,32,900,3360,8.796270822,9.532337227989218e-09
QDEIM,0.999999,29,32,32,900,3036,7.847905327,2.733895246755526e-08
SOPT,0.999999,29,32,32,920,3676,9.494343685,3.151061399199684e-08
gappy-POD,0.999999,29,32,32,920,3428,8.959500539,2.162258295643486e-08
QDEIM,0.999999,29,32,32,920,3036,8.033741284,2.350047441384827e-08
SOPT,0.999999,29,32,32,940,3696,10.031368283,3.90796479305997e-08
gappy-POD,0.999999,29,32,32,940,3480,9.193838061999999,1.563912128975879e-08
QDEIM,0.999999,29,32,32,940,3056,8.261612095,3.448618058896338e-08
SOPT,0.999999,29,32,32,960,3712,9.739586985000001,3.881901946067122e-08
gappy-POD,0.999999,29,32,32,960,3580,9.373613946000001,2.730539272240514e-08
QDEIM,0.999999,29,32,32,960,3084,8.240262599999999,4.672889189376994e-08
SOPT,0.999999,29,32,32,980,3748,9.865312465000001,4.365061814693816e-08
gappy-POD,0.999999,29,32,32,980,3612,9.443679562,3.935784563080152e-08
QDEIM,0.999999,29,32,32,980,3088,8.390804791000001,5.359361903052629e-08
SOPT,0.999999,29,32,32,1000,3760,9.941485461999999,4.16691900398932e-08
gappy-POD,0.999999,29,32,32,1000,3608,9.606113948999999,3.359253811997777e-08
QDEIM,0.999999,29,32,32,1000,3112,8.477605625000001,5.892812696248788e-08
SOPT,0.999999,29,32,32,1020,3792,10.105789374,4.542855770747252e-08
gappy-POD,0.999999,29,32,32,1020,3620,10.024768024,2.601419568628515e-08
QDEIM,0.999999,29,32,32,1020,3136,8.588854752,4.700460897013369e-08
SOPT,0.999999,29,32,32,1040,3804,10.259586054,4.102875187335129e-08
gappy-POD,0.999999,29,32,32,1040,3688,10.051919682,3.443396974403231e-08
QDEIM,0.999999,29,32,32,1040,3212,8.954505253000001,2.487127619238765e-08
SOPT,1,,,,20,0,,
gappy-POD,1,,,,20,0,,
QDEIM,1,,,,20,0,,
SOPT,1,,,,40,0,,
gappy-POD,1,,,,40,0,,
QDEIM,1,,,,40,0,,
SOPT,1,,,,60,0,,
gappy-POD,1,,,,60,0,,
QDEIM,1,,,,60,0,,
SOPT,1,,,,80,0,,
gappy-POD,1,,,,80,0,,
QDEIM,1,,,,80,0,,
SOPT,1,,,,100,0,,
gappy-POD,1,,,,100,0,,
QDEIM,1,,,,100,0,,
SOPT,1,,,,120,0,,
gappy-POD,1,,,,120,0,,
QDEIM,1,,,,120,0,,
SOPT,1,,,,140,0,,
gappy-POD,1,,,,140,0,,
QDEIM,1,,,,140,0,,
SOPT,1,,,,160,0,,
gappy-POD,1,,,,160,0,,
QDEIM,1,,,,160,0,,
SOPT,1,,,,180,0,,
gappy-POD,1,,,,180,0,,
QDEIM,1,,,,180,0,,
SOPT,1,,,,200,0,,
gappy-POD,1,,,,200,0,,
QDEIM,1,,,,200,0,,
SOPT,1,,,,220,0,,
gappy-POD,1,,,,220,0,,
QDEIM,1,,,,220,0,,
SOPT,1,,,,240,0,,
gappy-POD,1,,,,240,0,,
QDEIM,1,,,,240,0,,
SOPT,1,,,,260,0,,
gappy-POD,1,,,,260,0,,
QDEIM,1,,,,260,0,,
SOPT,1,,,,280,0,,
gappy-POD,1,,,,280,0,,
QDEIM,1,,,,280,0,,
SOPT,1,,,,300,0,,
gappy-POD,1,,,,300,0,,
QDEIM,1,,,,300,0,,
SOPT,1,,,,320,0,,
gappy-POD,1,,,,320,0,,
QDEIM,1,,,,320,0,,
SOPT,1,,,,340,0,,
gappy-POD,1,,,,340,0,,
QDEIM,1,,,,340,0,,
SOPT,1,,,,360,0,,
gappy-POD,1,,,,360,0,,
QDEIM,1,,,,360,0,,
SOPT,1,,,,380,0,,
gappy-POD,1,,,,380,0,,
QDEIM,1,,,,380,0,,
SOPT,1,,,,400,0,,
gappy-POD,1,,,,400,0,,
QDEIM,1,,,,400,0,,
SOPT,1,,,,420,0,,
gappy-POD,1,,,,420,0,,
QDEIM,1,,,,420,0,,
SOPT,1,,,,440,0,,
gappy-POD,1,,,,440,0,,
QDEIM,1,,,,440,0,,
SOPT,1,,,,460,0,,
gappy-POD,1,,,,460,0,,
QDEIM,1,,,,460,0,,
SOPT,1,,,,480,0,,
gappy-POD,1,,,,480,0,,
QDEIM,1,,,,480,0,,
SOPT,1,,,,500,0,,
gappy-POD,1,,,,500,0,,
QDEIM,1,,,,500,0,,
SOPT,1,,,,520,0,,
gappy-POD,1,,,,520,0,,
QDEIM,1,,,,520,0,,
SOPT,1,,,,540,0,,
gappy-POD,1,,,,540,0,,
QDEIM,1,,,,540,0,,
SOPT,1,,,,560,0,,
gappy-POD,1,,,,560,0,,
QDEIM,1,,,,560,0,,
SOPT,1,,,,580,0,,
gappy-POD,1,,,,580,0,,
QDEIM,1,,,,580,0,,
SOPT,1,,,,600,0,,
gappy-POD,1,,,,600,0,,
QDEIM,1,,,,600,0,,
SOPT,1,,,,620,0,,
gappy-POD,1,,,,620,0,,
QDEIM,1,,,,620,0,,
SOPT,1,,,,640,0,,
gappy-POD,1,,,,640,0,,
QDEIM,1,,,,640,0,,
SOPT,1,,,,660,0,,
gappy-POD,1,,,,660,0,,
QDEIM,1,,,,660,0,,
SOPT,1,,,,680,0,,
gappy-POD,1,,,,680,0,,
QDEIM,1,,,,680,0,,
SOPT,1,,,,700,0,,
gappy-POD,1,,,,700,0,,
QDEIM,1,,,,700,0,,
SOPT,1,,,,720,0,,
gappy-POD,1,,,,720,0,,
QDEIM,1,,,,720,0,,
SOPT,1,,,,740,0,,
gappy-POD,1,,,,740,0,,
QDEIM,1,,,,740,0,,
SOPT,1,,,,760,0,,
gappy-POD,1,,,,760,0,,
QDEIM,1,,,,760,0,,
SOPT,1,,,,780,0,,
gappy-POD,1,,,,780,0,,
QDEIM,1,,,,780,0,,
SOPT,1,,,,800,0,,
gappy-POD,1,,,,800,0,,
QDEIM,1,,,,800,0,,
SOPT,1,,,,820,0,,
gappy-POD,1,,,,820,0,,
QDEIM,1,,,,820,0,,
SOPT,1,,,,840,0,,
gappy-POD,1,,,,840,0,,
QDEIM,1,,,,840,0,,
SOPT,1,,,,860,0,,
gappy-POD,1,,,,860,0,,
QDEIM,1,,,,860,0,,
SOPT,1,,,,880,0,,
gappy-POD,1,,,,880,0,,
QDEIM,1,,,,880,0,,
SOPT,1,,,,900,0,,
gappy-POD,1,,,,900,0,,
QDEIM,1,,,,900,0,,
SOPT,1,,,,920,0,,
gappy-POD,1,,,,920,0,,
QDEIM,1,,,,920,0,,
SOPT,1,,,,940,0,,
gappy-POD,1,,,,940,0,,
QDEIM,1,,,,940,0,,
SOPT,1,,,,960,0,,
gappy-POD,1,,,,960,0,,
QDEIM,1,,,,960,0,,
SOPT,1,,,,980,0,,
gappy-POD,1,,,,980,0,,
QDEIM,1,,,,980,0,,
SOPT,1,,,,1000,0,,
gappy-POD,1,,,,1000,0,,
QDEIM,1,,,,1000,0,,
SOPT,1,,,,1020,0,,
gappy-POD,1,,,,1020,0,,
QDEIM,1,,,,1020,0,,
SOPT,1,,,,1040,0,,
gappy-POD,1,,,,1040,0,,
QDEIM,1,,,,1040,0,,
