Options used:
   --mesh ../data/beam-quad.mesh
   --refine-serial 2
   --refine-parallel 0
   --order 2
   --ode-solver 14
   --t-final 1
   --time-step 0.01
   --viscosity 0.01
   --shear-modulus 0.25
   --bulk-modulus 5
   --adaptive-lin-rtol
   --visualization
   --no-visit-datafiles
   --visualization-steps 1
   --nset 1
   --no-offline
   --online
   --no-merge
   --no-qdeim
   --no-sopt
   --nsr -1
   --rxdim 2
   --rvdim 4
   --hdim 1
   --id 0
   --hyperreduce
   --not-xbase-only
   --velocity-ic
   --scaling 1
   --eqp
   --no-sample-mesh
   --no-preceqp
   --tol-nnls 1e-14
   --max-nnls 0
   --n-time-windows 0
Number of velocity/deformation unknowns: 1170
initial elastic energy (EE) = 8.68126e-18
initial kinetic energy (KE) = 0.000318121
initial   total energy (TE) = 0.000318121
Opening file: basisV.000000
reduced V dim = 4
Opening file: basisX.000000
reduced X dim = 2
Opening file: basisH.000000
reduced H dim = 1
Opening file: basis0_X_snapshot.000000
NNLSSolver init on rank 0 out of 1 processes
0 0 404 2048 0 3.884133740944772e+00 1.443358988709797e+01
1 1 404 2048 1 3.823636557301740e+00 1.071865415887660e+01
2 2 404 2048 2 3.813186707895725e+00 1.029094646195552e+01
3 3 404 2048 3 3.403584698188563e+00 1.001925868414968e+01
4 4 404 2048 4 2.810939751002667e+00 9.293997211034041e+00
5 5 404 2048 5 2.814269458869486e+00 9.131504868431440e+00
6 6 404 2048 6 2.796078054379150e+00 8.865431388932567e+00
7 7 404 2048 7 2.792140292440411e+00 8.699710891869948e+00
8 8 404 2048 8 2.264796383302902e+00 7.837177671363484e+00
9 9 404 2048 9 2.262255717436321e+00 7.506474296609337e+00
10 10 404 2048 10 2.243370070427028e+00 7.215639193561693e+00
11 11 404 2048 11 2.242208573058797e+00 7.049004047429568e+00
12 12 404 2048 12 2.158175318713665e+00 6.920755279911834e+00
13 13 404 2048 13 2.157154234852055e+00 6.670255441118981e+00
14 14 404 2048 14 2.081419898881347e+00 6.577640580281098e+00
15 15 404 2048 15 2.040879172886252e+00 6.503553801453025e+00
16 17 404 2048 15 1.801119812485827e+00 5.960303525488810e+00
17 18 404 2048 16 1.840106354097952e+00 5.884241039759980e+00
18 19 404 2048 17 1.748524484661981e+00 5.795557636842038e+00
19 20 404 2048 18 1.760248839462421e+00 5.773010011339252e+00
20 21 404 2048 19 1.758075058181626e+00 5.699055042004881e+00
21 22 404 2048 20 1.764667348407445e+00 5.660500990523776e+00
22 23 404 2048 21 1.655955274183627e+00 5.267039536676562e+00
23 24 404 2048 22 1.654060590437213e+00 5.226239881844697e+00
24 25 404 2048 23 1.655769769981358e+00 5.103368368535864e+00
25 26 404 2048 24 1.611632275011421e+00 5.068712894292513e+00
26 28 404 2048 24 1.596291393058224e+00 5.002451461070055e+00
27 29 404 2048 25 1.589997882153704e+00 4.983304731575299e+00
28 30 404 2048 26 1.595524678561658e+00 4.948471192020468e+00
29 31 404 2048 27 1.593794254484888e+00 4.892595320905857e+00
30 32 404 2048 28 1.592726975922138e+00 4.780822853100463e+00
31 33 404 2048 29 1.586742635380339e+00 4.754957234129730e+00
32 34 404 2048 30 1.585901728788370e+00 4.728195442782781e+00
33 35 404 2048 31 1.585163810911280e+00 4.703612545691463e+00
34 36 404 2048 32 1.584423011545078e+00 4.681518854179000e+00
35 37 404 2048 33 1.198317420038336e+00 3.271713836681656e+00
36 38 404 2048 34 1.193531728174800e+00 3.241349446116985e+00
37 39 404 2048 35 1.187933523282210e+00 3.179030574366370e+00
38 40 404 2048 36 1.184883377272594e+00 3.123217210331428e+00
39 41 404 2048 37 1.176233164105002e+00 3.064657238180323e+00
40 42 404 2048 38 1.165617692534892e+00 3.019886429210985e+00
41 43 404 2048 39 1.145800587744456e+00 2.997599211039916e+00
42 44 404 2048 40 1.129056054200788e+00 2.976246294533195e+00
43 45 404 2048 41 1.121946326027378e+00 2.956709243174365e+00
44 46 404 2048 42 1.108047583215372e+00 2.938824882186354e+00
45 47 404 2048 43 1.090967591071505e+00 2.921756781859008e+00
46 48 404 2048 44 1.078768621868660e+00 2.905979927571519e+00
47 49 404 2048 45 1.065450729828427e+00 2.891385307655115e+00
48 50 404 2048 46 1.068036645094949e+00 2.871749790551022e+00
49 51 404 2048 47 9.964296039140259e-01 2.803027333298085e+00
50 52 404 2048 48 9.393047233241252e-01 2.566090883940618e+00
51 53 404 2048 49 9.310148622988379e-01 2.557000635123499e+00
52 54 404 2048 50 9.180156348381660e-01 2.532675773570954e+00
53 55 404 2048 51 9.167988456798815e-01 2.522155015532578e+00
54 56 404 2048 52 9.166365374209492e-01 2.511758055182922e+00
55 58 404 2048 52 6.706769151652979e-01 2.053380093893950e+00
56 59 404 2048 53 6.504321593981833e-01 2.025650049128800e+00
57 60 404 2048 54 6.502727796005583e-01 2.014181683107959e+00
58 61 404 2048 55 6.494098268265860e-01 2.001285818814449e+00
59 62 404 2048 56 6.489911069499638e-01 1.988541898703811e+00
60 63 404 2048 57 6.491137504639591e-01 1.979482826251877e+00
61 64 404 2048 58 6.481033046042488e-01 1.971946797177228e+00
62 65 404 2048 59 6.477421628523030e-01 1.965360293405064e+00
63 66 404 2048 60 6.474459010313812e-01 1.960078426912757e+00
64 67 404 2048 61 6.456110705609353e-01 1.953544786635523e+00
65 68 404 2048 62 6.466129625203273e-01 1.945698679499005e+00
66 69 404 2048 63 6.458375262588608e-01 1.941544334941257e+00
67 70 404 2048 64 6.431488530285538e-01 1.937921989406791e+00
68 71 404 2048 65 6.431569585674999e-01 1.934556786951029e+00
69 72 404 2048 66 6.430630063075020e-01 1.930469848666010e+00
70 73 404 2048 67 6.433440746974025e-01 1.927138265957159e+00
71 74 404 2048 68 6.433411880081651e-01 1.924253140261811e+00
72 75 404 2048 69 6.417427983071278e-01 1.908173508810890e+00
73 76 404 2048 70 6.407273673955763e-01 1.905956730269954e+00
74 77 404 2048 71 6.413022389217670e-01 1.899093068127518e+00
75 79 404 2048 71 6.346781022708625e-01 1.802259654432675e+00
76 81 404 2048 71 5.696249465780054e-01 1.384803205084679e+00
77 82 404 2048 72 5.585618184420044e-01 1.358817367452519e+00
78 83 404 2048 73 4.954743348717807e-01 1.352346343691878e+00
79 84 404 2048 74 4.954412710242239e-01 1.350144304429475e+00
80 85 404 2048 75 4.969529683428603e-01 1.345025339606332e+00
81 86 404 2048 76 4.980252291872174e-01 1.343617450929644e+00
82 87 404 2048 77 5.018078946195235e-01 1.341440845039318e+00
83 88 404 2048 78 5.008965067557127e-01 1.217814939269134e+00
84 89 404 2048 79 5.008142155410742e-01 1.215042865990790e+00
85 90 404 2048 80 5.017056327611098e-01 1.205110017533424e+00
86 92 404 2048 80 2.844695222396648e-01 9.028060024473344e-01
87 93 404 2048 81 2.847835489545754e-01 8.874926592325972e-01
88 94 404 2048 82 2.846699572077883e-01 8.841480961987386e-01
89 95 404 2048 83 2.845384623788724e-01 8.669961069792007e-01
90 97 404 2048 83 2.836825688924620e-01 8.625487313491684e-01
91 98 404 2048 84 2.837091785485265e-01 8.618640690988562e-01
92 99 404 2048 85 2.837162787659412e-01 8.603957836400726e-01
93 100 404 2048 86 2.831984741337276e-01 8.466100672358955e-01
94 101 404 2048 87 2.838992831659517e-01 8.416522940179706e-01
95 102 404 2048 88 2.839183367368953e-01 8.409560929623914e-01
96 103 404 2048 89 2.838436717823812e-01 8.404349281231314e-01
97 104 404 2048 90 3.376727674217834e-01 7.776430495343249e-01
98 105 404 2048 91 2.098664284771850e-01 7.309692694207625e-01
99 106 404 2048 92 2.255029010559652e-01 6.296870560473717e-01
100 107 404 2048 93 2.505459844593964e-01 5.968918071731352e-01
101 108 404 2048 94 2.336680432748889e-01 5.642730928060061e-01
102 110 404 2048 94 2.262215256669663e-01 5.610274827376092e-01
103 112 404 2048 94 2.104543635667124e-01 5.470963610294456e-01
104 113 404 2048 95 2.103799691662640e-01 5.467066048804423e-01
105 115 404 2048 95 1.959627488712628e-01 5.160730542904576e-01
106 116 404 2048 96 1.997733098604580e-01 5.159396697793885e-01
107 117 404 2048 97 2.019168563851043e-01 5.123631343547460e-01
108 118 404 2048 98 2.014117304510448e-01 5.087720964722288e-01
109 119 404 2048 99 2.015221734051320e-01 5.083832408887610e-01
110 121 404 2048 99 2.012749760490251e-01 5.027757628287213e-01
111 123 404 2048 99 1.855125251837372e-01 4.885716914345606e-01
112 124 404 2048 100 1.855358182816258e-01 4.878162337425433e-01
113 126 404 2048 100 1.849419613135480e-01 4.858746896476770e-01
114 128 404 2048 100 1.838131540609361e-01 4.197922529739743e-01
115 129 404 2048 101 1.838360994093018e-01 4.190251268784455e-01
116 130 404 2048 102 1.831139437953601e-01 4.179057766008332e-01
117 131 404 2048 103 1.824791464850922e-01 4.151341867702124e-01
118 132 404 2048 104 1.518677890455874e-01 3.138308517217251e-01
119 133 404 2048 105 1.511655159788944e-01 3.131230731017366e-01
120 135 404 2048 105 1.503345169670151e-01 3.075292793372715e-01
121 136 404 2048 106 1.506384524999031e-01 3.069513830701991e-01
122 137 404 2048 107 1.452318689070769e-01 3.031180516049926e-01
123 138 404 2048 108 1.107193984582436e-01 2.710083055716418e-01
124 139 404 2048 109 1.066643871262858e-01 2.606571386890335e-01
125 141 404 2048 109 6.349895586394606e-02 1.837349343867294e-01
126 143 404 2048 109 6.301332461466537e-02 1.814223063871398e-01
127 144 404 2048 110 6.306580166480361e-02 1.805765448272256e-01
128 145 404 2048 111 6.308950759615664e-02 1.786930422479002e-01
129 146 404 2048 112 6.129278848440090e-02 1.749206852303188e-01
130 147 404 2048 113 6.117143618017688e-02 1.741456873854237e-01
131 148 404 2048 114 6.121246950240276e-02 1.735692925855573e-01
132 150 404 2048 114 5.780587192156605e-02 1.704338701418568e-01
133 152 404 2048 114 4.144360123305929e-02 1.498229494074564e-01
134 153 404 2048 115 4.257807043211254e-02 1.463512465451692e-01
135 154 404 2048 116 4.336820833830622e-02 1.458433816482286e-01
136 155 404 2048 117 4.294265317531560e-02 1.440176322905585e-01
137 156 404 2048 118 4.290545176974890e-02 1.433622234476783e-01
138 157 404 2048 119 4.313269723372420e-02 1.421773177850187e-01
139 159 404 2048 119 4.279684612674338e-02 1.393642385984596e-01
140 160 404 2048 120 4.322285282087948e-02 1.390783131748963e-01
141 161 404 2048 121 4.329321385321403e-02 1.313922825242373e-01
142 162 404 2048 122 4.316980246410119e-02 1.308792871174929e-01
143 164 404 2048 122 3.949395863312822e-02 1.160366567180001e-01
144 166 404 2048 122 1.827378557858864e-02 7.199677452593155e-02
145 167 404 2048 123 1.736898767077803e-02 6.963993098706139e-02
146 169 404 2048 123 1.756289198957916e-02 6.822347674334171e-02
147 170 404 2048 124 1.756461639239517e-02 6.817487446190322e-02
148 171 404 2048 125 1.751364090493491e-02 6.806426878666642e-02
149 172 404 2048 126 1.744493462038035e-02 6.698683364378859e-02
150 173 404 2048 127 1.736384987978364e-02 6.654462197287113e-02
151 174 404 2048 128 1.714857991084556e-02 6.643223518977262e-02
152 175 404 2048 129 1.745094874361507e-02 6.589902986889500e-02
153 176 404 2048 130 1.716860642628261e-02 6.555080556596163e-02
154 177 404 2048 131 1.879063803465778e-02 5.568522824667866e-02
155 178 404 2048 132 1.846788455462710e-02 5.417024337256816e-02
156 179 404 2048 133 1.871231993747288e-02 5.396397380307303e-02
157 180 404 2048 134 1.869632665775428e-02 5.359417818223303e-02
158 181 404 2048 135 1.892073961892147e-02 5.242862673551062e-02
159 182 404 2048 136 1.896122749986839e-02 5.193751723555735e-02
160 185 404 2048 135 1.900357430947624e-02 5.163861617426822e-02
161 186 404 2048 136 9.851705743949135e-03 4.094869286448596e-02
162 187 404 2048 137 9.608569538803759e-03 4.066738991232906e-02
163 189 404 2048 137 7.765031345209505e-03 3.368299774140435e-02
164 190 404 2048 138 7.857162821941151e-03 3.353071490061118e-02
165 191 404 2048 139 7.873733756804075e-03 3.336736069461572e-02
166 192 404 2048 140 7.881523981689006e-03 3.313010632582093e-02
167 193 404 2048 141 7.799482222600370e-03 3.291714328432612e-02
168 194 404 2048 142 7.746755396829885e-03 3.261235699303582e-02
169 195 404 2048 143 7.862220108946317e-03 3.238821171497118e-02
170 196 404 2048 144 7.831233471748507e-03 3.223649405180478e-02
171 197 404 2048 145 7.864360630696161e-03 3.165466364041102e-02
172 199 404 2048 145 6.003828253057236e-03 2.522762911074376e-02
173 200 404 2048 146 5.992873352983356e-03 2.495815272994670e-02
174 201 404 2048 147 6.001669744397160e-03 2.467112820138673e-02
175 203 404 2048 147 6.061451260849234e-03 2.457000430839172e-02
176 204 404 2048 148 6.128844387677197e-03 2.453074610291628e-02
177 205 404 2048 149 6.149495870237472e-03 2.450916674122051e-02
178 206 404 2048 150 6.149189591121936e-03 2.443121255926444e-02
179 208 404 2048 150 6.210190120017162e-03 2.425443469699419e-02
180 209 404 2048 151 5.744237291273427e-03 2.408120883505355e-02
181 210 404 2048 152 5.815052642605035e-03 2.404537326192935e-02
182 214 404 2048 150 5.024586704494243e-03 2.031734034917095e-02
183 216 404 2048 150 4.925430981459750e-03 2.017188027477951e-02
184 217 404 2048 151 4.945368229299252e-03 2.017061205644759e-02
185 221 404 2048 149 4.405631205841146e-03 1.980566545263166e-02
186 222 404 2048 150 4.393353307900494e-03 1.970481768148205e-02
187 223 404 2048 151 4.040886970967978e-03 1.907108295358568e-02
188 224 404 2048 152 3.954290867720854e-03 1.891681228964269e-02
189 225 404 2048 153 4.303017163060170e-03 1.852275487216019e-02
190 226 404 2048 154 4.264971939960170e-03 1.836397392896221e-02
191 227 404 2048 155 4.052778720535432e-03 1.816409526858857e-02
192 229 404 2048 155 3.959000034228766e-03 1.781992296295760e-02
193 230 404 2048 156 3.891176983812782e-03 1.764244246736513e-02
194 231 404 2048 157 3.840235084844428e-03 1.756838622045940e-02
195 233 404 2048 157 3.787007962117756e-03 1.739095789079652e-02
196 234 404 2048 158 3.788138846722335e-03 1.737735032146946e-02
197 235 404 2048 159 3.811119595526644e-03 1.701581008158104e-02
198 237 404 2048 159 3.743278665599857e-03 1.682486632228510e-02
199 238 404 2048 160 3.766332581184603e-03 1.674928454259285e-02
200 239 404 2048 161 3.910783340164775e-03 1.630596209870502e-02
201 240 404 2048 162 3.852035641353804e-03 1.625655521653981e-02
202 243 404 2048 161 3.880717548972175e-03 1.613188213844004e-02
203 245 404 2048 161 3.459138749441994e-03 1.544060392343541e-02
204 246 404 2048 162 3.467556625726827e-03 1.533464721433164e-02
205 248 404 2048 162 3.173411953038867e-03 1.425182072299315e-02
206 249 404 2048 163 3.173517853138541e-03 1.422721005950112e-02
207 251 404 2048 163 3.191298504773836e-03 1.406166770213414e-02
208 252 404 2048 164 3.199049697755116e-03 1.402962424211967e-02
209 253 404 2048 165 3.199413351482418e-03 1.400771968782064e-02
210 254 404 2048 166 3.198537127893151e-03 1.398980140201119e-02
211 255 404 2048 167 3.198630525197155e-03 1.398576790969307e-02
212 257 404 2048 167 3.196764246920369e-03 1.389213771187122e-02
213 259 404 2048 167 3.195811908367901e-03 1.358418038405678e-02
214 260 404 2048 168 3.175975970908847e-03 1.354379712438459e-02
215 261 404 2048 169 3.221935656863727e-03 1.349134857065439e-02
216 262 404 2048 170 3.293915300496439e-03 1.347725941050713e-02
217 263 404 2048 171 3.362207150652201e-03 1.335540526331285e-02
218 264 404 2048 172 3.261640888503214e-03 1.328565406664400e-02
219 266 404 2048 172 3.235022138144539e-03 1.325698866402140e-02
220 269 404 2048 171 2.703675740752675e-03 1.140006205488357e-02
221 272 404 2048 170 2.729112911342682e-03 1.098256788123537e-02
222 273 404 2048 171 2.750559824877790e-03 1.090150714044160e-02
223 274 404 2048 172 2.750006725353617e-03 1.065764105871853e-02
224 275 404 2048 173 2.747381565631972e-03 1.065544483163919e-02
225 276 404 2048 174 2.739105053862060e-03 1.061817445100582e-02
226 277 404 2048 175 2.793699200416435e-03 1.054077664455135e-02
227 279 404 2048 175 2.786343511641114e-03 1.048267178791717e-02
228 280 404 2048 176 2.785581343342108e-03 1.043583832644523e-02
229 281 404 2048 177 2.788308901121382e-03 1.035175836137201e-02
230 282 404 2048 178 2.783246313793717e-03 1.034129767217755e-02
231 287 404 2048 175 3.011478843286544e-03 7.957857184384331e-03
232 288 404 2048 176 2.996283816343934e-03 7.920505351595228e-03
233 289 404 2048 177 2.984294592505740e-03 7.909432378073010e-03
234 290 404 2048 178 3.000471279927632e-03 7.876202393359507e-03
235 291 404 2048 179 3.011770568045114e-03 7.852999638377085e-03
236 293 404 2048 179 2.998228492193528e-03 7.757549210372115e-03
237 294 404 2048 180 3.003811612830423e-03 7.660745975852571e-03
238 295 404 2048 181 3.004951316205985e-03 7.651400596857190e-03
239 296 404 2048 182 2.997718949591893e-03 7.640577539330026e-03
240 297 404 2048 183 3.008790074720099e-03 7.631584556092641e-03
241 298 404 2048 184 2.413804610837483e-03 6.385510503110893e-03
242 299 404 2048 185 2.263320607770623e-03 6.304900970187764e-03
243 300 404 2048 186 2.212042364638866e-03 6.193420037059495e-03
244 301 404 2048 187 2.203830580978919e-03 6.173437682128698e-03
245 303 404 2048 187 2.225243392362075e-03 6.156764627420947e-03
246 304 404 2048 188 2.213921212723814e-03 6.091758585140203e-03
247 306 404 2048 188 2.251132404096141e-03 6.044395542971866e-03
248 307 404 2048 189 2.249349859890309e-03 6.025029027242767e-03
249 309 404 2048 189 2.383085742818619e-03 5.430349939800904e-03
250 310 404 2048 190 2.382497744072889e-03 5.405910853057752e-03
251 312 404 2048 190 2.367337331796763e-03 5.320087064050886e-03
252 313 404 2048 191 2.374016779991887e-03 5.278076279841042e-03
253 314 404 2048 192 1.931922413421449e-03 4.757647944688225e-03
254 318 404 2048 190 1.627294465837835e-03 4.518908209383768e-03
255 320 404 2048 190 1.542292201306045e-03 4.377545555341971e-03
256 321 404 2048 191 1.545912239162239e-03 4.359437054285793e-03
257 322 404 2048 192 1.537355197505920e-03 4.335962196125798e-03
258 323 404 2048 193 1.515184016115464e-03 4.319918893804664e-03
259 324 404 2048 194 1.514740002718940e-03 4.312503496314771e-03
260 325 404 2048 195 1.517138600696400e-03 4.303355923817549e-03
261 326 404 2048 196 1.328358317380436e-03 4.151952001820506e-03
262 327 404 2048 197 1.326637774435206e-03 4.145835770749782e-03
263 329 404 2048 197 1.327969643311101e-03 4.134022031450225e-03
264 331 404 2048 197 1.322019683533570e-03 4.097652627341862e-03
265 333 404 2048 197 1.317936511990420e-03 4.043169046865579e-03
266 337 404 2048 195 1.300198541286767e-03 3.975579991542801e-03
267 340 404 2048 194 1.307506472718725e-03 3.781659397443569e-03
268 341 404 2048 195 1.296260351835776e-03 3.774714027534123e-03
269 344 404 2048 194 1.280477363932806e-03 3.378802356687441e-03
270 346 404 2048 194 1.284996778204474e-03 3.368961478455534e-03
271 351 404 2048 191 8.935643023209851e-04 2.819496380580294e-03
272 352 404 2048 192 8.882605308058517e-04 2.812097635591788e-03
273 353 404 2048 193 8.594739314260983e-04 2.789462265014147e-03
274 354 404 2048 194 8.619402309200803e-04 2.787702027045293e-03
275 355 404 2048 195 8.649430371568258e-04 2.786035243436161e-03
276 357 404 2048 195 8.491909065226832e-04 2.727570547533322e-03
277 358 404 2048 196 8.499717401934464e-04 2.724294174940278e-03
278 359 404 2048 197 8.683648734597397e-04 2.714749651594304e-03
279 360 404 2048 198 8.682896804395306e-04 2.714373365282970e-03
280 361 404 2048 199 8.648521915994560e-04 2.713542557220052e-03
281 362 404 2048 200 8.617856366090274e-04 2.712652540228832e-03
282 364 404 2048 200 8.604282965874158e-04 2.697289286377390e-03
283 367 404 2048 199 8.187343503667674e-04 2.664836266717746e-03
284 368 404 2048 200 8.061956245902521e-04 2.663128157934153e-03
285 369 404 2048 201 8.071195614410678e-04 2.661076908840038e-03
286 370 404 2048 202 8.068017926328893e-04 2.654601051391651e-03
287 371 404 2048 203 8.066031745863506e-04 2.647939944561924e-03
288 373 404 2048 203 7.445770328983570e-04 2.552473608998921e-03
289 376 404 2048 202 7.393406289124818e-04 2.515358904559561e-03
290 377 404 2048 203 7.383902082530029e-04 2.512255559402656e-03
291 378 404 2048 204 7.393634127776613e-04 2.488919947021825e-03
292 379 404 2048 205 7.220163876717375e-04 2.481865122800899e-03
293 381 404 2048 205 7.055511077322349e-04 2.400047690106831e-03
294 383 404 2048 205 6.801155227614930e-04 2.385345354035701e-03
295 385 404 2048 205 6.710497669894535e-04 2.370304799624606e-03
296 387 404 2048 205 6.744201241632186e-04 2.369217358412190e-03
297 388 404 2048 206 6.777191928989619e-04 2.368175735934664e-03
298 389 404 2048 207 6.769764671355638e-04 2.361959989630978e-03
299 392 404 2048 206 7.157661110432218e-04 2.243170253660299e-03
300 394 404 2048 206 7.213838953198874e-04 2.240910258548787e-03
301 398 404 2048 204 7.417832924827344e-04 2.195900607799540e-03
302 399 404 2048 205 7.056474521434567e-04 2.155584698404918e-03
303 401 404 2048 205 7.218908744062175e-04 2.141247212825366e-03
304 402 404 2048 206 7.278417195443096e-04 2.136971497487110e-03
305 403 404 2048 207 7.321473323319665e-04 2.131745631695533e-03
306 404 404 2048 208 7.340263802846233e-04 2.130663557615343e-03
307 405 404 2048 209 7.333627155298391e-04 2.130452072822403e-03
308 407 404 2048 209 7.293728380319945e-04 2.120680269215284e-03
309 408 404 2048 210 7.335534333850190e-04 2.117031115541581e-03
310 409 404 2048 211 7.348333217927717e-04 2.107992022284336e-03
311 413 404 2048 209 3.671536436153790e-04 1.680936063858433e-03
312 414 404 2048 210 3.717933332770391e-04 1.676258638581192e-03
313 415 404 2048 211 3.758227459060344e-04 1.660188747364736e-03
314 416 404 2048 212 3.687251624928370e-04 1.658186626041799e-03
315 417 404 2048 213 3.724637959993939e-04 1.655360563757594e-03
316 419 404 2048 213 3.743085963980204e-04 1.649373448809508e-03
317 420 404 2048 214 3.781591922616540e-04 1.641560937251163e-03
318 422 404 2048 214 3.490900182088344e-04 1.596311963486918e-03
319 424 404 2048 214 3.360591610316838e-04 1.586990879371653e-03
320 425 404 2048 215 3.467398846010262e-04 1.584322959928529e-03
321 426 404 2048 216 3.453352009278203e-04 1.583196296617640e-03
322 428 404 2048 216 3.406809433715517e-04 1.562385949663751e-03
323 429 404 2048 217 3.388825845114683e-04 1.560923502060122e-03
324 431 404 2048 217 3.600286910303882e-04 1.431710105049726e-03
325 434 404 2048 216 3.507279680837939e-04 1.387852832305123e-03
326 435 404 2048 217 3.540253313278315e-04 1.320167496365218e-03
327 436 404 2048 218 3.544297335485454e-04 1.317582376147565e-03
328 438 404 2048 218 3.483093172655325e-04 1.304496351138268e-03
329 439 404 2048 219 3.489673697754581e-04 1.303301012010726e-03
330 441 404 2048 219 3.444746420733024e-04 1.280746606699711e-03
331 443 404 2048 219 2.445972616557266e-04 1.000275313076284e-03
332 445 404 2048 219 2.302159279300337e-04 9.375739556698417e-04
333 446 404 2048 220 2.085626819261172e-04 8.575498390097683e-04
334 447 404 2048 221 2.003850428893634e-04 8.258740250017541e-04
335 448 404 2048 222 2.004072484930066e-04 8.211291180901976e-04
336 450 404 2048 222 2.006720945788156e-04 7.974248600454058e-04
337 452 404 2048 222 1.767800348416141e-04 7.730281346121081e-04
338 454 404 2048 222 1.541796452512172e-04 7.351552833405685e-04
339 456 404 2048 222 1.367319138739971e-04 7.123668119436605e-04
340 457 404 2048 223 1.384248653469199e-04 7.106591581708846e-04
341 459 404 2048 223 1.390691586869045e-04 7.071014234448697e-04
342 460 404 2048 224 1.407309332316774e-04 7.013841505005210e-04
343 462 404 2048 224 1.404845147947935e-04 6.848970316059624e-04
344 464 404 2048 224 1.320313765383969e-04 6.272286732482918e-04
345 465 404 2048 225 1.309580244834148e-04 6.260999535919851e-04
346 466 404 2048 226 1.392216964253197e-04 6.111974192997443e-04
347 467 404 2048 227 1.407723743634571e-04 6.109287425584615e-04
348 468 404 2048 228 1.382756559151400e-04 6.014259158478534e-04
349 470 404 2048 228 1.390466404815223e-04 5.934850950724579e-04
350 472 404 2048 228 1.317823300792862e-04 5.811880923729855e-04
351 474 404 2048 228 1.281727704245095e-04 5.367516420392570e-04
352 475 404 2048 229 1.292455482364754e-04 5.309483055838782e-04
353 477 404 2048 229 1.315259795187230e-04 5.270495685658989e-04
354 478 404 2048 230 1.312372190399912e-04 4.921192446979449e-04
355 479 404 2048 231 1.358779376209147e-04 4.904156369763342e-04
356 481 404 2048 231 1.350423749277421e-04 4.900380363161200e-04
357 482 404 2048 232 1.351783018437734e-04 4.893973027425822e-04
358 484 404 2048 232 1.355980526140196e-04 4.751188218839572e-04
359 485 404 2048 233 1.347567108009136e-04 4.714743960623642e-04
360 486 404 2048 234 1.385123940415044e-04 4.680357151517039e-04
361 487 404 2048 235 1.396553243118442e-04 4.667354033377087e-04
362 488 404 2048 236 1.386755378435341e-04 4.643029265370679e-04
363 491 404 2048 235 1.365779584818935e-04 4.356258918448998e-04
364 492 404 2048 236 1.337313717341116e-04 4.343982532034950e-04
365 493 404 2048 237 1.339470262182779e-04 4.339978129996609e-04
366 496 404 2048 236 1.323824477932528e-04 4.289945977794567e-04
367 497 404 2048 237 1.326298024472599e-04 4.274483984388149e-04
368 498 404 2048 238 1.341694097152235e-04 4.269958816713146e-04
369 502 404 2048 236 1.202472179168185e-04 3.953745676294490e-04
370 504 404 2048 236 1.201949108181596e-04 3.806968842274100e-04
371 508 404 2048 234 1.189912287058174e-04 3.772493559418835e-04
372 509 404 2048 235 1.154104420139844e-04 3.753563477362411e-04
373 511 404 2048 235 1.136887695916927e-04 3.746523049187231e-04
374 512 404 2048 236 1.177736094152148e-04 3.739406262020334e-04
375 513 404 2048 237 1.172906902660338e-04 3.738361115659808e-04
376 514 404 2048 238 1.152205724958866e-04 3.721994340098519e-04
377 515 404 2048 239 1.170780592359925e-04 3.683104581122795e-04
378 517 404 2048 239 1.087192866302101e-04 3.609784416093795e-04
379 518 404 2048 240 1.083420688858131e-04 3.608662340186077e-04
380 520 404 2048 240 1.072404307904044e-04 3.579776257466020e-04
381 524 404 2048 238 7.904370416139183e-05 3.427911370407491e-04
382 525 404 2048 239 7.928673582034994e-05 3.427378025476376e-04
383 526 404 2048 240 8.307839806389793e-05 3.346246197679155e-04
384 527 404 2048 241 8.297528941745175e-05 3.341862061169483e-04
385 529 404 2048 241 7.208219080123243e-05 3.049238670545446e-04
386 530 404 2048 242 7.262638830444470e-05 3.042722546117210e-04
387 532 404 2048 242 7.363037780823663e-05 3.022713889240799e-04
388 534 404 2048 242 7.097184934942024e-05 2.979080113002194e-04
389 537 404 2048 241 6.994453582764275e-05 2.785523426133268e-04
390 538 404 2048 242 7.026927833027059e-05 2.776916468312333e-04
391 539 404 2048 243 7.255425277556920e-05 2.752724051878932e-04
392 540 404 2048 244 7.253240183570325e-05 2.750703209241062e-04
393 541 404 2048 245 7.259034347392737e-05 2.745282766335910e-04
394 542 404 2048 246 6.827448221863055e-05 2.721498397418433e-04
395 544 404 2048 246 6.824304178251380e-05 2.711813173509354e-04
396 546 404 2048 246 6.448523368058406e-05 2.660649918113015e-04
397 548 404 2048 246 6.259061113718610e-05 2.487778279077972e-04
398 550 404 2048 246 6.159932620277058e-05 2.411430946775144e-04
399 551 404 2048 247 6.144901643022414e-05 2.395117142460081e-04
400 552 404 2048 248 6.037457071043016e-05 2.385630422349408e-04
401 553 404 2048 249 6.089902452335683e-05 2.361650357263715e-04
402 555 404 2048 249 5.986444559773151e-05 2.354945730377730e-04
403 557 404 2048 249 5.904511703555376e-05 2.344292375353784e-04
404 559 404 2048 249 5.736678829772191e-05 2.328627223079953e-04
405 561 404 2048 249 5.847029735067489e-05 2.314683299733406e-04
406 564 404 2048 248 5.845521618438626e-05 2.265316204219630e-04
407 565 404 2048 249 5.841354318117435e-05 2.263531478010501e-04
408 566 404 2048 250 5.842892557495398e-05 2.260940376757425e-04
409 568 404 2048 250 5.937175039435032e-05 2.253796391835938e-04
410 570 404 2048 250 5.899521336044480e-05 2.222831197990658e-04
411 571 404 2048 251 6.085400612145698e-05 2.165406554415121e-04
412 572 404 2048 252 6.075396879245769e-05 2.153644128791036e-04
413 573 404 2048 253 6.057157640831059e-05 2.145975693869192e-04
414 576 404 2048 252 5.978638505996076e-05 1.752650356930999e-04
415 578 404 2048 252 3.944946188571196e-05 1.451520525897657e-04
416 579 404 2048 253 3.828643616130613e-05 1.424705678337886e-04
417 580 404 2048 254 3.844705287552878e-05 1.423765521834999e-04
418 581 404 2048 255 3.936680693619304e-05 1.411993478398646e-04
419 584 404 2048 254 3.958358582166235e-05 1.379809811754675e-04
420 585 404 2048 255 3.663392580851268e-05 1.359844982093024e-04
421 587 404 2048 255 3.585432543810861e-05 1.342146581478830e-04
422 588 404 2048 256 3.580074830117167e-05 1.338820561776279e-04
423 589 404 2048 257 3.607449120139736e-05 1.337643130135523e-04
424 590 404 2048 258 3.617747840069224e-05 1.334395308714982e-04
425 591 404 2048 259 3.617413886459180e-05 1.333844560348995e-04
426 594 404 2048 258 3.010132719144967e-05 1.212269391967107e-04
427 595 404 2048 259 2.800932294788329e-05 1.106838529637687e-04
428 599 404 2048 257 2.804085835515682e-05 1.064158323072708e-04
429 600 404 2048 258 2.783500351073694e-05 1.060935026621844e-04
430 601 404 2048 259 2.736177400416944e-05 1.051664765285776e-04
431 602 404 2048 260 2.658089742101451e-05 1.037255129392084e-04
432 603 404 2048 261 2.744875429870525e-05 1.026017941687998e-04
433 606 404 2048 260 3.072669685886651e-05 9.756265617571260e-05
434 607 404 2048 261 3.004671910253294e-05 9.545204772975688e-05
435 608 404 2048 262 2.964108598668123e-05 9.525641232243627e-05
436 609 404 2048 263 2.963634319529752e-05 9.233759694499477e-05
437 611 404 2048 263 2.993107973706957e-05 9.166980749650844e-05
438 614 404 2048 262 2.423471248738343e-05 7.026372550386810e-05
439 616 404 2048 262 1.636042868047111e-05 6.717173995278063e-05
440 617 404 2048 263 1.584057806648820e-05 6.622269186152505e-05
441 619 404 2048 263 1.469676689812414e-05 6.442889707050181e-05
442 622 404 2048 262 1.406192334338411e-05 6.331724928296417e-05
443 623 404 2048 263 1.412853326069316e-05 6.317233615922960e-05
444 624 404 2048 264 1.469199867038899e-05 6.178661673362281e-05
445 625 404 2048 265 1.460256893343871e-05 6.161610110208620e-05
446 628 404 2048 264 1.302016473493157e-05 5.900082447828565e-05
447 629 404 2048 265 1.317190142575182e-05 5.888250441194353e-05
448 630 404 2048 266 1.298994333009250e-05 5.838162601720897e-05
449 631 404 2048 267 1.312597065666838e-05 5.835422937961738e-05
450 633 404 2048 267 1.394983929842098e-05 5.814233463251473e-05
451 635 404 2048 267 1.278897930432962e-05 5.711733720568911e-05
452 637 404 2048 267 1.272386857124502e-05 5.575144422001281e-05
453 638 404 2048 268 1.207742679350915e-05 5.534100146714449e-05
454 639 404 2048 269 1.188632763370799e-05 5.526095328935416e-05
455 641 404 2048 269 1.157739462280032e-05 5.398306921662345e-05
456 642 404 2048 270 1.101297878048345e-05 5.387374925997723e-05
457 643 404 2048 271 1.088150972795572e-05 5.384480991803782e-05
458 645 404 2048 271 1.038091609541105e-05 5.326101263637399e-05
459 646 404 2048 272 1.018539522388043e-05 5.247226224379932e-05
460 648 404 2048 272 1.176275920998287e-05 5.049033995977819e-05
461 649 404 2048 273 1.243457500160206e-05 5.037538599867189e-05
462 650 404 2048 274 1.263759580936342e-05 5.021640474327018e-05
463 651 404 2048 275 1.252106835653667e-05 5.000873267723526e-05
464 655 404 2048 273 8.174585517957944e-06 4.662686856739811e-05
465 657 404 2048 273 8.145198917570889e-06 4.592279613234906e-05
466 658 404 2048 274 8.433078274027646e-06 4.580073891317546e-05
467 659 404 2048 275 8.430676717224101e-06 4.576441260334989e-05
468 661 404 2048 275 9.165693191136768e-06 4.495824299353171e-05
469 662 404 2048 276 9.249226317015264e-06 4.487022508114430e-05
470 663 404 2048 277 9.348513654459855e-06 4.479548750056019e-05
471 664 404 2048 278 8.616808185845363e-06 4.452515640371956e-05
472 666 404 2048 278 1.061850897707188e-05 4.237883881220482e-05
473 668 404 2048 278 9.623794685254202e-06 4.130503253278637e-05
474 669 404 2048 279 9.932742393346512e-06 4.073690172213265e-05
475 670 404 2048 280 9.573105009597764e-06 4.000772748346967e-05
476 674 404 2048 278 9.263943273934782e-06 3.943317315454672e-05
477 676 404 2048 278 9.062301783175539e-06 3.923310088909841e-05
478 677 404 2048 279 1.034859018522235e-05 3.837102665022396e-05
479 679 404 2048 279 1.045570567346736e-05 3.834172240833688e-05
480 680 404 2048 280 1.051336739151800e-05 3.833824791117349e-05
481 681 404 2048 281 1.060245726632201e-05 3.822266030143483e-05
482 682 404 2048 282 1.093008030592935e-05 3.798774530056956e-05
483 684 404 2048 282 1.100006814277545e-05 3.796732787811269e-05
484 687 404 2048 281 1.058077067779973e-05 3.763785996534172e-05
485 689 404 2048 281 1.033933060346284e-05 3.757593231255393e-05
486 692 404 2048 280 1.021995500468657e-05 3.718853056681073e-05
487 694 404 2048 280 1.027260070538158e-05 3.717770620149800e-05
488 695 404 2048 281 1.037444887688904e-05 3.716525931513542e-05
489 697 404 2048 281 1.045438195984993e-05 3.656423189241712e-05
490 700 404 2048 280 9.793506265719697e-06 3.560368499215565e-05
491 701 404 2048 281 9.829285905277089e-06 3.560265525620487e-05
492 702 404 2048 282 9.885923853715908e-06 3.554470758668449e-05
493 703 404 2048 283 9.721643535975699e-06 3.553199611540880e-05
494 706 404 2048 282 9.722475099776695e-06 3.475001406892327e-05
495 707 404 2048 283 9.727133385605069e-06 3.465557086196402e-05
496 710 404 2048 282 9.813472172170795e-06 3.430610104675315e-05
497 712 404 2048 282 9.487123894507783e-06 3.366224839822794e-05
498 713 404 2048 283 9.506680153797211e-06 3.363639327620894e-05
499 714 404 2048 284 9.533019290848812e-06 3.363218687432121e-05
500 717 404 2048 283 9.284573007492398e-06 3.343493013703648e-05
501 720 404 2048 282 9.445952084141740e-06 3.218612500819449e-05
502 721 404 2048 283 9.236669837259957e-06 3.217721025080180e-05
503 722 404 2048 284 9.246507723505179e-06 3.217339167783734e-05
504 725 404 2048 283 7.980992681094538e-06 3.070320849533832e-05
505 728 404 2048 282 7.960138817115297e-06 3.050214906561918e-05
506 729 404 2048 283 7.959314630219067e-06 3.046832354928999e-05
507 731 404 2048 283 7.750542813553021e-06 3.018871525761594e-05
508 733 404 2048 283 7.898634585364018e-06 2.911874077262597e-05
509 735 404 2048 283 7.874139045389956e-06 2.900027656980745e-05
510 737 404 2048 283 7.769240206555972e-06 2.898411867864501e-05
511 739 404 2048 283 7.535462637742590e-06 2.879201529631846e-05
512 740 404 2048 284 7.273571760802529e-06 2.873154195813359e-05
513 742 404 2048 284 7.270619670282269e-06 2.404733210335322e-05
514 744 404 2048 284 7.394317713663080e-06 2.380814668942846e-05
515 745 404 2048 285 7.782439928491803e-06 2.302538005690110e-05
516 747 404 2048 285 7.798364861512006e-06 2.271860658045217e-05
517 748 404 2048 286 8.003310500635223e-06 2.185218440859452e-05
518 751 404 2048 285 8.401936910639540e-06 2.115385079578596e-05
519 752 404 2048 286 8.344737427912774e-06 2.106564134333589e-05
520 753 404 2048 287 8.683957331895650e-06 2.090224556607673e-05
521 754 404 2048 288 8.799175098606169e-06 2.081892966254784e-05
522 756 404 2048 288 7.493275027538860e-06 1.982428629764962e-05
523 757 404 2048 289 7.627417742315982e-06 1.962780454179374e-05
524 759 404 2048 289 7.639673422621055e-06 1.934309631599909e-05
525 760 404 2048 290 7.324148903097284e-06 1.928564876310940e-05
526 762 404 2048 290 7.287666144387367e-06 1.927301917502891e-05
527 765 404 2048 289 7.659903821832751e-06 1.776340021829767e-05
528 766 404 2048 290 7.647061811437113e-06 1.773012079828648e-05
529 767 404 2048 291 7.688228796596115e-06 1.763420466096530e-05
530 768 404 2048 292 7.703727575528392e-06 1.760287124865434e-05
531 770 404 2048 292 7.695991935623006e-06 1.754997550594281e-05
532 771 404 2048 293 7.699153286211839e-06 1.754126076923846e-05
533 772 404 2048 294 7.783994264131669e-06 1.738030403926219e-05
534 774 404 2048 294 7.415787004473536e-06 1.724709712374080e-05
535 775 404 2048 295 7.519296977459335e-06 1.710719688646850e-05
536 781 404 2048 291 4.664611495485490e-06 1.545615909118148e-05
537 782 404 2048 292 4.745780066503940e-06 1.530739142991365e-05
538 784 404 2048 292 4.840631388092142e-06 1.523128619943492e-05
539 785 404 2048 293 4.823136142121809e-06 1.522564472110396e-05
540 788 404 2048 292 4.893043473159518e-06 1.488348889447755e-05
541 790 404 2048 292 4.880153741347339e-06 1.479526930549393e-05
542 791 404 2048 293 4.782126798017906e-06 1.474613235546602e-05
543 792 404 2048 294 4.756354010139609e-06 1.471395603136362e-05
544 794 404 2048 294 4.786193226693796e-06 1.442837910345918e-05
545 796 404 2048 294 4.647425410704991e-06 1.427602162207685e-05
546 798 404 2048 294 4.527297669571711e-06 1.426536158654761e-05
547 800 404 2048 294 4.010328982756904e-06 1.281822995135683e-05
548 801 404 2048 295 4.194592797982516e-06 1.264728123488400e-05
549 803 404 2048 295 4.219628830256003e-06 1.237745759473311e-05
550 806 404 2048 294 4.136099429179117e-06 1.224575247403164e-05
551 807 404 2048 295 4.103249643395765e-06 1.221995882788558e-05
552 808 404 2048 296 4.043804850493235e-06 1.194615778768872e-05
553 809 404 2048 297 4.169194318900833e-06 1.188887565916512e-05
554 810 404 2048 298 4.232498640677773e-06 1.174720544884917e-05
555 811 404 2048 299 4.228237629874174e-06 1.173545319687707e-05
556 814 404 2048 298 3.991104332034920e-06 1.139637614541363e-05
557 818 404 2048 296 3.954352757214917e-06 1.120128338372498e-05
558 821 404 2048 295 3.836703923671875e-06 1.080416150323943e-05
559 822 404 2048 296 3.588971160341056e-06 1.064410856882019e-05
560 823 404 2048 297 3.543366678231514e-06 1.061227615720285e-05
561 824 404 2048 298 3.528242120046199e-06 1.052431772762903e-05
562 826 404 2048 298 3.511430220068150e-06 1.033963326322118e-05
563 827 404 2048 299 3.517195301579408e-06 1.033316076303039e-05
564 829 404 2048 299 3.388699209415729e-06 1.010988614115087e-05
565 830 404 2048 300 3.370911174080214e-06 1.009249326671691e-05
566 831 404 2048 301 3.399050663997221e-06 1.008143349952127e-05
567 833 404 2048 301 3.313880300479225e-06 9.976287481986234e-06
568 836 404 2048 300 2.885711105723173e-06 8.752257325971612e-06
569 837 404 2048 301 2.904913141763789e-06 8.747757688764380e-06
570 839 404 2048 301 2.888643990320191e-06 8.651505948877567e-06
571 842 404 2048 300 2.903434004566604e-06 8.486706414451764e-06
572 843 404 2048 301 2.906770774042939e-06 8.437000422814557e-06
573 845 404 2048 301 2.901555091756201e-06 8.430330586950927e-06
574 847 404 2048 301 2.879482832107316e-06 8.344315116727642e-06
575 848 404 2048 302 2.873448168626829e-06 8.332993758311829e-06
576 849 404 2048 303 2.832280371793755e-06 8.291218847513741e-06
577 851 404 2048 303 2.813102633245983e-06 8.064108377431544e-06
578 854 404 2048 302 2.198429031116434e-06 7.622697647629627e-06
579 858 404 2048 300 1.669290981413699e-06 7.271994295871475e-06
580 860 404 2048 300 1.645042452478040e-06 7.204676678998178e-06
581 861 404 2048 301 1.649522783848863e-06 7.118663760475671e-06
582 863 404 2048 301 1.623247700854766e-06 6.936493700517433e-06
583 864 404 2048 302 1.622251707755817e-06 6.931324635142134e-06
584 866 404 2048 302 1.598450823921850e-06 6.698253358225566e-06
585 868 404 2048 302 1.141405279573409e-06 4.936601791713716e-06
586 869 404 2048 303 9.981823196594426e-07 4.719893456002371e-06
587 871 404 2048 303 9.406637915264197e-07 4.436480042809465e-06
588 874 404 2048 302 9.246763397167402e-07 4.335027929245992e-06
589 875 404 2048 303 9.367946427992698e-07 4.096655340809499e-06
590 876 404 2048 304 9.144620565371969e-07 4.055882105855508e-06
591 878 404 2048 304 9.349016434817699e-07 4.032136127005207e-06
592 879 404 2048 305 9.071675641477962e-07 3.984740436142567e-06
593 880 404 2048 306 9.457623711273037e-07 3.958261787544671e-06
594 881 404 2048 307 8.403648716731363e-07 3.807726571726844e-06
595 882 404 2048 308 8.546636247703064e-07 3.794170945085668e-06
596 883 404 2048 309 8.355052223920203e-07 3.755622574370778e-06
597 886 404 2048 308 8.438796449612110e-07 3.388488691545688e-06
598 887 404 2048 309 8.387320660791499e-07 3.363062865568835e-06
599 889 404 2048 309 6.303954478292480e-07 3.158996762766287e-06
600 890 404 2048 310 6.509682077786495e-07 3.089697736381565e-06
601 891 404 2048 311 6.390497341085640e-07 2.978310565526769e-06
602 892 404 2048 312 6.397284646922263e-07 2.967053275973556e-06
603 893 404 2048 313 7.025861483078320e-07 2.943360576422638e-06
604 895 404 2048 313 6.839565388827237e-07 2.933404386810241e-06
605 896 404 2048 314 6.777805557212509e-07 2.927007980039267e-06
606 899 404 2048 313 6.749413589911698e-07 2.895653244326464e-06
607 901 404 2048 313 6.704381357753558e-07 2.891641243755688e-06
608 903 404 2048 313 6.628074891045504e-07 2.808182839001218e-06
609 905 404 2048 313 6.445233785945518e-07 2.780434410357807e-06
610 908 404 2048 312 6.278402245921046e-07 2.688201495355331e-06
611 909 404 2048 313 6.469045510197217e-07 2.676640622410864e-06
612 912 404 2048 312 6.090125656244238e-07 2.560375698082595e-06
613 913 404 2048 313 6.045968473264232e-07 2.558576131103298e-06
614 915 404 2048 313 5.905318869159715e-07 2.552105421704682e-06
615 917 404 2048 313 5.750091610473476e-07 2.521156530024437e-06
616 918 404 2048 314 5.634996108643590e-07 2.519124153980213e-06
617 921 404 2048 313 5.399916478035732e-07 2.383596042297847e-06
618 922 404 2048 314 5.128339717098223e-07 2.367553534070614e-06
619 923 404 2048 315 4.723175769873068e-07 2.345381960750040e-06
620 925 404 2048 315 4.656239269741238e-07 2.331805005200380e-06
621 926 404 2048 316 4.560280505062392e-07 2.323902717470412e-06
622 927 404 2048 317 4.706679401130393e-07 2.313454009382079e-06
623 929 404 2048 317 4.869253233177029e-07 2.111301770254779e-06
624 931 404 2048 317 4.792233105629751e-07 2.095658545174197e-06
625 932 404 2048 318 5.062801014319627e-07 2.083437361230852e-06
626 933 404 2048 319 4.541883216730842e-07 2.029832993397866e-06
627 935 404 2048 319 4.478163326023557e-07 2.018147668439439e-06
628 936 404 2048 320 4.578275748876936e-07 2.000516349226543e-06
629 937 404 2048 321 4.544267315897793e-07 1.996978899884703e-06
630 941 404 2048 319 4.157410194490946e-07 1.963116636754279e-06
631 942 404 2048 320 4.164613881409926e-07 1.954301699367390e-06
632 943 404 2048 321 4.236083901144880e-07 1.943784126474042e-06
633 947 404 2048 319 4.460204732234491e-07 1.893726576941067e-06
634 948 404 2048 320 4.410773583884155e-07 1.892568836194212e-06
635 950 404 2048 320 4.492856953517354e-07 1.862027170158401e-06
636 952 404 2048 320 4.505195493757472e-07 1.852162856944803e-06
637 953 404 2048 321 4.255712871373550e-07 1.831606651789896e-06
638 954 404 2048 322 4.213184372300576e-07 1.831121414610514e-06
639 956 404 2048 322 4.310391919910409e-07 1.818011184237447e-06
640 958 404 2048 322 4.437227181328863e-07 1.804836379077963e-06
641 959 404 2048 323 4.480899743294730e-07 1.803009543471670e-06
642 960 404 2048 324 4.516240553346596e-07 1.789832958422981e-06
643 961 404 2048 325 4.570091643304587e-07 1.784066659338734e-06
644 963 404 2048 325 4.106893640760552e-07 1.684334901675374e-06
645 966 404 2048 324 4.221937510199270e-07 1.671677322025175e-06
646 968 404 2048 324 4.257095231431860e-07 1.668336981145951e-06
647 969 404 2048 325 4.287904245035799e-07 1.657113735955025e-06
648 970 404 2048 326 4.281276828061691e-07 1.645422030637337e-06
649 971 404 2048 327 4.275446222901060e-07 1.645153904631953e-06
650 974 404 2048 326 3.800308064639550e-07 1.598830250579735e-06
651 975 404 2048 327 3.947399991662413e-07 1.594149526184960e-06
652 978 404 2048 326 3.814769361825661e-07 1.576075960271033e-06
653 983 404 2048 323 3.378429291855891e-07 1.500972615309896e-06
654 985 404 2048 323 2.885973610649837e-07 1.461438745086362e-06
655 988 404 2048 322 2.924187549938932e-07 1.451729364878304e-06
656 990 404 2048 322 2.942129235646899e-07 1.450668346491966e-06
657 991 404 2048 323 2.944882841553614e-07 1.445260477390267e-06
658 992 404 2048 324 3.165540438125230e-07 1.439084475134397e-06
659 996 404 2048 322 2.163676569197402e-07 1.226232788742712e-06
660 999 404 2048 321 2.204821533572345e-07 1.204387105304521e-06
661 1001 404 2048 321 2.081192042730963e-07 1.194432885186209e-06
662 1003 404 2048 321 2.145762570086828e-07 1.188369950796260e-06
663 1004 404 2048 322 2.047209603270786e-07 1.174584710406351e-06
664 1005 404 2048 323 2.064334100460530e-07 1.170259532162285e-06
665 1006 404 2048 324 2.055953670743407e-07 1.163113669948779e-06
666 1009 404 2048 323 2.026136774637888e-07 1.153095023211561e-06
667 1011 404 2048 323 2.032885058168592e-07 1.150554196068500e-06
668 1012 404 2048 324 2.045807591435358e-07 1.148049463993557e-06
669 1013 404 2048 325 2.079443702426956e-07 1.144257649688887e-06
670 1017 404 2048 323 2.050764591926537e-07 1.026862245194919e-06
671 1019 404 2048 323 2.070579941767281e-07 9.883053695861428e-07
672 1020 404 2048 324 2.066767704126935e-07 9.872618362280860e-07
673 1022 404 2048 324 1.977219112148103e-07 9.850740137291812e-07
674 1023 404 2048 325 1.904278182251829e-07 9.826726809541484e-07
675 1025 404 2048 325 1.924336786204793e-07 9.820297399444549e-07
676 1027 404 2048 325 1.964196513473605e-07 9.468997262966126e-07
677 1028 404 2048 326 1.952437055714205e-07 9.433431833722919e-07
678 1029 404 2048 327 1.978930781839953e-07 9.414375157361983e-07
679 1030 404 2048 328 1.903502108878232e-07 9.252513376610482e-07
680 1031 404 2048 329 1.859822791212881e-07 9.140672033470576e-07
681 1032 404 2048 330 1.859978489230865e-07 9.122689603880271e-07
682 1033 404 2048 331 1.750225551344851e-07 9.087176923006847e-07
683 1035 404 2048 331 1.753988859467813e-07 9.073978932198842e-07
684 1038 404 2048 330 1.723094253918067e-07 8.847760194624209e-07
685 1040 404 2048 330 1.717343428155711e-07 8.789147074940051e-07
686 1042 404 2048 330 1.700961024342806e-07 8.720239859283168e-07
687 1043 404 2048 331 1.722866585362789e-07 8.706147770162130e-07
688 1048 404 2048 328 2.014255183771245e-07 8.038574019117282e-07
689 1049 404 2048 329 1.617360040534986e-07 7.807076997529745e-07
690 1050 404 2048 330 1.682626771038480e-07 7.736984649403036e-07
691 1053 404 2048 329 1.630846807984450e-07 7.700333124536611e-07
692 1058 404 2048 326 1.607902188484126e-07 7.290907427835040e-07
693 1059 404 2048 327 1.639748481457630e-07 7.279644556478795e-07
694 1060 404 2048 328 1.662470435747788e-07 7.130507186204130e-07
695 1062 404 2048 328 1.594002039199634e-07 7.114411281351059e-07
696 1064 404 2048 328 1.640838322351126e-07 7.091905220310965e-07
697 1065 404 2048 329 1.670108226786226e-07 7.049067095254892e-07
698 1067 404 2048 329 1.901043822830459e-07 6.367572808476584e-07
699 1068 404 2048 330 1.738362288609782e-07 6.171590032073909e-07
700 1070 404 2048 330 1.710223205918832e-07 6.122409737911794e-07
701 1071 404 2048 331 1.768861459381643e-07 6.063423280854640e-07
702 1072 404 2048 332 1.752332085395595e-07 6.026166840905362e-07
703 1075 404 2048 331 1.748566648262978e-07 5.851778150564952e-07
704 1078 404 2048 330 1.654492372051930e-07 5.672442932114517e-07
705 1079 404 2048 331 1.640158938367019e-07 5.651460064942454e-07
706 1080 404 2048 332 1.663083902973839e-07 5.646542832237282e-07
707 1082 404 2048 332 1.661370334847006e-07 5.627623442607437e-07
708 1084 404 2048 332 1.672168869282437e-07 5.617612868303520e-07
709 1086 404 2048 332 1.690682139885635e-07 5.560043002923245e-07
710 1088 404 2048 332 1.654134881668561e-07 5.519876165196915e-07
711 1089 404 2048 333 1.650467609890187e-07 5.516187792499613e-07
712 1093 404 2048 331 1.610260677457619e-07 5.438222099298889e-07
713 1095 404 2048 331 1.616350537113345e-07 5.436224764050346e-07
714 1096 404 2048 332 1.661599589808618e-07 5.414162883399490e-07
715 1097 404 2048 333 1.739874366994369e-07 5.403083332350402e-07
716 1099 404 2048 333 1.749581299824291e-07 5.246790135995928e-07
717 1100 404 2048 334 1.763435134136199e-07 5.202956477252466e-07
718 1101 404 2048 335 1.764444908350423e-07 5.098608939429654e-07
719 1104 404 2048 334 1.802895515527177e-07 5.065295185944202e-07
720 1105 404 2048 335 1.802959855319489e-07 5.055114019514036e-07
721 1107 404 2048 335 1.791011047310757e-07 5.037960755807403e-07
722 1108 404 2048 336 1.794452304876214e-07 5.037458313095571e-07
723 1110 404 2048 336 1.765303213540869e-07 4.934582083650993e-07
724 1111 404 2048 337 1.778318126084344e-07 4.911817506513048e-07
725 1114 404 2048 336 1.772720008914942e-07 4.880848462881879e-07
726 1115 404 2048 337 1.785266781563268e-07 4.872194673481902e-07
727 1116 404 2048 338 1.785872756538892e-07 4.842607575375935e-07
728 1120 404 2048 336 1.766622990900523e-07 4.804425688841600e-07
729 1121 404 2048 337 1.774781743160035e-07 4.788571457404479e-07
730 1122 404 2048 338 1.776725547038481e-07 4.785625936972936e-07
731 1124 404 2048 338 1.783547297478130e-07 4.762434646082749e-07
732 1127 404 2048 337 1.619558318051127e-07 4.602146943171617e-07
733 1128 404 2048 338 1.604732257122611e-07 4.563225900475224e-07
734 1129 404 2048 339 1.413905203942307e-07 4.527845213506685e-07
735 1131 404 2048 339 1.354511724879764e-07 4.492859780133175e-07
736 1134 404 2048 338 1.301587575754409e-07 4.316916982235238e-07
737 1137 404 2048 337 1.244948732546130e-07 4.257802309230207e-07
738 1139 404 2048 337 1.237423270385329e-07 4.158080740865290e-07
739 1141 404 2048 337 1.018027984912764e-07 3.939702676658290e-07
740 1145 404 2048 335 9.495603278443319e-08 3.800703634121754e-07
741 1146 404 2048 336 9.627205084210752e-08 3.795852405023604e-07
742 1147 404 2048 337 9.740724460206185e-08 3.789222813332027e-07
743 1150 404 2048 336 9.594744433865153e-08 3.758488595486939e-07
744 1151 404 2048 337 9.874762799840430e-08 3.744825049547070e-07
745 1153 404 2048 337 9.821749997970868e-08 3.661672883093720e-07
746 1155 404 2048 337 9.831557291211326e-08 3.660075311145074e-07
747 1158 404 2048 336 1.010704584379601e-07 3.594836334495329e-07
748 1159 404 2048 337 9.870667544454323e-08 3.577103592747151e-07
749 1162 404 2048 336 1.003605223149192e-07 3.511325060496241e-07
750 1163 404 2048 337 9.986871132098434e-08 3.510102558405248e-07
751 1164 404 2048 338 1.002979295791378e-07 3.485701729230888e-07
752 1166 404 2048 338 1.003183621159274e-07 3.473177827251862e-07
753 1168 404 2048 338 9.786415880847484e-08 3.397704310219194e-07
754 1169 404 2048 339 9.705028934982882e-08 3.394728666563744e-07
755 1172 404 2048 338 9.640415011722550e-08 3.309689395419019e-07
756 1173 404 2048 339 9.975543039133348e-08 3.301533846374765e-07
757 1175 404 2048 339 1.037065547293679e-07 3.243287545202107e-07
758 1177 404 2048 339 1.034913035773458e-07 3.228019997890078e-07
759 1179 404 2048 339 1.025375325305387e-07 3.224901375472208e-07
760 1182 404 2048 338 1.008268798682380e-07 3.040304624841174e-07
761 1185 404 2048 337 1.029281540339565e-07 3.011259422988971e-07
762 1186 404 2048 338 1.031857714699574e-07 2.975258155967635e-07
763 1187 404 2048 339 1.035884754815527e-07 2.973490475780019e-07
764 1188 404 2048 340 1.025799504234041e-07 2.971147873477901e-07
765 1189 404 2048 341 1.013604739905932e-07 2.959986740305234e-07
766 1191 404 2048 341 1.001550352989650e-07 2.938707834274289e-07
767 1192 404 2048 342 9.901745613653621e-08 2.917355965274309e-07
768 1194 404 2048 342 1.017750046414584e-07 2.890588599555061e-07
769 1198 404 2048 340 9.137730081635259e-08 2.633160571362872e-07
770 1199 404 2048 341 8.882537560162216e-08 2.562946000557102e-07
771 1201 404 2048 341 8.791933168233982e-08 2.543930640946962e-07
772 1202 404 2048 342 8.736688362585036e-08 2.541934310305567e-07
773 1204 404 2048 342 8.233125557649648e-08 2.515584598686094e-07
774 1205 404 2048 343 8.241190201139058e-08 2.515432076128871e-07
775 1208 404 2048 342 7.919737923647452e-08 2.481780922293380e-07
776 1210 404 2048 342 7.883344670719466e-08 2.475299364879372e-07
777 1214 404 2048 340 7.452049504691278e-08 2.430792827920583e-07
778 1217 404 2048 339 7.358857549774212e-08 2.395567212286974e-07
779 1219 404 2048 339 7.611386631648227e-08 2.378459512565925e-07
780 1220 404 2048 340 7.243650156926282e-08 2.366405417473358e-07
781 1221 404 2048 341 7.384730660900208e-08 2.360602960232771e-07
782 1222 404 2048 342 7.246220196927339e-08 2.352685337434623e-07
783 1224 404 2048 342 6.946707144137074e-08 2.320574304055516e-07
784 1225 404 2048 343 6.916628675581763e-08 2.320145678793929e-07
785 1226 404 2048 344 7.084435040070248e-08 2.309972174404984e-07
786 1228 404 2048 344 7.563945795428320e-08 2.286410778379625e-07
787 1230 404 2048 344 7.666067654668898e-08 2.281680624085435e-07
788 1233 404 2048 343 7.596590780248607e-08 2.178443603740817e-07
789 1237 404 2048 341 7.726549905883227e-08 2.158471639914384e-07
790 1238 404 2048 342 7.550335903443216e-08 2.148161072900753e-07
791 1240 404 2048 342 7.429734123427122e-08 2.137029638168256e-07
792 1241 404 2048 343 7.137860994299187e-08 2.129912452314680e-07
793 1242 404 2048 344 7.159880842781195e-08 2.122082954745956e-07
794 1245 404 2048 343 7.454372548984442e-08 2.089744616802567e-07
795 1247 404 2048 343 7.168460757084948e-08 2.068836379269303e-07
796 1249 404 2048 343 7.167920391239202e-08 2.063191295840943e-07
797 1250 404 2048 344 7.510994092490932e-08 2.030593504405111e-07
798 1251 404 2048 345 7.572263077425837e-08 2.027747667053522e-07
799 1253 404 2048 345 7.444968691778302e-08 2.026175136745229e-07
800 1257 404 2048 343 5.448847457550677e-08 1.798390295887324e-07
801 1259 404 2048 343 5.446977431352797e-08 1.787402971493638e-07
802 1261 404 2048 343 5.367388441458964e-08 1.751791287229303e-07
803 1263 404 2048 343 5.510389739697491e-08 1.735983988890209e-07
804 1264 404 2048 344 5.494661249336028e-08 1.730166033047970e-07
805 1266 404 2048 344 5.430534348792895e-08 1.690441831840221e-07
806 1268 404 2048 344 5.355630199674451e-08 1.671615664179209e-07
807 1270 404 2048 344 5.323359481681738e-08 1.660296975825569e-07
808 1272 404 2048 344 5.216681177021754e-08 1.636282360278663e-07
809 1274 404 2048 344 5.247859693376072e-08 1.632264819257616e-07
810 1275 404 2048 345 5.300465307695443e-08 1.628695456687639e-07
811 1276 404 2048 346 5.352239016063232e-08 1.626074991979599e-07
812 1278 404 2048 346 5.296071147867231e-08 1.621328955229984e-07
813 1281 404 2048 345 5.249873641158514e-08 1.604477355143412e-07
814 1282 404 2048 346 5.101043180829728e-08 1.595294094001598e-07
815 1283 404 2048 347 5.027298183604037e-08 1.590861545491669e-07
816 1285 404 2048 347 4.957170268763248e-08 1.581931302560668e-07
817 1287 404 2048 347 4.857620705957026e-08 1.578089209866356e-07
818 1288 404 2048 348 4.788814776151065e-08 1.576375424132772e-07
819 1290 404 2048 348 4.881330182919770e-08 1.566892897085105e-07
820 1293 404 2048 347 4.875705158474407e-08 1.562181212872122e-07
821 1294 404 2048 348 4.891945435895173e-08 1.527978959074276e-07
822 1295 404 2048 349 4.682257049724090e-08 1.507721516346650e-07
823 1296 404 2048 350 4.668737989827868e-08 1.507144619778367e-07
824 1299 404 2048 349 4.723786558619060e-08 1.466693829046932e-07
825 1300 404 2048 350 4.964347240119337e-08 1.450845319743154e-07
826 1303 404 2048 349 4.755579911587992e-08 1.437570863884338e-07
827 1305 404 2048 349 4.608199550223038e-08 1.424752417998257e-07
828 1308 404 2048 348 4.607903886257083e-08 1.419930047788133e-07
829 1309 404 2048 349 4.613141863152940e-08 1.419011108170808e-07
830 1311 404 2048 349 4.636334145712486e-08 1.413359626578890e-07
831 1312 404 2048 350 4.671714136581285e-08 1.412666923192844e-07
832 1315 404 2048 349 4.731825638189377e-08 1.408408610908335e-07
833 1318 404 2048 348 4.835338270589327e-08 1.391813517246935e-07
834 1321 404 2048 347 4.856727327464758e-08 1.390495246717179e-07
835 1322 404 2048 348 4.899867829697846e-08 1.389193036542446e-07
836 1325 404 2048 347 4.862600771230763e-08 1.345155753756020e-07
837 1326 404 2048 348 4.842465536041473e-08 1.339374089628556e-07
838 1327 404 2048 349 4.822851265451457e-08 1.336046802737831e-07
839 1328 404 2048 350 4.751601019511555e-08 1.330676165016803e-07
840 1329 404 2048 351 4.775192902040038e-08 1.327708496363304e-07
841 1331 404 2048 351 4.776591428197978e-08 1.320810402309574e-07
842 1334 404 2048 350 4.790612086711338e-08 1.319016693838212e-07
843 1337 404 2048 349 4.493309760393712e-08 1.301824774710662e-07
844 1339 404 2048 349 4.572981552581315e-08 1.299698540037191e-07
845 1340 404 2048 350 4.587067427920055e-08 1.296099406143499e-07
846 1342 404 2048 350 4.546243793479714e-08 1.287958615831893e-07
847 1344 404 2048 350 4.542138262649483e-08 1.278983759083847e-07
848 1346 404 2048 350 4.461559390050290e-08 1.272791960891994e-07
849 1347 404 2048 351 4.461282995202293e-08 1.272271139705473e-07
850 1348 404 2048 352 4.508738433692599e-08 1.271218072356443e-07
851 1349 404 2048 353 4.556714616894263e-08 1.268338522974378e-07
852 1353 404 2048 351 4.331825535899372e-08 1.190415610405389e-07
853 1355 404 2048 351 4.334583575871006e-08 1.188389679160948e-07
854 1357 404 2048 351 4.282304458421861e-08 1.185886846580655e-07
855 1358 404 2048 352 4.358046259233127e-08 1.180028535279268e-07
856 1359 404 2048 353 4.361506976049269e-08 1.179999815659465e-07
857 1363 404 2048 351 4.331619422068568e-08 1.152576754306161e-07
858 1365 404 2048 351 4.293657276236068e-08 1.145730957935971e-07
859 1367 404 2048 351 4.339689691111577e-08 1.143278491280420e-07
860 1368 404 2048 352 4.338216056691154e-08 1.142614652717704e-07
861 1372 404 2048 350 3.609389016231758e-08 1.003637036105276e-07
862 1375 404 2048 349 3.486273928082707e-08 9.471428086646115e-08
863 1378 404 2048 348 3.443989216456561e-08 9.395390715896314e-08
864 1379 404 2048 349 3.166460018123757e-08 9.222654337453181e-08
865 1380 404 2048 350 3.118611609501842e-08 9.197771556387289e-08
866 1381 404 2048 351 3.087222780891131e-08 9.175523259559410e-08
867 1382 404 2048 352 2.604595063937737e-08 8.596012592823805e-08
868 1384 404 2048 352 2.667634161346840e-08 8.543045207899918e-08
869 1386 404 2048 352 2.659594827540145e-08 8.312014524164343e-08
870 1389 404 2048 351 2.615666291409396e-08 8.240762071038750e-08
871 1391 404 2048 351 2.594273999383119e-08 8.217088452450721e-08
872 1392 404 2048 352 2.539885118385292e-08 8.138350481370300e-08
873 1393 404 2048 353 2.597407187063881e-08 8.123645336141058e-08
874 1394 404 2048 354 2.570150880884318e-08 8.117194445563832e-08
875 1396 404 2048 354 2.597205480345665e-08 8.104301148509274e-08
876 1399 404 2048 353 2.510774964421106e-08 7.969908249543157e-08
877 1401 404 2048 353 2.512595311406143e-08 7.964767621710548e-08
878 1402 404 2048 354 2.513726528505732e-08 7.960734885710834e-08
879 1403 404 2048 355 2.528548219061046e-08 7.959465778636655e-08
880 1405 404 2048 355 2.586498116241430e-08 7.941217668660912e-08
881 1406 404 2048 356 2.564685494521664e-08 7.931822121664037e-08
882 1408 404 2048 356 2.565661849433228e-08 7.862472988009917e-08
883 1412 404 2048 354 2.563076223041341e-08 7.745082377092971e-08
884 1414 404 2048 354 2.586038613590839e-08 7.734516757931154e-08
885 1415 404 2048 355 2.584919211199539e-08 7.733203731315686e-08
886 1416 404 2048 356 2.597298876526205e-08 7.732862751473667e-08
887 1420 404 2048 354 2.696947086269116e-08 7.584594590768972e-08
888 1421 404 2048 355 2.687822674241685e-08 7.572620864931600e-08
889 1422 404 2048 356 2.686383963354286e-08 7.565744306789451e-08
890 1423 404 2048 356 2.686383804295644e-08 7.565744332251786e-08
891 1425 404 2048 356 2.651989428059665e-08 7.514024877924876e-08
892 1428 404 2048 355 2.653215025461009e-08 7.493294487955439e-08
893 1429 404 2048 356 2.670735010923408e-08 7.486930986928011e-08
894 1432 404 2048 355 2.496237772042775e-08 7.319225177837231e-08
895 1434 404 2048 355 2.483291838828450e-08 7.316091645928706e-08
896 1437 404 2048 354 2.493548145743318e-08 7.265474295111513e-08
897 1439 404 2048 354 2.473875326813868e-08 7.232940892037116e-08
898 1441 404 2048 354 2.479296590252034e-08 7.206215474562278e-08
899 1443 404 2048 354 2.473060911611924e-08 7.199523521669526e-08
900 1444 404 2048 355 2.491356543288248e-08 7.193116621647805e-08
901 1446 404 2048 355 2.455153080838102e-08 7.163475385758270e-08
902 1448 404 2048 355 2.491078809896408e-08 7.137199887071357e-08
903 1450 404 2048 355 2.489629835622509e-08 7.097866792942288e-08
904 1451 404 2048 356 2.484689898274439e-08 7.093838121721277e-08
905 1454 404 2048 355 2.163118861808755e-08 6.536452498657733e-08
906 1455 404 2048 356 2.005126709114791e-08 6.352527588437240e-08
907 1456 404 2048 357 1.982010844336912e-08 6.316422902352603e-08
908 1458 404 2048 357 1.903466251285124e-08 6.120393847525453e-08
909 1460 404 2048 357 1.774018269784516e-08 5.948627863950883e-08
910 1462 404 2048 357 1.750746465856157e-08 5.907065308907674e-08
911 1463 404 2048 358 1.646136049693325e-08 5.864090246773362e-08
912 1465 404 2048 358 1.662381406142277e-08 5.823454092927354e-08
913 1466 404 2048 359 1.636969822194079e-08 5.722592439521601e-08
914 1468 404 2048 359 1.706507467280627e-08 5.712169214616841e-08
915 1471 404 2048 358 1.536908418586780e-08 5.631737155425258e-08
916 1473 404 2048 358 1.423686671331303e-08 5.468272169082445e-08
917 1478 404 2048 355 1.365099851213802e-08 5.385060194491503e-08
918 1479 404 2048 356 1.412740181783168e-08 5.373645320558627e-08
919 1481 404 2048 356 1.410198202655977e-08 5.319138364769118e-08
920 1482 404 2048 357 1.444393774030495e-08 5.297571891346720e-08
921 1484 404 2048 357 1.331841192886429e-08 5.173619307663808e-08
922 1485 404 2048 358 1.318912956627116e-08 5.115851122516261e-08
923 1487 404 2048 358 1.312613195914025e-08 5.098749727878747e-08
924 1491 404 2048 356 1.317677433831932e-08 4.938529996368030e-08
925 1492 404 2048 357 1.397886806309145e-08 4.897081557500680e-08
926 1494 404 2048 357 1.335438670757583e-08 4.798552704071432e-08
927 1495 404 2048 358 1.346788347511563e-08 4.786040077558311e-08
928 1497 404 2048 358 1.371667379679309e-08 4.705047810211369e-08
929 1500 404 2048 357 1.392720316850671e-08 4.644956070115968e-08
930 1503 404 2048 356 1.295522911171076e-08 3.986612487447784e-08
931 1505 404 2048 356 1.221699785780572e-08 3.795689349728152e-08
932 1507 404 2048 356 1.163291862837923e-08 3.560100957823453e-08
933 1509 404 2048 356 1.188062426216163e-08 3.518042346284553e-08
934 1511 404 2048 356 1.315520692379835e-08 3.361855418029046e-08
935 1513 404 2048 356 1.233308299930513e-08 3.215950772669981e-08
936 1514 404 2048 357 1.211335520778789e-08 3.196177117608766e-08
937 1516 404 2048 357 1.116321501903883e-08 3.160199956681854e-08
938 1517 404 2048 358 1.090391799074553e-08 3.150142287618505e-08
939 1519 404 2048 358 1.062553978137259e-08 3.090166854771060e-08
940 1520 404 2048 359 1.069618860150001e-08 3.006850675523681e-08
941 1521 404 2048 359 1.069618860150001e-08 3.006850675523681e-08
942 1522 404 2048 360 1.056005549671113e-08 3.000519234871078e-08
943 1523 404 2048 361 1.056000931143330e-08 2.999570247365427e-08
944 1526 404 2048 360 1.031039231769171e-08 2.851659853153335e-08
945 1528 404 2048 360 1.021488005292781e-08 2.770239329207085e-08
946 1530 404 2048 360 1.016518069718586e-08 2.736024501966003e-08
947 1531 404 2048 361 1.010881423013643e-08 2.727132494809448e-08
948 1533 404 2048 361 8.952167451781179e-09 2.555015468264146e-08
949 1534 404 2048 362 8.940697959758381e-09 2.553624221589617e-08
950 1536 404 2048 362 8.557559105781820e-09 2.527924931852457e-08
951 1539 404 2048 361 8.606822587964302e-09 2.497407137777942e-08
952 1540 404 2048 361 8.606822587964302e-09 2.497407137777942e-08
953 1541 404 2048 361 8.606822587964302e-09 2.497407137777942e-08
954 1543 404 2048 361 8.608558310641001e-09 2.486291712494972e-08
955 1546 404 2048 360 8.534475348653814e-09 2.474951545640347e-08
956 1548 404 2048 360 8.057518208204328e-09 2.366114059714140e-08
957 1551 404 2048 359 6.586825529453222e-09 2.260277147334915e-08
958 1552 404 2048 360 6.545572306393410e-09 2.250593955578411e-08
959 1554 404 2048 360 6.557060450163021e-09 2.249628842269467e-08
960 1555 404 2048 360 6.557060450163021e-09 2.249628842269467e-08
961 1556 404 2048 361 7.132689994193697e-09 2.220950017059610e-08
962 1558 404 2048 361 7.285850811555861e-09 2.217972517012135e-08
963 1561 404 2048 360 7.293739390235032e-09 2.186076273728579e-08
964 1563 404 2048 360 7.198252438556096e-09 2.175630929147902e-08
965 1565 404 2048 360 7.457613415695619e-09 2.157745761025815e-08
966 1566 404 2048 361 7.236101495777802e-09 2.152755618181618e-08
967 1568 404 2048 361 6.941932584325627e-09 2.131433533727888e-08
968 1569 404 2048 361 6.941932584325627e-09 2.131433533727888e-08
969 1570 404 2048 362 7.046568217816684e-09 2.138464922610127e-08
970 1572 404 2048 362 7.025704018559509e-09 2.127838138291389e-08
971 1573 404 2048 363 6.835962240714366e-09 2.037816006620951e-08
972 1575 404 2048 363 6.724032441951522e-09 2.018500960914663e-08
973 1576 404 2048 364 6.881952563375648e-09 2.012155702009703e-08
974 1577 404 2048 364 6.881952563375648e-09 2.012155702009703e-08
975 1579 404 2048 364 6.924332218716245e-09 1.999256098494888e-08
976 1581 404 2048 364 6.862374446470199e-09 1.997380118699007e-08
977 1584 404 2048 363 6.247001360648596e-09 1.798907154704796e-08
978 1587 404 2048 362 6.115732587019806e-09 1.702971997940970e-08
979 1588 404 2048 363 5.789374979414674e-09 1.681365050645035e-08
980 1591 404 2048 362 5.804665859088232e-09 1.653101551604110e-08
981 1593 404 2048 362 5.184957574400073e-09 1.566439365566053e-08
982 1594 404 2048 363 5.269100489257994e-09 1.562140041173462e-08
983 1595 404 2048 363 5.269100489257994e-09 1.562140041173462e-08
984 1598 404 2048 362 5.316878493033528e-09 1.552071206678504e-08
985 1599 404 2048 362 5.316878493033528e-09 1.552071206678504e-08
986 1600 404 2048 362 5.316878493033528e-09 1.552071206678504e-08
987 1601 404 2048 363 5.205534892027686e-09 1.563325531483531e-08
988 1602 404 2048 363 5.205534892027686e-09 1.563325531483531e-08
989 1604 404 2048 363 5.216364229454484e-09 1.540498076904584e-08
990 1605 404 2048 363 5.216364229454484e-09 1.540498076904584e-08
991 1606 404 2048 363 5.216364229454484e-09 1.540498076904584e-08
992 1607 404 2048 363 5.216364229454484e-09 1.540498076904584e-08
993 1610 404 2048 362 5.377710277087999e-09 1.520542886131303e-08
994 1611 404 2048 362 5.377710277087999e-09 1.520542886131303e-08
995 1613 404 2048 362 5.395027091736893e-09 1.516241338374328e-08
996 1615 404 2048 362 5.407114089805987e-09 1.513156124191826e-08
997 1616 404 2048 362 5.407114089805987e-09 1.513156124191826e-08
998 1617 404 2048 363 5.418888671115951e-09 1.510430827571604e-08
999 1618 404 2048 363 5.418888671115951e-09 1.510430827571604e-08
1000 1619 404 2048 363 5.418888671115951e-09 1.510430827571604e-08
1001 1621 404 2048 363 5.404730440972116e-09 1.522036224972685e-08
1002 1623 404 2048 363 5.417217119330076e-09 1.510353860084941e-08
1003 1624 404 2048 363 5.417217119330076e-09 1.510353860084941e-08
1004 1625 404 2048 363 5.417217119330076e-09 1.510353860084941e-08
1005 1627 404 2048 363 5.404730440972116e-09 1.522036223583908e-08
1006 1629 404 2048 363 5.417217119330076e-09 1.510353860084941e-08
1007 1630 404 2048 363 5.417217119330076e-09 1.510353860084941e-08
1008 1632 404 2048 363 5.445866202435923e-09 1.518448050392618e-08
1009 1634 404 2048 363 5.417216897285471e-09 1.510353861142784e-08
1010 1635 404 2048 363 5.417216897285471e-09 1.510353861142784e-08
1011 1637 404 2048 363 5.465011998495584e-09 1.518486476859894e-08
1012 1639 404 2048 363 5.461881835699955e-09 1.516725984637364e-08
1013 1641 404 2048 363 5.428121507833339e-09 1.509019965777321e-08
1014 1642 404 2048 363 5.428121507833339e-09 1.509019965777321e-08
1015 1644 404 2048 363 5.417217119330076e-09 1.510353852969507e-08
1016 1645 404 2048 363 5.417217119330076e-09 1.510353852969507e-08
1017 1647 404 2048 363 5.448248963091373e-09 1.518773038232676e-08
1018 1649 404 2048 363 5.417217563419285e-09 1.510353867977510e-08
1019 1650 404 2048 363 5.417217563419285e-09 1.510353867977510e-08
1020 1652 404 2048 363 5.448248963091373e-09 1.518773038232676e-08
1021 1654 404 2048 363 5.417217563419285e-09 1.510353867977510e-08
1022 1655 404 2048 363 5.417217563419285e-09 1.510353867977510e-08
1023 1657 404 2048 363 5.442345907269441e-09 1.523663722063499e-08
1024 1659 404 2048 363 5.417217563419285e-09 1.510353867977510e-08
1025 1660 404 2048 363 5.417217563419285e-09 1.510353867977510e-08
1026 1662 404 2048 363 5.445143447246892e-09 1.517342149757515e-08
1027 1664 404 2048 363 5.417217563419285e-09 1.510353867977510e-08
1028 1665 404 2048 363 5.417217563419285e-09 1.510353867977510e-08
1029 1667 404 2048 363 5.431167959812910e-09 1.516149941804200e-08
1030 1668 404 2048 363 5.431167959812910e-09 1.516149941804200e-08
1031 1670 404 2048 363 5.417217563419285e-09 1.510353867977510e-08
1032 1671 404 2048 363 5.417217563419285e-09 1.510353867977510e-08
1033 1673 404 2048 363 5.435201400061374e-09 1.517228852988181e-08
1034 1675 404 2048 363 5.417217563419285e-09 1.510353867977510e-08
1035 1676 404 2048 363 5.417217563419285e-09 1.510353867977510e-08
1036 1678 404 2048 363 5.465855990038904e-09 1.519189435632690e-08
1037 1680 404 2048 363 5.417217563419285e-09 1.510353867977510e-08
1038 1681 404 2048 363 5.417217563419285e-09 1.510353867977510e-08
1039 1683 404 2048 363 5.444572570567630e-09 1.518884992985449e-08
1040 1685 404 2048 363 5.417217563419285e-09 1.510353867977510e-08
1041 1686 404 2048 363 5.417217563419285e-09 1.510353867977510e-08
1042 1688 404 2048 363 5.438205441521404e-09 1.517844338384853e-08
1043 1690 404 2048 363 5.417217563419285e-09 1.510353867977510e-08
1044 1691 404 2048 363 5.417217563419285e-09 1.510353867977510e-08
1045 1692 404 2048 363 5.417217563419285e-09 1.510353867977510e-08
1046 1694 404 2048 363 5.436871619579620e-09 1.518317148368625e-08
1047 1695 404 2048 363 5.436871619579620e-09 1.518317148368625e-08
1048 1696 404 2048 363 5.436871619579620e-09 1.518317148368625e-08
1049 1697 404 2048 363 5.436871619579620e-09 1.518317148368625e-08
1050 1698 404 2048 363 5.436871619579620e-09 1.518317148368625e-08
1051 1699 404 2048 363 5.436871619579620e-09 1.518317148368625e-08
1052 1700 404 2048 363 5.436871619579620e-09 1.518317148368625e-08
1053 1701 404 2048 363 5.436871619579620e-09 1.518317148368625e-08
1054 1702 404 2048 363 5.436871619579620e-09 1.518317148368625e-08
1055 1703 404 2048 363 5.436871619579620e-09 1.518317148368625e-08
1056 1704 404 2048 363 5.436871619579620e-09 1.518317148368625e-08
1057 1705 404 2048 363 5.436871619579620e-09 1.518317148368625e-08
1058 1706 404 2048 363 5.436871619579620e-09 1.518317148368625e-08
1059 1707 404 2048 363 5.436871619579620e-09 1.518317148368625e-08
1060 1708 404 2048 363 5.436871619579620e-09 1.518317148368625e-08
1061 1709 404 2048 364 5.447675865966062e-09 1.543087831981659e-08
1062 1710 404 2048 364 5.447675865966062e-09 1.543087831981659e-08
1063 1711 404 2048 364 5.447675865966062e-09 1.543087831981659e-08
1064 1712 404 2048 364 5.447675865966062e-09 1.543087831981659e-08
1065 1713 404 2048 364 5.447675865966062e-09 1.543087831981659e-08
1066 1714 404 2048 364 5.447675865966062e-09 1.543087831981659e-08
1067 1715 404 2048 364 5.447675865966062e-09 1.543087831981659e-08
1068 1718 404 2048 363 5.466036512302708e-09 1.523726300637535e-08
1069 1719 404 2048 363 5.466036512302708e-09 1.523726300637535e-08
1070 1720 404 2048 363 5.466036512302708e-09 1.523726300637535e-08
1071 1721 404 2048 363 5.466036512302708e-09 1.523726300637535e-08
1072 1723 404 2048 363 5.480515152811449e-09 1.524905494251336e-08
1073 1725 404 2048 363 5.466036512302708e-09 1.523726300637535e-08
1074 1726 404 2048 363 5.466036512302708e-09 1.523726300637535e-08
1075 1728 404 2048 363 5.450152551489396e-09 1.524203224739681e-08
1076 1729 404 2048 363 5.450152551489396e-09 1.524203224739681e-08
1077 1730 404 2048 363 5.450152551489396e-09 1.524203224739681e-08
1078 1731 404 2048 363 5.450152551489396e-09 1.524203224739681e-08
1079 1732 404 2048 363 5.450152551489396e-09 1.524203224739681e-08
1080 1735 404 2048 362 5.430927041416567e-09 1.519685992717722e-08
1081 1736 404 2048 362 5.430927041416567e-09 1.519685992717722e-08
1082 1738 404 2048 362 5.416301185334760e-09 1.512906455631188e-08
1083 1739 404 2048 362 5.416301185334760e-09 1.512906455631188e-08
1084 1740 404 2048 362 5.416301185334760e-09 1.512906455631188e-08
1085 1741 404 2048 362 5.416301185334760e-09 1.512906455631188e-08
1086 1743 404 2048 362 5.430927041416567e-09 1.519685992717722e-08
1087 1745 404 2048 362 5.416301185334760e-09 1.512906455631188e-08
1088 1746 404 2048 362 5.416301185334760e-09 1.512906455631188e-08
1089 1747 404 2048 362 5.416301185334760e-09 1.512906455631188e-08
1090 1748 404 2048 362 5.416301185334760e-09 1.512906455631188e-08
1091 1749 404 2048 362 5.416301185334760e-09 1.512906455631188e-08
1092 1750 404 2048 362 5.416301185334760e-09 1.512906455631188e-08
1093 1751 404 2048 362 5.416301185334760e-09 1.512906455631188e-08
1094 1752 404 2048 363 5.447739814812280e-09 1.518085995742129e-08
1095 1754 404 2048 363 5.347468245986420e-09 1.509805151390448e-08
1096 1755 404 2048 363 5.347468245986420e-09 1.509805151390448e-08
1097 1756 404 2048 363 5.347468245986420e-09 1.509805151390448e-08
1098 1758 404 2048 362 5.416301185334760e-09 1.512906455631188e-08
1099 1759 404 2048 363 5.438898886822585e-09 1.516485002174623e-08
1100 1761 404 2048 363 4.867704239686077e-09 1.467826428773625e-08
1101 1762 404 2048 363 4.867704239686077e-09 1.467826428773625e-08
1102 1764 404 2048 363 4.713144541312886e-09 1.467499983171967e-08
1103 1766 404 2048 363 4.685640320190032e-09 1.414055761117029e-08
1104 1767 404 2048 363 4.685640320190032e-09 1.414055761117029e-08
NNLS stall detected... exiting
NNLS solver: m = 404, n = 2048, outer_iter = 1104, inner_iter = 1767
Warning: NNLS unconverged. Stalled = 1
resErr = 4.68564032e-09 vs tol = 1.00000000e-14; mumax = 2.114114e-16 vs tol = 1.433307e-25
0: Number of nonzeros in NNLS solution: 363, out of 2048
Global number of nonzeros in NNLS solution: 363
0: relative residual norm for NNLS solution of Gs = Gw: 9.79698e-10
0: EQP using 55 elements out of 128
Lifted initial energies, EE = 8.68126e-18, KE = 0.000318121, TE = 0
step 1, t = 0.01, EE = 7.1718e-09, KE = 0.000318108, TE = -5.83583e-09
step 2, t = 0.02, EE = 2.86792e-08, KE = 0.000318088, TE = -4.17242e-09
step 3, t = 0.03, EE = 6.45047e-08, KE = 0.000318061, TE = 4.94128e-09
step 4, t = 0.04, EE = 1.14623e-07, KE = 0.000318027, TE = 2.14583e-08
step 5, t = 0.05, EE = 1.79002e-07, KE = 0.000317987, TE = 4.53332e-08
step 6, t = 0.06, EE = 2.57601e-07, KE = 0.00031794, TE = 7.65217e-08
step 7, t = 0.07, EE = 3.50372e-07, KE = 0.000317885, TE = 1.14981e-07
step 8, t = 0.08, EE = 4.57259e-07, KE = 0.000317824, TE = 1.60667e-07
step 9, t = 0.09, EE = 5.78198e-07, KE = 0.000317756, TE = 2.13538e-07
step 10, t = 0.1, EE = 7.13118e-07, KE = 0.000317681, TE = 2.73551e-07
step 11, t = 0.11, EE = 8.61939e-07, KE = 0.000317599, TE = 3.40662e-07
step 12, t = 0.12, EE = 1.02457e-06, KE = 0.000317511, TE = 4.14828e-07
step 13, t = 0.13, EE = 1.20093e-06, KE = 0.000317416, TE = 4.96004e-07
step 14, t = 0.14, EE = 1.39089e-06, KE = 0.000317314, TE = 5.84144e-07
step 15, t = 0.15, EE = 1.59436e-06, KE = 0.000317205, TE = 6.79201e-07
step 16, t = 0.16, EE = 1.81122e-06, KE = 0.000317091, TE = 7.81126e-07
step 17, t = 0.17, EE = 2.04134e-06, KE = 0.000316969, TE = 8.89869e-07
step 18, t = 0.18, EE = 2.28458e-06, KE = 0.000316841, TE = 1.00538e-06
step 19, t = 0.19, EE = 2.5408e-06, KE = 0.000316707, TE = 1.1276e-06
step 20, t = 0.2, EE = 2.80986e-06, KE = 0.000316567, TE = 1.25647e-06
step 21, t = 0.21, EE = 3.0916e-06, KE = 0.000316421, TE = 1.39194e-06
step 22, t = 0.22, EE = 3.38585e-06, KE = 0.000316269, TE = 1.53394e-06
step 23, t = 0.23, EE = 3.69245e-06, KE = 0.000316111, TE = 1.68241e-06
step 24, t = 0.24, EE = 4.01122e-06, KE = 0.000315947, TE = 1.83729e-06
step 25, t = 0.25, EE = 4.34197e-06, KE = 0.000315777, TE = 1.9985e-06
step 26, t = 0.26, EE = 4.68452e-06, KE = 0.000315602, TE = 2.16598e-06
step 27, t = 0.27, EE = 5.03867e-06, KE = 0.000315422, TE = 2.33964e-06
step 28, t = 0.28, EE = 5.40421e-06, KE = 0.000315236, TE = 2.51941e-06
step 29, t = 0.29, EE = 5.78094e-06, KE = 0.000315045, TE = 2.70521e-06
step 30, t = 0.3, EE = 6.16865e-06, KE = 0.000314849, TE = 2.89696e-06
step 31, t = 0.31, EE = 6.56712e-06, KE = 0.000314648, TE = 3.09456e-06
step 32, t = 0.32, EE = 6.97612e-06, KE = 0.000314442, TE = 3.29794e-06
step 33, t = 0.33, EE = 7.39541e-06, KE = 0.000314232, TE = 3.50698e-06
step 34, t = 0.34, EE = 7.82478e-06, KE = 0.000314017, TE = 3.72161e-06
step 35, t = 0.35, EE = 8.26397e-06, KE = 0.000313798, TE = 3.94171e-06
step 36, t = 0.36, EE = 8.71275e-06, KE = 0.000313575, TE = 4.16719e-06
step 37, t = 0.37, EE = 9.17087e-06, KE = 0.000313348, TE = 4.39793e-06
step 38, t = 0.38, EE = 9.63807e-06, KE = 0.000313116, TE = 4.63384e-06
step 39, t = 0.39, EE = 1.01141e-05, KE = 0.000312881, TE = 4.8748e-06
step 40, t = 0.4, EE = 1.05987e-05, KE = 0.000312643, TE = 5.12069e-06
step 41, t = 0.41, EE = 1.10916e-05, KE = 0.0003124, TE = 5.3714e-06
step 42, t = 0.42, EE = 1.15926e-05, KE = 0.000312155, TE = 5.6268e-06
step 43, t = 0.43, EE = 1.21014e-05, KE = 0.000311906, TE = 5.88677e-06
step 44, t = 0.44, EE = 1.26177e-05, KE = 0.000311654, TE = 6.15119e-06
step 45, t = 0.45, EE = 1.31412e-05, KE = 0.000311399, TE = 6.41992e-06
step 46, t = 0.46, EE = 1.36717e-05, KE = 0.000311142, TE = 6.69283e-06
step 47, t = 0.47, EE = 1.42089e-05, KE = 0.000310882, TE = 6.96979e-06
step 48, t = 0.48, EE = 1.47525e-05, KE = 0.000310619, TE = 7.25066e-06
step 49, t = 0.49, EE = 1.53023e-05, KE = 0.000310354, TE = 7.53531e-06
step 50, t = 0.5, EE = 1.58579e-05, KE = 0.000310086, TE = 7.82358e-06
step 51, t = 0.51, EE = 1.64192e-05, KE = 0.000309817, TE = 8.11534e-06
step 52, t = 0.52, EE = 1.69858e-05, KE = 0.000309545, TE = 8.41044e-06
step 53, t = 0.53, EE = 1.75574e-05, KE = 0.000309272, TE = 8.70873e-06
step 54, t = 0.54, EE = 1.81338e-05, KE = 0.000308997, TE = 9.01007e-06
step 55, t = 0.55, EE = 1.87148e-05, KE = 0.00030872, TE = 9.3143e-06
step 56, t = 0.56, EE = 1.92999e-05, KE = 0.000308442, TE = 9.62127e-06
step 57, t = 0.57, EE = 1.9889e-05, KE = 0.000308162, TE = 9.93082e-06
step 58, t = 0.58, EE = 2.04819e-05, KE = 0.000307882, TE = 1.02428e-05
step 59, t = 0.59, EE = 2.10781e-05, KE = 0.0003076, TE = 1.05571e-05
step 60, t = 0.6, EE = 2.16775e-05, KE = 0.000307317, TE = 1.08735e-05
step 61, t = 0.61, EE = 2.22798e-05, KE = 0.000307033, TE = 1.11918e-05
step 62, t = 0.62, EE = 2.28848e-05, KE = 0.000306748, TE = 1.15119e-05
step 63, t = 0.63, EE = 2.34921e-05, KE = 0.000306462, TE = 1.18337e-05
step 64, t = 0.64, EE = 2.41016e-05, KE = 0.000306176, TE = 1.2157e-05
step 65, t = 0.65, EE = 2.4713e-05, KE = 0.000305889, TE = 1.24816e-05
step 66, t = 0.66, EE = 2.5326e-05, KE = 0.000305602, TE = 1.28074e-05
step 67, t = 0.67, EE = 2.59404e-05, KE = 0.000305314, TE = 1.31342e-05
step 68, t = 0.68, EE = 2.6556e-05, KE = 0.000305026, TE = 1.34618e-05
step 69, t = 0.69, EE = 2.71725e-05, KE = 0.000304738, TE = 1.37902e-05
step 70, t = 0.7, EE = 2.77898e-05, KE = 0.00030445, TE = 1.41191e-05
step 71, t = 0.71, EE = 2.84075e-05, KE = 0.000304161, TE = 1.44483e-05
step 72, t = 0.72, EE = 2.90255e-05, KE = 0.000303873, TE = 1.47779e-05
step 73, t = 0.73, EE = 2.96436e-05, KE = 0.000303585, TE = 1.51075e-05
step 74, t = 0.74, EE = 3.02615e-05, KE = 0.000303296, TE = 1.5437e-05
step 75, t = 0.75, EE = 3.08791e-05, KE = 0.000303008, TE = 1.57664e-05
step 76, t = 0.76, EE = 3.14962e-05, KE = 0.00030272, TE = 1.60954e-05
step 77, t = 0.77, EE = 3.21125e-05, KE = 0.000302432, TE = 1.64239e-05
step 78, t = 0.78, EE = 3.27279e-05, KE = 0.000302145, TE = 1.67518e-05
step 79, t = 0.79, EE = 3.33423e-05, KE = 0.000301857, TE = 1.70789e-05
step 80, t = 0.8, EE = 3.39554e-05, KE = 0.00030157, TE = 1.74051e-05
step 81, t = 0.81, EE = 3.45671e-05, KE = 0.000301284, TE = 1.77303e-05
step 82, t = 0.82, EE = 3.51773e-05, KE = 0.000300998, TE = 1.80543e-05
step 83, t = 0.83, EE = 3.57858e-05, KE = 0.000300712, TE = 1.83771e-05
step 84, t = 0.84, EE = 3.63924e-05, KE = 0.000300427, TE = 1.86985e-05
step 85, t = 0.85, EE = 3.69971e-05, KE = 0.000300142, TE = 1.90183e-05
step 86, t = 0.86, EE = 3.75997e-05, KE = 0.000299858, TE = 1.93366e-05
step 87, t = 0.87, EE = 3.82e-05, KE = 0.000299574, TE = 1.96531e-05
step 88, t = 0.88, EE = 3.87981e-05, KE = 0.00029929, TE = 1.99678e-05
step 89, t = 0.89, EE = 3.93937e-05, KE = 0.000299008, TE = 2.02806e-05
step 90, t = 0.9, EE = 3.99868e-05, KE = 0.000298725, TE = 2.05914e-05
step 91, t = 0.91, EE = 4.05774e-05, KE = 0.000298443, TE = 2.09001e-05
step 92, t = 0.92, EE = 4.11652e-05, KE = 0.000298162, TE = 2.12066e-05
step 93, t = 0.93, EE = 4.17503e-05, KE = 0.000297881, TE = 2.15109e-05
step 94, t = 0.94, EE = 4.23326e-05, KE = 0.000297601, TE = 2.18129e-05
step 95, t = 0.95, EE = 4.29121e-05, KE = 0.000297321, TE = 2.21125e-05
step 96, t = 0.96, EE = 4.34886e-05, KE = 0.000297042, TE = 2.24097e-05
step 97, t = 0.97, EE = 4.40622e-05, KE = 0.000296763, TE = 2.27045e-05
step 98, t = 0.98, EE = 4.46329e-05, KE = 0.000296485, TE = 2.29967e-05
step 99, t = 0.99, EE = 4.52005e-05, KE = 0.000296207, TE = 2.32864e-05
step 100, t = 1, EE = 4.57651e-05, KE = 0.000295929, TE = 2.35736e-05
Elapsed time for time integration loop 0.0408816
Relative error of ROM position (x) at t_final: 1 is 0.000102599
Relative error of ROM velocity (v) at t_final: 1 is 0.137697
Elapsed time for entire simulation 3.90676
