method,t,n,ef,xx,vv,ee,q,condV,condE,time,ErrX,ErrV,ErrE
clssopt,0.1,1,0.99,10,10,31,5,30.112016,5.834777,0.546751,0.0206404,0.408191,6.60311e-05
sopt,0.1,1,0.99,10,10,31,5,17.719141,5.858896,0.566683,0.0206469,0.408525,6.54543e-05
clssopt,0.1,1,0.99,10,10,31,10,16.324362,4.841530,0.576211,0.0206414,0.408269,6.60664e-05
sopt,0.1,1,0.99,10,10,31,10,10.432632,6.489143,0.635861,0.0206462,0.408492,6.53963e-05
clssopt,0.1,1,0.99,10,10,31,15,10.949481,3.837506,0.623557,0.0206412,0.408267,6.59964e-05
sopt,0.1,1,0.99,10,10,31,15,9.625832,4.599756,0.56819,0.0206451,0.408492,6.52049e-05
clssopt,0.1,1,0.99,10,10,31,20,11.765036,4.097214,0.677565,0.0206417,0.408268,6.56707e-05
sopt,0.1,1,0.99,10,10,31,20,8.182535,7.783404,0.640273,0.0206451,0.408488,6.51809e-05
clssopt,0.1,1,0.99,10,10,31,25,7.728568,4.152940,0.697488,0.0206418,0.40827,6.56685e-05
sopt,0.1,1,0.99,10,10,31,25,6.597712,3.711612,0.643331,0.0206454,0.408493,6.50205e-05
clssopt,0.1,1,0.99,10,10,31,30,6.343579,4.560846,0.716601,0.0206425,0.4083,6.56039e-05
sopt,0.1,1,0.99,10,10,31,30,6.470635,7.279752,0.710016,0.0206449,0.408491,6.50785e-05
clssopt,0.1,1,0.99,10,10,31,35,6.280875,4.073118,0.786125,0.0206431,0.408318,6.55694e-05
sopt,0.1,1,0.99,10,10,31,35,5.563154,3.368441,0.753059,0.0206448,0.408488,6.50281e-05
clssopt,0.1,1,0.99,10,10,31,40,5.288464,3.548182,0.835384,0.0206426,0.408328,6.55382e-05
sopt,0.1,1,0.99,10,10,31,40,5.170659,4.669192,0.779854,0.0206449,0.408484,6.49529e-05
clssopt,0.1,1,0.99,10,10,31,45,4.865544,2.991536,0.879036,0.0206426,0.408326,6.54595e-05
sopt,0.1,1,0.99,10,10,31,45,4.501006,2.485736,0.824047,0.0206449,0.408483,6.49604e-05
clssopt,0.1,1,0.99,10,10,31,50,5.632252,2.768935,0.927351,0.0206422,0.408344,6.54432e-05
sopt,0.1,1,0.99,10,10,31,50,4.054812,2.828999,0.83922,0.0206447,0.408481,6.4953e-05
clssopt,0.1,1,0.99,10,10,31,55,4.018036,3.153550,0.961933,0.0206427,0.408363,6.5416e-05
sopt,0.1,1,0.99,10,10,31,55,4.830952,2.832263,0.874773,0.0206447,0.408478,6.49737e-05
clssopt,0.1,1,0.99,10,10,31,60,4.333421,2.642784,1.00093,0.0206432,0.40838,6.54312e-05
sopt,0.1,1,0.99,10,10,31,60,4.535230,2.892978,0.921868,0.0206447,0.408481,6.49898e-05
clssopt,0.1,1,0.99,10,10,31,65,4.041821,2.805483,1.05555,0.0206437,0.408383,6.54037e-05
sopt,0.1,1,0.99,10,10,31,65,3.909092,2.358939,0.972561,0.0206447,0.40848,6.49261e-05
clssopt,0.1,1,0.99,10,10,31,70,4.024980,3.146920,1.07665,0.0206437,0.408383,6.53894e-05
sopt,0.1,1,0.99,10,10,31,70,3.913617,2.001599,0.958733,0.020645,0.408486,6.48859e-05
clssopt,0.1,1,0.99,10,10,31,75,4.019214,3.015636,1.08736,0.0206438,0.408385,6.54278e-05
sopt,0.1,1,0.99,10,10,31,75,4.145973,2.605998,1.00051,0.020645,0.408479,6.49414e-05
clssopt,0.1,1,0.99,10,10,31,80,3.697500,2.850447,1.11977,0.0206438,0.408381,6.54552e-05
sopt,0.1,1,0.99,10,10,31,80,3.851276,2.193031,1.07764,0.0206451,0.408482,6.49584e-05
clssopt,0.1,1,0.99,10,10,31,85,3.976924,3.087695,1.22154,0.0206439,0.408385,6.54457e-05
sopt,0.1,1,0.99,10,10,31,85,3.507015,2.487105,1.0986,0.0206451,0.408485,6.49724e-05
clssopt,0.1,1,0.99,10,10,31,90,3.367144,3.394044,1.21477,0.020644,0.408389,6.54465e-05
sopt,0.1,1,0.99,10,10,31,90,3.518380,2.265652,1.16212,0.0206454,0.40849,6.49825e-05
clssopt,0.1,1,0.99,10,10,31,95,3.517566,3.459551,1.20291,0.0206441,0.408392,6.54419e-05
sopt,0.1,1,0.99,10,10,31,95,3.989780,2.567079,1.15786,0.0206453,0.408491,6.50378e-05
clssopt,0.1,1,0.99,10,10,31,100,3.140383,3.512802,1.30424,0.020644,0.408392,6.54401e-05
sopt,0.1,1,0.99,10,10,31,100,3.639324,2.550565,1.19114,0.0206453,0.408492,6.50439e-05
clssopt,0.1,2,0.999,10,22,52,5,31.569448,16.380047,0.726366,0.0206454,0.40851,6.4454e-05
sopt,0.1,2,0.999,10,22,52,5,32.015265,10.772998,0.671244,0.0206462,0.408555,6.49244e-05
clssopt,0.1,2,0.999,10,22,52,10,28.747028,15.140975,0.769847,0.020646,0.40853,6.47975e-05
sopt,0.1,2,0.999,10,22,52,10,19.302439,8.370114,0.698083,0.0206462,0.40855,6.48029e-05
clssopt,0.1,2,0.999,10,22,52,15,19.607624,11.951328,0.801111,0.0206463,0.408526,6.48173e-05
sopt,0.1,2,0.999,10,22,52,15,14.478757,7.231691,0.768204,0.0206459,0.408546,6.49684e-05
clssopt,0.1,2,0.999,10,22,52,20,11.816976,5.927502,0.834962,0.0206461,0.408532,6.48729e-05
sopt,0.1,2,0.999,10,22,52,20,12.942555,6.201880,0.838448,0.0206462,0.408555,6.50157e-05
clssopt,0.1,2,0.999,10,22,52,25,10.507885,6.483304,3.94136,0.0206461,0.408526,6.50215e-05
sopt,0.1,2,0.999,10,22,52,25,10.953933,5.499412,0.795907,0.020646,0.408551,6.5061e-05
clssopt,0.1,2,0.999,10,22,52,30,9.060845,4.755246,0.878745,0.0206464,0.408529,6.50276e-05
sopt,0.1,2,0.999,10,22,52,30,9.668183,5.581707,0.884714,0.0206462,0.408545,6.50951e-05
clssopt,0.1,2,0.999,10,22,52,35,8.275230,4.524828,0.916825,0.0206461,0.408522,6.50628e-05
sopt,0.1,2,0.999,10,22,52,35,8.294759,6.342199,0.907064,0.0206462,0.408547,6.51591e-05
clssopt,0.1,2,0.999,10,22,52,40,7.860567,3.934199,0.954851,0.0206465,0.408522,6.49447e-05
sopt,0.1,2,0.999,10,22,52,40,7.434795,4.587443,0.973025,0.0206459,0.408544,6.51436e-05
clssopt,0.1,2,0.999,10,22,52,45,6.914287,3.529262,1.06432,0.0206471,0.408526,6.50593e-05
sopt,0.1,2,0.999,10,22,52,45,7.629565,5.150631,1.0188,0.0206457,0.408537,6.51698e-05
clssopt,0.1,2,0.999,10,22,52,50,6.652193,4.056956,1.13972,0.0206471,0.408529,6.50843e-05
sopt,0.1,2,0.999,10,22,52,50,7.093598,4.378313,1.06494,0.0206459,0.408535,6.50742e-05
clssopt,0.1,2,0.999,10,22,52,55,5.957540,3.514917,1.11268,0.0206472,0.408529,6.50662e-05
sopt,0.1,2,0.999,10,22,52,55,7.292789,3.996177,1.12057,0.0206459,0.408533,6.50343e-05
clssopt,0.1,2,0.999,10,22,52,60,6.675768,3.966905,1.17732,0.0206474,0.408529,6.51008e-05
sopt,0.1,2,0.999,10,22,52,60,5.491450,3.979943,1.1867,0.0206461,0.408531,6.50084e-05
clssopt,0.1,2,0.999,10,22,52,65,6.774514,3.344126,1.21419,0.0206473,0.408526,6.50724e-05
sopt,0.1,2,0.999,10,22,52,65,6.421933,3.831326,1.16263,0.0206461,0.408531,6.50398e-05
clssopt,0.1,2,0.999,10,22,52,70,5.480078,3.348131,1.26311,0.0206475,0.408525,6.50749e-05
sopt,0.1,2,0.999,10,22,52,70,5.143176,3.549690,1.22158,0.0206464,0.408531,6.50749e-05
clssopt,0.1,2,0.999,10,22,52,75,5.291102,3.389467,1.25335,0.0206476,0.408526,6.50738e-05
sopt,0.1,2,0.999,10,22,52,75,5.250452,3.120562,1.27875,0.0206465,0.40853,6.51463e-05
clssopt,0.1,2,0.999,10,22,52,80,5.031798,3.108838,1.3527,0.0206482,0.408529,6.50846e-05
sopt,0.1,2,0.999,10,22,52,80,5.260996,3.517594,1.2615,0.0206465,0.408529,6.51876e-05
clssopt,0.1,2,0.999,10,22,52,85,4.457009,3.294575,1.35351,0.020648,0.408529,6.51174e-05
sopt,0.1,2,0.999,10,22,52,85,5.276243,4.000447,1.32768,0.0206466,0.40853,6.52145e-05
clssopt,0.1,2,0.999,10,22,52,90,4.686985,2.827397,1.40738,0.0206481,0.40853,6.51185e-05
sopt,0.1,2,0.999,10,22,52,90,4.820743,2.980246,1.35225,0.0206466,0.408531,6.52078e-05
clssopt,0.1,2,0.999,10,22,52,95,4.605343,3.012150,1.46901,0.0206485,0.408529,6.51341e-05
sopt,0.1,2,0.999,10,22,52,95,4.760467,3.059335,1.46478,0.0206467,0.408531,6.52376e-05
clssopt,0.1,2,0.999,10,22,52,100,5.055341,2.999269,1.52399,0.0206483,0.408527,6.51227e-05
sopt,0.1,2,0.999,10,22,52,100,4.512107,3.043031,1.49721,0.0206465,0.408529,6.51887e-05
clssopt,0.1,3,0.9999,10,32,72,5,57.983390,30.920001,0.968007,0.0206461,0.408549,6.63353e-05
sopt,0.1,3,0.9999,10,32,72,5,43.120444,26.819968,0.8385,0.0206469,0.408544,6.63064e-05
clssopt,0.1,3,0.9999,10,32,72,10,37.408124,14.842681,1.0387,0.0206461,0.408541,6.63042e-05
sopt,0.1,3,0.9999,10,32,72,10,31.463033,13.070508,0.906412,0.020647,0.408535,6.63077e-05
clssopt,0.1,3,0.9999,10,32,72,15,23.683679,11.399663,1.06876,0.0206462,0.408541,6.63144e-05
sopt,0.1,3,0.9999,10,32,72,15,25.293225,9.763352,0.959308,0.0206471,0.408534,6.63179e-05
clssopt,0.1,3,0.9999,10,32,72,20,17.128976,8.727943,1.12253,0.0206454,0.408545,6.63316e-05
sopt,0.1,3,0.9999,10,32,72,20,19.292133,7.598869,1.04544,0.0206471,0.408535,6.63469e-05
clssopt,0.1,3,0.9999,10,32,72,25,17.026244,8.704628,1.1479,0.0206453,0.408547,6.63064e-05
sopt,0.1,3,0.9999,10,32,72,25,14.082234,8.227660,1.07874,0.0206469,0.40853,6.63384e-05
clssopt,0.1,3,0.9999,10,32,72,30,11.906274,7.739247,1.24194,0.0206455,0.408551,6.6307e-05
sopt,0.1,3,0.9999,10,32,72,30,14.314592,7.192086,1.13496,0.0206469,0.408532,6.63365e-05
clssopt,0.1,3,0.9999,10,32,72,35,13.039805,6.057522,1.26888,0.0206455,0.408546,6.6306e-05
sopt,0.1,3,0.9999,10,32,72,35,10.318272,6.404784,1.19101,0.0206468,0.40853,6.63308e-05
clssopt,0.1,3,0.9999,10,32,72,40,11.295382,5.786745,1.32763,0.0206455,0.408541,6.62948e-05
sopt,0.1,3,0.9999,10,32,72,40,10.412744,5.706589,1.24856,0.0206468,0.408528,6.63462e-05
clssopt,0.1,3,0.9999,10,32,72,45,9.587641,5.566276,1.36236,0.0206456,0.408544,6.6297e-05
sopt,0.1,3,0.9999,10,32,72,45,10.107205,5.524477,1.28708,0.0206468,0.408529,6.6325e-05
clssopt,0.1,3,0.9999,10,32,72,50,7.804436,4.580012,1.44667,0.0206456,0.408541,6.63038e-05
sopt,0.1,3,0.9999,10,32,72,50,8.664492,4.829721,1.32196,0.0206468,0.408529,6.6322e-05
clssopt,0.1,3,0.9999,10,32,72,55,8.011683,4.994293,1.48869,0.0206456,0.40854,6.63072e-05
sopt,0.1,3,0.9999,10,32,72,55,8.345480,4.672123,1.33543,0.0206468,0.408528,6.63207e-05
clssopt,0.1,3,0.9999,10,32,72,60,8.195041,4.263579,1.60594,0.0206457,0.408538,6.6319e-05
sopt,0.1,3,0.9999,10,32,72,60,7.680132,4.672834,1.43356,0.0206468,0.40853,6.6329e-05
clssopt,0.1,3,0.9999,10,32,72,65,8.455183,4.739036,1.5666,0.0206458,0.408537,6.63137e-05
sopt,0.1,3,0.9999,10,32,72,65,8.472973,4.168117,1.41315,0.0206469,0.408527,6.63147e-05
clssopt,0.1,3,0.9999,10,32,72,70,6.998291,4.374907,1.60832,0.0206457,0.408534,6.63149e-05
sopt,0.1,3,0.9999,10,32,72,70,6.722112,4.665777,1.51083,0.0206469,0.40853,6.6304e-05
clssopt,0.1,3,0.9999,10,32,72,75,7.171135,5.081257,1.63761,0.0206458,0.408533,6.6317e-05
sopt,0.1,3,0.9999,10,32,72,75,6.875330,4.195399,1.5572,0.0206468,0.40853,6.63038e-05
clssopt,0.1,3,0.9999,10,32,72,80,6.970322,3.792837,1.70497,0.0206459,0.408533,6.63253e-05
sopt,0.1,3,0.9999,10,32,72,80,6.393149,3.684961,1.58258,0.0206465,0.408528,6.6302e-05
clssopt,0.1,3,0.9999,10,32,72,85,6.093053,3.996904,1.72662,0.0206459,0.408534,6.63218e-05
sopt,0.1,3,0.9999,10,32,72,85,6.149348,3.712244,1.61634,0.0206466,0.408528,6.62972e-05
clssopt,0.1,3,0.9999,10,32,72,90,6.884756,3.945723,1.70523,0.0206459,0.408533,6.63123e-05
sopt,0.1,3,0.9999,10,32,72,90,6.149601,4.015075,1.67659,0.0206467,0.408528,6.62909e-05
clssopt,0.1,3,0.9999,10,32,72,95,5.873016,3.929956,1.73555,0.020646,0.408532,6.63099e-05
sopt,0.1,3,0.9999,10,32,72,95,5.743331,3.625527,1.69852,0.0206467,0.408527,6.62823e-05
clssopt,0.1,3,0.9999,10,32,72,100,5.480214,3.604483,1.79994,0.0206463,0.408531,6.6315e-05
sopt,0.1,3,0.9999,10,32,72,100,5.733864,4.513629,1.69309,0.0206467,0.408527,6.6276e-05
clssopt,0.1,4,0.99999,10,54,90,5,84.037967,34.821698,1.19231,0.0206456,0.408518,6.63515e-05
sopt,0.1,4,0.99999,10,54,90,5,209.083537,40.208996,1.05106,0.0206457,0.408513,6.64562e-05
clssopt,0.1,4,0.99999,10,54,90,10,37.054999,20.539354,1.20661,0.0206458,0.408527,6.62209e-05
sopt,0.1,4,0.99999,10,54,90,10,33.003652,21.440618,1.1041,0.0206459,0.408517,6.64334e-05
clssopt,0.1,4,0.99999,10,54,90,15,41.292368,18.343457,1.26323,0.0206458,0.408529,6.62358e-05
sopt,0.1,4,0.99999,10,54,90,15,24.341868,15.729756,1.11734,0.0206459,0.408522,6.63953e-05
clssopt,0.1,4,0.99999,10,54,90,20,27.456358,16.154622,1.3373,0.0206458,0.408535,6.62359e-05
sopt,0.1,4,0.99999,10,54,90,20,18.678834,15.156478,1.2003,0.020646,0.408516,6.63688e-05
clssopt,0.1,4,0.99999,10,54,90,25,23.054498,12.803757,1.47194,0.0206458,0.408542,6.62227e-05
sopt,0.1,4,0.99999,10,54,90,25,13.382369,11.122270,1.24466,0.0206461,0.408518,6.63719e-05
clssopt,0.1,4,0.99999,10,54,90,30,16.539529,11.138085,1.54947,0.0206458,0.408537,6.62314e-05
sopt,0.1,4,0.99999,10,54,90,30,14.886968,11.348085,1.26618,0.0206459,0.408519,6.63736e-05
clssopt,0.1,4,0.99999,10,54,90,35,16.092505,11.306226,1.5774,0.0206456,0.408533,6.62407e-05
sopt,0.1,4,0.99999,10,54,90,35,11.470066,10.104928,1.33687,0.0206463,0.408523,6.63677e-05
clssopt,0.1,4,0.99999,10,54,90,40,12.070300,11.829407,1.62314,0.0206455,0.408532,6.62402e-05
sopt,0.1,4,0.99999,10,54,90,40,14.040164,7.837211,1.40743,0.0206463,0.408522,6.6378e-05
clssopt,0.1,4,0.99999,10,54,90,45,13.721490,9.061851,1.66418,0.0206455,0.40853,6.62481e-05
sopt,0.1,4,0.99999,10,54,90,45,10.335334,6.561138,1.45953,0.0206462,0.408519,6.63477e-05
clssopt,0.1,4,0.99999,10,54,90,50,12.031544,9.027037,1.73012,0.0206455,0.40853,6.62428e-05
sopt,0.1,4,0.99999,10,54,90,50,9.781771,6.917325,1.46705,0.0206462,0.408522,6.63475e-05
clssopt,0.1,4,0.99999,10,54,90,55,10.583741,9.193978,1.77222,0.0206457,0.408529,6.62466e-05
sopt,0.1,4,0.99999,10,54,90,55,9.924614,7.428028,1.58514,0.0206462,0.408525,6.63487e-05
clssopt,0.1,4,0.99999,10,54,90,60,10.620735,7.229514,1.78161,0.0206459,0.408528,6.62394e-05
sopt,0.1,4,0.99999,10,54,90,60,8.457328,7.171574,1.63101,0.0206462,0.408523,6.6351e-05
clssopt,0.1,4,0.99999,10,54,90,65,9.277667,6.685554,1.85288,0.0206459,0.408528,6.62528e-05
sopt,0.1,4,0.99999,10,54,90,65,9.106046,6.005654,1.63581,0.0206462,0.408523,6.63517e-05
clssopt,0.1,4,0.99999,10,54,90,70,9.386463,7.816970,1.96354,0.020646,0.408528,6.6259e-05
sopt,0.1,4,0.99999,10,54,90,70,8.384324,6.354759,1.71702,0.0206461,0.408524,6.63487e-05
clssopt,0.1,4,0.99999,10,54,90,75,8.392119,7.547054,1.93685,0.020646,0.408529,6.62594e-05
sopt,0.1,4,0.99999,10,54,90,75,7.940921,5.803125,1.77149,0.0206463,0.408523,6.63487e-05
clssopt,0.1,4,0.99999,10,54,90,80,7.648345,6.081162,1.91582,0.0206458,0.408523,6.62605e-05
sopt,0.1,4,0.99999,10,54,90,80,8.076590,5.840257,1.79717,0.0206462,0.408523,6.63502e-05
clssopt,0.1,4,0.99999,10,54,90,85,7.432806,7.305736,1.98526,0.0206456,0.408523,6.6261e-05
sopt,0.1,4,0.99999,10,54,90,85,7.445676,5.961686,1.83588,0.0206462,0.408523,6.63436e-05
clssopt,0.1,4,0.99999,10,54,90,90,8.032949,6.006338,1.99146,0.0206456,0.408523,6.62547e-05
sopt,0.1,4,0.99999,10,54,90,90,6.537868,4.895481,1.89624,0.0206468,0.408522,6.63389e-05
clssopt,0.1,4,0.99999,10,54,90,95,7.618415,5.987818,2.07311,0.0206456,0.408524,6.62539e-05
sopt,0.1,4,0.99999,10,54,90,95,6.696383,5.772802,1.91685,0.020647,0.408522,6.63343e-05
clssopt,0.1,4,0.99999,10,54,90,100,6.981732,5.936458,2.11744,0.0206458,0.408523,6.62552e-05
sopt,0.1,4,0.99999,10,54,90,100,6.136515,5.254928,1.9669,0.0206472,0.408522,6.63216e-05
clssopt,0.1,5,0.999999,10,73,110,5,68.463595,49.971404,1.43555,0.020646,0.4085,6.63557e-05
sopt,0.1,5,0.999999,10,73,110,5,62.960508,59.093299,1.2478,0.0206457,0.408487,6.6322e-05
clssopt,0.1,5,0.999999,10,73,110,10,46.253142,27.605964,1.54454,0.0206465,0.408529,6.6306e-05
sopt,0.1,5,0.999999,10,73,110,10,36.260133,24.015955,1.32242,0.0206457,0.408488,6.63746e-05
clssopt,0.1,5,0.999999,10,73,110,15,32.213606,28.926767,1.58497,0.0206465,0.408529,6.62813e-05
sopt,0.1,5,0.999999,10,73,110,15,26.688263,22.402957,1.40374,0.0206461,0.4085,6.63927e-05
clssopt,0.1,5,0.999999,10,73,110,20,30.159819,19.489124,1.69738,0.0206464,0.408529,6.62984e-05
sopt,0.1,5,0.999999,10,73,110,20,21.167525,16.804725,1.46387,0.0206461,0.408506,6.64117e-05
clssopt,0.1,5,0.999999,10,73,110,25,22.932662,16.696317,1.81167,0.0206463,0.408529,6.63114e-05
sopt,0.1,5,0.999999,10,73,110,25,18.409364,16.532200,1.47873,0.0206457,0.408503,6.64191e-05
clssopt,0.1,5,0.999999,10,73,110,30,18.771356,13.051860,1.83175,0.0206466,0.408531,6.63028e-05
sopt,0.1,5,0.999999,10,73,110,30,17.351803,11.710358,1.53702,0.0206459,0.408508,6.63928e-05
clssopt,0.1,5,0.999999,10,73,110,35,16.518112,18.711592,1.87426,0.0206466,0.408531,6.63104e-05
sopt,0.1,5,0.999999,10,73,110,35,13.379593,9.845640,1.62893,0.020646,0.408512,6.63924e-05
clssopt,0.1,5,0.999999,10,73,110,40,14.809783,12.790929,1.97932,0.0206466,0.408529,6.63126e-05
sopt,0.1,5,0.999999,10,73,110,40,13.402785,9.410865,1.62005,0.0206461,0.40851,6.63825e-05
clssopt,0.1,5,0.999999,10,73,110,45,13.320564,11.373894,1.94288,0.0206465,0.408528,6.63073e-05
sopt,0.1,5,0.999999,10,73,110,45,12.606984,10.291745,1.73467,0.0206457,0.408509,6.63824e-05
clssopt,0.1,5,0.999999,10,73,110,50,14.114878,10.714536,2.04823,0.0206465,0.408528,6.63116e-05
sopt,0.1,5,0.999999,10,73,110,50,11.315421,10.010377,1.77618,0.0206455,0.40851,6.63702e-05
clssopt,0.1,5,0.999999,10,73,110,55,13.907721,11.133038,2.09026,0.0206466,0.408529,6.62894e-05
sopt,0.1,5,0.999999,10,73,110,55,13.025940,8.291464,1.81838,0.0206462,0.408511,6.63572e-05
clssopt,0.1,5,0.999999,10,73,110,60,12.348929,9.313226,2.12449,0.0206464,0.408523,6.62955e-05
sopt,0.1,5,0.999999,10,73,110,60,10.616372,7.072716,1.85917,0.0206462,0.408512,6.63599e-05
clssopt,0.1,5,0.999999,10,73,110,65,11.176353,8.876371,2.14856,0.0206465,0.408524,6.62952e-05
sopt,0.1,5,0.999999,10,73,110,65,8.621997,8.043272,1.92125,0.0206464,0.408517,6.63556e-05
clssopt,0.1,5,0.999999,10,73,110,70,10.656901,8.477505,2.20572,0.0206465,0.408524,6.62966e-05
sopt,0.1,5,0.999999,10,73,110,70,8.962416,7.268268,1.89005,0.0206465,0.408517,6.63496e-05
clssopt,0.1,5,0.999999,10,73,110,75,10.916784,8.621622,2.21236,0.0206464,0.408517,6.63025e-05
sopt,0.1,5,0.999999,10,73,110,75,9.265482,7.287521,1.94438,0.0206465,0.408516,6.63539e-05
clssopt,0.1,5,0.999999,10,73,110,80,9.330180,7.906705,2.28092,0.0206464,0.408518,6.62972e-05
sopt,0.1,5,0.999999,10,73,110,80,9.323058,6.467016,2.07669,0.0206466,0.408518,6.63473e-05
clssopt,0.1,5,0.999999,10,73,110,85,9.042288,7.013252,2.38506,0.0206465,0.408518,6.62953e-05
sopt,0.1,5,0.999999,10,73,110,85,9.158493,6.532331,2.08979,0.0206465,0.408518,6.63295e-05
clssopt,0.1,5,0.999999,10,73,110,90,8.773150,7.087195,2.34422,0.0206465,0.408518,6.62954e-05
sopt,0.1,5,0.999999,10,73,110,90,8.425018,6.215623,2.12929,0.0206466,0.408518,6.63292e-05
clssopt,0.1,5,0.999999,10,73,110,95,8.483163,7.518606,2.347,0.0206464,0.408517,6.6297e-05
sopt,0.1,5,0.999999,10,73,110,95,7.645577,5.879840,2.2294,0.0206466,0.408518,6.63309e-05
clssopt,0.1,5,0.999999,10,73,110,100,7.688506,6.203932,2.4029,0.0206465,0.408517,6.62955e-05
sopt,0.1,5,0.999999,10,73,110,100,7.274418,6.569216,2.25388,0.020647,0.408518,6.6328e-05
clssopt,0.1,6,0.9999999,10,91,127,5,96.303993,54.179547,1.82249,0.0206459,0.40851,6.62666e-05
sopt,0.1,6,0.9999999,10,91,127,5,84.303823,70.255651,1.55768,0.0206459,0.408495,6.63813e-05
clssopt,0.1,6,0.9999999,10,91,127,10,48.174768,42.651405,1.86897,0.0206458,0.408506,6.63109e-05
sopt,0.1,6,0.9999999,10,91,127,10,38.062297,29.858441,1.66436,0.0206463,0.408506,6.6409e-05
clssopt,0.1,6,0.9999999,10,91,127,15,36.779577,26.598554,1.94738,0.0206459,0.408506,6.626e-05
sopt,0.1,6,0.9999999,10,91,127,15,33.766048,22.124150,1.68479,0.0206465,0.408517,6.63455e-05
clssopt,0.1,6,0.9999999,10,91,127,20,33.160474,30.367709,2.05444,0.0206462,0.408513,6.62659e-05
sopt,0.1,6,0.9999999,10,91,127,20,25.469772,20.438827,1.76424,0.0206465,0.408515,6.6325e-05
clssopt,0.1,6,0.9999999,10,91,127,25,23.506332,19.189918,2.14737,0.0206462,0.408512,6.62782e-05
sopt,0.1,6,0.9999999,10,91,127,25,21.681637,19.433839,1.79662,0.0206464,0.408512,6.63501e-05
clssopt,0.1,6,0.9999999,10,91,127,30,25.664930,19.467910,2.16692,0.0206461,0.408511,6.62848e-05
sopt,0.1,6,0.9999999,10,91,127,30,20.885383,16.190657,1.96919,0.0206464,0.40851,6.63496e-05
clssopt,0.1,6,0.9999999,10,91,127,35,21.710773,17.116353,2.21683,0.0206463,0.408511,6.62832e-05
sopt,0.1,6,0.9999999,10,91,127,35,16.887271,13.287034,1.95389,0.0206466,0.408517,6.63515e-05
clssopt,0.1,6,0.9999999,10,91,127,40,18.370014,19.045156,2.25512,0.0206464,0.408513,6.62913e-05
sopt,0.1,6,0.9999999,10,91,127,40,16.655234,10.972374,1.96593,0.0206467,0.408515,6.63246e-05
clssopt,0.1,6,0.9999999,10,91,127,45,19.038023,12.652807,2.31717,0.0206464,0.408515,6.62884e-05
sopt,0.1,6,0.9999999,10,91,127,45,13.402514,13.190713,2.10112,0.0206467,0.408514,6.6328e-05
clssopt,0.1,6,0.9999999,10,91,127,50,14.697820,12.384243,2.34375,0.0206464,0.408511,6.62867e-05
sopt,0.1,6,0.9999999,10,91,127,50,13.769532,10.849804,2.12182,0.0206467,0.408515,6.63107e-05
clssopt,0.1,6,0.9999999,10,91,127,55,12.622647,11.734852,2.34831,0.0206462,0.408508,6.62921e-05
sopt,0.1,6,0.9999999,10,91,127,55,12.421697,9.474260,2.1825,0.0206464,0.408513,6.63164e-05
clssopt,0.1,6,0.9999999,10,91,127,60,13.399148,10.955641,2.47996,0.0206462,0.408508,6.62929e-05
sopt,0.1,6,0.9999999,10,91,127,60,10.279744,8.625495,2.28235,0.0206464,0.408514,6.63182e-05
clssopt,0.1,6,0.9999999,10,91,127,65,12.567186,10.851315,2.5742,0.0206462,0.408508,6.62915e-05
sopt,0.1,6,0.9999999,10,91,127,65,11.873263,8.153508,2.31348,0.0206464,0.408514,6.63167e-05
clssopt,0.1,6,0.9999999,10,91,127,70,11.341770,11.620379,2.569,0.0206462,0.408507,6.62918e-05
sopt,0.1,6,0.9999999,10,91,127,70,10.822339,7.970230,2.40085,0.0206465,0.408516,6.62917e-05
clssopt,0.1,6,0.9999999,10,91,127,75,11.125890,10.780888,2.63041,0.0206463,0.408507,6.62918e-05
sopt,0.1,6,0.9999999,10,91,127,75,10.966467,7.891936,2.42456,0.0206465,0.408517,6.6293e-05
clssopt,0.1,6,0.9999999,10,91,127,80,9.633822,10.001851,2.68122,0.0206464,0.408507,6.62956e-05
sopt,0.1,6,0.9999999,10,91,127,80,10.434509,8.024649,2.45219,0.0206465,0.408516,6.62937e-05
clssopt,0.1,6,0.9999999,10,91,127,85,9.745338,8.793919,2.68306,0.0206465,0.408507,6.62924e-05
sopt,0.1,6,0.9999999,10,91,127,85,8.596674,7.857378,2.3752,0.0206465,0.408518,6.63038e-05
clssopt,0.1,6,0.9999999,10,91,127,90,9.339196,9.924553,2.75884,0.0206466,0.408508,6.62968e-05
sopt,0.1,6,0.9999999,10,91,127,90,8.385935,7.424198,2.55332,0.0206465,0.408517,6.63035e-05
clssopt,0.1,6,0.9999999,10,91,127,95,8.665554,8.839139,2.75883,0.0206466,0.408509,6.62951e-05
sopt,0.1,6,0.9999999,10,91,127,95,8.507711,7.560636,2.58027,0.0206467,0.408518,6.63031e-05
clssopt,0.1,6,0.9999999,10,91,127,100,9.013924,8.834376,2.82312,0.0206466,0.408511,6.62837e-05
sopt,0.1,6,0.9999999,10,91,127,100,7.979366,7.286828,2.65082,0.0206466,0.408517,6.63019e-05
