method,t,n,xx,vv,ee,q,condV,condE,time,ErrX,ErrV,ErrE
clsdopt,0.1,1,10,10,31,5,30.112016,5.834777,0.503687,0.0206404,0.408191,6.60311e-05
clsqdeim,0.1,1,10,10,31,5,26.928133,9.813961,,0.0518609,1.81771,0.201152
clsgnat,0.1,1,10,10,31,5,42.912781,10.324526,,0.0949432,7.2326,0.63201
dopt,0.1,1,10,10,31,5,17.719141,5.858896,0.543995,0.0206469,0.408525,6.54543e-05
qdeim,0.1,1,10,10,31,5,21.058779,7.999560,,0.0395473,1.73664,0.11631
gnat,0.1,1,10,10,31,5,43.621082,7.261993,,0.0577327,1.92073,0.192562
clsdopt,0.1,1,10,10,31,10,16.324362,4.841530,0.568573,0.0206414,0.408269,6.60664e-05
clsqdeim,0.1,1,10,10,31,10,18.507061,8.502661,,0.0513283,1.21678,0.113844
clsgnat,0.1,1,10,10,31,10,35.906626,9.109872,,0.094841,7.23445,0.646239
dopt,0.1,1,10,10,31,10,10.432632,6.489143,0.58449,0.0206462,0.408492,6.53963e-05
qdeim,0.1,1,10,10,31,10,17.384318,8.205289,,0.00977605,1.72358,0.156109
gnat,0.1,1,10,10,31,10,13.894708,6.036811,,0.0575998,1.94283,0.19678
clsdopt,0.1,1,10,10,31,15,10.949481,3.837506,0.651477,0.0206412,0.408267,6.59964e-05
clsqdeim,0.1,1,10,10,31,15,13.207563,8.055296,,0.0572096,1.6616,0.142025
clsgnat,0.1,1,10,10,31,15,18.060310,6.410725,,0.094865,7.3343,0.675737
dopt,0.1,1,10,10,31,15,9.625832,4.599756,0.623072,0.0206451,0.408492,6.52049e-05
qdeim,0.1,1,10,10,31,15,14.871040,5.230750,,0.0342538,1.43945,0.7677
gnat,0.1,1,10,10,31,15,7.631985,4.180156,,0.0573181,1.90966,0.186945
clsdopt,0.1,1,10,10,31,20,11.765036,4.097214,0.648767,0.0206417,0.408268,6.56707e-05
clsqdeim,0.1,1,10,10,31,20,14.876014,12.635809,,0.0542918,1.17105,0.0760578
clsgnat,0.1,1,10,10,31,20,20.796925,6.471890,,0.0947451,7.35739,0.687539
dopt,0.1,1,10,10,31,20,8.182535,7.783404,0.627049,0.0206451,0.408488,6.51809e-05
qdeim,0.1,1,10,10,31,20,16.230790,10.477374,,0.0372069,1.69923,1.41536
gnat,0.1,1,10,10,31,20,6.390994,4.412373,,0.0573555,1.92052,0.194993
clsdopt,0.1,1,10,10,31,25,7.728568,4.152940,0.7173,0.0206418,0.40827,6.56685e-05
clsqdeim,0.1,1,10,10,31,25,11.488775,5.092841,,0.0331973,1.23555,0.0825108
clsgnat,0.1,1,10,10,31,25,18.613137,6.880309,,0.0947586,7.46428,0.732063
dopt,0.1,1,10,10,31,25,6.597712,3.711612,0.689776,0.0206454,0.408493,6.50205e-05
qdeim,0.1,1,10,10,31,25,10.442216,6.388306,,0.0283368,1.60894,1.10396
gnat,0.1,1,10,10,31,25,7.065245,2.600066,,0.0571316,1.91351,0.189865
clsdopt,0.1,1,10,10,31,30,6.343579,4.560846,1.43102,0.0206425,0.4083,6.56039e-05
clsqdeim,0.1,1,10,10,31,30,12.907251,6.003454,,0.0345392,1.6889,0.37892
clsgnat,0.1,1,10,10,31,30,14.381213,6.433017,,0.0946249,7.62084,0.776734
dopt,0.1,1,10,10,31,30,6.470635,7.279752,1.1692,0.0206449,0.408491,6.50785e-05
qdeim,0.1,1,10,10,31,30,11.834342,9.938774,,0.00886128,4.19481,0.0885865
gnat,0.1,1,10,10,31,30,4.911280,4.908012,,0.0572969,2.20574,0.199794
clsdopt,0.1,1,10,10,31,35,6.280875,4.073118,0.794448,0.0206431,0.408318,6.55694e-05
clsqdeim,0.1,1,10,10,31,35,8.439934,3.310641,,0.0228143,2.08813,0.146786
clsgnat,0.1,1,10,10,31,35,10.748088,4.825103,,0.0916348,4.40256,0.62489
dopt,0.1,1,10,10,31,35,5.563154,3.368441,0.735927,0.0206448,0.408488,6.50281e-05
qdeim,0.1,1,10,10,31,35,10.108176,4.866832,0.68945,0.000312799,0.0449103,0.0055624
gnat,0.1,1,10,10,31,35,5.061619,2.941875,,0.0391966,1.70042,0.0954599
clsdopt,0.1,1,10,10,31,40,5.288464,3.548182,0.819402,0.0206426,0.408328,6.55382e-05
clsqdeim,0.1,1,10,10,31,40,10.722150,4.356103,,0.0200967,1.04549,0.104037
clsgnat,0.1,1,10,10,31,40,11.279113,4.858891,,0.0921839,805.361,
dopt,0.1,1,10,10,31,40,5.170659,4.669192,0.797801,0.0206449,0.408484,6.49529e-05
qdeim,0.1,1,10,10,31,40,10.238421,6.726769,0.878803,0.00223548,0.561814,0.0563072
gnat,0.1,1,10,10,31,40,4.228529,3.910083,,0.037138,1.69015,0.0762892
clsdopt,0.1,1,10,10,31,45,4.865544,2.991536,0.909851,0.0206426,0.408326,6.54595e-05
clsqdeim,0.1,1,10,10,31,45,7.329704,3.117282,,0.0363519,0.963298,0.0468667
clsgnat,0.1,1,10,10,31,45,10.429410,2.708691,,0.0928193,6.07291,0.465949
dopt,0.1,1,10,10,31,45,4.501006,2.485736,0.78471,0.0206449,0.408483,6.49604e-05
qdeim,0.1,1,10,10,31,45,8.522802,4.040456,0.873102,0.00144348,0.371319,0.042693
gnat,0.1,1,10,10,31,45,4.995516,3.447759,,0.0348158,1.90002,0.133007
clsdopt,0.1,1,10,10,31,50,5.632252,2.768935,0.95773,0.0206422,0.408344,6.54432e-05
clsqdeim,0.1,1,10,10,31,50,10.049787,3.893670,,0.0362361,1.1196,0.0522384
clsgnat,0.1,1,10,10,31,50,9.509795,2.787463,,0.0926104,19.7222,2.56619
dopt,0.1,1,10,10,31,50,4.054812,2.828999,0.882605,0.0206447,0.408481,6.4953e-05
qdeim,0.1,1,10,10,31,50,8.752482,6.338745,0.917411,0.00184143,0.501206,0.0555031
gnat,0.1,1,10,10,31,50,4.151333,2.307191,,0.0359385,2.2541,0.15185
clsdopt,0.1,1,10,10,31,55,4.018036,3.153550,0.968389,0.0206427,0.408363,6.5416e-05
clsqdeim,0.1,1,10,10,31,55,7.602928,3.289828,0.894392,0.0046839,0.389036,0.0272932
clsgnat,0.1,1,10,10,31,55,11.340004,3.256370,,0.0929778,33.0824,7.44146
dopt,0.1,1,10,10,31,55,4.830952,2.832263,0.873645,0.0206447,0.408478,6.49737e-05
qdeim,0.1,1,10,10,31,55,9.284223,4.443984,0.827638,0.00107743,0.215523,0.0250027
gnat,0.1,1,10,10,31,55,3.929326,2.995599,,0.0366328,1.31065,0.0954047
clsdopt,0.1,1,10,10,31,60,4.333421,2.642784,1.00166,0.0206432,0.40838,6.54312e-05
clsqdeim,0.1,1,10,10,31,60,7.903405,3.086525,0.854427,0.000929426,0.0672779,0.00328023
clsgnat,0.1,1,10,10,31,60,8.420169,2.708913,,0.0929952,21.677,3.23618
dopt,0.1,1,10,10,31,60,4.535230,2.892978,0.873211,0.0206447,0.408481,6.49898e-05
qdeim,0.1,1,10,10,31,60,8.343027,5.469419,0.877244,0.000177495,0.0381136,0.00420409
gnat,0.1,1,10,10,31,60,3.816652,2.222925,,0.0410943,21.3042,0.118641
clsdopt,0.1,1,10,10,31,65,4.041821,2.805483,1.04509,0.0206437,0.408383,6.54037e-05
clsqdeim,0.1,1,10,10,31,65,6.747800,2.245670,0.980614,0.000713873,0.0623729,0.00448627
clsgnat,0.1,1,10,10,31,65,8.891517,2.880453,,0.0930514,26.5064,4.92246
dopt,0.1,1,10,10,31,65,3.909092,2.358939,0.976821,0.0206447,0.40848,6.49261e-05
qdeim,0.1,1,10,10,31,65,6.987699,4.463088,0.869497,0.000187051,0.0277354,0.00306624
gnat,0.1,1,10,10,31,65,3.758782,2.489348,,0.0378831,2.21816,0.144977
clsdopt,0.1,1,10,10,31,70,4.024980,3.146920,1.09556,0.0206437,0.408383,6.53894e-05
clsqdeim,0.1,1,10,10,31,70,6.046238,2.377741,0.945044,0.000794248,0.0903128,0.00715526
clsgnat,0.1,1,10,10,31,70,8.918804,3.226691,,0.0929341,15.5881,1.7593
dopt,0.1,1,10,10,31,70,3.913617,2.001599,1.01058,0.020645,0.408486,6.48859e-05
qdeim,0.1,1,10,10,31,70,6.442797,4.912015,0.873193,0.000235242,0.0328218,0.0037541
gnat,0.1,1,10,10,31,70,3.455062,2.506585,,0.0493959,1.95602,0.11088
clsdopt,0.1,1,10,10,31,75,4.019214,3.015636,1.11931,0.0206438,0.408385,6.54278e-05
clsqdeim,0.1,1,10,10,31,75,7.369580,2.065691,0.984967,0.000833096,0.0681594,0.0062087
clsgnat,0.1,1,10,10,31,75,8.494332,2.835511,,0.0929966,10.9279,1.67947
dopt,0.1,1,10,10,31,75,4.145973,2.605998,1.05995,0.020645,0.408479,6.49414e-05
qdeim,0.1,1,10,10,31,75,7.131901,3.048835,0.927886,0.000200867,0.0279727,0.00297608
gnat,0.1,1,10,10,31,75,3.198745,2.138127,,0.0419159,1.42345,0.838668
clsdopt,0.1,1,10,10,31,80,3.697500,2.850447,1.15129,0.0206438,0.408381,6.54552e-05
clsqdeim,0.1,1,10,10,31,80,6.108098,2.938295,1.01314,0.000822144,0.0688599,0.00618412
clsgnat,0.1,1,10,10,31,80,9.615886,3.532047,,0.0934608,5.1405,0.400711
dopt,0.1,1,10,10,31,80,3.851276,2.193031,1.06899,0.0206451,0.408482,6.49584e-05
qdeim,0.1,1,10,10,31,80,6.321886,4.695507,1.03155,0.000167635,0.0241205,0.00263825
gnat,0.1,1,10,10,31,80,3.328359,2.336719,,0.0459386,1.24535,0.0882114
clsdopt,0.1,1,10,10,31,85,3.976924,3.087695,1.18882,0.0206439,0.408385,6.54457e-05
clsqdeim,0.1,1,10,10,31,85,5.777967,2.316376,1.00022,0.000524754,0.12048,0.00925137
clsgnat,0.1,1,10,10,31,85,8.615169,2.206915,,0.0946754,4.45483,0.260009
dopt,0.1,1,10,10,31,85,3.507015,2.487105,1.07277,0.0206451,0.408485,6.49724e-05
qdeim,0.1,1,10,10,31,85,5.601813,2.988087,0.980573,9.9086e-05,0.0134726,0.00125228
gnat,0.1,1,10,10,31,85,3.307711,1.728894,,0.0396876,1.33011,0.72469
clsdopt,0.1,1,10,10,31,90,3.367144,3.394044,1.20486,0.020644,0.408389,6.54465e-05
clsqdeim,0.1,1,10,10,31,90,6.043255,2.581141,1.09718,0.000287734,0.0401293,0.00240033
clsgnat,0.1,1,10,10,31,90,7.819295,2.369617,,0.094319,7.22355,0.427079
dopt,0.1,1,10,10,31,90,3.518380,2.265652,1.12057,0.0206454,0.40849,6.49825e-05
qdeim,0.1,1,10,10,31,90,5.280963,4.232002,0.960569,3.62183e-05,0.00984281,0.000607123
gnat,0.1,1,10,10,31,90,3.019228,1.675339,,0.0427059,1.77958,0.0831903
clsdopt,0.1,1,10,10,31,95,3.517566,3.459551,1.25163,0.0206441,0.408392,6.54419e-05
clsqdeim,0.1,1,10,10,31,95,6.308474,1.802457,1.1246,0.000258957,0.0359606,0.00254253
clsgnat,0.1,1,10,10,31,95,6.850717,2.224133,,0.0904814,4.2238,0.177537
dopt,0.1,1,10,10,31,95,3.989780,2.567079,1.15158,0.0206453,0.408491,6.50378e-05
qdeim,0.1,1,10,10,31,95,5.693644,2.742745,1.02217,6.08039e-05,0.0133605,0.0011307
gnat,0.1,1,10,10,31,95,3.363769,1.880631,,0.0186532,2.93248,0.0706428
clsdopt,0.1,1,10,10,31,100,3.140383,3.512802,1.29532,0.020644,0.408392,6.54401e-05
clsqdeim,0.1,1,10,10,31,100,6.448976,2.336950,1.11829,0.000192203,0.0498453,0.0034869
clsgnat,0.1,1,10,10,31,100,7.893390,2.437232,,0.091462,5.53609,0.462555
dopt,0.1,1,10,10,31,100,3.639324,2.550565,1.19637,0.0206453,0.408492,6.50439e-05
qdeim,0.1,1,10,10,31,100,5.713592,3.971250,1.03212,0.000217112,0.0284564,0.00335671
gnat,0.1,1,10,10,31,100,3.046126,2.211967,0.806343,0.000869496,0.120033,0.0140679
clsdopt,0.1,2,10,22,52,5,31.569448,16.380047,0.752872,0.0206454,0.40851,6.4454e-05
clsqdeim,0.1,2,10,22,52,5,60.884948,18.220573,,0.0481849,3.79739,0.645355
clsgnat,0.1,2,10,22,52,5,130.665638,52.340366,,0.0970271,186.074,896.531
dopt,0.1,2,10,22,52,5,32.015265,10.772998,0.699982,0.0206462,0.408555,6.49244e-05
qdeim,0.1,2,10,22,52,5,43.453556,16.749467,,0.0207357,2.23457,0.219703
gnat,0.1,2,10,22,52,5,31.745571,15.431444,,0.0711758,4.38341,1.76604
clsdopt,0.1,2,10,22,52,10,28.747028,15.140975,0.812101,0.020646,0.40853,6.47975e-05
clsqdeim,0.1,2,10,22,52,10,44.174450,16.020254,,0.0467934,4.0811,0.441876
clsgnat,0.1,2,10,22,52,10,83.318081,33.246051,,0.0967482,729.963,10047.9
dopt,0.1,2,10,22,52,10,19.302439,8.370114,0.743235,0.0206462,0.40855,6.48029e-05
qdeim,0.1,2,10,22,52,10,31.592931,12.253742,,0.0169729,489.683,19527.7
gnat,0.1,2,10,22,52,10,26.089063,8.150577,,0.0711327,4.43891,1.78994
clsdopt,0.1,2,10,22,52,15,19.607624,11.951328,0.802271,0.0206463,0.408526,6.48173e-05
clsqdeim,0.1,2,10,22,52,15,31.511905,15.860664,,0.0528348,2.43636,0.272059
clsgnat,0.1,2,10,22,52,15,54.296842,18.199752,,0.0969603,108.555,172.39
dopt,0.1,2,10,22,52,15,14.478757,7.231691,0.774426,0.0206459,0.408546,6.49684e-05
qdeim,0.1,2,10,22,52,15,39.789749,10.844145,,0.00993971,2.64552,0.320953
gnat,0.1,2,10,22,52,15,14.675178,7.961377,,0.0711177,4.4741,1.80525
clsdopt,0.1,2,10,22,52,20,11.816976,5.927502,0.94556,0.0206461,0.408532,6.48729e-05
clsqdeim,0.1,2,10,22,52,20,28.135043,12.194228,,0.0421118,2.03356,0.166534
clsgnat,0.1,2,10,22,52,20,49.235262,20.440473,,0.0967451,1521.64,37426.3
dopt,0.1,2,10,22,52,20,12.942555,6.201880,0.90811,0.0206462,0.408555,6.50157e-05
qdeim,0.1,2,10,22,52,20,42.004961,10.469419,,0.0145176,1.25957,0.137013
gnat,0.1,2,10,22,52,20,11.851766,7.145420,,0.0711743,4.53581,1.84163
clsdopt,0.1,2,10,22,52,25,10.507885,6.483304,0.939768,0.0206461,0.408526,6.50215e-05
clsqdeim,0.1,2,10,22,52,25,30.513855,12.456380,,0.0352495,6.60732,2.36524
clsgnat,0.1,2,10,22,52,25,37.698622,13.300660,,0.0964194,266.307,374.788
dopt,0.1,2,10,22,52,25,10.953933,5.499412,0.944287,0.020646,0.408551,6.5061e-05
qdeim,0.1,2,10,22,52,25,31.414331,10.064659,,0.00526245,2.14774,0.20878
gnat,0.1,2,10,22,52,25,8.213684,4.826613,,0.0712047,4.48058,1.81266
clsdopt,0.1,2,10,22,52,30,9.060845,4.755246,1.02588,0.0206464,0.408529,6.50276e-05
clsqdeim,0.1,2,10,22,52,30,27.337821,13.320571,,0.0337534,2.97511,0.252678
clsgnat,0.1,2,10,22,52,30,29.386168,11.577048,,0.0966716,1636.45,27849.1
dopt,0.1,2,10,22,52,30,9.668183,5.581707,0.978851,0.0206462,0.408545,6.50951e-05
qdeim,0.1,2,10,22,52,30,39.157844,8.467012,,0.0166744,1.8869,0.288549
gnat,0.1,2,10,22,52,30,9.984481,4.153437,,0.0711218,4.67526,1.92053
clsdopt,0.1,2,10,22,52,35,8.275230,4.524828,1.01642,0.0206461,0.408522,6.50628e-05
clsqdeim,0.1,2,10,22,52,35,29.153732,7.179678,,0.0185563,2.60586,0.21005
clsgnat,0.1,2,10,22,52,35,31.286562,9.490860,,0.0963687,,1.27486e+07
dopt,0.1,2,10,22,52,35,8.294759,6.342199,0.910739,0.0206462,0.408547,6.51591e-05
qdeim,0.1,2,10,22,52,35,33.438331,7.371224,,0.0150874,1.84919,0.213538
gnat,0.1,2,10,22,52,35,7.439589,4.500339,,0.0711831,4.57417,1.86589
clsdopt,0.1,2,10,22,52,40,7.860567,3.934199,1.04416,0.0206465,0.408522,6.49447e-05
clsqdeim,0.1,2,10,22,52,40,23.624551,6.858151,,0.0252098,2.3145,0.176131
clsgnat,0.1,2,10,22,52,40,24.561931,10.814673,,0.0968437,112.423,151.763
dopt,0.1,2,10,22,52,40,7.434795,4.587443,0.979559,0.0206459,0.408544,6.51436e-05
qdeim,0.1,2,10,22,52,40,27.574735,6.444809,,0.00503317,2.56588,0.362149
gnat,0.1,2,10,22,52,40,7.112376,3.873373,,0.0712109,4.53955,1.84023
clsdopt,0.1,2,10,22,52,45,6.914287,3.529262,1.07449,0.0206471,0.408526,6.50593e-05
clsqdeim,0.1,2,10,22,52,45,20.404713,5.712988,,0.0242204,2.01648,0.140519
clsgnat,0.1,2,10,22,52,45,22.202625,10.564452,,0.096683,2454.39,64236.9
dopt,0.1,2,10,22,52,45,7.629565,5.150631,1.03678,0.0206457,0.408537,6.51698e-05
qdeim,0.1,2,10,22,52,45,28.304517,6.737507,1.10878,0.00326064,0.668537,0.0663826
gnat,0.1,2,10,22,52,45,6.245562,3.533208,,0.0711707,4.58616,1.86407
clsdopt,0.1,2,10,22,52,50,6.652193,4.056956,1.1389,0.0206471,0.408529,6.50843e-05
clsqdeim,0.1,2,10,22,52,50,21.515477,5.455526,,0.0217389,1.96533,0.124176
clsgnat,0.1,2,10,22,52,50,20.429421,8.797379,,0.096688,2191.67,48127.1
dopt,0.1,2,10,22,52,50,7.093598,4.378313,1.02668,0.0206459,0.408535,6.50742e-05
qdeim,0.1,2,10,22,52,50,17.081653,6.259007,,0.00997636,3.15309,0.248718
gnat,0.1,2,10,22,52,50,5.822714,4.513479,,0.0711637,4.54545,1.8413
clsdopt,0.1,2,10,22,52,55,5.957540,3.514917,1.15404,0.0206472,0.408529,6.50662e-05
clsqdeim,0.1,2,10,22,52,55,20.695123,6.801465,,0.024172,2.31876,0.194293
clsgnat,0.1,2,10,22,52,55,19.337242,11.465895,,0.0968662,105.486,133.386
dopt,0.1,2,10,22,52,55,7.292789,3.996177,1.14767,0.0206459,0.408533,6.50343e-05
qdeim,0.1,2,10,22,52,55,16.602241,7.596174,,0.00675082,2.82258,0.264372
gnat,0.1,2,10,22,52,55,5.992172,4.434250,,0.0712072,4.51928,1.83647
clsdopt,0.1,2,10,22,52,60,6.675768,3.966905,1.18767,0.0206474,0.408529,6.51008e-05
clsqdeim,0.1,2,10,22,52,60,20.418010,4.568643,,0.0205868,2.16804,0.180263
clsgnat,0.1,2,10,22,52,60,25.111966,9.467705,,0.0967431,12632.5,1.45468e+06
dopt,0.1,2,10,22,52,60,5.491450,3.979943,1.14587,0.0206461,0.408531,6.50084e-05
qdeim,0.1,2,10,22,52,60,19.552286,4.819416,,0.0146469,3.9475,0.290808
gnat,0.1,2,10,22,52,60,5.684031,3.243421,,0.071206,4.52825,1.84655
clsdopt,0.1,2,10,22,52,65,6.774514,3.344126,1.16981,0.0206473,0.408526,6.50724e-05
clsqdeim,0.1,2,10,22,52,65,26.854103,4.740230,,0.0198559,2.48258,0.558521
clsgnat,0.1,2,10,22,52,65,19.923663,8.895829,,0.0969915,273.64,2999.58
dopt,0.1,2,10,22,52,65,6.421933,3.831326,1.20875,0.0206461,0.408531,6.50398e-05
qdeim,0.1,2,10,22,52,65,17.439896,4.563448,1.28702,0.00445539,0.998721,0.110134
gnat,0.1,2,10,22,52,65,7.524754,3.174961,,0.071212,4.54905,1.84934
clsdopt,0.1,2,10,22,52,70,5.480078,3.348131,1.26244,0.0206475,0.408525,6.50749e-05
clsqdeim,0.1,2,10,22,52,70,19.265986,4.421267,,0.0136349,3.08888,0.749571
clsgnat,0.1,2,10,22,52,70,16.580161,8.445685,,0.0972791,52.3936,25.7739
dopt,0.1,2,10,22,52,70,5.143176,3.549690,1.27096,0.0206464,0.408531,6.50749e-05
qdeim,0.1,2,10,22,52,70,12.336180,5.315257,1.2793,0.00370047,0.79914,0.0839594
gnat,0.1,2,10,22,52,70,4.942970,3.202581,,0.0563612,3.28997,0.477234
clsdopt,0.1,2,10,22,52,75,5.291102,3.389467,1.3072,0.0206476,0.408526,6.50738e-05
clsqdeim,0.1,2,10,22,52,75,18.003914,4.393518,,0.0144879,2.81235,0.593611
clsgnat,0.1,2,10,22,52,75,16.276651,7.445877,,0.0959576,15.4289,2.75332
dopt,0.1,2,10,22,52,75,5.250452,3.120562,1.28599,0.0206465,0.40853,6.51463e-05
qdeim,0.1,2,10,22,52,75,14.661627,5.110310,1.40899,0.00395797,1.21094,0.124221
gnat,0.1,2,10,22,52,75,5.011702,2.652725,,0.0428866,6.21822,0.549674
clsdopt,0.1,2,10,22,52,80,5.031798,3.108838,1.35683,0.0206482,0.408529,6.50846e-05
clsqdeim,0.1,2,10,22,52,80,19.059403,4.275887,,0.00909896,3.14195,0.639197
clsgnat,0.1,2,10,22,52,80,24.055562,7.568025,,0.0953575,20.3755,4.80626
dopt,0.1,2,10,22,52,80,5.260996,3.517594,1.30865,0.0206465,0.408529,6.51876e-05
qdeim,0.1,2,10,22,52,80,14.418943,4.877882,1.38365,0.00250133,0.538721,0.0574603
gnat,0.1,2,10,22,52,80,4.252572,2.642884,,0.0473907,3.5069,0.321205
clsdopt,0.1,2,10,22,52,85,4.457009,3.294575,1.34979,0.020648,0.408529,6.51174e-05
clsqdeim,0.1,2,10,22,52,85,16.320182,3.610407,,0.00804702,32.394,1.10059
clsgnat,0.1,2,10,22,52,85,13.407064,6.388311,,0.0958964,29.9255,9.07149
dopt,0.1,2,10,22,52,85,5.276243,4.000447,1.39111,0.0206466,0.40853,6.52145e-05
qdeim,0.1,2,10,22,52,85,13.303889,4.674474,1.39158,0.00198491,0.361704,0.0386767
gnat,0.1,2,10,22,52,85,4.659370,2.547119,,0.0486552,2.51243,0.200215
clsdopt,0.1,2,10,22,52,90,4.686985,2.827397,1.41282,0.0206481,0.40853,6.51185e-05
clsqdeim,0.1,2,10,22,52,90,17.357062,3.290125,,0.0135404,2.91227,0.515628
clsgnat,0.1,2,10,22,52,90,13.387532,7.009402,,0.0961334,42.5041,15.0441
dopt,0.1,2,10,22,52,90,4.820743,2.980246,1.54991,0.0206466,0.408531,6.52078e-05
qdeim,0.1,2,10,22,52,90,13.941424,4.718231,1.78732,0.00453426,1.57709,0.166791
gnat,0.1,2,10,22,52,90,3.964802,3.043137,,0.052421,2.47384,0.230187
clsdopt,0.1,2,10,22,52,95,4.605343,3.012150,1.5274,0.0206485,0.408529,6.51341e-05
clsqdeim,0.1,2,10,22,52,95,17.040445,3.792032,,0.00925133,2.42886,0.334097
clsgnat,0.1,2,10,22,52,95,13.246632,6.018784,,0.0950868,32.9257,8.99886
dopt,0.1,2,10,22,52,95,4.760467,3.059335,1.50643,0.0206467,0.408531,6.52376e-05
qdeim,0.1,2,10,22,52,95,11.255459,4.154304,1.54484,0.00267343,0.552277,0.063766
gnat,0.1,2,10,22,52,95,3.970911,2.589694,,0.0399637,7.50647,0.379615
clsdopt,0.1,2,10,22,52,100,5.055341,2.999269,1.57667,0.0206483,0.408527,6.51227e-05
clsqdeim,0.1,2,10,22,52,100,15.999913,3.329861,,0.00512554,1.27585,0.103511
clsgnat,0.1,2,10,22,52,100,14.226825,6.084776,,0.0958489,40.557,19.1618
dopt,0.1,2,10,22,52,100,4.512107,3.043031,1.47669,0.0206465,0.408529,6.51887e-05
qdeim,0.1,2,10,22,52,100,13.682526,4.559859,1.54017,0.00214922,0.402172,0.0473931
gnat,0.1,2,10,22,52,100,3.907839,2.624516,,0.0424959,2.31213,0.211161
clsdopt,0.1,3,10,32,72,5,57.983390,30.920001,1.01532,0.0206461,0.408549,6.63353e-05
clsqdeim,0.1,3,10,32,72,5,107.377390,11.500163,,0.0673496,4.27888,1.53496
clsgnat,0.1,3,10,32,72,5,221.778888,48.829329,,0.0962624,15994.8,6.03548e+06
dopt,0.1,3,10,32,72,5,43.120444,26.819968,0.869591,0.0206469,0.408544,6.63064e-05
qdeim,0.1,3,10,32,72,5,63.481037,22.178504,,0.0584526,9.0546,1.97554
gnat,0.1,3,10,32,72,5,45.729070,27.374710,,0.0629614,7.12618,17.5552
clsdopt,0.1,3,10,32,72,10,37.408124,14.842681,0.990661,0.0206461,0.408541,6.63042e-05
clsqdeim,0.1,3,10,32,72,10,42.308515,16.040090,,0.0668434,8.86841,3.81388
clsgnat,0.1,3,10,32,72,10,94.146998,51.119140,,0.0961803,15455.4,5.60356e+06
dopt,0.1,3,10,32,72,10,31.463033,13.070508,0.867946,0.020647,0.408535,6.63077e-05
qdeim,0.1,3,10,32,72,10,41.507119,16.073744,,0.0555346,10.4846,2.13361
gnat,0.1,3,10,32,72,10,26.939860,17.814528,,0.062813,7.50898,23.7845
clsdopt,0.1,3,10,32,72,15,23.683679,11.399663,1.09216,0.0206462,0.408541,6.63144e-05
clsqdeim,0.1,3,10,32,72,15,36.709279,8.505376,,0.0653829,9.03829,4.70893
clsgnat,0.1,3,10,32,72,15,85.121654,39.893637,,0.0961853,15494.1,5.63405e+06
dopt,0.1,3,10,32,72,15,25.293225,9.763352,0.961298,0.0206471,0.408534,6.63179e-05
qdeim,0.1,3,10,32,72,15,24.644292,8.387831,,0.0562009,5.91423,2.20722
gnat,0.1,3,10,32,72,15,22.438207,6.890967,,0.0625427,8.05898,37.1047
clsdopt,0.1,3,10,32,72,20,17.128976,8.727943,1.15274,0.0206454,0.408545,6.63316e-05
clsqdeim,0.1,3,10,32,72,20,36.542068,27.496890,,0.0615159,3.06727,0.572208
clsgnat,0.1,3,10,32,72,20,46.679457,26.665039,,0.0962361,13850.3,4.52383e+06
dopt,0.1,3,10,32,72,20,19.292133,7.598869,0.982876,0.0206471,0.408535,6.63469e-05
qdeim,0.1,3,10,32,72,20,23.995097,12.400983,,0.0390042,6.73639,1.77704
gnat,0.1,3,10,32,72,20,17.516166,10.457691,,0.0627264,8.02094,36.4598
clsdopt,0.1,3,10,32,72,25,17.026244,8.704628,1.1935,0.0206453,0.408547,6.63064e-05
clsqdeim,0.1,3,10,32,72,25,42.761046,5.737736,,0.0575353,2.20158,0.268559
clsgnat,0.1,3,10,32,72,25,46.679166,20.855331,,0.096264,17358.5,7.29373e+06
dopt,0.1,3,10,32,72,25,14.082234,8.227660,1.10478,0.0206469,0.40853,6.63384e-05
qdeim,0.1,3,10,32,72,25,19.133390,7.506407,,0.0532443,3.42781,4.51879
gnat,0.1,3,10,32,72,25,14.404617,6.335164,,0.0626926,8.03068,33.2877
clsdopt,0.1,3,10,32,72,30,11.906274,7.739247,1.23364,0.0206455,0.408551,6.6307e-05
clsqdeim,0.1,3,10,32,72,30,35.184808,8.338562,,0.0571749,4.03249,0.439302
clsgnat,0.1,3,10,32,72,30,40.492625,19.174171,,0.0962882,19658.5,9.23436e+06
dopt,0.1,3,10,32,72,30,14.314592,7.192086,1.14776,0.0206469,0.408532,6.63365e-05
qdeim,0.1,3,10,32,72,30,22.286343,8.765254,,0.0522807,2.90784,0.600935
gnat,0.1,3,10,32,72,30,12.537165,9.103895,,0.0627919,7.94205,28.676
clsdopt,0.1,3,10,32,72,35,13.039805,6.057522,1.30111,0.0206455,0.408546,6.6306e-05
clsqdeim,0.1,3,10,32,72,35,28.457800,5.050842,,0.0584276,4.49718,0.576638
clsgnat,0.1,3,10,32,72,35,39.244906,16.807912,,0.0962781,,8.15809e+06
dopt,0.1,3,10,32,72,35,10.318272,6.404784,1.19243,0.0206468,0.40853,6.63308e-05
qdeim,0.1,3,10,32,72,35,22.571066,6.786536,,0.0472687,1.98273,0.294925
gnat,0.1,3,10,32,72,35,10.551116,4.597340,,0.0628118,8.12738,3.90395
clsdopt,0.1,3,10,32,72,40,11.295382,5.786745,1.3413,0.0206455,0.408541,6.62948e-05
clsqdeim,0.1,3,10,32,72,40,25.818349,18.949813,,0.0566251,4.09177,0.590322
clsgnat,0.1,3,10,32,72,40,38.332092,22.656701,,0.0962621,17362.7,7.13121e+06
dopt,0.1,3,10,32,72,40,10.412744,5.706589,1.25059,0.0206468,0.408528,6.63462e-05
qdeim,0.1,3,10,32,72,40,23.552119,7.050573,,0.0424901,3.10095,0.357476
gnat,0.1,3,10,32,72,40,11.197626,8.057348,,0.0627912,8.39892,28.8784
clsdopt,0.1,3,10,32,72,45,9.587641,5.566276,1.33021,0.0206456,0.408544,6.6297e-05
clsqdeim,0.1,3,10,32,72,45,24.544554,3.676557,,0.0465885,8.03019,1.84457
clsgnat,0.1,3,10,32,72,45,31.013019,13.724205,,0.09632,23427.8,1.289e+07
dopt,0.1,3,10,32,72,45,10.107205,5.524477,1.28219,0.0206468,0.408529,6.6325e-05
qdeim,0.1,3,10,32,72,45,26.658410,5.795260,,0.0379762,11.0199,2.71036
gnat,0.1,3,10,32,72,45,11.748994,4.754102,,0.0627802,8.37704,4.26526
clsdopt,0.1,3,10,32,72,50,7.804436,4.580012,1.46946,0.0206456,0.408541,6.63038e-05
clsqdeim,0.1,3,10,32,72,50,21.773158,6.450664,,0.0436675,7.05857,9.6929
clsgnat,0.1,3,10,32,72,50,33.587348,13.342493,,0.0963281,21549.9,1.09136e+07
dopt,0.1,3,10,32,72,50,8.664492,4.829721,1.33418,0.0206468,0.408529,6.6322e-05
qdeim,0.1,3,10,32,72,50,17.954616,6.440500,,0.0346009,2.54723,0.364951
gnat,0.1,3,10,32,72,50,9.399341,5.075227,,0.062898,8.08119,3.87509
clsdopt,0.1,3,10,32,72,55,8.011683,4.994293,1.46283,0.0206456,0.40854,6.63072e-05
clsqdeim,0.1,3,10,32,72,55,22.695797,4.414987,,0.0490501,2.72053,0.38344
clsgnat,0.1,3,10,32,72,55,29.062082,12.759435,,0.096388,21170.3,1.07481e+07
dopt,0.1,3,10,32,72,55,8.345480,4.672123,1.348,0.0206468,0.408528,6.63207e-05
qdeim,0.1,3,10,32,72,55,16.371435,4.480977,,0.0329762,4.22986,0.402797
gnat,0.1,3,10,32,72,55,7.257834,3.693828,,0.0629023,7.94105,3.75369
clsdopt,0.1,3,10,32,72,60,8.195041,4.263579,1.59184,0.0206457,0.408538,6.6319e-05
clsqdeim,0.1,3,10,32,72,60,30.591073,6.780579,,0.0468533,23.0071,27.797
clsgnat,0.1,3,10,32,72,60,27.692612,12.123735,,0.096449,23590.5,1.32176e+07
dopt,0.1,3,10,32,72,60,7.680132,4.672834,1.42489,0.0206468,0.40853,6.6329e-05
qdeim,0.1,3,10,32,72,60,18.755975,5.225695,,0.0337868,2.28275,0.309559
gnat,0.1,3,10,32,72,60,9.492885,4.082824,,0.0628955,7.52439,3.36759
clsdopt,0.1,3,10,32,72,65,8.455183,4.739036,1.5704,0.0206458,0.408537,6.63137e-05
clsqdeim,0.1,3,10,32,72,65,20.199250,6.461665,,0.049922,13.5571,11.1581
clsgnat,0.1,3,10,32,72,65,22.761529,12.414356,,0.0964274,23597.9,1.33163e+07
dopt,0.1,3,10,32,72,65,8.472973,4.168117,1.43487,0.0206469,0.408527,6.63147e-05
qdeim,0.1,3,10,32,72,65,15.421354,4.553269,,0.0343262,2.13218,0.282212
gnat,0.1,3,10,32,72,65,6.224836,3.414177,,0.0629749,7.29671,3.14454
clsdopt,0.1,3,10,32,72,70,6.998291,4.374907,1.61352,0.0206457,0.408534,6.63149e-05
clsqdeim,0.1,3,10,32,72,70,17.516246,7.509801,,0.0526177,8.96043,4.90514
clsgnat,0.1,3,10,32,72,70,29.095927,10.547388,,0.0964177,,1.45851e+07
dopt,0.1,3,10,32,72,70,6.722112,4.665777,1.53108,0.0206469,0.40853,6.6304e-05
qdeim,0.1,3,10,32,72,70,16.588133,5.836050,,0.0305841,5.73735,11.9821
gnat,0.1,3,10,32,72,70,8.327362,3.710049,,0.0629891,7.44129,3.32897
clsdopt,0.1,3,10,32,72,75,7.171135,5.081257,1.67638,0.0206458,0.408533,6.6317e-05
clsqdeim,0.1,3,10,32,72,75,19.888998,4.896415,,0.0463322,13.3819,9.14875
clsgnat,0.1,3,10,32,72,75,18.611141,9.360094,,0.0964043,24896.6,1.45395e+07
dopt,0.1,3,10,32,72,75,6.875330,4.195399,1.49725,0.0206468,0.40853,6.63038e-05
qdeim,0.1,3,10,32,72,75,13.792819,4.087750,,0.0329,2.19564,0.286398
gnat,0.1,3,10,32,72,75,18.906508,3.129837,,0.0630457,7.44238,3.31692
clsdopt,0.1,3,10,32,72,80,6.970322,3.792837,1.74159,0.0206459,0.408533,6.63253e-05
clsqdeim,0.1,3,10,32,72,80,17.745760,16.219551,,0.0412497,5.55865,5.96176
clsgnat,0.1,3,10,32,72,80,32.825336,17.811400,,0.0963712,25543.6,1.5342e+07
dopt,0.1,3,10,32,72,80,6.393149,3.684961,1.53869,0.0206465,0.408528,6.6302e-05
qdeim,0.1,3,10,32,72,80,16.907581,8.277094,,0.0317633,5.52155,24.4131
gnat,0.1,3,10,32,72,80,6.515560,5.375181,,0.0630327,7.33057,3.23425
clsdopt,0.1,3,10,32,72,85,6.093053,3.996904,1.72069,0.0206459,0.408534,6.63218e-05
clsqdeim,0.1,3,10,32,72,85,16.237089,4.880934,,0.0456032,2.11675,0.244516
clsgnat,0.1,3,10,32,72,85,20.262869,9.800478,,0.0963725,24039.3,1.35289e+07
dopt,0.1,3,10,32,72,85,6.149348,3.712244,1.6226,0.0206466,0.408528,6.62972e-05
qdeim,0.1,3,10,32,72,85,11.280003,3.663155,,0.0180332,3.11284,0.354989
gnat,0.1,3,10,32,72,85,5.707394,3.177755,,0.0631339,7.15468,3.02536
clsdopt,0.1,3,10,32,72,90,6.884756,3.945723,1.76359,0.0206459,0.408533,6.63123e-05
clsqdeim,0.1,3,10,32,72,90,16.037129,6.574894,,0.0426897,2.20732,0.28854
clsgnat,0.1,3,10,32,72,90,26.591319,12.226606,,0.0963732,25489.5,1.54352e+07
dopt,0.1,3,10,32,72,90,6.149601,4.015075,1.6663,0.0206467,0.408528,6.62909e-05
qdeim,0.1,3,10,32,72,90,12.522534,3.923620,,0.00434966,2.34928,0.23876
gnat,0.1,3,10,32,72,90,7.816093,3.588910,,0.0631294,7.07795,2.94983
clsdopt,0.1,3,10,32,72,95,5.873016,3.929956,1.77287,0.020646,0.408532,6.63099e-05
clsqdeim,0.1,3,10,32,72,95,18.015662,6.157418,,0.0416037,1.92215,0.240736
clsgnat,0.1,3,10,32,72,95,18.752320,8.955870,,0.0964496,29548.6,2.04704e+07
dopt,0.1,3,10,32,72,95,5.743331,3.625527,1.7018,0.0206467,0.408527,6.62823e-05
qdeim,0.1,3,10,32,72,95,11.874602,3.710330,1.95917,0.00177237,0.828609,0.136122
gnat,0.1,3,10,32,72,95,5.200773,3.165869,,0.0631897,7.18007,3.08679
clsdopt,0.1,3,10,32,72,100,5.480214,3.604483,1.77544,0.0206463,0.408531,6.6315e-05
clsqdeim,0.1,3,10,32,72,100,17.067652,9.687442,,0.0413859,1.99599,0.248638
clsgnat,0.1,3,10,32,72,100,19.931583,8.741868,,0.096913,1332.38,17129.8
dopt,0.1,3,10,32,72,100,5.733864,4.513629,1.73462,0.0206467,0.408527,6.6276e-05
qdeim,0.1,3,10,32,72,100,11.367835,5.191119,2.25761,0.00191363,2.03772,0.294669
gnat,0.1,3,10,32,72,100,6.260504,4.125641,,0.0746166,2.62087,2.47115
clsdopt,0.1,4,10,54,90,5,84.037967,34.821698,1.20926,0.0206456,0.408518,6.63515e-05
clsqdeim,0.1,4,10,54,90,5,108.499642,57.691973,,0.0769144,5.07563,1.57595
clsgnat,0.1,4,10,54,90,5,273.098524,166.501075,,0.0980136,1328.05,67532.6
dopt,0.1,4,10,54,90,5,209.083537,40.208996,1.04603,0.0206457,0.408513,6.64562e-05
qdeim,0.1,4,10,54,90,5,136.176246,44.581686,,0.0514812,3.59612,0.783246
gnat,0.1,4,10,54,90,5,49.813724,30.699768,,0.0749582,8.06007,1.73839
clsdopt,0.1,4,10,54,90,10,37.054999,20.539354,1.25597,0.0206458,0.408527,6.62209e-05
clsqdeim,0.1,4,10,54,90,10,62.491156,30.686671,,0.0729833,3.84055,1.06065
clsgnat,0.1,4,10,54,90,10,155.057897,76.675949,,0.0979861,1123.59,48484.2
dopt,0.1,4,10,54,90,10,33.003652,21.440618,1.04968,0.0206459,0.408517,6.64334e-05
qdeim,0.1,4,10,54,90,10,49.141787,28.386140,,0.0487312,2.75268,0.389066
gnat,0.1,4,10,54,90,10,33.112482,18.936750,,0.0749523,8.27048,1.74333
clsdopt,0.1,4,10,54,90,15,41.292368,18.343457,1.35571,0.0206458,0.408529,6.62358e-05
clsqdeim,0.1,4,10,54,90,15,69.646847,63.995028,,0.0683102,4.69563,1.32534
clsgnat,0.1,4,10,54,90,15,163.191044,73.672284,,0.0979829,,7.40524e+06
dopt,0.1,4,10,54,90,15,24.341868,15.729756,1.18252,0.0206459,0.408522,6.63953e-05
qdeim,0.1,4,10,54,90,15,70.767151,19.219476,,0.0395597,4.83429,0.931883
gnat,0.1,4,10,54,90,15,30.857985,14.285631,,0.0749433,8.09475,1.6767
clsdopt,0.1,4,10,54,90,20,27.456358,16.154622,1.42313,0.0206458,0.408535,6.62359e-05
clsqdeim,0.1,4,10,54,90,20,41.315983,35.470804,,0.0609112,4.32816,0.839315
clsgnat,0.1,4,10,54,90,20,67.942196,43.341096,,0.0979987,1186.31,53460.6
dopt,0.1,4,10,54,90,20,18.678834,15.156478,1.16457,0.020646,0.408516,6.63688e-05
qdeim,0.1,4,10,54,90,20,28.768344,13.465479,,0.0281432,5.47799,1.21778
gnat,0.1,4,10,54,90,20,32.394913,16.100065,,0.0749961,7.82737,1.55768
clsdopt,0.1,4,10,54,90,25,23.054498,12.803757,1.49252,0.0206458,0.408542,6.62227e-05
clsqdeim,0.1,4,10,54,90,25,45.570772,28.276808,,0.0510544,8.25168,7.1974
clsgnat,0.1,4,10,54,90,25,59.230500,30.132797,,0.0979875,1293.76,63549.1
dopt,0.1,4,10,54,90,25,13.382369,11.122270,1.29035,0.0206461,0.408518,6.63719e-05
qdeim,0.1,4,10,54,90,25,24.108352,15.074686,,0.0256281,2.20955,0.274882
gnat,0.1,4,10,54,90,25,20.048762,9.853277,,0.0750067,8.07345,1.65371
clsdopt,0.1,4,10,54,90,30,16.539529,11.138085,1.52257,0.0206458,0.408537,6.62314e-05
clsqdeim,0.1,4,10,54,90,30,81.730402,36.367903,,0.054889,16.1531,18.7252
clsgnat,0.1,4,10,54,90,30,90.843774,59.222832,,0.0980066,970.306,
dopt,0.1,4,10,54,90,30,14.886968,11.348085,1.31574,0.0206459,0.408519,6.63736e-05
qdeim,0.1,4,10,54,90,30,34.273330,15.627439,,0.0266454,3.94477,0.693503
gnat,0.1,4,10,54,90,30,25.182146,11.122929,,0.0750016,8.00847,1.58839
clsdopt,0.1,4,10,54,90,35,16.092505,11.306226,1.56673,0.0206456,0.408533,6.62407e-05
clsqdeim,0.1,4,10,54,90,35,33.495116,24.327784,,0.0510119,24.5499,37.1742
clsgnat,0.1,4,10,54,90,35,47.973614,26.390413,,0.0980052,1352.24,67461.7
dopt,0.1,4,10,54,90,35,11.470066,10.104928,1.33431,0.0206463,0.408523,6.63677e-05
qdeim,0.1,4,10,54,90,35,24.079325,12.359945,,0.0285167,4.39401,0.949123
gnat,0.1,4,10,54,90,35,13.224691,7.730419,,0.0749072,8.1498,1.62951
clsdopt,0.1,4,10,54,90,40,12.070300,11.829407,1.57934,0.0206455,0.408532,6.62402e-05
clsqdeim,0.1,4,10,54,90,40,33.931173,19.192651,,0.0397353,3.55134,0.486802
clsgnat,0.1,4,10,54,90,40,62.674971,22.528018,,0.0980065,1885.18,
dopt,0.1,4,10,54,90,40,14.040164,7.837211,1.41336,0.0206463,0.408522,6.6378e-05
qdeim,0.1,4,10,54,90,40,18.705924,14.345115,,0.0347066,3.04906,0.286992
gnat,0.1,4,10,54,90,40,14.279338,7.763686,,0.0749613,8.12432,1.69526
clsdopt,0.1,4,10,54,90,45,13.721490,9.061851,1.62752,0.0206455,0.40853,6.62481e-05
clsqdeim,0.1,4,10,54,90,45,78.607813,21.793560,,0.0338299,2.5959,0.353532
clsgnat,0.1,4,10,54,90,45,60.444378,39.671723,,0.0979521,1265.52,59987.2
dopt,0.1,4,10,54,90,45,10.335334,6.561138,1.40089,0.0206462,0.408519,6.63477e-05
qdeim,0.1,4,10,54,90,45,21.498572,16.259343,,0.0069204,2.29427,0.231722
gnat,0.1,4,10,54,90,45,21.909036,6.972830,,0.0749467,8.06755,1.66199
clsdopt,0.1,4,10,54,90,50,12.031544,9.027037,1.67896,0.0206455,0.40853,6.62428e-05
clsqdeim,0.1,4,10,54,90,50,30.984009,14.223436,,0.0311474,2.9852,0.411855
clsgnat,0.1,4,10,54,90,50,37.496839,23.463780,,0.0979473,1647.86,
dopt,0.1,4,10,54,90,50,9.781771,6.917325,1.49883,0.0206462,0.408522,6.63475e-05
qdeim,0.1,4,10,54,90,50,19.390255,11.354441,,0.00765342,1.96984,0.231977
gnat,0.1,4,10,54,90,50,11.055810,7.952880,,0.0749779,8.17227,1.68683
clsdopt,0.1,4,10,54,90,55,10.583741,9.193978,2.35564,0.0206457,0.408529,6.62466e-05
clsqdeim,0.1,4,10,54,90,55,24.241420,18.973837,,0.031836,1.99298,0.293695
clsgnat,0.1,4,10,54,90,55,38.644304,24.043761,,0.0979458,1182.86,53802.6
dopt,0.1,4,10,54,90,55,9.924614,7.428028,2.14652,0.0206462,0.408525,6.63487e-05
qdeim,0.1,4,10,54,90,55,16.488973,11.312009,,0.0127675,1.44668,0.178747
gnat,0.1,4,10,54,90,55,10.913131,6.010124,,0.0749917,8.24569,1.62514
clsdopt,0.1,4,10,54,90,60,10.620735,7.229514,2.07362,0.0206459,0.408528,6.62394e-05
clsqdeim,0.1,4,10,54,90,60,38.245346,16.544002,,0.0240276,4.2803,0.995755
clsgnat,0.1,4,10,54,90,60,35.751799,32.938415,,0.0979241,1352.77,67670.3
dopt,0.1,4,10,54,90,60,8.457328,7.171574,2.0299,0.0206462,0.408523,6.6351e-05
qdeim,0.1,4,10,54,90,60,20.156592,10.403176,,0.0104275,2.65774,0.349513
gnat,0.1,4,10,54,90,60,14.785457,8.903291,,0.0749842,8.28302,1.71014
clsdopt,0.1,4,10,54,90,65,9.277667,6.685554,2.15636,0.0206459,0.408528,6.62528e-05
clsqdeim,0.1,4,10,54,90,65,24.935854,15.137400,,0.0303071,3.47327,0.729657
clsgnat,0.1,4,10,54,90,65,30.194106,16.969199,,0.0979267,1594.54,
dopt,0.1,4,10,54,90,65,9.106046,6.005654,1.83135,0.0206462,0.408523,6.63517e-05
qdeim,0.1,4,10,54,90,65,17.141994,8.913738,,0.0111003,1.9082,0.212572
gnat,0.1,4,10,54,90,65,10.864252,6.108650,,0.0749456,8.24637,1.73203
clsdopt,0.1,4,10,54,90,70,9.386463,7.816970,2.33576,0.020646,0.408528,6.6259e-05
clsqdeim,0.1,4,10,54,90,70,23.399858,16.838105,,0.0247353,3.82952,0.800409
clsgnat,0.1,4,10,54,90,70,50.863932,21.423712,,0.0979481,1873.54,
dopt,0.1,4,10,54,90,70,8.384324,6.354759,2.12524,0.0206461,0.408524,6.63487e-05
qdeim,0.1,4,10,54,90,70,13.930099,7.912065,,0.00754066,2.79618,0.352315
gnat,0.1,4,10,54,90,70,9.857082,5.553373,,0.0750039,8.04064,1.61728
clsdopt,0.1,4,10,54,90,75,8.392119,7.547054,2.38863,0.020646,0.408529,6.62594e-05
clsqdeim,0.1,4,10,54,90,75,24.816072,14.086118,,0.0211515,8.3278,4.44648
clsgnat,0.1,4,10,54,90,75,24.436405,24.028605,,0.0979392,1739.77,
dopt,0.1,4,10,54,90,75,7.940921,5.803125,2.21191,0.0206463,0.408523,6.63487e-05
qdeim,0.1,4,10,54,90,75,19.053389,9.174900,,0.00417434,6.11234,1.26639
gnat,0.1,4,10,54,90,75,11.352829,5.175670,,0.0750374,7.8725,1.46644
clsdopt,0.1,4,10,54,90,80,7.648345,6.081162,2.25269,0.0206458,0.408523,6.62605e-05
clsqdeim,0.1,4,10,54,90,80,28.641424,11.738092,,0.0267507,2.7331,0.273247
clsgnat,0.1,4,10,54,90,80,24.550167,18.104752,,0.09797,1503.94,82463.5
dopt,0.1,4,10,54,90,80,8.076590,5.840257,2.25362,0.0206462,0.408523,6.63502e-05
qdeim,0.1,4,10,54,90,80,17.449860,7.706718,,0.013636,3.04999,0.600987
gnat,0.1,4,10,54,90,80,8.755410,5.381126,,0.0750327,7.92749,1.51601
clsdopt,0.1,4,10,54,90,85,7.432806,7.305736,2.44256,0.0206456,0.408523,6.6261e-05
clsqdeim,0.1,4,10,54,90,85,19.193542,10.066804,,0.0296098,2.47993,0.245833
clsgnat,0.1,4,10,54,90,85,41.854705,14.404322,,0.0979707,2539.18,
dopt,0.1,4,10,54,90,85,7.445676,5.961686,2.3191,0.0206462,0.408523,6.63436e-05
qdeim,0.1,4,10,54,90,85,15.858575,7.690772,,0.0115659,3.68927,0.360504
gnat,0.1,4,10,54,90,85,7.936046,4.262819,,0.0750395,7.98903,1.50193
clsdopt,0.1,4,10,54,90,90,8.032949,6.006338,2.43957,0.0206456,0.408523,6.62547e-05
clsqdeim,0.1,4,10,54,90,90,85.979470,16.655156,,0.0276244,2.50992,0.269728
clsgnat,0.1,4,10,54,90,90,52.454725,21.800622,,0.097947,2816.27,
dopt,0.1,4,10,54,90,90,6.537868,4.895481,2.3228,0.0206468,0.408522,6.63389e-05
qdeim,0.1,4,10,54,90,90,21.967060,10.325827,,0.00491156,2.9918,0.256602
gnat,0.1,4,10,54,90,90,24.334602,8.901207,,0.075005,7.84977,1.464
clsdopt,0.1,4,10,54,90,95,7.618415,5.987818,2.40456,0.0206456,0.408524,6.62539e-05
clsqdeim,0.1,4,10,54,90,95,17.105088,14.861641,,0.0181013,3.9658,0.546883
clsgnat,0.1,4,10,54,90,95,26.726779,14.040715,,0.097941,2796.46,
dopt,0.1,4,10,54,90,95,6.696383,5.772802,2.20662,0.020647,0.408522,6.63343e-05
qdeim,0.1,4,10,54,90,95,16.716195,6.558360,2.21319,0.00105356,0.453803,0.0521639
gnat,0.1,4,10,54,90,95,6.958549,4.017725,,0.0750434,7.85815,1.4639
clsdopt,0.1,4,10,54,90,100,6.981732,5.936458,2.57032,0.0206458,0.408523,6.62552e-05
clsqdeim,0.1,4,10,54,90,100,16.862321,10.823307,,0.0117985,3.84438,0.555019
clsgnat,0.1,4,10,54,90,100,35.923933,14.805622,,0.0979582,2641.56,
dopt,0.1,4,10,54,90,100,6.136515,5.254928,2.08402,0.0206472,0.408522,6.63216e-05
qdeim,0.1,4,10,54,90,100,14.744905,7.313771,2.25722,0.000577579,0.255584,0.0313363
gnat,0.1,4,10,54,90,100,8.537427,4.190257,,0.0750483,7.88612,1.46922
clsdopt,0.1,5,10,73,110,5,68.463595,49.971404,1.95354,0.020646,0.4085,6.63557e-05
clsqdeim,0.1,5,10,73,110,5,84.341600,66.539792,,0.0820051,15.5585,4.31605
clsgnat,0.1,5,10,73,110,5,241.929828,192.019321,,nan,nan,nan
dopt,0.1,5,10,73,110,5,62.960508,59.093299,1.66233,0.0206457,0.408487,6.6322e-05
qdeim,0.1,5,10,73,110,5,112.087753,41.880121,,0.0598111,24.8642,27.1668
gnat,0.1,5,10,73,110,5,85.063155,67.707745,,0.0862367,7.83082,2.01513
clsdopt,0.1,5,10,73,110,10,46.253142,27.605964,1.57366,0.0206465,0.408529,6.6306e-05
clsqdeim,0.1,5,10,73,110,10,47.027721,48.317314,,0.0806933,17.8323,15.1007
clsgnat,0.1,5,10,73,110,10,157.893086,93.860687,,3.21722e+19,2.77268e+35,3.24004e+68
dopt,0.1,5,10,73,110,10,36.260133,24.015955,1.7793,0.0206457,0.408488,6.63746e-05
qdeim,0.1,5,10,73,110,10,43.891235,22.329854,,0.0480852,9.09149,2.03242
gnat,0.1,5,10,73,110,10,76.309788,27.097532,,0.0861969,7.79282,2.04962
clsdopt,0.1,5,10,73,110,15,32.213606,28.926767,2.04395,0.0206465,0.408529,6.62813e-05
clsqdeim,0.1,5,10,73,110,15,54.615006,23.759253,,0.0800954,16.1625,15.0827
clsgnat,0.1,5,10,73,110,15,93.793731,60.858198,,nan,nan,5.86021e+20
dopt,0.1,5,10,73,110,15,26.688263,22.402957,1.44182,0.0206461,0.4085,6.63927e-05
qdeim,0.1,5,10,73,110,15,41.654213,29.338669,,0.0427672,2.49478,0.327585
gnat,0.1,5,10,73,110,15,32.807340,17.401177,,0.0862042,7.86903,2.13055
clsdopt,0.1,5,10,73,110,20,30.159819,19.489124,1.87464,0.0206464,0.408529,6.62984e-05
clsqdeim,0.1,5,10,73,110,20,43.213783,23.690232,,0.0773186,1494.52,2.33784e+06
clsgnat,0.1,5,10,73,110,20,104.550906,53.786424,,7.99535e+30,3.38393e+46,3.2923e+92
dopt,0.1,5,10,73,110,20,21.167525,16.804725,1.4557,0.0206461,0.408506,6.64117e-05
qdeim,0.1,5,10,73,110,20,34.902741,18.488623,,0.0364547,2.46862,0.261334
gnat,0.1,5,10,73,110,20,28.587793,16.405012,,0.0863194,9.85862,3.92408
clsdopt,0.1,5,10,73,110,25,22.932662,16.696317,1.83005,0.0206463,0.408529,6.63114e-05
clsqdeim,0.1,5,10,73,110,25,45.941228,18.941241,,0.0689339,4.47912,0.732859
clsgnat,0.1,5,10,73,110,25,90.235869,44.550237,,2.79568e+33,6.08011e+49,1.34652e+97
dopt,0.1,5,10,73,110,25,18.409364,16.532200,1.54254,0.0206457,0.408503,6.64191e-05
qdeim,0.1,5,10,73,110,25,21.821198,23.588308,,0.035831,2.0542,0.226297
gnat,0.1,5,10,73,110,25,23.191253,16.737519,,0.0862263,7.92247,2.0685
clsdopt,0.1,5,10,73,110,30,18.771356,13.051860,1.83551,0.0206466,0.408531,6.63028e-05
clsqdeim,0.1,5,10,73,110,30,53.901050,14.872604,,0.0670397,3.13366,0.56212
clsgnat,0.1,5,10,73,110,30,70.433155,46.749287,,nan,nan,nan
dopt,0.1,5,10,73,110,30,17.351803,11.710358,1.57042,0.0206459,0.408508,6.63928e-05
qdeim,0.1,5,10,73,110,30,26.855512,16.932326,,0.0392935,3.24997,12.1458
gnat,0.1,5,10,73,110,30,17.380274,10.765821,,0.0862624,9.61662,3.27035
clsdopt,0.1,5,10,73,110,35,16.518112,18.711592,1.97466,0.0206466,0.408531,6.63104e-05
clsqdeim,0.1,5,10,73,110,35,37.145858,14.968934,,0.0672194,2.88129,0.444997
clsgnat,0.1,5,10,73,110,35,58.563589,43.124877,,nan,nan,nan
dopt,0.1,5,10,73,110,35,13.379593,9.845640,2.06296,0.020646,0.408512,6.63924e-05
qdeim,0.1,5,10,73,110,35,21.026945,17.372266,,0.0363948,3.02723,0.357811
gnat,0.1,5,10,73,110,35,14.620582,10.831280,,0.086316,9.26489,2.80938
clsdopt,0.1,5,10,73,110,40,14.809783,12.790929,2.38876,0.0206466,0.408529,6.63126e-05
clsqdeim,0.1,5,10,73,110,40,47.569546,13.488759,,0.0574716,4.70988,0.83466
clsgnat,0.1,5,10,73,110,40,60.069982,34.570105,,8.52672e+10,2.08203e+27,8.45519e+51
dopt,0.1,5,10,73,110,40,13.402785,9.410865,1.72177,0.0206461,0.40851,6.63825e-05
qdeim,0.1,5,10,73,110,40,27.503018,12.890325,,0.0234727,4.84213,0.970659
gnat,0.1,5,10,73,110,40,17.131606,9.979383,,0.0862991,8.96039,3.58051
clsdopt,0.1,5,10,73,110,45,13.320564,11.373894,2.00593,0.0206465,0.408528,6.63073e-05
clsqdeim,0.1,5,10,73,110,45,40.580595,13.260046,,0.0567029,9.01709,3.38753
clsgnat,0.1,5,10,73,110,45,53.233096,32.374419,,nan,nan,nan
dopt,0.1,5,10,73,110,45,12.606984,10.291745,1.77346,0.0206457,0.408509,6.63824e-05
qdeim,0.1,5,10,73,110,45,21.376419,12.380229,,0.0193116,4.44254,0.753373
gnat,0.1,5,10,73,110,45,13.999872,8.288685,,0.0863163,8.80009,3.25621
clsdopt,0.1,5,10,73,110,50,14.114878,10.714536,2.05567,0.0206465,0.408528,6.63116e-05
clsqdeim,0.1,5,10,73,110,50,36.986466,14.551220,,0.0612212,4.84132,0.890098
clsgnat,0.1,5,10,73,110,50,50.161742,26.075350,,4.86192e+15,3.5683e+31,1.58792e+62
dopt,0.1,5,10,73,110,50,11.315421,10.010377,1.80084,0.0206455,0.40851,6.63702e-05
qdeim,0.1,5,10,73,110,50,21.754212,13.025531,,0.00907735,2.54924,0.249244
gnat,0.1,5,10,73,110,50,14.885497,7.880252,,0.086298,9.07922,3.64507
clsdopt,0.1,5,10,73,110,55,13.907721,11.133038,2.22412,0.0206466,0.408529,6.62894e-05
clsqdeim,0.1,5,10,73,110,55,53.717901,14.743741,,0.0612811,3.47014,0.570411
clsgnat,0.1,5,10,73,110,55,72.532911,27.629944,,1.20218e+61,8.91785e+76,nan
dopt,0.1,5,10,73,110,55,13.025940,8.291464,1.90591,0.0206462,0.408511,6.63572e-05
qdeim,0.1,5,10,73,110,55,37.414885,11.454170,,0.00406376,3.78256,0.672625
gnat,0.1,5,10,73,110,55,30.556718,8.021887,,0.0862416,7.71883,1.98652
clsdopt,0.1,5,10,73,110,60,12.348929,9.313226,2.17121,0.0206464,0.408523,6.62955e-05
clsqdeim,0.1,5,10,73,110,60,35.506028,12.836895,,0.0488741,4.71206,0.727792
clsgnat,0.1,5,10,73,110,60,50.049377,23.909753,,nan,nan,nan
dopt,0.1,5,10,73,110,60,10.616372,7.072716,1.92885,0.0206462,0.408512,6.63599e-05
qdeim,0.1,5,10,73,110,60,19.454667,10.522820,2.6025,0.00291103,2.89913,0.328473
gnat,0.1,5,10,73,110,60,12.620055,7.281417,,0.0862112,7.90405,2.1073
clsdopt,0.1,5,10,73,110,65,11.176353,8.876371,2.2209,0.0206465,0.408524,6.62952e-05
clsqdeim,0.1,5,10,73,110,65,28.700372,14.475784,,0.0464429,4.78465,0.759131
clsgnat,0.1,5,10,73,110,65,38.385018,24.413306,13.0228,0.0996076,5704.6,1.90519e+06
dopt,0.1,5,10,73,110,65,8.621997,8.043272,1.97629,0.0206464,0.408517,6.63556e-05
qdeim,0.1,5,10,73,110,65,16.064826,9.715307,2.13882,0.000688654,0.303046,0.0304397
gnat,0.1,5,10,73,110,65,12.852022,7.616504,,0.086214,7.96932,2.15671
clsdopt,0.1,5,10,73,110,70,10.656901,8.477505,2.2568,0.0206465,0.408524,6.62966e-05
clsqdeim,0.1,5,10,73,110,70,27.009888,18.775698,,0.0426584,4.09972,0.59697
clsgnat,0.1,5,10,73,110,70,31.596658,20.354814,,1.93592e+25,2.30403e+41,2.03883e+81
dopt,0.1,5,10,73,110,70,8.962416,7.268268,2.00018,0.0206465,0.408517,6.63496e-05
qdeim,0.1,5,10,73,110,70,18.933069,9.585614,2.03857,0.000430948,0.236203,0.0232794
gnat,0.1,5,10,73,110,70,10.175572,6.687701,,0.0861965,8.00476,2.16433
clsdopt,0.1,5,10,73,110,75,10.916784,8.621622,4.77122,0.0206464,0.408517,6.63025e-05
clsqdeim,0.1,5,10,73,110,75,22.841438,21.284610,,0.0393519,4.72533,0.717597
clsgnat,0.1,5,10,73,110,75,31.371587,23.153580,,9.39777e+12,4.9561e+28,6.06027e+56
dopt,0.1,5,10,73,110,75,9.265482,7.287521,2.03138,0.0206465,0.408516,6.63539e-05
qdeim,0.1,5,10,73,110,75,16.586895,8.748613,2.03631,4.90123e-05,0.0211426,0.00226652
gnat,0.1,5,10,73,110,75,10.620155,6.520958,,0.086213,7.95534,2.14738
clsdopt,0.1,5,10,73,110,80,9.330180,7.906705,2.29209,0.0206464,0.408518,6.62972e-05
clsqdeim,0.1,5,10,73,110,80,27.784374,29.109095,,0.0341195,5.81525,1.06405
clsgnat,0.1,5,10,73,110,80,36.246305,22.591242,,nan,nan,nan
dopt,0.1,5,10,73,110,80,9.323058,6.467016,2.08097,0.0206466,0.408518,6.63473e-05
qdeim,0.1,5,10,73,110,80,40.018530,9.023289,2.13201,4.15643e-05,0.0119222,0.00112847
gnat,0.1,5,10,73,110,80,10.951068,5.819491,,0.0862061,7.99042,2.17907
clsdopt,0.1,5,10,73,110,85,9.042288,7.013252,2.3487,0.0206465,0.408518,6.62953e-05
clsqdeim,0.1,5,10,73,110,85,22.372003,25.112974,,0.0373378,6.39023,1.42211
clsgnat,0.1,5,10,73,110,85,33.552572,18.471691,,2.33433e+43,3.59919e+59,nan
dopt,0.1,5,10,73,110,85,9.158493,6.532331,2.14612,0.0206465,0.408518,6.63295e-05
qdeim,0.1,5,10,73,110,85,16.507180,9.062147,2.15864,4.04369e-05,0.0104641,0.00112213
gnat,0.1,5,10,73,110,85,9.585088,6.527538,,0.0862078,7.98725,2.17194
clsdopt,0.1,5,10,73,110,90,8.773150,7.087195,2.31091,0.0206465,0.408518,6.62954e-05
clsqdeim,0.1,5,10,73,110,90,24.265884,31.601984,,0.0380315,6.06833,1.34317
clsgnat,0.1,5,10,73,110,90,32.054401,17.838089,,1.89362e+31,1.7136e+47,7.65693e+92
dopt,0.1,5,10,73,110,90,8.425018,6.215623,2.20179,0.0206466,0.408518,6.63292e-05
qdeim,0.1,5,10,73,110,90,16.664250,8.576367,2.23711,2.6329e-05,0.00654031,0.00080847
gnat,0.1,5,10,73,110,90,9.298069,5.500186,,0.0862056,7.98748,2.18362
clsdopt,0.1,5,10,73,110,95,8.483163,7.518606,2.34627,0.0206464,0.408517,6.6297e-05
clsqdeim,0.1,5,10,73,110,95,22.135983,31.341109,,0.0281197,5.62401,1.20368
clsgnat,0.1,5,10,73,110,95,24.519037,17.561839,,nan,nan,nan
dopt,0.1,5,10,73,110,95,7.645577,5.879840,2.22122,0.0206466,0.408518,6.63309e-05
qdeim,0.1,5,10,73,110,95,13.024214,8.791585,2.26643,2.41182e-05,0.00525878,0.000755312
gnat,0.1,5,10,73,110,95,8.520862,4.928104,,0.0862193,8.00477,2.23784
clsdopt,0.1,5,10,73,110,100,7.688506,6.203932,2.4467,0.0206465,0.408517,6.62955e-05
clsqdeim,0.1,5,10,73,110,100,22.495889,21.146725,,0.0294896,3.96567,0.613243
clsgnat,0.1,5,10,73,110,100,24.509365,19.552274,,8.58353e+28,3.08395e+44,1.31938e+88
dopt,0.1,5,10,73,110,100,7.274418,6.569216,2.2739,0.020647,0.408518,6.6328e-05
qdeim,0.1,5,10,73,110,100,13.529384,8.571340,2.30768,1.74372e-05,0.00493236,0.000636885
gnat,0.1,5,10,73,110,100,8.049452,4.973141,,0.0862171,8.01784,2.25912
clsdopt,0.1,6,10,91,127,5,96.303993,54.179547,1.91037,0.0206459,0.40851,6.62666e-05
clsqdeim,0.1,6,10,91,127,5,150.857324,81.688592,,0.070178,46.606,93.507
clsgnat,0.1,6,10,91,127,5,762.123039,307.631249,,1.65214e+46,6.98624e+62,nan
dopt,0.1,6,10,91,127,5,84.303823,70.255651,1.59914,0.0206459,0.408495,6.63813e-05
qdeim,0.1,6,10,91,127,5,104.089731,67.146270,,0.0649896,4.3102,1.0738
gnat,0.1,6,10,91,127,5,105.475786,93.830240,,0.0734498,14.1413,10.3613
clsdopt,0.1,6,10,91,127,10,48.174768,42.651405,1.97763,0.0206458,0.408506,6.63109e-05
clsqdeim,0.1,6,10,91,127,10,117.138258,51.408240,,0.0696621,33.472,58.1541
clsgnat,0.1,6,10,91,127,10,220.430119,139.884879,,3.49832e+43,7.39136e+59,nan
dopt,0.1,6,10,91,127,10,38.062297,29.858441,1.69013,0.0206463,0.408506,6.6409e-05
qdeim,0.1,6,10,91,127,10,60.234915,30.409312,,0.0652743,5.62597,1.69545
gnat,0.1,6,10,91,127,10,66.350164,48.352648,,0.0733851,27.259,10.7953
clsdopt,0.1,6,10,91,127,15,36.779577,26.598554,2.00782,0.0206459,0.408506,6.626e-05
clsqdeim,0.1,6,10,91,127,15,76.008128,40.706656,,0.067493,3.75573,3.12811
clsgnat,0.1,6,10,91,127,15,116.590088,107.676268,,2.46099e+32,2.59464e+48,3.22271e+95
dopt,0.1,6,10,91,127,15,33.766048,22.124150,1.68796,0.0206465,0.408517,6.63455e-05
qdeim,0.1,6,10,91,127,15,35.333095,30.228055,,0.0605828,3.12401,0.517624
gnat,0.1,6,10,91,127,15,34.244564,22.851213,,0.0734402,15.0361,10.0044
clsdopt,0.1,6,10,91,127,20,33.160474,30.367709,2.11615,0.0206462,0.408513,6.62659e-05
clsqdeim,0.1,6,10,91,127,20,55.541663,52.058248,,0.0707285,27.4051,38.5514
clsgnat,0.1,6,10,91,127,20,106.739659,84.290440,,0.0985156,1.20802e+11,9.35746e+20
dopt,0.1,6,10,91,127,20,25.469772,20.438827,1.77902,0.0206465,0.408515,6.6325e-05
qdeim,0.1,6,10,91,127,20,35.243704,19.800312,,0.0613478,5.49196,0.517082
gnat,0.1,6,10,91,127,20,30.802719,22.809061,,0.0734101,15.2095,11.8146
clsdopt,0.1,6,10,91,127,25,23.506332,19.189918,2.15224,0.0206462,0.408512,6.62782e-05
clsqdeim,0.1,6,10,91,127,25,51.358198,36.664921,,0.0713986,3.48861,0.61276
clsgnat,0.1,6,10,91,127,25,94.694313,63.810177,,4.75079e+77,nan,nan
dopt,0.1,6,10,91,127,25,21.681637,19.433839,1.91609,0.0206464,0.408512,6.63501e-05
qdeim,0.1,6,10,91,127,25,31.790002,23.648088,,0.0590261,6.05426,2.29832
gnat,0.1,6,10,91,127,25,26.368668,24.420954,,0.0733399,15.5832,14.5925
clsdopt,0.1,6,10,91,127,30,25.664930,19.467910,2.23267,0.0206461,0.408511,6.62848e-05
clsqdeim,0.1,6,10,91,127,30,37.840710,34.140019,,0.0677709,4.84731,0.809745
clsgnat,0.1,6,10,91,127,30,64.018733,55.475736,,9.74822e+65,3.99225e+82,nan
dopt,0.1,6,10,91,127,30,20.885383,16.190657,1.95696,0.0206464,0.40851,6.63496e-05
qdeim,0.1,6,10,91,127,30,28.744386,21.668787,,0.0562451,40.2247,54.7175
gnat,0.1,6,10,91,127,30,18.241336,14.514000,,0.073363,16.5849,14.7253
clsdopt,0.1,6,10,91,127,35,21.710773,17.116353,2.23112,0.0206463,0.408511,6.62832e-05
clsqdeim,0.1,6,10,91,127,35,46.155989,42.953134,,0.0669129,5.20947,0.976882
clsgnat,0.1,6,10,91,127,35,68.287402,68.935000,,3.77012e+70,nan,nan
dopt,0.1,6,10,91,127,35,16.887271,13.287034,1.99953,0.0206466,0.408517,6.63515e-05
qdeim,0.1,6,10,91,127,35,25.063449,23.524674,,0.0435997,7.3721,1.6604
gnat,0.1,6,10,91,127,35,19.764730,15.751158,,0.0733785,14.6855,10.8778
clsdopt,0.1,6,10,91,127,40,18.370014,19.045156,2.32475,0.0206464,0.408513,6.62913e-05
clsqdeim,0.1,6,10,91,127,40,42.850231,35.041216,,0.0665863,5.63994,1.11169
clsgnat,0.1,6,10,91,127,40,57.957205,47.629754,,1.24297e+59,2.97364e+75,nan
dopt,0.1,6,10,91,127,40,16.655234,10.972374,2.10755,0.0206467,0.408515,6.63246e-05
qdeim,0.1,6,10,91,127,40,21.711191,20.739127,,0.0390217,2.52614,0.316102
gnat,0.1,6,10,91,127,40,19.330956,11.316254,,0.0733817,14.4254,10.5287
clsdopt,0.1,6,10,91,127,45,19.038023,12.652807,2.36993,0.0206464,0.408515,6.62884e-05
clsqdeim,0.1,6,10,91,127,45,34.009264,28.456510,,0.0676579,18.6645,15.5998
clsgnat,0.1,6,10,91,127,45,61.262238,45.572332,,6.04086e+72,nan,nan
dopt,0.1,6,10,91,127,45,13.402514,13.190713,2.15806,0.0206467,0.408514,6.6328e-05
qdeim,0.1,6,10,91,127,45,24.068829,16.020094,,0.040032,2.41692,0.306995
gnat,0.1,6,10,91,127,45,14.603779,9.969481,,0.0733674,15.398,11.9418
clsdopt,0.1,6,10,91,127,50,14.697820,12.384243,2.42215,0.0206464,0.408511,6.62867e-05
clsqdeim,0.1,6,10,91,127,50,36.694570,31.578958,,0.0655361,11.6784,4.99063
clsgnat,0.1,6,10,91,127,50,59.361193,36.743711,,5.20211e+48,8.07057e+64,nan
dopt,0.1,6,10,91,127,50,13.769532,10.849804,2.15823,0.0206467,0.408515,6.63107e-05
qdeim,0.1,6,10,91,127,50,21.415758,22.514964,,0.0404826,2.32786,0.269638
gnat,0.1,6,10,91,127,50,13.383523,9.580786,,0.073327,17.2294,13.9829
clsdopt,0.1,6,10,91,127,55,12.622647,11.734852,2.46161,0.0206462,0.408508,6.62921e-05
clsqdeim,0.1,6,10,91,127,55,48.316825,31.570556,,0.0664245,21.6259,18.4
clsgnat,0.1,6,10,91,127,55,52.948160,44.522798,,nan,nan,nan
dopt,0.1,6,10,91,127,55,12.421697,9.474260,2.17564,0.0206464,0.408513,6.63164e-05
qdeim,0.1,6,10,91,127,55,20.991848,23.150310,,0.0349101,2.51812,0.299778
gnat,0.1,6,10,91,127,55,12.913305,8.375371,,0.0733794,19.728,17.6592
clsdopt,0.1,6,10,91,127,60,13.399148,10.955641,2.47501,0.0206462,0.408508,6.62929e-05
clsqdeim,0.1,6,10,91,127,60,26.943640,33.606556,,0.0620783,140.644,5346.02
clsgnat,0.1,6,10,91,127,60,45.319265,30.736395,,3.81946e+70,nan,nan
dopt,0.1,6,10,91,127,60,10.279744,8.625495,2.26673,0.0206464,0.408514,6.63182e-05
qdeim,0.1,6,10,91,127,60,15.802592,25.997876,,0.0297978,3.9069,0.616606
gnat,0.1,6,10,91,127,60,10.906656,8.648010,,0.0733775,20.292,25.8221
clsdopt,0.1,6,10,91,127,65,12.567186,10.851315,2.56878,0.0206462,0.408508,6.62915e-05
clsqdeim,0.1,6,10,91,127,65,52.626644,51.084874,,0.0613925,10.4278,4.7966
clsgnat,0.1,6,10,91,127,65,41.850860,52.224313,,9.63321e+77,nan,nan
dopt,0.1,6,10,91,127,65,11.873263,8.153508,2.34302,0.0206464,0.408514,6.63167e-05
qdeim,0.1,6,10,91,127,65,15.921931,53.186433,,0.0200054,57.8418,119.181
gnat,0.1,6,10,91,127,65,13.466684,11.050275,,0.073461,18.6546,17.9405
clsdopt,0.1,6,10,91,127,70,11.341770,11.620379,2.57073,0.0206462,0.408507,6.62918e-05
clsqdeim,0.1,6,10,91,127,70,35.008906,38.980272,,0.0629669,11.1925,5.84906
clsgnat,0.1,6,10,91,127,70,41.976272,44.910209,,2.02916e+57,1.18298e+73,nan
dopt,0.1,6,10,91,127,70,10.822339,7.970230,2.37988,0.0206465,0.408516,6.62917e-05
qdeim,0.1,6,10,91,127,70,14.537100,31.890303,,0.0148676,1.65934,0.204962
gnat,0.1,6,10,91,127,70,10.542219,9.938596,,0.0733995,20.9459,25.1916
clsdopt,0.1,6,10,91,127,75,11.125890,10.780888,2.60867,0.0206463,0.408507,6.62918e-05
clsqdeim,0.1,6,10,91,127,75,29.681417,24.415649,,0.0621239,8.58165,3.47123
clsgnat,0.1,6,10,91,127,75,40.389636,28.121922,,9.30595e+50,2.89788e+67,nan
dopt,0.1,6,10,91,127,75,10.966467,7.891936,2.39772,0.0206465,0.408517,6.6293e-05
qdeim,0.1,6,10,91,127,75,15.409424,28.491340,,0.0154662,2.22528,0.277172
gnat,0.1,6,10,91,127,75,12.861920,7.834581,,0.073336,23.2293,39.6671
clsdopt,0.1,6,10,91,127,80,9.633822,10.001851,2.72871,0.0206464,0.408507,6.62956e-05
clsqdeim,0.1,6,10,91,127,80,30.665594,22.620912,,0.0571612,10.7068,2.11414
clsgnat,0.1,6,10,91,127,80,36.702104,28.057312,,0.0985711,8.94559e+09,1.5495e+18
dopt,0.1,6,10,91,127,80,10.434509,8.024649,2.42469,0.0206465,0.408516,6.62937e-05
qdeim,0.1,6,10,91,127,80,16.158538,24.629633,,0.0114056,2.17046,0.237454
gnat,0.1,6,10,91,127,80,11.089055,7.244425,,0.0734303,17.5938,15.3268
clsdopt,0.1,6,10,91,127,85,9.745338,8.793919,2.7089,0.0206465,0.408507,6.62924e-05
clsqdeim,0.1,6,10,91,127,85,40.848729,22.265554,,0.0553976,8.37274,3.28666
clsgnat,0.1,6,10,91,127,85,38.060613,25.925044,,0.0985955,1.5461e+10,5.29324e+18
dopt,0.1,6,10,91,127,85,8.596674,7.857378,2.45252,0.0206465,0.408518,6.63038e-05
qdeim,0.1,6,10,91,127,85,13.708038,23.810688,,0.00411437,3.03763,0.395368
gnat,0.1,6,10,91,127,85,10.820155,7.424977,,0.0734216,16.1618,13.1869
clsdopt,0.1,6,10,91,127,90,9.339196,9.924553,2.77141,0.0206466,0.408508,6.62968e-05
clsqdeim,0.1,6,10,91,127,90,26.893328,22.632257,,0.0519119,4.98709,0.705702
clsgnat,0.1,6,10,91,127,90,32.963296,24.188025,,nan,nan,nan
dopt,0.1,6,10,91,127,90,8.385935,7.424198,2.5286,0.0206465,0.408517,6.63035e-05
qdeim,0.1,6,10,91,127,90,13.122944,22.715569,2.6811,0.00253281,0.810624,0.112155
gnat,0.1,6,10,91,127,90,10.179506,7.244896,,0.0733921,17.3024,14.7344
clsdopt,0.1,6,10,91,127,95,8.665554,8.839139,2.82205,0.0206466,0.408509,6.62951e-05
clsqdeim,0.1,6,10,91,127,95,27.742107,20.599776,,0.0490185,4491.06,
clsgnat,0.1,6,10,91,127,95,30.869318,23.613151,,7.10776e+34,3.91134e+51,2.19995e+100
dopt,0.1,6,10,91,127,95,8.507711,7.560636,2.8982,0.0206467,0.408518,6.63031e-05
qdeim,0.1,6,10,91,127,95,15.515741,26.430615,2.50315,0.000358711,0.169007,0.0202755
gnat,0.1,6,10,91,127,95,8.648619,6.577608,,0.0734141,17.3313,15.0835
clsdopt,0.1,6,10,91,127,100,9.013924,8.834376,2.78791,0.0206466,0.408511,6.62837e-05
clsqdeim,0.1,6,10,91,127,100,25.739740,20.624246,,0.0408556,5.34473,0.890051
clsgnat,0.1,6,10,91,127,100,24.259551,24.545126,,0.0986219,1.55292e+10,1.15054e+19
dopt,0.1,6,10,91,127,100,7.979366,7.286828,2.52296,0.0206466,0.408517,6.63019e-05
qdeim,0.1,6,10,91,127,100,11.682778,21.242409,2.45737,0.000324639,0.133601,0.0206655
gnat,0.1,6,10,91,127,100,8.805916,5.728075,,0.0734188,17.0973,14.6541
