method,t,n,ef,xx,vv,ee,q,condV,condE,time,ErrX,ErrV,ErrE
clsqdeim,0.1,0,10,1,20,5,13.513451,1.000000,,0.029774,1.05206,0.0522181
clsgnat,0.1,0,10,1,20,5,34.831071,1.000000,,0.08472,2.15685,0.0248784
qdeim,0.1,0,10,1,20,5,23.639152,1.000000,0.34925,0.000144788,0.0459344,0.000440559
gnat,0.1,0,10,1,20,5,21.280368,1.000000,0.347306,0.00106507,0.462799,0.00915988
clsqdeim,0.1,0,10,1,20,10,18.322482,1.000000,,0.0291291,0.946667,0.0476156
clsgnat,0.1,0,10,1,20,10,17.420512,1.000000,,0.08461,2.11585,0.0206036
qdeim,0.1,0,10,1,20,10,11.837062,1.000000,0.425562,9.76852e-05,0.0234189,0.000165178
gnat,0.1,0,10,1,20,10,12.798390,1.000000,0.405259,0.0014897,0.56187,0.00363887
clsqdeim,0.1,0,10,1,20,15,14.307949,1.000000,,0.0182617,0.717315,0.0301744
clsgnat,0.1,0,10,1,20,15,10.740134,1.000000,,0.0848491,1.91845,0.012891
qdeim,0.1,0,10,1,20,15,7.772864,1.000000,0.444147,9.78885e-05,0.0243608,0.00019265
gnat,0.1,0,10,1,20,15,10.123738,1.000000,0.446066,0.00102128,0.440108,0.00318634
clsqdeim,0.1,0,10,1,20,20,15.555039,1.000000,,0.0169046,0.575343,0.010343
clsgnat,0.1,0,10,1,20,20,32.265250,1.000000,,0.0842507,1.9762,0.0143116
qdeim,0.1,0,10,1,20,20,7.547898,1.000000,0.526913,0.000111588,0.0166083,9.95652e-05
gnat,0.1,0,10,1,20,20,10.268388,1.000000,0.451543,0.000881496,0.257391,0.000145042
clsqdeim,0.1,0,10,1,20,25,11.135215,1.000000,,0.014694,0.580561,0.00221796
clsgnat,0.1,0,10,1,20,25,8.768020,1.000000,,0.0845903,1.84578,0.00810489
qdeim,0.1,0,10,1,20,25,6.555222,1.000000,0.528719,8.31363e-05,0.0100155,5.24243e-05
gnat,0.1,0,10,1,20,25,4.406215,1.000000,0.457628,0.00133126,0.275438,5.42897e-05
clsqdeim,0.1,0,10,1,20,30,10.984434,1.000000,,0.0129843,0.585397,0.00973639
clsgnat,0.1,0,10,1,20,30,11.686757,1.000000,,0.0844842,1.82353,0.00487642
qdeim,0.1,0,10,1,20,30,6.975391,1.000000,0.551554,6.16956e-05,0.00643603,5.78685e-05
gnat,0.1,0,10,1,20,30,5.307288,1.000000,0.471093,0.000966279,0.307729,0.000529595
clsqdeim,0.1,0,10,1,20,35,7.956181,1.000000,0.630644,0.000635528,0.198474,0.0027131
clsgnat,0.1,0,10,1,20,35,10.518300,1.000000,,0.0779156,2.51007,0.00647975
qdeim,0.1,0,10,1,20,35,5.875157,1.000000,0.597656,5.62196e-05,0.00492659,5.78297e-05
gnat,0.1,0,10,1,20,35,4.446561,1.000000,0.434132,0.000911763,0.285781,0.000578501
clsqdeim,0.1,0,10,1,20,40,10.456557,1.000000,0.618759,0.000233279,0.0865956,0.00126799
clsgnat,0.1,0,10,1,20,40,12.558941,1.000000,,0.0787037,2.94178,0.0173159
qdeim,0.1,0,10,1,20,40,6.068459,1.000000,0.627511,4.862e-05,0.00524708,5.90984e-05
gnat,0.1,0,10,1,20,40,7.343102,1.000000,0.502192,0.00171107,0.284829,0.00187208
clsqdeim,0.1,0,10,1,20,45,6.972096,1.000000,0.641509,8.73237e-05,0.0282745,0.000936552
clsgnat,0.1,0,10,1,20,45,8.005687,1.000000,,0.0788908,3.14214,0.0237915
qdeim,0.1,0,10,1,20,45,4.794469,1.000000,0.657996,2.82334e-05,0.00383865,7.48873e-05
gnat,0.1,0,10,1,20,45,3.680821,1.000000,0.51616,0.00202655,0.436909,0.00143053
clsqdeim,0.1,0,10,1,20,50,7.037750,1.000000,0.679891,0.000113859,0.0328812,0.00128044
clsgnat,0.1,0,10,1,20,50,14.925025,1.000000,,0.0779826,34.4811,0.00146107
qdeim,0.1,0,10,1,20,50,4.616255,1.000000,0.70797,1.57933e-05,0.00326054,7.33853e-05
gnat,0.1,0,10,1,20,50,5.755556,1.000000,0.52915,0.00165749,0.405371,0.00122746
clsqdeim,0.1,0,10,1,20,55,5.707897,1.000000,0.758596,8.33978e-05,0.0230803,0.00122654
clsgnat,0.1,0,10,1,20,55,7.213873,1.000000,,0.0779289,28.0792,0.00590144
qdeim,0.1,0,10,1,20,55,3.953975,1.000000,0.750051,0.000112499,0.00603074,5.21708e-05
gnat,0.1,0,10,1,20,55,3.719414,1.000000,0.582129,0.00131622,0.362497,0.00281296
clsqdeim,0.1,0,10,1,20,60,7.443325,1.000000,0.722904,2.92347e-05,0.00760274,7.76295e-05
clsgnat,0.1,0,10,1,20,60,12.730779,1.000000,,0.0775024,14.1927,0.0275517
qdeim,0.1,0,10,1,20,60,4.420729,1.000000,0.751,0.00011507,0.00683869,6.77667e-05
gnat,0.1,0,10,1,20,60,6.694882,1.000000,0.582524,0.00217468,0.596637,0.00131584
clsqdeim,0.1,0,10,1,20,65,5.170329,1.000000,0.745041,3.51831e-05,0.00722546,0.000168304
clsgnat,0.1,0,10,1,20,65,6.695788,1.000000,,0.0856704,2.66359,0.0814966
qdeim,0.1,0,10,1,20,65,3.416583,1.000000,0.771665,0.00011576,0.00668508,6.49019e-05
gnat,0.1,0,10,1,20,65,3.668505,1.000000,0.707105,0.000456298,0.119892,0.00183492
clsqdeim,0.1,0,10,1,20,70,5.285335,1.000000,0.729888,2.69783e-05,0.00460369,5.75993e-05
clsgnat,0.1,0,10,1,20,70,7.131213,1.000000,,0.0870169,1.75466,0.00181442
qdeim,0.1,0,10,1,20,70,4.005976,1.000000,0.810361,0.000119199,0.00693317,6.609e-05
gnat,0.1,0,10,1,20,70,11.316406,1.000000,0.701865,9.94673e-05,0.0568669,0.00117442
clsqdeim,0.1,0,10,1,20,75,5.235443,1.000000,0.777404,3.04037e-05,0.0030515,5.8648e-05
clsgnat,0.1,0,10,1,20,75,6.644910,1.000000,,0.0859152,1.73313,0.00665388
qdeim,0.1,0,10,1,20,75,4.028376,1.000000,0.789393,0.00010207,0.00609363,6.24158e-05
gnat,0.1,0,10,1,20,75,3.168291,1.000000,0.740469,9.77866e-05,0.0375595,9.85517e-05
clsqdeim,0.1,0,10,1,20,80,5.317973,1.000000,0.778113,4.51635e-05,0.00400717,0.00010016
clsgnat,0.1,0,10,1,20,80,10.906508,1.000000,,0.0843467,1.59223,0.00620249
qdeim,0.1,0,10,1,20,80,3.533319,1.000000,0.861809,7.10476e-05,0.00545123,5.65061e-05
gnat,0.1,0,10,1,20,80,10.999870,1.000000,0.860986,7.61965e-05,0.0213921,0.000438143
clsqdeim,0.1,0,10,1,20,85,4.233242,1.000000,1.18341,3.92472e-05,0.00287309,6.94746e-05
clsgnat,0.1,0,10,1,20,85,5.362105,1.000000,,0.082952,3.68485,0.0141413
qdeim,0.1,0,10,1,20,85,3.615956,1.000000,0.846639,6.06247e-05,0.00534633,5.68833e-05
gnat,0.1,0,10,1,20,85,3.270821,1.000000,0.731875,3.71032e-05,0.0065815,6.11456e-05
clsqdeim,0.1,0,10,1,20,90,4.889395,1.000000,0.858684,3.4883e-05,0.00254817,5.6506e-05
clsgnat,0.1,0,10,1,20,90,7.135892,1.000000,,0.0854545,2.25564,0.013017
qdeim,0.1,0,10,1,20,90,3.515164,1.000000,0.845657,4.04334e-05,0.00490973,6.84293e-05
gnat,0.1,0,10,1,20,90,4.357797,1.000000,0.754198,5.13372e-05,0.00669147,6.2931e-05
clsqdeim,0.1,0,10,1,20,95,4.400347,1.000000,0.872629,5.61728e-05,0.00464689,0.000141196
clsgnat,0.1,0,10,1,20,95,4.936581,1.000000,,0.0590752,2.09619,0.00810282
qdeim,0.1,0,10,1,20,95,3.340051,1.000000,0.899301,3.50823e-05,0.00486249,5.3177e-05
gnat,0.1,0,10,1,20,95,2.810481,1.000000,0.785518,6.16667e-05,0.00467467,6.91501e-05
clsqdeim,0.1,0,10,1,20,100,4.794886,1.000000,0.901022,4.86034e-05,0.00375395,0.000134151
clsgnat,0.1,0,10,1,20,100,7.902682,1.000000,,0.0579448,0.840023,0.0709623
qdeim,0.1,0,10,1,20,100,3.164374,1.000000,0.881322,3.62552e-05,0.00460139,5.22608e-05
gnat,0.1,0,10,1,20,100,4.055625,1.000000,0.803345,5.70582e-05,0.00278889,5.95687e-05
clsqdeim,0.1,1,10,10,31,5,26.928133,9.813961,,0.0518609,1.81771,0.201152
clsgnat,0.1,1,10,10,31,5,42.912781,10.324526,,0.0949432,7.2326,0.63201
qdeim,0.1,1,10,10,31,5,21.058779,7.999560,,0.0395473,1.73664,0.11631
gnat,0.1,1,10,10,31,5,43.621082,7.261993,,0.0577327,1.92073,0.192562
clsqdeim,0.1,1,10,10,31,10,18.507061,8.502661,,0.0513283,1.21678,0.113844
clsgnat,0.1,1,10,10,31,10,35.906626,9.109872,,0.094841,7.23445,0.646239
qdeim,0.1,1,10,10,31,10,17.384318,8.205289,,0.00977605,1.72358,0.156109
gnat,0.1,1,10,10,31,10,13.894708,6.036811,,0.0575998,1.94283,0.19678
clsqdeim,0.1,1,10,10,31,15,13.207563,8.055296,,0.0572096,1.6616,0.142025
clsgnat,0.1,1,10,10,31,15,18.060310,6.410725,,0.094865,7.3343,0.675737
qdeim,0.1,1,10,10,31,15,14.871040,5.230750,,0.0342538,1.43945,0.7677
gnat,0.1,1,10,10,31,15,7.631985,4.180156,,0.0573181,1.90966,0.186945
clsqdeim,0.1,1,10,10,31,20,14.876014,12.635809,,0.0542918,1.17105,0.0760578
clsgnat,0.1,1,10,10,31,20,20.796925,6.471890,,0.0947451,7.35739,0.687539
qdeim,0.1,1,10,10,31,20,16.230790,10.477374,,0.0372069,1.69923,1.41536
gnat,0.1,1,10,10,31,20,6.390994,4.412373,,0.0573555,1.92052,0.194993
clsqdeim,0.1,1,10,10,31,25,11.488775,5.092841,,0.0331973,1.23555,0.0825108
clsgnat,0.1,1,10,10,31,25,18.613137,6.880309,,0.0947586,7.46428,0.732063
qdeim,0.1,1,10,10,31,25,10.442216,6.388306,,0.0283368,1.60894,1.10396
gnat,0.1,1,10,10,31,25,7.065245,2.600066,,0.0571316,1.91351,0.189865
clsqdeim,0.1,1,10,10,31,30,12.907251,6.003454,,0.0345392,1.6889,0.37892
clsgnat,0.1,1,10,10,31,30,14.381213,6.433017,,0.0946249,7.62084,0.776734
qdeim,0.1,1,10,10,31,30,11.834342,9.938774,,0.00886128,4.19481,0.0885865
gnat,0.1,1,10,10,31,30,4.911280,4.908012,,0.0572969,2.20574,0.199794
clsqdeim,0.1,1,10,10,31,35,8.439934,3.310641,,0.0228143,2.08813,0.146786
clsgnat,0.1,1,10,10,31,35,10.748088,4.825103,,0.0916348,4.40256,0.62489
qdeim,0.1,1,10,10,31,35,10.108176,4.866832,0.678586,0.000312799,0.0449103,0.0055624
gnat,0.1,1,10,10,31,35,5.061619,2.941875,,0.0391966,1.70042,0.0954599
clsqdeim,0.1,1,10,10,31,40,10.722150,4.356103,,0.0200967,1.04549,0.104037
clsgnat,0.1,1,10,10,31,40,11.279113,4.858891,,0.0921839,805.361,
qdeim,0.1,1,10,10,31,40,10.238421,6.726769,0.835337,0.00223548,0.561814,0.0563072
gnat,0.1,1,10,10,31,40,4.228529,3.910083,,0.037138,1.69015,0.0762892
clsqdeim,0.1,1,10,10,31,45,7.329704,3.117282,,0.0363519,0.963298,0.0468667
clsgnat,0.1,1,10,10,31,45,10.429410,2.708691,,0.0928193,6.07291,0.465949
qdeim,0.1,1,10,10,31,45,8.522802,4.040456,0.845958,0.00144348,0.371319,0.042693
gnat,0.1,1,10,10,31,45,4.995516,3.447759,,0.0348158,1.90002,0.133007
clsqdeim,0.1,1,10,10,31,50,10.049787,3.893670,,0.0362361,1.1196,0.0522384
clsgnat,0.1,1,10,10,31,50,9.509795,2.787463,,0.0926104,19.7222,2.56619
qdeim,0.1,1,10,10,31,50,8.752482,6.338745,0.92761,0.00184143,0.501206,0.0555031
gnat,0.1,1,10,10,31,50,4.151333,2.307191,,0.0359385,2.2541,0.15185
clsqdeim,0.1,1,10,10,31,55,7.602928,3.289828,0.934859,0.0046839,0.389036,0.0272932
clsgnat,0.1,1,10,10,31,55,11.340004,3.256370,,0.0929778,33.0824,7.44146
qdeim,0.1,1,10,10,31,55,9.284223,4.443984,0.854785,0.00107743,0.215523,0.0250027
gnat,0.1,1,10,10,31,55,3.929326,2.995599,,0.0366328,1.31065,0.0954047
clsqdeim,0.1,1,10,10,31,60,7.903405,3.086525,0.893296,0.000929426,0.0672779,0.00328023
clsgnat,0.1,1,10,10,31,60,8.420169,2.708913,,0.0929952,21.677,3.23618
qdeim,0.1,1,10,10,31,60,8.343027,5.469419,0.857778,0.000177495,0.0381136,0.00420409
gnat,0.1,1,10,10,31,60,3.816652,2.222925,,0.0410943,21.3042,0.118641
clsqdeim,0.1,1,10,10,31,65,6.747800,2.245670,0.924501,0.000713873,0.0623729,0.00448627
clsgnat,0.1,1,10,10,31,65,8.891517,2.880453,,0.0930514,26.5064,4.92246
qdeim,0.1,1,10,10,31,65,6.987699,4.463088,0.913509,0.000187051,0.0277354,0.00306624
gnat,0.1,1,10,10,31,65,3.758782,2.489348,,0.0378831,2.21816,0.144977
clsqdeim,0.1,1,10,10,31,70,6.046238,2.377741,0.97598,0.000794248,0.0903128,0.00715526
clsgnat,0.1,1,10,10,31,70,8.918804,3.226691,,0.0929341,15.5881,1.7593
qdeim,0.1,1,10,10,31,70,6.442797,4.912015,0.886508,0.000235242,0.0328218,0.0037541
gnat,0.1,1,10,10,31,70,3.455062,2.506585,,0.0493959,1.95602,0.11088
clsqdeim,0.1,1,10,10,31,75,7.369580,2.065691,0.984075,0.000833096,0.0681594,0.0062087
clsgnat,0.1,1,10,10,31,75,8.494332,2.835511,,0.0929966,10.9279,1.67947
qdeim,0.1,1,10,10,31,75,7.131901,3.048835,0.950514,0.000200867,0.0279727,0.00297608
gnat,0.1,1,10,10,31,75,3.198745,2.138127,,0.0419159,1.42345,0.838668
clsqdeim,0.1,1,10,10,31,80,6.108098,2.938295,1.00468,0.000822144,0.0688599,0.00618412
clsgnat,0.1,1,10,10,31,80,9.615886,3.532047,,0.0934608,5.1405,0.400711
qdeim,0.1,1,10,10,31,80,6.321886,4.695507,0.984311,0.000167635,0.0241205,0.00263825
gnat,0.1,1,10,10,31,80,3.328359,2.336719,,0.0459386,1.24535,0.0882114
clsqdeim,0.1,1,10,10,31,85,5.777967,2.316376,1.04781,0.000524754,0.12048,0.00925137
clsgnat,0.1,1,10,10,31,85,8.615169,2.206915,,0.0946754,4.45483,0.260009
qdeim,0.1,1,10,10,31,85,5.601813,2.988087,0.956316,9.9086e-05,0.0134726,0.00125228
gnat,0.1,1,10,10,31,85,3.307711,1.728894,,0.0396876,1.33011,0.72469
clsqdeim,0.1,1,10,10,31,90,6.043255,2.581141,1.09277,0.000287734,0.0401293,0.00240033
clsgnat,0.1,1,10,10,31,90,7.819295,2.369617,,0.094319,7.22355,0.427079
qdeim,0.1,1,10,10,31,90,5.280963,4.232002,0.973049,3.62183e-05,0.00984281,0.000607123
gnat,0.1,1,10,10,31,90,3.019228,1.675339,,0.0427059,1.77958,0.0831903
clsqdeim,0.1,1,10,10,31,95,6.308474,1.802457,1.10341,0.000258957,0.0359606,0.00254253
clsgnat,0.1,1,10,10,31,95,6.850717,2.224133,,0.0904814,4.2238,0.177537
qdeim,0.1,1,10,10,31,95,5.693644,2.742745,1.04212,6.08039e-05,0.0133605,0.0011307
gnat,0.1,1,10,10,31,95,3.363769,1.880631,,0.0186532,2.93248,0.0706428
clsqdeim,0.1,1,10,10,31,100,6.448976,2.336950,1.10612,0.000192203,0.0498453,0.0034869
clsgnat,0.1,1,10,10,31,100,7.893390,2.437232,,0.091462,5.53609,0.462555
qdeim,0.1,1,10,10,31,100,5.713592,3.971250,1.07315,0.000217112,0.0284564,0.00335671
gnat,0.1,1,10,10,31,100,3.046126,2.211967,0.874336,0.000869496,0.120033,0.0140679
clsqdeim,0.1,2,10,22,52,5,60.884948,18.220573,,0.0481849,3.79739,0.645355
clsgnat,0.1,2,10,22,52,5,130.665638,52.340366,,0.0970271,186.074,896.531
qdeim,0.1,2,10,22,52,5,43.453556,16.749467,,0.0207357,2.23457,0.219703
gnat,0.1,2,10,22,52,5,31.745571,15.431444,,0.0711758,4.38341,1.76604
clsqdeim,0.1,2,10,22,52,10,44.174450,16.020254,,0.0467934,4.0811,0.441876
clsgnat,0.1,2,10,22,52,10,83.318081,33.246051,,0.0967482,729.963,10047.9
qdeim,0.1,2,10,22,52,10,31.592931,12.253742,,0.0169729,489.683,19527.7
gnat,0.1,2,10,22,52,10,26.089063,8.150577,,0.0711327,4.43891,1.78994
clsqdeim,0.1,2,10,22,52,15,31.511905,15.860664,,0.0528348,2.43636,0.272059
clsgnat,0.1,2,10,22,52,15,54.296842,18.199752,,0.0969603,108.555,172.39
qdeim,0.1,2,10,22,52,15,39.789749,10.844145,,0.00993971,2.64552,0.320953
gnat,0.1,2,10,22,52,15,14.675178,7.961377,,0.0711177,4.4741,1.80525
clsqdeim,0.1,2,10,22,52,20,28.135043,12.194228,,0.0421118,2.03356,0.166534
clsgnat,0.1,2,10,22,52,20,49.235262,20.440473,,0.0967451,1521.64,37426.3
qdeim,0.1,2,10,22,52,20,42.004961,10.469419,,0.0145176,1.25957,0.137013
gnat,0.1,2,10,22,52,20,11.851766,7.145420,,0.0711743,4.53581,1.84163
clsqdeim,0.1,2,10,22,52,25,30.513855,12.456380,,0.0352495,6.60732,2.36524
clsgnat,0.1,2,10,22,52,25,37.698622,13.300660,,0.0964194,266.307,374.788
qdeim,0.1,2,10,22,52,25,31.414331,10.064659,,0.00526245,2.14774,0.20878
gnat,0.1,2,10,22,52,25,8.213684,4.826613,,0.0712047,4.48058,1.81266
clsqdeim,0.1,2,10,22,52,30,27.337821,13.320571,,0.0337534,2.97511,0.252678
clsgnat,0.1,2,10,22,52,30,29.386168,11.577048,,0.0966716,1636.45,27849.1
qdeim,0.1,2,10,22,52,30,39.157844,8.467012,,0.0166744,1.8869,0.288549
gnat,0.1,2,10,22,52,30,9.984481,4.153437,,0.0711218,4.67526,1.92053
clsqdeim,0.1,2,10,22,52,35,29.153732,7.179678,,0.0185563,2.60586,0.21005
clsgnat,0.1,2,10,22,52,35,31.286562,9.490860,,0.0963687,,1.27486e+07
qdeim,0.1,2,10,22,52,35,33.438331,7.371224,,0.0150874,1.84919,0.213538
gnat,0.1,2,10,22,52,35,7.439589,4.500339,,0.0711831,4.57417,1.86589
clsqdeim,0.1,2,10,22,52,40,23.624551,6.858151,,0.0252098,2.3145,0.176131
clsgnat,0.1,2,10,22,52,40,24.561931,10.814673,,0.0968437,112.423,151.763
qdeim,0.1,2,10,22,52,40,27.574735,6.444809,,0.00503317,2.56588,0.362149
gnat,0.1,2,10,22,52,40,7.112376,3.873373,,0.0712109,4.53955,1.84023
clsqdeim,0.1,2,10,22,52,45,20.404713,5.712988,,0.0242204,2.01648,0.140519
clsgnat,0.1,2,10,22,52,45,22.202625,10.564452,,0.096683,2454.39,64236.9
qdeim,0.1,2,10,22,52,45,28.304517,6.737507,1.07796,0.00326064,0.668537,0.0663826
gnat,0.1,2,10,22,52,45,6.245562,3.533208,,0.0711707,4.58616,1.86407
clsqdeim,0.1,2,10,22,52,50,21.515477,5.455526,,0.0217389,1.96533,0.124176
clsgnat,0.1,2,10,22,52,50,20.429421,8.797379,,0.096688,2191.67,48127.1
qdeim,0.1,2,10,22,52,50,17.081653,6.259007,,0.00997636,3.15309,0.248718
gnat,0.1,2,10,22,52,50,5.822714,4.513479,,0.0711637,4.54545,1.8413
clsqdeim,0.1,2,10,22,52,55,20.695123,6.801465,,0.024172,2.31876,0.194293
clsgnat,0.1,2,10,22,52,55,19.337242,11.465895,,0.0968662,105.486,133.386
qdeim,0.1,2,10,22,52,55,16.602241,7.596174,,0.00675082,2.82258,0.264372
gnat,0.1,2,10,22,52,55,5.992172,4.434250,,0.0712072,4.51928,1.83647
clsqdeim,0.1,2,10,22,52,60,20.418010,4.568643,,0.0205868,2.16804,0.180263
clsgnat,0.1,2,10,22,52,60,25.111966,9.467705,,0.0967431,12632.5,1.45468e+06
qdeim,0.1,2,10,22,52,60,19.552286,4.819416,,0.0146469,3.9475,0.290808
gnat,0.1,2,10,22,52,60,5.684031,3.243421,,0.071206,4.52825,1.84655
clsqdeim,0.1,2,10,22,52,65,26.854103,4.740230,,0.0198559,2.48258,0.558521
clsgnat,0.1,2,10,22,52,65,19.923663,8.895829,,0.0969915,273.64,2999.58
qdeim,0.1,2,10,22,52,65,17.439896,4.563448,1.30777,0.00445539,0.998721,0.110134
gnat,0.1,2,10,22,52,65,7.524754,3.174961,,0.071212,4.54905,1.84934
clsqdeim,0.1,2,10,22,52,70,19.265986,4.421267,,0.0136349,3.08888,0.749571
clsgnat,0.1,2,10,22,52,70,16.580161,8.445685,,0.0972791,52.3936,25.7739
qdeim,0.1,2,10,22,52,70,12.336180,5.315257,1.33605,0.00370047,0.79914,0.0839594
gnat,0.1,2,10,22,52,70,4.942970,3.202581,,0.0563612,3.28997,0.477234
clsqdeim,0.1,2,10,22,52,75,18.003914,4.393518,,0.0144879,2.81235,0.593611
clsgnat,0.1,2,10,22,52,75,16.276651,7.445877,,0.0959576,15.4289,2.75332
qdeim,0.1,2,10,22,52,75,14.661627,5.110310,1.45842,0.00395797,1.21094,0.124221
gnat,0.1,2,10,22,52,75,5.011702,2.652725,,0.0428866,6.21822,0.549674
clsqdeim,0.1,2,10,22,52,80,19.059403,4.275887,,0.00909896,3.14195,0.639197
clsgnat,0.1,2,10,22,52,80,24.055562,7.568025,,0.0953575,20.3755,4.80626
qdeim,0.1,2,10,22,52,80,14.418943,4.877882,1.37334,0.00250133,0.538721,0.0574603
gnat,0.1,2,10,22,52,80,4.252572,2.642884,,0.0473907,3.5069,0.321205
clsqdeim,0.1,2,10,22,52,85,16.320182,3.610407,,0.00804702,32.394,1.10059
clsgnat,0.1,2,10,22,52,85,13.407064,6.388311,,0.0958964,29.9255,9.07149
qdeim,0.1,2,10,22,52,85,13.303889,4.674474,1.34908,0.00198491,0.361704,0.0386767
gnat,0.1,2,10,22,52,85,4.659370,2.547119,,0.0486552,2.51243,0.200215
clsqdeim,0.1,2,10,22,52,90,17.357062,3.290125,,0.0135404,2.91227,0.515628
clsgnat,0.1,2,10,22,52,90,13.387532,7.009402,,0.0961334,42.5041,15.0441
qdeim,0.1,2,10,22,52,90,13.941424,4.718231,1.78484,0.00453426,1.57709,0.166791
gnat,0.1,2,10,22,52,90,3.964802,3.043137,,0.052421,2.47384,0.230187
clsqdeim,0.1,2,10,22,52,95,17.040445,3.792032,,0.00925133,2.42886,0.334097
clsgnat,0.1,2,10,22,52,95,13.246632,6.018784,,0.0950868,32.9257,8.99886
qdeim,0.1,2,10,22,52,95,11.255459,4.154304,1.54563,0.00267343,0.552277,0.063766
gnat,0.1,2,10,22,52,95,3.970911,2.589694,,0.0399637,7.50647,0.379615
clsqdeim,0.1,2,10,22,52,100,15.999913,3.329861,,0.00512554,1.27585,0.103511
clsgnat,0.1,2,10,22,52,100,14.226825,6.084776,,0.0958489,40.557,19.1618
qdeim,0.1,2,10,22,52,100,13.682526,4.559859,1.49485,0.00214922,0.402172,0.0473931
gnat,0.1,2,10,22,52,100,3.907839,2.624516,,0.0424959,2.31213,0.211161
clsqdeim,0.1,3,10,32,72,5,107.377390,11.500163,,0.0673496,4.27888,1.53496
clsgnat,0.1,3,10,32,72,5,221.778888,48.829329,,0.0962624,15994.8,6.03548e+06
qdeim,0.1,3,10,32,72,5,63.481037,22.178504,,0.0584526,9.0546,1.97554
gnat,0.1,3,10,32,72,5,45.729070,27.374710,,0.0629614,7.12618,17.5552
clsqdeim,0.1,3,10,32,72,10,42.308515,16.040090,,0.0668434,8.86841,3.81388
clsgnat,0.1,3,10,32,72,10,94.146998,51.119140,,0.0961803,15455.4,5.60356e+06
qdeim,0.1,3,10,32,72,10,41.507119,16.073744,,0.0555346,10.4846,2.13361
gnat,0.1,3,10,32,72,10,26.939860,17.814528,,0.062813,7.50898,23.7845
clsqdeim,0.1,3,10,32,72,15,36.709279,8.505376,,0.0653829,9.03829,4.70893
clsgnat,0.1,3,10,32,72,15,85.121654,39.893637,,0.0961853,15494.1,5.63405e+06
qdeim,0.1,3,10,32,72,15,24.644292,8.387831,,0.0562009,5.91423,2.20722
gnat,0.1,3,10,32,72,15,22.438207,6.890967,,0.0625427,8.05898,37.1047
clsqdeim,0.1,3,10,32,72,20,36.542068,27.496890,,0.0615159,3.06727,0.572208
clsgnat,0.1,3,10,32,72,20,46.679457,26.665039,,0.0962361,13850.3,4.52383e+06
qdeim,0.1,3,10,32,72,20,23.995097,12.400983,,0.0390042,6.73639,1.77704
gnat,0.1,3,10,32,72,20,17.516166,10.457691,,0.0627264,8.02094,36.4598
clsqdeim,0.1,3,10,32,72,25,42.761046,5.737736,,0.0575353,2.20158,0.268559
clsgnat,0.1,3,10,32,72,25,46.679166,20.855331,,0.096264,17358.5,7.29373e+06
qdeim,0.1,3,10,32,72,25,19.133390,7.506407,,0.0532443,3.42781,4.51879
gnat,0.1,3,10,32,72,25,14.404617,6.335164,,0.0626926,8.03068,33.2877
clsqdeim,0.1,3,10,32,72,30,35.184808,8.338562,,0.0571749,4.03249,0.439302
clsgnat,0.1,3,10,32,72,30,40.492625,19.174171,,0.0962882,19658.5,9.23436e+06
qdeim,0.1,3,10,32,72,30,22.286343,8.765254,,0.0522807,2.90784,0.600935
gnat,0.1,3,10,32,72,30,12.537165,9.103895,,0.0627919,7.94205,28.676
clsqdeim,0.1,3,10,32,72,35,28.457800,5.050842,,0.0584276,4.49718,0.576638
clsgnat,0.1,3,10,32,72,35,39.244906,16.807912,,0.0962781,,8.15809e+06
qdeim,0.1,3,10,32,72,35,22.571066,6.786536,,0.0472687,1.98273,0.294925
gnat,0.1,3,10,32,72,35,10.551116,4.597340,,0.0628118,8.12738,3.90395
clsqdeim,0.1,3,10,32,72,40,25.818349,18.949813,,0.0566251,4.09177,0.590322
clsgnat,0.1,3,10,32,72,40,38.332092,22.656701,,0.0962621,17362.7,7.13121e+06
qdeim,0.1,3,10,32,72,40,23.552119,7.050573,,0.0424901,3.10095,0.357476
gnat,0.1,3,10,32,72,40,11.197626,8.057348,,0.0627912,8.39892,28.8784
clsqdeim,0.1,3,10,32,72,45,24.544554,3.676557,,0.0465885,8.03019,1.84457
clsgnat,0.1,3,10,32,72,45,31.013019,13.724205,,0.09632,23427.8,1.289e+07
qdeim,0.1,3,10,32,72,45,26.658410,5.795260,,0.0379762,11.0199,2.71036
gnat,0.1,3,10,32,72,45,11.748994,4.754102,,0.0627802,8.37704,4.26526
clsqdeim,0.1,3,10,32,72,50,21.773158,6.450664,,0.0436675,7.05857,9.6929
clsgnat,0.1,3,10,32,72,50,33.587348,13.342493,,0.0963281,21549.9,1.09136e+07
qdeim,0.1,3,10,32,72,50,17.954616,6.440500,,0.0346009,2.54723,0.364951
gnat,0.1,3,10,32,72,50,9.399341,5.075227,,0.062898,8.08119,3.87509
clsqdeim,0.1,3,10,32,72,55,22.695797,4.414987,,0.0490501,2.72053,0.38344
clsgnat,0.1,3,10,32,72,55,29.062082,12.759435,,0.096388,21170.3,1.07481e+07
qdeim,0.1,3,10,32,72,55,16.371435,4.480977,,0.0329762,4.22986,0.402797
gnat,0.1,3,10,32,72,55,7.257834,3.693828,,0.0629023,7.94105,3.75369
clsqdeim,0.1,3,10,32,72,60,30.591073,6.780579,,0.0468533,23.0071,27.797
clsgnat,0.1,3,10,32,72,60,27.692612,12.123735,,0.096449,23590.5,1.32176e+07
qdeim,0.1,3,10,32,72,60,18.755975,5.225695,,0.0337868,2.28275,0.309559
gnat,0.1,3,10,32,72,60,9.492885,4.082824,,0.0628955,7.52439,3.36759
clsqdeim,0.1,3,10,32,72,65,20.199250,6.461665,,0.049922,13.5571,11.1581
clsgnat,0.1,3,10,32,72,65,22.761529,12.414356,,0.0964274,23597.9,1.33163e+07
qdeim,0.1,3,10,32,72,65,15.421354,4.553269,,0.0343262,2.13218,0.282212
gnat,0.1,3,10,32,72,65,6.224836,3.414177,,0.0629749,7.29671,3.14454
clsqdeim,0.1,3,10,32,72,70,17.516246,7.509801,,0.0526177,8.96043,4.90514
clsgnat,0.1,3,10,32,72,70,29.095927,10.547388,,0.0964177,,1.45851e+07
qdeim,0.1,3,10,32,72,70,16.588133,5.836050,,0.0305841,5.73735,11.9821
gnat,0.1,3,10,32,72,70,8.327362,3.710049,,0.0629891,7.44129,3.32897
clsqdeim,0.1,3,10,32,72,75,19.888998,4.896415,,0.0463322,13.3819,9.14875
clsgnat,0.1,3,10,32,72,75,18.611141,9.360094,,0.0964043,24896.6,1.45395e+07
qdeim,0.1,3,10,32,72,75,13.792819,4.087750,,0.0329,2.19564,0.286398
gnat,0.1,3,10,32,72,75,18.906508,3.129837,,0.0630457,7.44238,3.31692
clsqdeim,0.1,3,10,32,72,80,17.745760,16.219551,,0.0412497,5.55865,5.96176
clsgnat,0.1,3,10,32,72,80,32.825336,17.811400,,0.0963712,25543.6,1.5342e+07
qdeim,0.1,3,10,32,72,80,16.907581,8.277094,,0.0317633,5.52155,24.4131
gnat,0.1,3,10,32,72,80,6.515560,5.375181,,0.0630327,7.33057,3.23425
clsqdeim,0.1,3,10,32,72,85,16.237089,4.880934,,0.0456032,2.11675,0.244516
clsgnat,0.1,3,10,32,72,85,20.262869,9.800478,,0.0963725,24039.3,1.35289e+07
qdeim,0.1,3,10,32,72,85,11.280003,3.663155,,0.0180332,3.11284,0.354989
gnat,0.1,3,10,32,72,85,5.707394,3.177755,,0.0631339,7.15468,3.02536
clsqdeim,0.1,3,10,32,72,90,16.037129,6.574894,,0.0426897,2.20732,0.28854
clsgnat,0.1,3,10,32,72,90,26.591319,12.226606,,0.0963732,25489.5,1.54352e+07
qdeim,0.1,3,10,32,72,90,12.522534,3.923620,,0.00434966,2.34928,0.23876
gnat,0.1,3,10,32,72,90,7.816093,3.588910,,0.0631294,7.07795,2.94983
clsqdeim,0.1,3,10,32,72,95,18.015662,6.157418,,0.0416037,1.92215,0.240736
clsgnat,0.1,3,10,32,72,95,18.752320,8.955870,,0.0964496,29548.6,2.04704e+07
qdeim,0.1,3,10,32,72,95,11.874602,3.710330,1.99146,0.00177237,0.828609,0.136122
gnat,0.1,3,10,32,72,95,5.200773,3.165869,,0.0631897,7.18007,3.08679
clsqdeim,0.1,3,10,32,72,100,17.067652,9.687442,,0.0413859,1.99599,0.248638
clsgnat,0.1,3,10,32,72,100,19.931583,8.741868,,0.096913,1332.38,17129.8
qdeim,0.1,3,10,32,72,100,11.367835,5.191119,2.27106,0.00191363,2.03772,0.294669
gnat,0.1,3,10,32,72,100,6.260504,4.125641,,0.0746166,2.62087,2.47115
clsqdeim,0.1,4,10,54,90,5,108.499642,57.691973,,0.0769144,5.07563,1.57595
clsgnat,0.1,4,10,54,90,5,273.098524,166.501075,,0.0980136,1328.05,67532.6
qdeim,0.1,4,10,54,90,5,136.176246,44.581686,,0.0514812,3.59612,0.783246
gnat,0.1,4,10,54,90,5,49.813724,30.699768,,0.0749582,8.06007,1.73839
clsqdeim,0.1,4,10,54,90,10,62.491156,30.686671,,0.0729833,3.84055,1.06065
clsgnat,0.1,4,10,54,90,10,155.057897,76.675949,,0.0979861,1123.59,48484.2
qdeim,0.1,4,10,54,90,10,49.141787,28.386140,,0.0487312,2.75268,0.389066
gnat,0.1,4,10,54,90,10,33.112482,18.936750,,0.0749523,8.27048,1.74333
clsqdeim,0.1,4,10,54,90,15,69.646847,63.995028,,0.0683102,4.69563,1.32534
clsgnat,0.1,4,10,54,90,15,163.191044,73.672284,,0.0979829,,7.40524e+06
qdeim,0.1,4,10,54,90,15,70.767151,19.219476,,0.0395597,4.83429,0.931883
gnat,0.1,4,10,54,90,15,30.857985,14.285631,,0.0749433,8.09475,1.6767
clsqdeim,0.1,4,10,54,90,20,41.315983,35.470804,,0.0609112,4.32816,0.839315
clsgnat,0.1,4,10,54,90,20,67.942196,43.341096,,0.0979987,1186.31,53460.6
qdeim,0.1,4,10,54,90,20,28.768344,13.465479,,0.0281432,5.47799,1.21778
gnat,0.1,4,10,54,90,20,32.394913,16.100065,,0.0749961,7.82737,1.55768
clsqdeim,0.1,4,10,54,90,25,45.570772,28.276808,,0.0510544,8.25168,7.1974
clsgnat,0.1,4,10,54,90,25,59.230500,30.132797,,0.0979875,1293.76,63549.1
qdeim,0.1,4,10,54,90,25,24.108352,15.074686,,0.0256281,2.20955,0.274882
gnat,0.1,4,10,54,90,25,20.048762,9.853277,,0.0750067,8.07345,1.65371
clsqdeim,0.1,4,10,54,90,30,81.730402,36.367903,,0.054889,16.1531,18.7252
clsgnat,0.1,4,10,54,90,30,90.843774,59.222832,,0.0980066,970.306,
qdeim,0.1,4,10,54,90,30,34.273330,15.627439,,0.0266454,3.94477,0.693503
gnat,0.1,4,10,54,90,30,25.182146,11.122929,,0.0750016,8.00847,1.58839
clsqdeim,0.1,4,10,54,90,35,33.495116,24.327784,,0.0510119,24.5499,37.1742
clsgnat,0.1,4,10,54,90,35,47.973614,26.390413,,0.0980052,1352.24,67461.7
qdeim,0.1,4,10,54,90,35,24.079325,12.359945,,0.0285167,4.39401,0.949123
gnat,0.1,4,10,54,90,35,13.224691,7.730419,,0.0749072,8.1498,1.62951
clsqdeim,0.1,4,10,54,90,40,33.931173,19.192651,,0.0397353,3.55134,0.486802
clsgnat,0.1,4,10,54,90,40,62.674971,22.528018,,0.0980065,1885.18,
qdeim,0.1,4,10,54,90,40,18.705924,14.345115,,0.0347066,3.04906,0.286992
gnat,0.1,4,10,54,90,40,14.279338,7.763686,,0.0749613,8.12432,1.69526
clsqdeim,0.1,4,10,54,90,45,78.607813,21.793560,,0.0338299,2.5959,0.353532
clsgnat,0.1,4,10,54,90,45,60.444378,39.671723,,0.0979521,1265.52,59987.2
qdeim,0.1,4,10,54,90,45,21.498572,16.259343,,0.0069204,2.29427,0.231722
gnat,0.1,4,10,54,90,45,21.909036,6.972830,,0.0749467,8.06755,1.66199
clsqdeim,0.1,4,10,54,90,50,30.984009,14.223436,,0.0311474,2.9852,0.411855
clsgnat,0.1,4,10,54,90,50,37.496839,23.463780,,0.0979473,1647.86,
qdeim,0.1,4,10,54,90,50,19.390255,11.354441,,0.00765342,1.96984,0.231977
gnat,0.1,4,10,54,90,50,11.055810,7.952880,,0.0749779,8.17227,1.68683
clsqdeim,0.1,4,10,54,90,55,24.241420,18.973837,,0.031836,1.99298,0.293695
clsgnat,0.1,4,10,54,90,55,38.644304,24.043761,,0.0979458,1182.86,53802.6
qdeim,0.1,4,10,54,90,55,16.488973,11.312009,,0.0127675,1.44668,0.178747
gnat,0.1,4,10,54,90,55,10.913131,6.010124,,0.0749917,8.24569,1.62514
clsqdeim,0.1,4,10,54,90,60,38.245346,16.544002,,0.0240276,4.2803,0.995755
clsgnat,0.1,4,10,54,90,60,35.751799,32.938415,,0.0979241,1352.77,67670.3
qdeim,0.1,4,10,54,90,60,20.156592,10.403176,,0.0104275,2.65774,0.349513
gnat,0.1,4,10,54,90,60,14.785457,8.903291,,0.0749842,8.28302,1.71014
clsqdeim,0.1,4,10,54,90,65,24.935854,15.137400,,0.0303071,3.47327,0.729657
clsgnat,0.1,4,10,54,90,65,30.194106,16.969199,,0.0979267,1594.54,
qdeim,0.1,4,10,54,90,65,17.141994,8.913738,,0.0111003,1.9082,0.212572
gnat,0.1,4,10,54,90,65,10.864252,6.108650,,0.0749456,8.24637,1.73203
clsqdeim,0.1,4,10,54,90,70,23.399858,16.838105,,0.0247353,3.82952,0.800409
clsgnat,0.1,4,10,54,90,70,50.863932,21.423712,,0.0979481,1873.54,
qdeim,0.1,4,10,54,90,70,13.930099,7.912065,,0.00754066,2.79618,0.352315
gnat,0.1,4,10,54,90,70,9.857082,5.553373,,0.0750039,8.04064,1.61728
clsqdeim,0.1,4,10,54,90,75,24.816072,14.086118,,0.0211515,8.3278,4.44648
clsgnat,0.1,4,10,54,90,75,24.436405,24.028605,,0.0979392,1739.77,
qdeim,0.1,4,10,54,90,75,19.053389,9.174900,,0.00417434,6.11234,1.26639
gnat,0.1,4,10,54,90,75,11.352829,5.175670,,0.0750374,7.8725,1.46644
clsqdeim,0.1,4,10,54,90,80,28.641424,11.738092,,0.0267507,2.7331,0.273247
clsgnat,0.1,4,10,54,90,80,24.550167,18.104752,,0.09797,1503.94,82463.5
qdeim,0.1,4,10,54,90,80,17.449860,7.706718,,0.013636,3.04999,0.600987
gnat,0.1,4,10,54,90,80,8.755410,5.381126,,0.0750327,7.92749,1.51601
clsqdeim,0.1,4,10,54,90,85,19.193542,10.066804,,0.0296098,2.47993,0.245833
clsgnat,0.1,4,10,54,90,85,41.854705,14.404322,,0.0979707,2539.18,
qdeim,0.1,4,10,54,90,85,15.858575,7.690772,,0.0115659,3.68927,0.360504
gnat,0.1,4,10,54,90,85,7.936046,4.262819,,0.0750395,7.98903,1.50193
clsqdeim,0.1,4,10,54,90,90,85.979470,16.655156,,0.0276244,2.50992,0.269728
clsgnat,0.1,4,10,54,90,90,52.454725,21.800622,,0.097947,2816.27,
qdeim,0.1,4,10,54,90,90,21.967060,10.325827,,0.00491156,2.9918,0.256602
gnat,0.1,4,10,54,90,90,24.334602,8.901207,,0.075005,7.84977,1.464
clsqdeim,0.1,4,10,54,90,95,17.105088,14.861641,,0.0181013,3.9658,0.546883
clsgnat,0.1,4,10,54,90,95,26.726779,14.040715,,0.097941,2796.46,
qdeim,0.1,4,10,54,90,95,16.716195,6.558360,1.97268,0.00105356,0.453803,0.0521639
gnat,0.1,4,10,54,90,95,6.958549,4.017725,,0.0750434,7.85815,1.4639
clsqdeim,0.1,4,10,54,90,100,16.862321,10.823307,,0.0117985,3.84438,0.555019
clsgnat,0.1,4,10,54,90,100,35.923933,14.805622,,0.0979582,2641.56,
qdeim,0.1,4,10,54,90,100,14.744905,7.313771,1.96958,0.000577579,0.255584,0.0313363
gnat,0.1,4,10,54,90,100,8.537427,4.190257,,0.0750483,7.88612,1.46922
clsqdeim,0.1,5,10,73,110,5,84.341600,66.539792,,0.0820051,15.5585,4.31605
clsgnat,0.1,5,10,73,110,5,241.929828,192.019321,,nan,nan,nan
qdeim,0.1,5,10,73,110,5,112.087753,41.880121,,0.0598111,24.8642,27.1668
gnat,0.1,5,10,73,110,5,85.063155,67.707745,,0.0862367,7.83082,2.01513
clsqdeim,0.1,5,10,73,110,10,47.027721,48.317314,,0.0806933,17.8323,15.1007
clsgnat,0.1,5,10,73,110,10,157.893086,93.860687,,3.21722e+19,2.77268e+35,3.24004e+68
qdeim,0.1,5,10,73,110,10,43.891235,22.329854,,0.0480852,9.09149,2.03242
gnat,0.1,5,10,73,110,10,76.309788,27.097532,,0.0861969,7.79282,2.04962
clsqdeim,0.1,5,10,73,110,15,54.615006,23.759253,,0.0800954,16.1625,15.0827
clsgnat,0.1,5,10,73,110,15,93.793731,60.858198,,nan,nan,5.86021e+20
qdeim,0.1,5,10,73,110,15,41.654213,29.338669,,0.0427672,2.49478,0.327585
gnat,0.1,5,10,73,110,15,32.807340,17.401177,,0.0862042,7.86903,2.13055
clsqdeim,0.1,5,10,73,110,20,43.213783,23.690232,,0.0773186,1494.52,2.33784e+06
clsgnat,0.1,5,10,73,110,20,104.550906,53.786424,,7.99535e+30,3.38393e+46,3.2923e+92
qdeim,0.1,5,10,73,110,20,34.902741,18.488623,,0.0364547,2.46862,0.261334
gnat,0.1,5,10,73,110,20,28.587793,16.405012,,0.0863194,9.85862,3.92408
clsqdeim,0.1,5,10,73,110,25,45.941228,18.941241,,0.0689339,4.47912,0.732859
clsgnat,0.1,5,10,73,110,25,90.235869,44.550237,,2.79568e+33,6.08011e+49,1.34652e+97
qdeim,0.1,5,10,73,110,25,21.821198,23.588308,,0.035831,2.0542,0.226297
gnat,0.1,5,10,73,110,25,23.191253,16.737519,,0.0862263,7.92247,2.0685
clsqdeim,0.1,5,10,73,110,30,53.901050,14.872604,,0.0670397,3.13366,0.56212
clsgnat,0.1,5,10,73,110,30,70.433155,46.749287,,nan,nan,nan
qdeim,0.1,5,10,73,110,30,26.855512,16.932326,,0.0392935,3.24997,12.1458
gnat,0.1,5,10,73,110,30,17.380274,10.765821,,0.0862624,9.61662,3.27035
clsqdeim,0.1,5,10,73,110,35,37.145858,14.968934,,0.0672194,2.88129,0.444997
clsgnat,0.1,5,10,73,110,35,58.563589,43.124877,,nan,nan,nan
qdeim,0.1,5,10,73,110,35,21.026945,17.372266,,0.0363948,3.02723,0.357811
gnat,0.1,5,10,73,110,35,14.620582,10.831280,,0.086316,9.26489,2.80938
clsqdeim,0.1,5,10,73,110,40,47.569546,13.488759,,0.0574716,4.70988,0.83466
clsgnat,0.1,5,10,73,110,40,60.069982,34.570105,,8.52672e+10,2.08203e+27,8.45519e+51
qdeim,0.1,5,10,73,110,40,27.503018,12.890325,,0.0234727,4.84213,0.970659
gnat,0.1,5,10,73,110,40,17.131606,9.979383,,0.0862991,8.96039,3.58051
clsqdeim,0.1,5,10,73,110,45,40.580595,13.260046,,0.0567029,9.01709,3.38753
clsgnat,0.1,5,10,73,110,45,53.233096,32.374419,,nan,nan,nan
qdeim,0.1,5,10,73,110,45,21.376419,12.380229,,0.0193116,4.44254,0.753373
gnat,0.1,5,10,73,110,45,13.999872,8.288685,,0.0863163,8.80009,3.25621
clsqdeim,0.1,5,10,73,110,50,36.986466,14.551220,,0.0612212,4.84132,0.890098
clsgnat,0.1,5,10,73,110,50,50.161742,26.075350,,4.86192e+15,3.5683e+31,1.58792e+62
qdeim,0.1,5,10,73,110,50,21.754212,13.025531,,0.00907735,2.54924,0.249244
gnat,0.1,5,10,73,110,50,14.885497,7.880252,,0.086298,9.07922,3.64507
clsqdeim,0.1,5,10,73,110,55,53.717901,14.743741,,0.0612811,3.47014,0.570411
clsgnat,0.1,5,10,73,110,55,72.532911,27.629944,,1.20218e+61,8.91785e+76,nan
qdeim,0.1,5,10,73,110,55,37.414885,11.454170,,0.00406376,3.78256,0.672625
gnat,0.1,5,10,73,110,55,30.556718,8.021887,,0.0862416,7.71883,1.98652
clsqdeim,0.1,5,10,73,110,60,35.506028,12.836895,,0.0488741,4.71206,0.727792
clsgnat,0.1,5,10,73,110,60,50.049377,23.909753,,nan,nan,nan
qdeim,0.1,5,10,73,110,60,19.454667,10.522820,2.57637,0.00291103,2.89913,0.328473
gnat,0.1,5,10,73,110,60,12.620055,7.281417,,0.0862112,7.90405,2.1073
clsqdeim,0.1,5,10,73,110,65,28.700372,14.475784,,0.0464429,4.78465,0.759131
clsgnat,0.1,5,10,73,110,65,38.385018,24.413306,12.8072,0.0996076,5704.6,1.90519e+06
qdeim,0.1,5,10,73,110,65,16.064826,9.715307,2.01511,0.000688654,0.303046,0.0304397
gnat,0.1,5,10,73,110,65,12.852022,7.616504,,0.086214,7.96932,2.15671
clsqdeim,0.1,5,10,73,110,70,27.009888,18.775698,,0.0426584,4.09972,0.59697
clsgnat,0.1,5,10,73,110,70,31.596658,20.354814,,1.93592e+25,2.30403e+41,2.03883e+81
qdeim,0.1,5,10,73,110,70,18.933069,9.585614,2.06616,0.000430948,0.236203,0.0232794
gnat,0.1,5,10,73,110,70,10.175572,6.687701,,0.0861965,8.00476,2.16433
clsqdeim,0.1,5,10,73,110,75,22.841438,21.284610,,0.0393519,4.72533,0.717597
clsgnat,0.1,5,10,73,110,75,31.371587,23.153580,,9.39777e+12,4.9561e+28,6.06027e+56
qdeim,0.1,5,10,73,110,75,16.586895,8.748613,2.08518,4.90123e-05,0.0211426,0.00226652
gnat,0.1,5,10,73,110,75,10.620155,6.520958,,0.086213,7.95534,2.14738
clsqdeim,0.1,5,10,73,110,80,27.784374,29.109095,,0.0341195,5.81525,1.06405
clsgnat,0.1,5,10,73,110,80,36.246305,22.591242,,nan,nan,nan
qdeim,0.1,5,10,73,110,80,40.018530,9.023289,2.10541,4.15643e-05,0.0119222,0.00112847
gnat,0.1,5,10,73,110,80,10.951068,5.819491,,0.0862061,7.99042,2.17907
clsqdeim,0.1,5,10,73,110,85,22.372003,25.112974,,0.0373378,6.39023,1.42211
clsgnat,0.1,5,10,73,110,85,33.552572,18.471691,,2.33433e+43,3.59919e+59,nan
qdeim,0.1,5,10,73,110,85,16.507180,9.062147,2.19455,4.04369e-05,0.0104641,0.00112213
gnat,0.1,5,10,73,110,85,9.585088,6.527538,,0.0862078,7.98725,2.17194
clsqdeim,0.1,5,10,73,110,90,24.265884,31.601984,,0.0380315,6.06833,1.34317
clsgnat,0.1,5,10,73,110,90,32.054401,17.838089,,1.89362e+31,1.7136e+47,7.65693e+92
qdeim,0.1,5,10,73,110,90,16.664250,8.576367,2.27804,2.6329e-05,0.00654031,0.00080847
gnat,0.1,5,10,73,110,90,9.298069,5.500186,,0.0862056,7.98748,2.18362
clsqdeim,0.1,5,10,73,110,95,22.135983,31.341109,,0.0281197,5.62401,1.20368
clsgnat,0.1,5,10,73,110,95,24.519037,17.561839,,nan,nan,nan
qdeim,0.1,5,10,73,110,95,13.024214,8.791585,2.27685,2.41182e-05,0.00525878,0.000755312
gnat,0.1,5,10,73,110,95,8.520862,4.928104,,0.0862193,8.00477,2.23784
clsqdeim,0.1,5,10,73,110,100,22.495889,21.146725,,0.0294896,3.96567,0.613243
clsgnat,0.1,5,10,73,110,100,24.509365,19.552274,,8.58353e+28,3.08395e+44,1.31938e+88
qdeim,0.1,5,10,73,110,100,13.529384,8.571340,2.34244,1.74372e-05,0.00493236,0.000636885
gnat,0.1,5,10,73,110,100,8.049452,4.973141,,0.0862171,8.01784,2.25912
clsqdeim,0.1,6,10,91,127,5,150.857324,81.688592,,0.070178,46.606,93.507
clsgnat,0.1,6,10,91,127,5,762.123039,307.631249,,1.65214e+46,6.98624e+62,nan
qdeim,0.1,6,10,91,127,5,104.089731,67.146270,,0.0649896,4.3102,1.0738
gnat,0.1,6,10,91,127,5,105.475786,93.830240,,0.0734498,14.1413,10.3613
clsqdeim,0.1,6,10,91,127,10,117.138258,51.408240,,0.0696621,33.472,58.1541
clsgnat,0.1,6,10,91,127,10,220.430119,139.884879,,3.49832e+43,7.39136e+59,nan
qdeim,0.1,6,10,91,127,10,60.234915,30.409312,,0.0652743,5.62597,1.69545
gnat,0.1,6,10,91,127,10,66.350164,48.352648,,0.0733851,27.259,10.7953
clsqdeim,0.1,6,10,91,127,15,76.008128,40.706656,,0.067493,3.75573,3.12811
clsgnat,0.1,6,10,91,127,15,116.590088,107.676268,,2.46099e+32,2.59464e+48,3.22271e+95
qdeim,0.1,6,10,91,127,15,35.333095,30.228055,,0.0605828,3.12401,0.517624
gnat,0.1,6,10,91,127,15,34.244564,22.851213,,0.0734402,15.0361,10.0044
clsqdeim,0.1,6,10,91,127,20,55.541663,52.058248,,0.0707285,27.4051,38.5514
clsgnat,0.1,6,10,91,127,20,106.739659,84.290440,,0.0985156,1.20802e+11,9.35746e+20
qdeim,0.1,6,10,91,127,20,35.243704,19.800312,,0.0613478,5.49196,0.517082
gnat,0.1,6,10,91,127,20,30.802719,22.809061,,0.0734101,15.2095,11.8146
clsqdeim,0.1,6,10,91,127,25,51.358198,36.664921,,0.0713986,3.48861,0.61276
clsgnat,0.1,6,10,91,127,25,94.694313,63.810177,,4.75079e+77,nan,nan
qdeim,0.1,6,10,91,127,25,31.790002,23.648088,,0.0590261,6.05426,2.29832
gnat,0.1,6,10,91,127,25,26.368668,24.420954,,0.0733399,15.5832,14.5925
clsqdeim,0.1,6,10,91,127,30,37.840710,34.140019,,0.0677709,4.84731,0.809745
clsgnat,0.1,6,10,91,127,30,64.018733,55.475736,,9.74822e+65,3.99225e+82,nan
qdeim,0.1,6,10,91,127,30,28.744386,21.668787,,0.0562451,40.2247,54.7175
gnat,0.1,6,10,91,127,30,18.241336,14.514000,,0.073363,16.5849,14.7253
clsqdeim,0.1,6,10,91,127,35,46.155989,42.953134,,0.0669129,5.20947,0.976882
clsgnat,0.1,6,10,91,127,35,68.287402,68.935000,,3.77012e+70,nan,nan
qdeim,0.1,6,10,91,127,35,25.063449,23.524674,,0.0435997,7.3721,1.6604
gnat,0.1,6,10,91,127,35,19.764730,15.751158,,0.0733785,14.6855,10.8778
clsqdeim,0.1,6,10,91,127,40,42.850231,35.041216,,0.0665863,5.63994,1.11169
clsgnat,0.1,6,10,91,127,40,57.957205,47.629754,,1.24297e+59,2.97364e+75,nan
qdeim,0.1,6,10,91,127,40,21.711191,20.739127,,0.0390217,2.52614,0.316102
gnat,0.1,6,10,91,127,40,19.330956,11.316254,,0.0733817,14.4254,10.5287
clsqdeim,0.1,6,10,91,127,45,34.009264,28.456510,,0.0676579,18.6645,15.5998
clsgnat,0.1,6,10,91,127,45,61.262238,45.572332,,6.04086e+72,nan,nan
qdeim,0.1,6,10,91,127,45,24.068829,16.020094,,0.040032,2.41692,0.306995
gnat,0.1,6,10,91,127,45,14.603779,9.969481,,0.0733674,15.398,11.9418
clsqdeim,0.1,6,10,91,127,50,36.694570,31.578958,,0.0655361,11.6784,4.99063
clsgnat,0.1,6,10,91,127,50,59.361193,36.743711,,5.20211e+48,8.07057e+64,nan
qdeim,0.1,6,10,91,127,50,21.415758,22.514964,,0.0404826,2.32786,0.269638
gnat,0.1,6,10,91,127,50,13.383523,9.580786,,0.073327,17.2294,13.9829
clsqdeim,0.1,6,10,91,127,55,48.316825,31.570556,,0.0664245,21.6259,18.4
clsgnat,0.1,6,10,91,127,55,52.948160,44.522798,,nan,nan,nan
qdeim,0.1,6,10,91,127,55,20.991848,23.150310,,0.0349101,2.51812,0.299778
gnat,0.1,6,10,91,127,55,12.913305,8.375371,,0.0733794,19.728,17.6592
clsqdeim,0.1,6,10,91,127,60,26.943640,33.606556,,0.0620783,140.644,5346.02
clsgnat,0.1,6,10,91,127,60,45.319265,30.736395,,3.81946e+70,nan,nan
qdeim,0.1,6,10,91,127,60,15.802592,25.997876,,0.0297978,3.9069,0.616606
gnat,0.1,6,10,91,127,60,10.906656,8.648010,,0.0733775,20.292,25.8221
clsqdeim,0.1,6,10,91,127,65,52.626644,51.084874,,0.0613925,10.4278,4.7966
clsgnat,0.1,6,10,91,127,65,41.850860,52.224313,,9.63321e+77,nan,nan
qdeim,0.1,6,10,91,127,65,15.921931,53.186433,,0.0200054,57.8418,119.181
gnat,0.1,6,10,91,127,65,13.466684,11.050275,,0.073461,18.6546,17.9405
clsqdeim,0.1,6,10,91,127,70,35.008906,38.980272,,0.0629669,11.1925,5.84906
clsgnat,0.1,6,10,91,127,70,41.976272,44.910209,,2.02916e+57,1.18298e+73,nan
qdeim,0.1,6,10,91,127,70,14.537100,31.890303,,0.0148676,1.65934,0.204962
gnat,0.1,6,10,91,127,70,10.542219,9.938596,,0.0733995,20.9459,25.1916
clsqdeim,0.1,6,10,91,127,75,29.681417,24.415649,,0.0621239,8.58165,3.47123
clsgnat,0.1,6,10,91,127,75,40.389636,28.121922,,9.30595e+50,2.89788e+67,nan
qdeim,0.1,6,10,91,127,75,15.409424,28.491340,,0.0154662,2.22528,0.277172
gnat,0.1,6,10,91,127,75,12.861920,7.834581,,0.073336,23.2293,39.6671
clsqdeim,0.1,6,10,91,127,80,30.665594,22.620912,,0.0571612,10.7068,2.11414
clsgnat,0.1,6,10,91,127,80,36.702104,28.057312,,0.0985711,8.94559e+09,1.5495e+18
qdeim,0.1,6,10,91,127,80,16.158538,24.629633,,0.0114056,2.17046,0.237454
gnat,0.1,6,10,91,127,80,11.089055,7.244425,,0.0734303,17.5938,15.3268
clsqdeim,0.1,6,10,91,127,85,40.848729,22.265554,,0.0553976,8.37274,3.28666
clsgnat,0.1,6,10,91,127,85,38.060613,25.925044,,0.0985955,1.5461e+10,5.29324e+18
qdeim,0.1,6,10,91,127,85,13.708038,23.810688,,0.00411437,3.03763,0.395368
gnat,0.1,6,10,91,127,85,10.820155,7.424977,,0.0734216,16.1618,13.1869
clsqdeim,0.1,6,10,91,127,90,26.893328,22.632257,,0.0519119,4.98709,0.705702
clsgnat,0.1,6,10,91,127,90,32.963296,24.188025,,nan,nan,nan
qdeim,0.1,6,10,91,127,90,13.122944,22.715569,2.66135,0.00253281,0.810624,0.112155
gnat,0.1,6,10,91,127,90,10.179506,7.244896,,0.0733921,17.3024,14.7344
clsqdeim,0.1,6,10,91,127,95,27.742107,20.599776,,0.0490185,4491.06,
clsgnat,0.1,6,10,91,127,95,30.869318,23.613151,,7.10776e+34,3.91134e+51,2.19995e+100
qdeim,0.1,6,10,91,127,95,15.515741,26.430615,2.4821,0.000358711,0.169007,0.0202755
gnat,0.1,6,10,91,127,95,8.648619,6.577608,,0.0734141,17.3313,15.0835
clsqdeim,0.1,6,10,91,127,100,25.739740,20.624246,,0.0408556,5.34473,0.890051
clsgnat,0.1,6,10,91,127,100,24.259551,24.545126,,0.0986219,1.55292e+10,1.15054e+19
qdeim,0.1,6,10,91,127,100,11.682778,21.242409,2.45663,0.000324639,0.133601,0.0206655
gnat,0.1,6,10,91,127,100,8.805916,5.728075,,0.0734188,17.0973,14.6541
