method,t,n,ef,xx,vv,ee,q,condV,condE,time,ErrX,ErrV,ErrE
clssopt,0.1,3,0.9999,10,32,72,5,86.466236,19.005541,1.00474,0.0206469,0.408494,6.63788e-05
sopt,0.1,3,0.9999,10,32,72,5,64.246746,16.128393,1.07999,0.0206448,0.408504,6.63145e-05
clssopt,0.1,3,0.9999,10,32,72,10,31.428043,14.229684,1.16763,0.0206469,0.408501,6.63466e-05
sopt,0.1,3,0.9999,10,32,72,10,35.531057,21.327515,1.11692,0.0206446,0.408504,6.63079e-05
clssopt,0.1,3,0.9999,10,32,72,15,25.117066,10.725099,1.22002,0.0206469,0.40851,6.63527e-05
sopt,0.1,3,0.9999,10,32,72,15,24.637405,9.765619,1.19051,0.0206448,0.408504,6.63344e-05
clssopt,0.1,3,0.9999,10,32,72,20,17.742249,11.020957,1.2918,0.0206469,0.408515,6.63606e-05
sopt,0.1,3,0.9999,10,32,72,20,17.793020,10.194780,1.26734,0.0206453,0.408506,6.62661e-05
clssopt,0.1,3,0.9999,10,32,72,25,18.383260,6.906268,1.27236,0.0206469,0.408517,6.63328e-05
sopt,0.1,3,0.9999,10,32,72,25,17.180131,7.509812,1.30262,0.0206452,0.4085,6.62677e-05
clssopt,0.1,3,0.9999,10,32,72,30,14.022477,5.374172,1.38516,0.0206467,0.408515,6.6324e-05
sopt,0.1,3,0.9999,10,32,72,30,12.752496,6.712641,1.33116,0.0206456,0.408506,6.6242e-05
clssopt,0.1,3,0.9999,10,32,72,35,12.964289,6.007627,1.35839,0.0206469,0.408519,6.63201e-05
sopt,0.1,3,0.9999,10,32,72,35,12.948215,6.138760,1.4299,0.0206451,0.408507,6.62313e-05
clssopt,0.1,3,0.9999,10,32,72,40,10.048237,4.539773,1.45804,0.0206473,0.408519,6.63182e-05
sopt,0.1,3,0.9999,10,32,72,40,9.446995,6.133175,1.51154,0.0206451,0.408509,6.62358e-05
clssopt,0.1,3,0.9999,10,32,72,45,10.399986,4.181193,1.43632,0.0206473,0.408519,6.63284e-05
sopt,0.1,3,0.9999,10,32,72,45,8.887833,5.175690,1.53731,0.0206452,0.408513,6.62408e-05
clssopt,0.1,3,0.9999,10,32,72,50,8.830696,4.728763,3.61109,0.0206469,0.408515,6.63288e-05
sopt,0.1,3,0.9999,10,32,72,50,8.866976,4.920376,1.5928,0.0206453,0.408513,6.62401e-05
clssopt,0.1,3,0.9999,10,32,72,55,8.781739,3.623345,1.59999,0.0206467,0.408514,6.63242e-05
sopt,0.1,3,0.9999,10,32,72,55,9.224996,4.217261,1.53557,0.0206455,0.408513,6.62439e-05
clssopt,0.1,3,0.9999,10,32,72,60,7.124488,4.368495,1.64135,0.0206466,0.408514,6.63121e-05
sopt,0.1,3,0.9999,10,32,72,60,8.418703,4.269373,1.63108,0.0206456,0.408513,6.62502e-05
clssopt,0.1,3,0.9999,10,32,72,65,7.434356,5.102690,1.67625,0.0206466,0.408503,6.63073e-05
sopt,0.1,3,0.9999,10,32,72,65,7.057180,4.107998,1.69796,0.0206456,0.408514,6.62488e-05
clssopt,0.1,3,0.9999,10,32,72,70,7.107760,4.116338,1.70634,0.0206468,0.408504,6.63021e-05
sopt,0.1,3,0.9999,10,32,72,70,7.125642,3.742044,1.75281,0.0206457,0.408515,6.62478e-05
clssopt,0.1,3,0.9999,10,32,72,75,6.001217,3.914766,1.78836,0.0206468,0.408506,6.63042e-05
sopt,0.1,3,0.9999,10,32,72,75,6.268461,3.608412,1.8178,0.0206457,0.408515,6.62424e-05
clssopt,0.1,3,0.9999,10,32,72,80,6.443463,3.811863,1.75331,0.0206469,0.408508,6.6313e-05
sopt,0.1,3,0.9999,10,32,72,80,6.600967,3.755818,1.76257,0.0206455,0.408515,6.62341e-05
clssopt,0.1,3,0.9999,10,32,72,85,5.783243,3.737060,1.83061,0.0206469,0.40851,6.63234e-05
sopt,0.1,3,0.9999,10,32,72,85,6.845868,3.512917,1.87744,0.0206457,0.408516,6.62391e-05
clssopt,0.1,3,0.9999,10,32,72,90,6.279088,3.320917,1.92617,0.0206469,0.40851,6.6322e-05
sopt,0.1,3,0.9999,10,32,72,90,5.254316,3.681610,1.9244,0.0206457,0.408513,6.6243e-05
clssopt,0.1,3,0.9999,10,32,72,95,5.411842,3.080195,2.225,0.020647,0.40851,6.63152e-05
sopt,0.1,3,0.9999,10,32,72,95,5.238046,3.683529,1.96606,0.020646,0.408514,6.6243e-05
clssopt,0.1,3,0.9999,10,32,72,100,4.917336,3.255175,1.93859,0.020647,0.408509,6.63141e-05
sopt,0.1,3,0.9999,10,32,72,100,5.597680,3.373937,1.99788,0.020646,0.408513,6.62434e-05
clsqdeim,0.1,3,10,32,72,5,107.377390,11.500163,,0.0673496,4.27888,1.53496
qdeim,0.1,3,10,32,72,5,63.481037,22.178504,,0.0584526,9.0546,1.97554
clsqdeim,0.1,3,10,32,72,10,42.308515,16.040090,,0.0668434,8.86841,3.81388
qdeim,0.1,3,10,32,72,10,41.507119,16.073744,,0.0555346,10.4846,2.13361
clsqdeim,0.1,3,10,32,72,15,36.709279,8.505376,,0.0653829,9.03829,4.70893
qdeim,0.1,3,10,32,72,15,24.644292,8.387831,,0.0562009,5.91423,2.20722
clsqdeim,0.1,3,10,32,72,20,36.542068,27.496890,,0.0615159,3.06727,0.572208
qdeim,0.1,3,10,32,72,20,23.995097,12.400983,,0.0390042,6.73639,1.77704
clsqdeim,0.1,3,10,32,72,25,42.761046,5.737736,,0.0575353,2.20158,0.268559
qdeim,0.1,3,10,32,72,25,19.133390,7.506407,,0.0532443,3.42781,4.51879
clsqdeim,0.1,3,10,32,72,30,35.184808,8.338562,,0.0571749,4.03249,0.439302
qdeim,0.1,3,10,32,72,30,22.286343,8.765254,,0.0522807,2.90784,0.600935
clsqdeim,0.1,3,10,32,72,35,28.457800,5.050842,,0.0584276,4.49718,0.576638
qdeim,0.1,3,10,32,72,35,22.571066,6.786536,,0.0472687,1.98273,0.294925
clsqdeim,0.1,3,10,32,72,40,25.818349,18.949813,,0.0566251,4.09177,0.590322
qdeim,0.1,3,10,32,72,40,23.552119,7.050573,,0.0424901,3.10095,0.357476
clsqdeim,0.1,3,10,32,72,45,24.544554,3.676557,,0.0465885,8.03019,1.84457
qdeim,0.1,3,10,32,72,45,26.658410,5.795260,,0.0379762,11.0199,2.71036
clsqdeim,0.1,3,10,32,72,50,21.773158,6.450664,,0.0436675,7.05857,9.6929
qdeim,0.1,3,10,32,72,50,17.954616,6.440500,,0.0346009,2.54723,0.364951
clsqdeim,0.1,3,10,32,72,55,22.695797,4.414987,,0.0490501,2.72053,0.38344
qdeim,0.1,3,10,32,72,55,16.371435,4.480977,,0.0329762,4.22986,0.402797
clsqdeim,0.1,3,10,32,72,60,30.591073,6.780579,,0.0468533,23.0071,27.797
qdeim,0.1,3,10,32,72,60,18.755975,5.225695,,0.0337868,2.28275,0.309559
clsqdeim,0.1,3,10,32,72,65,20.199250,6.461665,,0.049922,13.5571,11.1581
qdeim,0.1,3,10,32,72,65,15.421354,4.553269,,0.0343262,2.13218,0.282212
clsqdeim,0.1,3,10,32,72,70,17.516246,7.509801,,0.0526177,8.96043,4.90514
qdeim,0.1,3,10,32,72,70,16.588133,5.836050,,0.0305841,5.73735,11.9821
clsqdeim,0.1,3,10,32,72,75,19.888998,4.896415,,0.0463322,13.3819,9.14875
qdeim,0.1,3,10,32,72,75,13.792819,4.087750,,0.0329,2.19564,0.286398
clsqdeim,0.1,3,10,32,72,80,17.745760,16.219551,,0.0412497,5.55865,5.96176
qdeim,0.1,3,10,32,72,80,16.907581,8.277094,,0.0317633,5.52155,24.4131
clsqdeim,0.1,3,10,32,72,85,16.237089,4.880934,,0.0456032,2.11675,0.244516
qdeim,0.1,3,10,32,72,85,11.280003,3.663155,,0.0180332,3.11284,0.354989
clsqdeim,0.1,3,10,32,72,90,16.037129,6.574894,,0.0426897,2.20732,0.28854
qdeim,0.1,3,10,32,72,90,12.522534,3.923620,,0.00434966,2.34928,0.23876
clsqdeim,0.1,3,10,32,72,95,18.015662,6.157418,,0.0416037,1.92215,0.240736
qdeim,0.1,3,10,32,72,95,11.874602,3.710330,2.01766,0.00177237,0.828609,0.136122
clsqdeim,0.1,3,10,32,72,100,17.067652,9.687442,,0.0413859,1.99599,0.248638
qdeim,0.1,3,10,32,72,100,11.367835,5.191119,2.36484,0.00191363,2.03772,0.294669
clssopt,0.1,4,0.99999,10,54,90,5,63.837472,45.535792,1.72565,0.0206464,0.408533,6.63897e-05
sopt,0.1,4,0.99999,10,54,90,5,55.991755,45.163931,1.28339,0.0206463,0.408513,6.62502e-05
clssopt,0.1,4,0.99999,10,54,90,10,36.732985,40.626801,1.54828,0.0206464,0.408533,6.63741e-05
sopt,0.1,4,0.99999,10,54,90,10,47.872992,19.154193,1.35684,0.0206464,0.408505,6.62278e-05
clssopt,0.1,4,0.99999,10,54,90,15,28.331685,24.288128,1.58199,0.0206464,0.408535,6.63452e-05
sopt,0.1,4,0.99999,10,54,90,15,29.190309,16.707618,1.41101,0.0206461,0.408503,6.62109e-05
clssopt,0.1,4,0.99999,10,54,90,20,23.458890,15.909211,1.5841,0.0206467,0.408535,6.63511e-05
sopt,0.1,4,0.99999,10,54,90,20,19.162467,13.875248,1.85225,0.0206462,0.408508,6.62152e-05
clssopt,0.1,4,0.99999,10,54,90,25,19.743156,13.871042,1.73105,0.0206466,0.408526,6.63383e-05
sopt,0.1,4,0.99999,10,54,90,25,16.511478,12.250393,1.63849,0.0206461,0.408506,6.62274e-05
clssopt,0.1,4,0.99999,10,54,90,30,18.760015,12.692300,1.71927,0.0206467,0.408527,6.6319e-05
sopt,0.1,4,0.99999,10,54,90,30,12.479730,12.110048,1.69048,0.0206459,0.408508,6.62377e-05
clssopt,0.1,4,0.99999,10,54,90,35,12.360296,14.684764,1.77886,0.0206469,0.408532,6.63131e-05
sopt,0.1,4,0.99999,10,54,90,35,12.668271,9.355298,1.69348,0.0206458,0.408507,6.62453e-05
clssopt,0.1,4,0.99999,10,54,90,40,12.245117,12.686767,1.89749,0.0206472,0.408537,6.63062e-05
sopt,0.1,4,0.99999,10,54,90,40,12.312035,9.357396,1.67153,0.0206459,0.408511,6.62462e-05
clssopt,0.1,4,0.99999,10,54,90,45,10.205954,10.709849,1.90305,0.0206474,0.408538,6.63262e-05
sopt,0.1,4,0.99999,10,54,90,45,11.151701,7.803156,1.77728,0.020646,0.408512,6.62494e-05
clssopt,0.1,4,0.99999,10,54,90,50,8.673653,9.981844,1.89246,0.0206473,0.408537,6.63251e-05
sopt,0.1,4,0.99999,10,54,90,50,8.924054,6.689372,2.04976,0.0206462,0.408515,6.62453e-05
clssopt,0.1,4,0.99999,10,54,90,55,9.474132,8.336870,1.99548,0.0206473,0.408533,6.63262e-05
sopt,0.1,4,0.99999,10,54,90,55,10.023733,7.225215,1.90932,0.0206462,0.408512,6.62657e-05
clssopt,0.1,4,0.99999,10,54,90,60,9.544985,9.134405,1.96184,0.0206473,0.408531,6.63294e-05
sopt,0.1,4,0.99999,10,54,90,60,9.260144,8.000338,1.84136,0.0206461,0.408512,6.62664e-05
clssopt,0.1,4,0.99999,10,54,90,65,8.516072,7.723400,2.00915,0.0206474,0.408531,6.63265e-05
sopt,0.1,4,0.99999,10,54,90,65,8.269834,6.379515,1.9145,0.0206459,0.408504,6.62669e-05
clssopt,0.1,4,0.99999,10,54,90,70,7.866763,7.384495,2.14387,0.0206474,0.408531,6.6323e-05
sopt,0.1,4,0.99999,10,54,90,70,8.851562,6.183698,2.11241,0.020646,0.408504,6.62605e-05
clssopt,0.1,4,0.99999,10,54,90,75,7.751204,7.177524,2.1354,0.0206476,0.408533,6.63209e-05
sopt,0.1,4,0.99999,10,54,90,75,8.384475,5.750036,1.92492,0.020646,0.408503,6.62665e-05
clssopt,0.1,4,0.99999,10,54,90,80,7.333180,6.883223,2.12145,0.0206476,0.408533,6.63214e-05
sopt,0.1,4,0.99999,10,54,90,80,8.969505,5.536112,1.99658,0.0206462,0.408503,6.62674e-05
clssopt,0.1,4,0.99999,10,54,90,85,7.372756,7.655937,2.13828,0.0206476,0.408531,6.63176e-05
sopt,0.1,4,0.99999,10,54,90,85,6.590252,4.985907,2.06962,0.0206461,0.408499,6.62622e-05
clssopt,0.1,4,0.99999,10,54,90,90,6.418753,6.457898,2.21553,0.0206475,0.408528,6.63181e-05
sopt,0.1,4,0.99999,10,54,90,90,7.040705,4.884747,2.07116,0.0206461,0.4085,6.6261e-05
clssopt,0.1,4,0.99999,10,54,90,95,6.361325,6.624435,2.16326,0.0206475,0.408527,6.63095e-05
sopt,0.1,4,0.99999,10,54,90,95,7.323688,5.602543,2.07067,0.0206462,0.408502,6.62545e-05
clssopt,0.1,4,0.99999,10,54,90,100,6.305798,6.101581,2.2466,0.0206475,0.408528,6.63108e-05
sopt,0.1,4,0.99999,10,54,90,100,5.883400,5.413107,2.17157,0.0206461,0.4085,6.6255e-05
clsqdeim,0.1,4,10,54,90,5,108.499642,57.691973,,0.0769144,5.07563,1.57595
qdeim,0.1,4,10,54,90,5,136.176246,44.581686,,0.0514812,3.59612,0.783246
clsqdeim,0.1,4,10,54,90,10,62.491156,30.686671,,0.0729833,3.84055,1.06065
qdeim,0.1,4,10,54,90,10,49.141787,28.386140,,0.0487312,2.75268,0.389066
clsqdeim,0.1,4,10,54,90,15,69.646847,63.995028,,0.0683102,4.69563,1.32534
qdeim,0.1,4,10,54,90,15,70.767151,19.219476,,0.0395597,4.83429,0.931883
clsqdeim,0.1,4,10,54,90,20,41.315983,35.470804,,0.0609112,4.32816,0.839315
qdeim,0.1,4,10,54,90,20,28.768344,13.465479,,0.0281432,5.47799,1.21778
clsqdeim,0.1,4,10,54,90,25,45.570772,28.276808,,0.0510544,8.25168,7.1974
qdeim,0.1,4,10,54,90,25,24.108352,15.074686,,0.0256281,2.20955,0.274882
clsqdeim,0.1,4,10,54,90,30,81.730402,36.367903,,0.054889,16.1531,18.7252
qdeim,0.1,4,10,54,90,30,34.273330,15.627439,,0.0266454,3.94477,0.693503
clsqdeim,0.1,4,10,54,90,35,33.495116,24.327784,,0.0510119,24.5499,37.1742
qdeim,0.1,4,10,54,90,35,24.079325,12.359945,,0.0285167,4.39401,0.949123
clsqdeim,0.1,4,10,54,90,40,33.931173,19.192651,,0.0397353,3.55134,0.486802
qdeim,0.1,4,10,54,90,40,18.705924,14.345115,,0.0347066,3.04906,0.286992
clsqdeim,0.1,4,10,54,90,45,78.607813,21.793560,,0.0338299,2.5959,0.353532
qdeim,0.1,4,10,54,90,45,21.498572,16.259343,,0.0069204,2.29427,0.231722
clsqdeim,0.1,4,10,54,90,50,30.984009,14.223436,,0.0311474,2.9852,0.411855
qdeim,0.1,4,10,54,90,50,19.390255,11.354441,,0.00765342,1.96984,0.231977
clsqdeim,0.1,4,10,54,90,55,24.241420,18.973837,,0.031836,1.99298,0.293695
qdeim,0.1,4,10,54,90,55,16.488973,11.312009,,0.0127675,1.44668,0.178747
clsqdeim,0.1,4,10,54,90,60,38.245346,16.544002,,0.0240276,4.2803,0.995755
qdeim,0.1,4,10,54,90,60,20.156592,10.403176,,0.0104275,2.65774,0.349513
clsqdeim,0.1,4,10,54,90,65,24.935854,15.137400,,0.0303071,3.47327,0.729657
qdeim,0.1,4,10,54,90,65,17.141994,8.913738,,0.0111003,1.9082,0.212572
clsqdeim,0.1,4,10,54,90,70,23.399858,16.838105,,0.0247353,3.82952,0.800409
qdeim,0.1,4,10,54,90,70,13.930099,7.912065,,0.00754066,2.79618,0.352315
clsqdeim,0.1,4,10,54,90,75,24.816072,14.086118,,0.0211515,8.3278,4.44648
qdeim,0.1,4,10,54,90,75,19.053389,9.174900,,0.00417434,6.11234,1.26639
clsqdeim,0.1,4,10,54,90,80,28.641424,11.738092,,0.0267507,2.7331,0.273247
qdeim,0.1,4,10,54,90,80,17.449860,7.706718,,0.013636,3.04999,0.600987
clsqdeim,0.1,4,10,54,90,85,19.193542,10.066804,,0.0296098,2.47993,0.245833
qdeim,0.1,4,10,54,90,85,15.858575,7.690772,,0.0115659,3.68927,0.360504
clsqdeim,0.1,4,10,54,90,90,85.979470,16.655156,,0.0276244,2.50992,0.269728
qdeim,0.1,4,10,54,90,90,21.967060,10.325827,,0.00491156,2.9918,0.256602
clsqdeim,0.1,4,10,54,90,95,17.105088,14.861641,,0.0181013,3.9658,0.546883
qdeim,0.1,4,10,54,90,95,16.716195,6.558360,1.98313,0.00105356,0.453803,0.0521639
clsqdeim,0.1,4,10,54,90,100,16.862321,10.823307,,0.0117985,3.84438,0.555019
qdeim,0.1,4,10,54,90,100,14.744905,7.313771,1.98286,0.000577579,0.255584,0.0313363
