method,n,energy_frac,rwdim,rrdim,nldim,nsr,time,error
clsSOPT,0,0.9,4,6,6,11,0.2947084209999999,0.01821597038829341
clsQDEIM,0,0.9,4,6,6,11,0.294484373,0.01686246381639052
clsSOPT,0,0.9,4,6,6,16,0.384296843,0.0182159703882934
clsQDEIM,0,0.9,4,6,6,16,0.386995797,0.01720289935470327
clsSOPT,0,0.9,4,6,6,21,0.456974264,0.01821597038829341
clsQDEIM,0,0.9,4,6,6,21,0.457568392,0.01720583092713949
clsSOPT,0,0.9,4,6,6,26,0.5577481910000001,0.0182159703882934
clsQDEIM,0,0.9,4,6,6,26,0.547991376,0.01708722754715633
clsSOPT,0,0.9,4,6,6,31,0.613632192,0.01821597038829341
clsQDEIM,0,0.9,4,6,6,31,0.6112689469999999,0.01704879068757316
clsSOPT,0,0.9,4,6,6,36,0.718771108,0.01821597038829341
clsQDEIM,0,0.9,4,6,6,36,0.69616235,0.01702772113392593
clsSOPT,0,0.9,4,6,6,41,0.79884018,0.0182159703882934
clsQDEIM,0,0.9,4,6,6,41,1.210296119,0.01711776309960879
clsSOPT,0,0.9,4,6,6,46,1.08344693,0.01821597038829341
clsQDEIM,0,0.9,4,6,6,46,0.8556874880000001,0.01729974120153297
clsSOPT,0,0.9,4,6,6,51,0.935740103,0.01821597038829338
clsQDEIM,0,0.9,4,6,6,51,0.95121661,0.01732421286254067
clsSOPT,0,0.9,4,6,6,56,1.068945599,0.01821597038829338
clsQDEIM,0,0.9,4,6,6,56,1.287848904,0.01716083829517331
clsSOPT,0,0.9,4,6,6,61,1.091834256,0.01821597038829338
clsQDEIM,0,0.9,4,6,6,61,1.091957859,0.01716900248994026
clsSOPT,0,0.9,4,6,6,66,1.186053562,0.0182159703882934
clsQDEIM,0,0.9,4,6,6,66,2.618381679,0.0172150296489063
clsSOPT,0,0.9,4,6,6,71,2.792353299,0.0182159703882934
clsQDEIM,0,0.9,4,6,6,71,1.201812912,0.01722008587490772
clsSOPT,0,0.9,4,6,6,76,1.337605581,0.01821597031710387
clsQDEIM,0,0.9,4,6,6,76,1.870611079,0.01703368497651107
clsSOPT,0,0.9,4,6,6,81,1.406106085,0.01821597019845485
clsQDEIM,0,0.9,4,6,6,81,2.440118405,0.01735239615821963
clsSOPT,0,0.9,4,6,6,86,1.489123361,0.01803199379417396
clsQDEIM,0,0.9,4,6,6,86,2.021580917,0.01727212585324896
clsSOPT,0,0.9,4,6,6,91,1.520131338,0.01797896210734471
clsQDEIM,0,0.9,4,6,6,91,1.511299785,0.01727664622073314
clsSOPT,0,0.9,4,6,6,96,1.572821159,0.01777529184160172
clsQDEIM,0,0.9,4,6,6,96,1.597956648,0.01724858613628249
clsSOPT,0,0.9,4,6,6,101,1.642673577,0.01778425150885203
clsQDEIM,0,0.9,4,6,6,101,1.688578468,0.01717977404788305
clsSOPT,0,0.9,4,6,6,106,1.708325272,0.01784329005583521
clsQDEIM,0,0.9,4,6,6,106,1.735977679,0.01728319676740724
clsSOPT,0,0.9,4,6,6,111,1.776173332,0.0178731443897691
clsQDEIM,0,0.9,4,6,6,111,1.785914811,0.0173029863382882
clsSOPT,0,0.9,4,6,6,116,1.821700982,0.01785224160979932
clsQDEIM,0,0.9,4,6,6,116,1.872052182,0.01735204133958245
clsSOPT,0,0.9,4,6,6,121,1.884178784,0.01785635479824588
clsQDEIM,0,0.9,4,6,6,121,1.964151111,0.01735348384721851
clsSOPT,0,0.9,4,6,6,126,1.942646125,0.01789342464447068
clsQDEIM,0,0.9,4,6,6,126,2.038450262,0.01734422931047179
clsSOPT,0,0.9,4,6,6,131,2.02119018,0.01790273454457888
clsQDEIM,0,0.9,4,6,6,131,2.149057179,0.01748962951981737
clsSOPT,0,0.9,4,6,6,136,2.089990763,0.01789219310425585
clsQDEIM,0,0.9,4,6,6,136,2.18754087,0.01763655975617125
clsSOPT,0,0.9,4,6,6,141,2.173933292,0.01789855074551075
clsQDEIM,0,0.9,4,6,6,141,2.251905118,0.01772601977515448
clsSOPT,0,0.9,4,6,6,146,2.202435077,0.01789819975232332
clsQDEIM,0,0.9,4,6,6,146,2.31304417,0.01775387698095026
clsSOPT,0,0.9,4,6,6,151,2.306705997,0.01792056910540199
clsQDEIM,0,0.9,4,6,6,151,2.378267769,0.01783937682560362
clsSOPT,0,0.9,4,6,6,156,2.361552605,0.0178852846600555
clsQDEIM,0,0.9,4,6,6,156,2.438514764,0.01781467157782026
clsSOPT,0,0.9,4,6,6,161,2.445810005,0.01791900052847283
clsQDEIM,0,0.9,4,6,6,161,2.507632338,0.01777343272863176
clsSOPT,0,0.9,4,6,6,166,2.509596676,0.01791851989053396
clsQDEIM,0,0.9,4,6,6,166,2.555727451,0.01773445841763152
clsSOPT,0,0.9,4,6,6,171,2.579066716,0.01791787599902248
clsQDEIM,0,0.9,4,6,6,171,2.612105558,0.01770192421774423
clsSOPT,0,0.9,4,6,6,176,2.580317507,0.01795456910379438
clsQDEIM,0,0.9,4,6,6,176,2.648574244,0.01759461597673512
clsSOPT,0,0.9,4,6,6,181,2.646848841,0.01795571118394614
clsQDEIM,0,0.9,4,6,6,181,2.6951494,0.01767458525969027
clsSOPT,0,0.9,4,6,6,186,2.702151207,0.01795627276559639
clsQDEIM,0,0.9,4,6,6,186,2.766719671,0.01771851584482864
clsSOPT,0,0.9,4,6,6,191,2.751936669,0.01796069037779335
clsQDEIM,0,0.9,4,6,6,191,2.871034237,0.01777910892963591
clsSOPT,0,0.9,4,6,6,196,2.837539756,0.01796041978935141
clsQDEIM,0,0.9,4,6,6,196,2.86527052,0.01779788672059251
clsSOPT,0,0.9,4,6,6,201,2.883370908,0.01796231540063091
clsQDEIM,0,0.9,4,6,6,201,2.93486477,0.01779980959814268
clsSOPT,0,0.9,4,6,6,206,2.960318887,0.01799465562009116
clsQDEIM,0,0.9,4,6,6,206,2.982509343,0.01782012631481737
clsSOPT,0,0.9,4,6,6,211,3.015428477,0.01798503831291425
clsQDEIM,0,0.9,4,6,6,211,3.008027629,0.01782729366246874
clsSOPT,0,0.9,4,6,6,216,3.122037625,0.01798335699665544
clsQDEIM,0,0.9,4,6,6,216,3.08520261,0.01783222941282401
clsSOPT,0,0.9,4,6,6,221,3.151549154,0.01797797196498684
clsQDEIM,0,0.9,4,6,6,221,3.135564122,0.01788307027734736
clsSOPT,0,0.9,4,6,6,226,3.239756456,0.01799096247280041
clsQDEIM,0,0.9,4,6,6,226,3.281109554,0.01787951872252679
clsSOPT,0,0.9,4,6,6,231,3.27375111,0.0179800623679649
clsQDEIM,0,0.9,4,6,6,231,3.279275163,0.01787795342896816
clsSOPT,0,0.9,4,6,6,236,3.327821581,0.01797847995357313
clsQDEIM,0,0.9,4,6,6,236,3.363094102,0.0178814722479708
clsSOPT,0,0.9,4,6,6,241,3.40452128,0.01798164397958047
clsQDEIM,0,0.9,4,6,6,241,3.393865339,0.01788854033156913
clsSOPT,0,0.9,4,6,6,246,3.488417583,0.01798418799439457
clsQDEIM,0,0.9,4,6,6,246,3.470568422,0.01789283001376746
clsSOPT,0,0.9,4,6,6,251,3.539084265,0.01796665171447281
clsQDEIM,0,0.9,4,6,6,251,3.474052148,0.0178763159757511
clsSOPT,0,0.9,4,6,6,256,3.6291784,0.01797451908832632
clsQDEIM,0,0.9,4,6,6,256,3.514850831,0.01787017532194176
clsSOPT,1,0.99,9,11,11,16,0.43780412,0.002848044654257307
clsQDEIM,1,0.99,9,11,11,16,0.4715794249999999,0.003166171762954877
clsSOPT,1,0.99,9,11,11,21,0.536943627,0.002848044654257337
clsQDEIM,1,0.99,9,11,11,21,0.538312989,0.003072292559547908
clsSOPT,1,0.99,9,11,11,26,0.606860535,0.002848044654257336
clsQDEIM,1,0.99,9,11,11,26,0.614981471,0.002856802801906175
clsSOPT,1,0.99,9,11,11,31,0.7194405749999999,0.00284804465425734
clsQDEIM,1,0.99,9,11,11,31,0.702857314,0.002906190254677255
clsSOPT,1,0.99,9,11,11,36,0.7464065400000001,0.00284804465425735
clsQDEIM,1,0.99,9,11,11,36,0.7969449119999999,0.002813325114633538
clsSOPT,1,0.99,9,11,11,41,0.840753408,0.002848044654257314
clsQDEIM,1,0.99,9,11,11,41,0.882448107,0.00278599871126492
clsSOPT,1,0.99,9,11,11,46,0.925858717,0.002848044654257345
clsQDEIM,1,0.99,9,11,11,46,0.963930392,0.002749714019179305
clsSOPT,1,0.99,9,11,11,51,1.025531548,0.00284804465425733
clsQDEIM,1,0.99,9,11,11,51,1.049848386,0.002711365460751445
clsSOPT,1,0.99,9,11,11,56,1.093842702,0.002848044654257334
clsQDEIM,1,0.99,9,11,11,56,1.131987801,0.002739404774832615
clsSOPT,1,0.99,9,11,11,61,1.210170955,0.002848044654257334
clsQDEIM,1,0.99,9,11,11,61,1.203963379,0.002721304165966534
clsSOPT,1,0.99,9,11,11,66,1.252678218,0.002848044654257334
clsQDEIM,1,0.99,9,11,11,66,1.294877257,0.00274816819798022
clsSOPT,1,0.99,9,11,11,71,1.333983386,0.002848044654257334
clsQDEIM,1,0.99,9,11,11,71,1.373599737,0.002758886084980679
clsSOPT,1,0.99,9,11,11,76,1.425063535,0.002848044654257334
clsQDEIM,1,0.99,9,11,11,76,1.445635793,0.002734885784451644
clsSOPT,1,0.99,9,11,11,81,1.550438158,0.002871797333438418
clsQDEIM,1,0.99,9,11,11,81,1.502235335,0.002731190885264213
clsSOPT,1,0.99,9,11,11,86,1.625202976,0.002827514481006218
clsQDEIM,1,0.99,9,11,11,86,1.565938965,0.002734069181892303
clsSOPT,1,0.99,9,11,11,91,1.648855246,0.002734148400874073
clsQDEIM,1,0.99,9,11,11,91,1.593251238,0.002733575419624284
clsSOPT,1,0.99,9,11,11,96,1.704013448,0.002705364050889143
clsQDEIM,1,0.99,9,11,11,96,1.708148095,0.002734482653964429
clsSOPT,1,0.99,9,11,11,101,1.772319633,0.002763076587840484
clsQDEIM,1,0.99,9,11,11,101,1.755791214,0.002740314486875376
clsSOPT,1,0.99,9,11,11,106,1.873751829,0.002760557241288635
clsQDEIM,1,0.99,9,11,11,106,1.811541822,0.002747148767642404
clsSOPT,1,0.99,9,11,11,111,1.912670536,0.002763475820428188
clsQDEIM,1,0.99,9,11,11,111,1.881820446,0.002743093548394161
clsSOPT,1,0.99,9,11,11,116,1.951232422,0.002732567204296363
clsQDEIM,1,0.99,9,11,11,116,1.960809098,0.002748526519112406
clsSOPT,1,0.99,9,11,11,121,2.002109519,0.002730090131110618
clsQDEIM,1,0.99,9,11,11,121,2.026364107,0.002750788394535552
clsSOPT,1,0.99,9,11,11,126,2.023172339,0.002729864208977582
clsQDEIM,1,0.99,9,11,11,126,2.097589363,0.002771945767239107
clsSOPT,1,0.99,9,11,11,131,2.02848938,0.002757735866491251
clsQDEIM,1,0.99,9,11,11,131,2.130846098,0.002796307317491054
clsSOPT,1,0.99,9,11,11,136,2.083530158,0.002762065748131354
clsQDEIM,1,0.99,9,11,11,136,2.226897408,0.002798929628256783
clsSOPT,1,0.99,9,11,11,141,2.121192199,0.002765109255080158
clsQDEIM,1,0.99,9,11,11,141,2.320016146,0.002789170887619102
clsSOPT,1,0.99,9,11,11,146,2.174935789,0.002750274127745458
clsQDEIM,1,0.99,9,11,11,146,2.358854468,0.002792831833752983
clsSOPT,1,0.99,9,11,11,151,2.225107624,0.002748100551739199
clsQDEIM,1,0.99,9,11,11,151,2.423459019,0.002796659972451728
clsSOPT,1,0.99,9,11,11,156,2.256117509,0.002759812386347441
clsQDEIM,1,0.99,9,11,11,156,2.508405495,0.002798736461516891
clsSOPT,1,0.99,9,11,11,161,2.286049891,0.002762455670160356
clsQDEIM,1,0.99,9,11,11,161,2.566867632,0.00278622668741351
clsSOPT,1,0.99,9,11,11,166,2.3182348,0.002762925588371798
clsQDEIM,1,0.99,9,11,11,166,2.638373747,0.002787283161689743
clsSOPT,1,0.99,9,11,11,171,2.404266225,0.00276618801530324
clsQDEIM,1,0.99,9,11,11,171,2.715129022,0.00278603975786647
clsSOPT,1,0.99,9,11,11,176,2.427648181,0.002788654637868009
clsQDEIM,1,0.99,9,11,11,176,2.768774439,0.002775468849710244
clsSOPT,1,0.99,9,11,11,181,2.438809514,0.002787991134696686
clsQDEIM,1,0.99,9,11,11,181,2.834778596,0.002737411350978434
clsSOPT,1,0.99,9,11,11,186,2.489067436,0.002757787626009667
clsQDEIM,1,0.99,9,11,11,186,2.912941808,0.002726714876456379
clsSOPT,1,0.99,9,11,11,191,2.552507652,0.002758287745347193
clsQDEIM,1,0.99,9,11,11,191,2.98346662,0.002712936472192195
clsSOPT,1,0.99,9,11,11,196,2.538629195,0.002751374544890767
clsQDEIM,1,0.99,9,11,11,196,3.053034376,0.002707280365728596
clsSOPT,1,0.99,9,11,11,201,2.591432775,0.002772682680246222
clsQDEIM,1,0.99,9,11,11,201,3.147032622,0.00271144359397666
clsSOPT,1,0.99,9,11,11,206,2.592296598,0.002770848756884218
clsQDEIM,1,0.99,9,11,11,206,3.190262786,0.002711855488190652
clsSOPT,1,0.99,9,11,11,211,2.649710259,0.002789193601962789
clsQDEIM,1,0.99,9,11,11,211,3.225784203,0.002710515740978194
clsSOPT,1,0.99,9,11,11,216,2.733378616,0.002783817339318392
clsQDEIM,1,0.99,9,11,11,216,3.325990094,0.002707572960275086
clsSOPT,1,0.99,9,11,11,221,2.771572319,0.00277516459901423
clsQDEIM,1,0.99,9,11,11,221,3.418994989,0.002704876101141142
clsSOPT,1,0.99,9,11,11,226,2.802953305,0.002772436090665412
clsQDEIM,1,0.99,9,11,11,226,3.458587443,0.002711285993171571
clsSOPT,1,0.99,9,11,11,231,2.848390124,0.002776363399017048
clsQDEIM,1,0.99,9,11,11,231,3.496713217,0.002710302741111254
clsSOPT,1,0.99,9,11,11,236,2.911311316,0.002776362085040941
clsQDEIM,1,0.99,9,11,11,236,3.540810332,0.002711974605873667
clsSOPT,1,0.99,9,11,11,241,2.899663885,0.002778310311716239
clsQDEIM,1,0.99,9,11,11,241,3.63613266,0.002709324938058048
clsSOPT,1,0.99,9,11,11,246,2.952645239,0.002776587492897706
clsQDEIM,1,0.99,9,11,11,246,3.645849304,0.002706499847609982
clsSOPT,1,0.99,9,11,11,251,2.98376039,0.002785505968993329
clsQDEIM,1,0.99,9,11,11,251,3.727697764,0.002709294026121589
clsSOPT,1,0.99,9,11,11,256,3.04311211,0.002783975608973368
clsQDEIM,1,0.99,9,11,11,256,3.77452163,0.002716328488706527
clsSOPT,1,0.99,9,11,11,261,3.042213122,0.002781659834360838
clsQDEIM,1,0.99,9,11,11,261,3.815657408,0.002713072046643798
clsSOPT,2,0.999,14,16,16,21,0.590817423,0.0005804245242924335
clsQDEIM,2,0.999,14,16,16,21,0.611056692,0.0005501273220312784
clsSOPT,2,0.999,14,16,16,26,0.6808321430000001,0.000371528810595533
clsQDEIM,2,0.999,14,16,16,26,0.698121,0.0006415137199450467
clsSOPT,2,0.999,14,16,16,31,0.780953946,0.0003376373415685299
clsQDEIM,2,0.999,14,16,16,31,0.7776783420000001,0.0005810884367881782
clsSOPT,2,0.999,14,16,16,36,0.8507054279999999,0.0003406008801826374
clsQDEIM,2,0.999,14,16,16,36,0.869743894,0.0004120232609099506
clsSOPT,2,0.999,14,16,16,41,0.934933669,0.0003406008801826502
clsQDEIM,2,0.999,14,16,16,41,1.012985607,0.0003782464368459629
clsSOPT,2,0.999,14,16,16,46,1.037348394,0.0003406008801826526
clsQDEIM,2,0.999,14,16,16,46,1.025521505,0.0004519101911916109
clsSOPT,2,0.999,14,16,16,51,1.074039027,0.0003406008801826555
clsQDEIM,2,0.999,14,16,16,51,1.114662947,0.0004318740402073605
clsSOPT,2,0.999,14,16,16,56,1.137106932,0.0003406008801826511
clsQDEIM,2,0.999,14,16,16,56,1.210362305,0.0003654372997153045
clsSOPT,2,0.999,14,16,16,61,1.211808794,0.000340600880182528
clsQDEIM,2,0.999,14,16,16,61,1.299136223,0.0003677389453863316
clsSOPT,2,0.999,14,16,16,66,1.305823914,0.0003406008801826501
clsQDEIM,2,0.999,14,16,16,66,1.395393306,0.0003716719180459633
clsSOPT,2,0.999,14,16,16,71,1.393564805,0.0003406008801826472
clsQDEIM,2,0.999,14,16,16,71,1.473860307,0.0003589412433907194
clsSOPT,2,0.999,14,16,16,76,1.469054597,0.0003406008801826512
clsQDEIM,2,0.999,14,16,16,76,1.555830815,0.0003526014323072646
clsSOPT,2,0.999,14,16,16,81,1.566707203,0.0003406008801826536
clsQDEIM,2,0.999,14,16,16,81,1.636420652,0.0003558394762088929
clsSOPT,2,0.999,14,16,16,86,1.637973096,0.0003406008801826496
clsQDEIM,2,0.999,14,16,16,86,1.692402638,0.000360067709604903
clsSOPT,2,0.999,14,16,16,91,1.709579089,0.0003406008801826538
clsQDEIM,2,0.999,14,16,16,91,1.77880036,0.0003694017834285476
clsSOPT,2,0.999,14,16,16,96,1.796646631,0.0003406008801826504
clsQDEIM,2,0.999,14,16,16,96,1.844425084,0.0003184774077915178
clsSOPT,2,0.999,14,16,16,101,1.90169254,0.0003392212652921667
clsQDEIM,2,0.999,14,16,16,101,1.917688151,0.0003231765007962369
clsSOPT,2,0.999,14,16,16,106,1.954511776,0.0003638114847572214
clsQDEIM,2,0.999,14,16,16,106,1.991099015,0.0003222800654989226
clsSOPT,2,0.999,14,16,16,111,2.019847667,0.0002808650958965694
clsQDEIM,2,0.999,14,16,16,111,2.085820569,0.0003464131036142795
clsSOPT,2,0.999,14,16,16,116,2.07265438,0.0002780088917904449
clsQDEIM,2,0.999,14,16,16,116,2.140709385,0.0003571922607757036
clsSOPT,2,0.999,14,16,16,121,2.120934735,0.0002873892170923452
clsQDEIM,2,0.999,14,16,16,121,2.15585302,0.0003473466755303309
clsSOPT,2,0.999,14,16,16,126,2.255900638,0.0002830678236243904
clsQDEIM,2,0.999,14,16,16,126,2.22812403,0.0003758752037614437
clsSOPT,2,0.999,14,16,16,131,2.264748323,0.0003127228616296672
clsQDEIM,2,0.999,14,16,16,131,2.290265263,0.0003679097144242034
clsSOPT,2,0.999,14,16,16,136,2.336471764,0.0003144529628553964
clsQDEIM,2,0.999,14,16,16,136,2.345326953,0.0003922650714991311
clsSOPT,2,0.999,14,16,16,141,2.411484875,0.0002867001721015852
clsQDEIM,2,0.999,14,16,16,141,2.410350088,0.0004549005916562913
clsSOPT,2,0.999,14,16,16,146,2.422372609,0.0002890765085363885
clsQDEIM,2,0.999,14,16,16,146,2.460146158,0.0004723560523197098
clsSOPT,2,0.999,14,16,16,151,2.458570935,0.0002898248218687614
clsQDEIM,2,0.999,14,16,16,151,2.453952882,0.0005040391009567745
clsSOPT,2,0.999,14,16,16,156,2.527710982,0.000277780613737781
clsQDEIM,2,0.999,14,16,16,156,2.543687216,0.0005257985747863719
clsSOPT,2,0.999,14,16,16,161,2.59507416,0.0002851628767473916
clsQDEIM,2,0.999,14,16,16,161,2.669001482,0.0005283881276553791
clsSOPT,2,0.999,14,16,16,166,2.581809935,0.0002868635219439867
clsQDEIM,2,0.999,14,16,16,166,2.694997797,0.000540674505258882
clsSOPT,2,0.999,14,16,16,171,2.620507026,0.0002843939466886943
clsQDEIM,2,0.999,14,16,16,171,2.78645729,0.0005560595468157882
clsSOPT,2,0.999,14,16,16,176,2.676348534,0.0002741758386366409
clsQDEIM,2,0.999,14,16,16,176,2.816390381,0.0005798293124419688
clsSOPT,2,0.999,14,16,16,181,2.743205473,0.0002757450221754395
clsQDEIM,2,0.999,14,16,16,181,2.913454746,0.0005941677071000135
clsSOPT,2,0.999,14,16,16,186,2.759704014,0.0002777502424429886
clsQDEIM,2,0.999,14,16,16,186,2.993807905,0.00060464763033462
clsSOPT,2,0.999,14,16,16,191,2.851363986,0.0002716734745009209
clsQDEIM,2,0.999,14,16,16,191,3.083755378,0.0006096807235600091
clsSOPT,2,0.999,14,16,16,196,2.881589052,0.000278409763995657
clsQDEIM,2,0.999,14,16,16,196,3.119449134,0.0005739673776767064
clsSOPT,2,0.999,14,16,16,201,2.917398672,0.0002721985638257393
clsQDEIM,2,0.999,14,16,16,201,3.233931111,0.0005762879495784198
clsSOPT,2,0.999,14,16,16,206,2.94579109,0.0002771184766494905
clsQDEIM,2,0.999,14,16,16,206,3.260924201,0.0005562372659987469
clsSOPT,2,0.999,14,16,16,211,2.970041653,0.0002764729467504504
clsQDEIM,2,0.999,14,16,16,211,3.336945212,0.0005544700849350814
clsSOPT,2,0.999,14,16,16,216,3.003342397,0.0002770875032686096
clsQDEIM,2,0.999,14,16,16,216,3.392840724,0.0005623164216101844
clsSOPT,2,0.999,14,16,16,221,3.049600238,0.0002842640475448484
clsQDEIM,2,0.999,14,16,16,221,3.449517222,0.0005688969979285441
clsSOPT,2,0.999,14,16,16,226,3.070125693,0.0002894963335221534
clsQDEIM,2,0.999,14,16,16,226,3.518198188,0.0005688373908743282
clsSOPT,2,0.999,14,16,16,231,3.110493497,0.0002856712440221989
clsQDEIM,2,0.999,14,16,16,231,3.635804981,0.0005726655060000221
clsSOPT,2,0.999,14,16,16,236,3.187893509,0.0002837922386323905
clsQDEIM,2,0.999,14,16,16,236,3.702192861,0.0005922085136128441
clsSOPT,2,0.999,14,16,16,241,3.203041292,0.0002830617564550312
clsQDEIM,2,0.999,14,16,16,241,3.783157228,0.000594911704954685
clsSOPT,2,0.999,14,16,16,246,3.227653019,0.0002865688597701443
clsQDEIM,2,0.999,14,16,16,246,3.831826682,0.0005760274694280822
clsSOPT,2,0.999,14,16,16,251,3.290107736,0.0002866372180527881
clsQDEIM,2,0.999,14,16,16,251,3.897312803,0.0005683214008719265
clsSOPT,2,0.999,14,16,16,256,3.281492706,0.0002854421564993537
clsQDEIM,2,0.999,14,16,16,256,3.924106366,0.0005596451060337861
clsSOPT,2,0.999,14,16,16,261,3.311594924,0.0002838650425970615
clsQDEIM,2,0.999,14,16,16,261,3.968299303,0.0005708295896761291
clsSOPT,2,0.999,14,16,16,266,3.331783994,0.0002846813894734247
clsQDEIM,2,0.999,14,16,16,266,4.028779212,0.0005518355176913019
clsSOPT,3,0.9999,19,21,21,26,0.72313848,0.0002222106574694626
clsQDEIM,3,0.9999,19,21,21,26,0.7777745490000001,0.000313691957324035
clsSOPT,3,0.9999,19,21,21,31,0.820617551,0.0002826974171610421
clsQDEIM,3,0.9999,19,21,21,31,0.876963843,0.0003675343465899459
clsSOPT,3,0.9999,19,21,21,36,0.906371728,0.0005953240899594829
clsQDEIM,3,0.9999,19,21,21,36,0.928743689,0.0002870993765677835
clsSOPT,3,0.9999,19,21,21,41,0.986602304,0.0003080009315189233
clsQDEIM,3,0.9999,19,21,21,41,1.018204843,0.0004359424605129305
clsSOPT,3,0.9999,19,21,21,46,1.082745508,0.0001112187864121691
clsQDEIM,3,0.9999,19,21,21,46,1.11012056,0.0003735090050113229
clsSOPT,3,0.9999,19,21,21,51,1.141900159,0.0001269971380075026
clsQDEIM,3,0.9999,19,21,21,51,1.192629835,0.0004665097051075327
clsSOPT,3,0.9999,19,21,21,56,1.216146993,8.037338177322275e-05
clsQDEIM,3,0.9999,19,21,21,56,1.290325086,0.0007437464545934925
clsSOPT,3,0.9999,19,21,21,61,1.303802363,7.588762842086084e-05
clsQDEIM,3,0.9999,19,21,21,61,1.388831525,0.0007937915622870676
clsSOPT,3,0.9999,19,21,21,66,1.36816084,8.126285668618211e-05
clsQDEIM,3,0.9999,19,21,21,66,1.46440586,0.001052967471637513
clsSOPT,3,0.9999,19,21,21,71,1.450758521,0.0004946855137111873
clsQDEIM,3,0.9999,19,21,21,71,1.563651745,0.001108070762896756
clsSOPT,3,0.9999,19,21,21,76,1.519876882,0.0004946855137109602
clsQDEIM,3,0.9999,19,21,21,76,1.621507331,0.001182644289087489
clsSOPT,3,0.9999,19,21,21,81,1.594879855,0.0004946855137112024
clsQDEIM,3,0.9999,19,21,21,81,1.71741299,0.001149895504478015
clsSOPT,3,0.9999,19,21,21,86,1.663281123,0.0004946855137111944
clsQDEIM,3,0.9999,19,21,21,86,1.782536316,0.0006702166927664152
clsSOPT,3,0.9999,19,21,21,91,1.728777481,0.000494685513710966
clsQDEIM,3,0.9999,19,21,21,91,1.876360542,0.000939710363554133
clsSOPT,3,0.9999,19,21,21,96,1.804482685,0.0004946855137111945
clsQDEIM,3,0.9999,19,21,21,96,1.956067434,0.001126399687587014
clsSOPT,3,0.9999,19,21,21,101,1.877578344,0.0004946855137109662
clsQDEIM,3,0.9999,19,21,21,101,2.004614712,0.001275427379788643
clsSOPT,3,0.9999,19,21,21,106,1.966495092,0.0004946855137109681
clsQDEIM,3,0.9999,19,21,21,106,2.108375321,0.001349127381457766
clsSOPT,3,0.9999,19,21,21,111,2.05136523,0.0004946855137111986
clsQDEIM,3,0.9999,19,21,21,111,2.17968641,0.001330394659888193
clsSOPT,3,0.9999,19,21,21,116,2.088450334,0.0004946855137109668
clsQDEIM,3,0.9999,19,21,21,116,2.210311136,0.001229964482851474
clsSOPT,3,0.9999,19,21,21,121,2.153309245,0.0004946855137109653
clsQDEIM,3,0.9999,19,21,21,121,2.288438059,0.001158475732650954
clsSOPT,3,0.9999,19,21,21,126,2.257554994,0.0004946855137112024
clsQDEIM,3,0.9999,19,21,21,126,2.368996172,0.001064524917110111
clsSOPT,3,0.9999,19,21,21,131,2.325328582,0.0004946855137111911
clsQDEIM,3,0.9999,19,21,21,131,2.459997251,0.0009481281765823077
clsSOPT,3,0.9999,19,21,21,136,2.398453659,0.0003399008563013787
clsQDEIM,3,0.9999,19,21,21,136,2.488068452,0.0009448039128475783
clsSOPT,3,0.9999,19,21,21,141,2.462707314,0.0001273790133682188
clsQDEIM,3,0.9999,19,21,21,141,2.589303055,0.0009777984875193148
clsSOPT,3,0.9999,19,21,21,146,2.508732935,0.000131065732512875
clsQDEIM,3,0.9999,19,21,21,146,2.65060369,0.0009256964181513461
clsSOPT,3,0.9999,19,21,21,151,2.564039013,8.410880891570315e-05
clsQDEIM,3,0.9999,19,21,21,151,2.710034042,0.0008207024251744175
clsSOPT,3,0.9999,19,21,21,156,2.682276052,7.778374315890407e-05
clsQDEIM,3,0.9999,19,21,21,156,2.845567976,0.0009124190277793016
clsSOPT,3,0.9999,19,21,21,161,2.732318426,0.0002864210723848658
clsQDEIM,3,0.9999,19,21,21,161,2.8588449,0.000863889424515168
clsSOPT,3,0.9999,19,21,21,166,2.764256349,0.0001899332091762661
clsQDEIM,3,0.9999,19,21,21,166,2.902829693,0.0008755709654185408
clsSOPT,3,0.9999,19,21,21,171,2.795364657,0.0001575420939003104
clsQDEIM,3,0.9999,19,21,21,171,2.972787628,0.0008446581786759227
clsSOPT,3,0.9999,19,21,21,176,2.85564498,8.237121731478501e-05
clsQDEIM,3,0.9999,19,21,21,176,3.053254254,0.0007923451978249033
clsSOPT,3,0.9999,19,21,21,181,2.912200885,0.0001044358303589509
clsQDEIM,3,0.9999,19,21,21,181,3.119742341,0.0006236632358198445
clsSOPT,3,0.9999,19,21,21,186,2.956621967,0.0001336834148405771
clsQDEIM,3,0.9999,19,21,21,186,3.231286485,0.0005939660223101172
clsSOPT,3,0.9999,19,21,21,191,3.07129546,0.0002201200476062086
clsQDEIM,3,0.9999,19,21,21,191,3.288768431,0.0003750153381208119
clsSOPT,3,0.9999,19,21,21,196,3.092278469,0.0001656931286298332
clsQDEIM,3,0.9999,19,21,21,196,3.354285507,0.0002722613792270729
clsSOPT,3,0.9999,19,21,21,201,3.132189139,8.741745643224217e-05
clsQDEIM,3,0.9999,19,21,21,201,3.373106344,0.0001946882059963458
clsSOPT,3,0.9999,19,21,21,206,3.227270493,8.935420240181742e-05
clsQDEIM,3,0.9999,19,21,21,206,3.470692159,0.0002263490705687384
clsSOPT,3,0.9999,19,21,21,211,3.228533994,7.901947255416414e-05
clsQDEIM,3,0.9999,19,21,21,211,3.515062383,9.983708737338854e-05
clsSOPT,3,0.9999,19,21,21,216,3.26368734,8.207502116109298e-05
clsQDEIM,3,0.9999,19,21,21,216,3.595735509,9.285479969219727e-05
clsSOPT,3,0.9999,19,21,21,221,3.30118134,0.0001067145212721704
clsQDEIM,3,0.9999,19,21,21,221,3.677050598,9.398018390482109e-05
clsSOPT,3,0.9999,19,21,21,226,3.390904928,0.0001467580519042164
clsQDEIM,3,0.9999,19,21,21,226,3.748673161,0.0001795208853534709
clsSOPT,3,0.9999,19,21,21,231,3.431410433,7.920151818080534e-05
clsQDEIM,3,0.9999,19,21,21,231,3.841578023,0.0001415906782441826
clsSOPT,3,0.9999,19,21,21,236,3.469542806,0.0001050483330544743
clsQDEIM,3,0.9999,19,21,21,236,3.933742929,0.0002086402942385414
clsSOPT,3,0.9999,19,21,21,241,3.531717748,0.000153116933321048
clsQDEIM,3,0.9999,19,21,21,241,4.005258635,0.0002756978066124613
clsSOPT,3,0.9999,19,21,21,246,3.575326219,0.0001117999570271983
clsQDEIM,3,0.9999,19,21,21,246,4.032839617,0.0002310931906155554
clsSOPT,3,0.9999,19,21,21,251,3.618390096,8.929215521247723e-05
clsQDEIM,3,0.9999,19,21,21,251,4.111514949,0.0002654528528923315
clsSOPT,3,0.9999,19,21,21,256,3.667643589,8.905063250740708e-05
clsQDEIM,3,0.9999,19,21,21,256,4.195527653,0.0002894113173906351
clsSOPT,3,0.9999,19,21,21,261,3.659869627,8.280400098133033e-05
clsQDEIM,3,0.9999,19,21,21,261,4.234330164,0.0002863557008082553
clsSOPT,3,0.9999,19,21,21,266,3.694023559,0.0001313306908860246
clsQDEIM,3,0.9999,19,21,21,266,4.255522827,0.0003028116225370704
clsSOPT,3,0.9999,19,21,21,271,3.737068401,0.0001295198214315992
clsQDEIM,3,0.9999,19,21,21,271,4.358298208,0.0003416918170845942
clsSOPT,4,0.99999,24,27,27,32,0.9696241839999999,0.001533551151069714
clsQDEIM,4,0.99999,24,27,27,32,0.952328872,0.01105373717602009
clsSOPT,4,0.99999,24,27,27,37,1.066337621,0.0001187870516491851
clsQDEIM,4,0.99999,24,27,27,37,1.049833498,0.00964227816232386
clsSOPT,4,0.99999,24,27,27,42,1.142486517,0.003362401775600205
clsQDEIM,4,0.99999,24,27,27,42,1.137945413,0.01137992803700077
clsSOPT,4,0.99999,24,27,27,47,1.241692184,0.003908217799159967
clsQDEIM,4,0.99999,24,27,27,47,1.215243991,0.007946310515312286
clsSOPT,4,0.99999,24,27,27,52,1.314901102,0.00204431610437937
clsQDEIM,4,0.99999,24,27,27,52,1.298638918,0.01009108796264588
clsSOPT,4,0.99999,24,27,27,57,1.42663825,0.002390780455022741
clsQDEIM,4,0.99999,24,27,27,57,1.403720224,0.009985673191898855
clsSOPT,4,0.99999,24,27,27,62,1.464392708,0.002721299421371047
clsQDEIM,4,0.99999,24,27,27,62,1.491022248,0.01020415578367915
clsSOPT,4,0.99999,24,27,27,67,1.591076842,0.003428103959566852
clsQDEIM,4,0.99999,24,27,27,67,1.558373092,0.009831788355242435
clsSOPT,4,0.99999,24,27,27,72,1.645104576,0.003190307955304748
clsQDEIM,4,0.99999,24,27,27,72,1.64611155,0.01026690324684395
clsSOPT,4,0.99999,24,27,27,77,1.752364803,0.0001507193605366931
clsQDEIM,4,0.99999,24,27,27,77,1.743070843,0.006898257882541083
clsSOPT,4,0.99999,24,27,27,82,1.805368864,0.0002263572967492134
clsQDEIM,4,0.99999,24,27,27,82,1.82021934,0.006282562629837695
clsSOPT,4,0.99999,24,27,27,87,1.863865681,0.000962377113955482
clsQDEIM,4,0.99999,24,27,27,87,1.923900167,0.006075997118148943
clsSOPT,4,0.99999,24,27,27,92,1.950790745,0.000786083259828102
clsQDEIM,4,0.99999,24,27,27,92,1.951844614,0.005752796056070376
clsSOPT,4,0.99999,24,27,27,97,2.034105959,0.0006312473474607989
clsQDEIM,4,0.99999,24,27,27,97,2.054620057,0.005588901366945731
clsSOPT,4,0.99999,24,27,27,102,2.08204322,0.001160431535032313
clsQDEIM,4,0.99999,24,27,27,102,2.15803098,0.006510397578107671
clsSOPT,4,0.99999,24,27,27,107,2.149152071,0.001111622288834775
clsQDEIM,4,0.99999,24,27,27,107,2.212006594,0.008229493411882578
clsSOPT,4,0.99999,24,27,27,112,2.220171214,0.001173763518314323
clsQDEIM,4,0.99999,24,27,27,112,2.290288053,0.008318103631705053
clsSOPT,4,0.99999,24,27,27,117,2.310692172,0.001523966028594402
clsQDEIM,4,0.99999,24,27,27,117,2.376761296,0.008252872781225808
clsSOPT,4,0.99999,24,27,27,122,2.416104721,0.001297969228768286
clsQDEIM,4,0.99999,24,27,27,122,2.440160976,0.008655215257317541
clsSOPT,4,0.99999,24,27,27,127,2.527294378,0.001297969228768404
clsQDEIM,4,0.99999,24,27,27,127,2.527592139,0.009329483568476744
clsSOPT,4,0.99999,24,27,27,132,2.55508422,0.001297969228767931
clsQDEIM,4,0.99999,24,27,27,132,2.600183497,0.009292811481776733
clsSOPT,4,0.99999,24,27,27,137,2.586250117,0.001297969228768412
clsQDEIM,4,0.99999,24,27,27,137,2.676152305,0.009365731425526701
clsSOPT,4,0.99999,24,27,27,142,2.641816799,0.00129796922876793
clsQDEIM,4,0.99999,24,27,27,142,2.751606748,0.009633692640457794
clsSOPT,4,0.99999,24,27,27,147,2.71346843,0.001297969228768177
clsQDEIM,4,0.99999,24,27,27,147,2.783550698,0.008295835860953969
clsSOPT,4,0.99999,24,27,27,152,2.784600527,0.001297969228768051
clsQDEIM,4,0.99999,24,27,27,152,2.879720063,0.00719514817512924
clsSOPT,4,0.99999,24,27,27,157,6.714948262,0.001297969228767935
clsQDEIM,4,0.99999,24,27,27,157,10.00832234,0.008133897200905928
clsSOPT,4,0.99999,24,27,27,162,2.984929285,0.001297969228768407
clsQDEIM,4,0.99999,24,27,27,162,4.436436989,0.008705897315841727
clsSOPT,4,0.99999,24,27,27,167,4.636750093,0.001297969228768405
clsQDEIM,4,0.99999,24,27,27,167,4.791985991,0.009425817645537717
clsSOPT,4,0.99999,24,27,27,172,3.380267853,0.001297969228768172
clsQDEIM,4,0.99999,24,27,27,172,3.154107158,0.00954859440413898
clsSOPT,4,0.99999,24,27,27,177,3.2051405,0.001297969228768403
clsQDEIM,4,0.99999,24,27,27,177,4.035166725,0.0101088683769368
clsSOPT,4,0.99999,24,27,27,182,4.598690221,0.001297969228767931
clsQDEIM,4,0.99999,24,27,27,182,3.314397303,0.01041515898975271
clsSOPT,4,0.99999,24,27,27,187,3.262364303,0.001218120862775884
clsQDEIM,4,0.99999,24,27,27,187,3.389709816,0.01103675292291138
clsSOPT,4,0.99999,24,27,27,192,3.313803943,0.001621561127208859
clsQDEIM,4,0.99999,24,27,27,192,3.45538805,0.01113640934017098
clsSOPT,4,0.99999,24,27,27,197,3.384627654,0.001170843295678844
clsQDEIM,4,0.99999,24,27,27,197,3.550760838,0.01017673872019207
clsSOPT,4,0.99999,24,27,27,202,3.460180225,0.0007688091938475487
clsQDEIM,4,0.99999,24,27,27,202,3.60836542,0.01034762680764117
clsSOPT,4,0.99999,24,27,27,207,3.50891498,0.0006417792068030486
clsQDEIM,4,0.99999,24,27,27,207,3.697659824,0.009138654588818499
clsSOPT,4,0.99999,24,27,27,212,3.565419109,0.002965774553268463
clsQDEIM,4,0.99999,24,27,27,212,3.751275175,0.0106650568095833
clsSOPT,4,0.99999,24,27,27,217,3.654522353,0.001743895538863165
clsQDEIM,4,0.99999,24,27,27,217,3.826367103,0.01091235328063673
clsSOPT,4,0.99999,24,27,27,222,3.695226094,0.001923605558357312
clsQDEIM,4,0.99999,24,27,27,222,3.879228303,0.004656236209724321
clsSOPT,4,0.99999,24,27,27,227,3.73504962,0.001362388614568844
clsQDEIM,4,0.99999,24,27,27,227,3.995629288,0.005430369847771814
clsSOPT,4,0.99999,24,27,27,232,3.806159301,0.001735212009952454
clsQDEIM,4,0.99999,24,27,27,232,4.051792749,0.006475363008490252
clsSOPT,4,0.99999,24,27,27,237,3.836341305,0.001382391160215601
clsQDEIM,4,0.99999,24,27,27,237,4.151803602,0.00652101003202982
clsSOPT,4,0.99999,24,27,27,242,3.905432067,0.001802115235757342
clsQDEIM,4,0.99999,24,27,27,242,4.198230331,0.007131917254579568
clsSOPT,4,0.99999,24,27,27,247,3.929346429,0.001884948535235605
clsQDEIM,4,0.99999,24,27,27,247,4.265410822,0.007304263211876736
clsSOPT,4,0.99999,24,27,27,252,3.984878918,0.002050771261692291
clsQDEIM,4,0.99999,24,27,27,252,4.275947242,0.008276655194343403
clsSOPT,4,0.99999,24,27,27,257,4.02048881,0.00188900497701774
clsQDEIM,4,0.99999,24,27,27,257,4.381303279,0.008489101252615617
clsSOPT,4,0.99999,24,27,27,262,4.083768442,0.001899984947463902
clsQDEIM,4,0.99999,24,27,27,262,4.467811301,0.009501858979170257
clsSOPT,4,0.99999,24,27,27,267,4.1461669,0.001750154111091144
clsQDEIM,4,0.99999,24,27,27,267,4.55440694,0.01047119157316766
clsSOPT,4,0.99999,24,27,27,272,4.19064745,0.001912129851570097
clsQDEIM,4,0.99999,24,27,27,272,4.619644728,0.01061147030154269
clsSOPT,4,0.99999,24,27,27,277,4.256026148,0.001199387186049794
clsQDEIM,4,0.99999,24,27,27,277,4.718328903,0.01054978771889516
clsSOPT,5,0.999999,29,32,32,37,,
clsQDEIM,5,0.999999,29,32,32,37,1.209215951,0.0009423118253181412
clsSOPT,5,0.999999,29,32,32,42,1.344638438,0.00285879232520696
clsQDEIM,5,0.999999,29,32,32,42,1.278464227,8.673147026401464e-05
clsSOPT,5,0.999999,29,32,32,47,1.408003997,0.001321144741758886
clsQDEIM,5,0.999999,29,32,32,47,,
clsSOPT,5,0.999999,29,32,32,52,1.511238023,0.0003488044937721272
clsQDEIM,5,0.999999,29,32,32,52,1.46439134,0.0004247920409329346
clsSOPT,5,0.999999,29,32,32,57,1.573028671,0.0009013040691739063
clsQDEIM,5,0.999999,29,32,32,57,,
clsSOPT,5,0.999999,29,32,32,62,1.686926026,0.001229957370550904
clsQDEIM,5,0.999999,29,32,32,62,,
clsSOPT,5,0.999999,29,32,32,67,,
clsQDEIM,5,0.999999,29,32,32,67,,
clsSOPT,5,0.999999,29,32,32,72,,
clsQDEIM,5,0.999999,29,32,32,72,,
clsSOPT,5,0.999999,29,32,32,77,,
clsQDEIM,5,0.999999,29,32,32,77,,
clsSOPT,5,0.999999,29,32,32,82,,
clsQDEIM,5,0.999999,29,32,32,82,,
clsSOPT,5,0.999999,29,32,32,87,2.150247249,0.0003083833948620675
clsQDEIM,5,0.999999,29,32,32,87,,
clsSOPT,5,0.999999,29,32,32,92,2.188760979,0.0006245789132595894
clsQDEIM,5,0.999999,29,32,32,92,2.118288009,0.04978945804758701
clsSOPT,5,0.999999,29,32,32,97,2.300175265,0.003027880585643334
clsQDEIM,5,0.999999,29,32,32,97,2.215123739,0.0153417186257249
clsSOPT,5,0.999999,29,32,32,102,2.414796057,0.001787884163531507
clsQDEIM,5,0.999999,29,32,32,102,2.264772672,0.01617853594461312
clsSOPT,5,0.999999,29,32,32,107,2.475539088,0.001462908536777313
clsQDEIM,5,0.999999,29,32,32,107,2.345011318,0.01718582704701169
clsSOPT,5,0.999999,29,32,32,112,2.823815185,0.004546481238984958
clsQDEIM,5,0.999999,29,32,32,112,2.480652162,0.0270648202072575
clsSOPT,5,0.999999,29,32,32,117,,
clsQDEIM,5,0.999999,29,32,32,117,2.529513143,0.01733801825610294
clsSOPT,5,0.999999,29,32,32,122,,
clsQDEIM,5,0.999999,29,32,32,122,2.713706019,0.009881381408898821
clsSOPT,5,0.999999,29,32,32,127,,
clsQDEIM,5,0.999999,29,32,32,127,2.791124983,0.03090588113234116
clsSOPT,5,0.999999,29,32,32,132,,
clsQDEIM,5,0.999999,29,32,32,132,,
clsSOPT,5,0.999999,29,32,32,137,,
clsQDEIM,5,0.999999,29,32,32,137,,
clsSOPT,5,0.999999,29,32,32,142,,
clsQDEIM,5,0.999999,29,32,32,142,3.012433032,0.02966087545507528
clsSOPT,5,0.999999,29,32,32,147,,
clsQDEIM,5,0.999999,29,32,32,147,3.086568213,0.02958380993794486
clsSOPT,5,0.999999,29,32,32,152,,
clsQDEIM,5,0.999999,29,32,32,152,3.181702325,0.02024885701024112
clsSOPT,5,0.999999,29,32,32,157,,
clsQDEIM,5,0.999999,29,32,32,157,3.171230772,0.01031640550427592
clsSOPT,5,0.999999,29,32,32,162,,
clsQDEIM,5,0.999999,29,32,32,162,3.358903793,0.05376253121441726
clsSOPT,5,0.999999,29,32,32,167,,
clsQDEIM,5,0.999999,29,32,32,167,3.44748658,0.02324979815198546
clsSOPT,5,0.999999,29,32,32,172,,
clsQDEIM,5,0.999999,29,32,32,172,3.46471254,0.01853442002115854
clsSOPT,5,0.999999,29,32,32,177,,
clsQDEIM,5,0.999999,29,32,32,177,3.588893309,0.01203021937343665
clsSOPT,5,0.999999,29,32,32,182,,
clsQDEIM,5,0.999999,29,32,32,182,3.649005458,0.01826367777592055
clsSOPT,5,0.999999,29,32,32,187,,
clsQDEIM,5,0.999999,29,32,32,187,3.720028293,0.007946901990160429
clsSOPT,5,0.999999,29,32,32,192,,
clsQDEIM,5,0.999999,29,32,32,192,3.795265753,0.008444953165543178
clsSOPT,5,0.999999,29,32,32,197,3.749378141,0.001050349316547735
clsQDEIM,5,0.999999,29,32,32,197,3.881093069,0.01313741323774162
clsSOPT,5,0.999999,29,32,32,202,3.761203579,0.001691025190136273
clsQDEIM,5,0.999999,29,32,32,202,3.97091734,0.01539752424003637
clsSOPT,5,0.999999,29,32,32,207,3.773522676,0.001283162933125236
clsQDEIM,5,0.999999,29,32,32,207,4.018435223,0.01157816696520982
clsSOPT,5,0.999999,29,32,32,212,3.875566129,0.001862280894911967
clsQDEIM,5,0.999999,29,32,32,212,4.078174047,0.01138491106389496
clsSOPT,5,0.999999,29,32,32,217,3.941305248,0.001896891192082058
clsQDEIM,5,0.999999,29,32,32,217,4.060837006,0.01019521644364534
clsSOPT,5,0.999999,29,32,32,222,4.007148609,0.007077677247985113
clsQDEIM,5,0.999999,29,32,32,222,4.120209344,0.008961222697928562
clsSOPT,5,0.999999,29,32,32,227,4.027692031,0.00657272345926534
clsQDEIM,5,0.999999,29,32,32,227,4.120501341,0.002354069016021999
clsSOPT,5,0.999999,29,32,32,232,4.08472753,0.002821687960583212
clsQDEIM,5,0.999999,29,32,32,232,4.173627554,0.002853543459032054
clsSOPT,5,0.999999,29,32,32,237,4.152542226,0.002684018194424188
clsQDEIM,5,0.999999,29,32,32,237,4.176105691,0.00369716840093988
clsSOPT,5,0.999999,29,32,32,242,4.189762381,0.001472765921303388
clsQDEIM,5,0.999999,29,32,32,242,4.256115365,0.004909140053422295
clsSOPT,5,0.999999,29,32,32,247,4.254662579,0.002620075620690084
clsQDEIM,5,0.999999,29,32,32,247,4.307530949,0.005155259769570812
clsSOPT,5,0.999999,29,32,32,252,4.32730656,0.002128420433331398
clsQDEIM,5,0.999999,29,32,32,252,4.346971669,0.005157160391809633
clsSOPT,5,0.999999,29,32,32,257,4.418678535,0.002165217753096049
clsQDEIM,5,0.999999,29,32,32,257,4.417764414,0.004703234939514175
clsSOPT,5,0.999999,29,32,32,262,4.410917074,0.002579342615639004
clsQDEIM,5,0.999999,29,32,32,262,4.620144339,0.005918248184813973
clsSOPT,5,0.999999,29,32,32,267,,
clsQDEIM,5,0.999999,29,32,32,267,4.629786128,0.006926387957081493
clsSOPT,5,0.999999,29,32,32,272,,
clsQDEIM,5,0.999999,29,32,32,272,4.612159628,0.004562699124807809
clsSOPT,5,0.999999,29,32,32,277,,
clsQDEIM,5,0.999999,29,32,32,277,4.684926423,0.0044995202539745
clsSOPT,5,0.999999,29,32,32,282,,
clsQDEIM,5,0.999999,29,32,32,282,4.791233657,0.006765797874669313
clsSOPT,6,1,34,38,37,42,1.675080239,0.02005940222479509
clsQDEIM,6,1,34,38,37,42,1.554647836,0.009039231478462825
clsSOPT,6,1,34,38,37,47,1.603883697,0.002704696874998467
clsQDEIM,6,1,34,38,37,47,1.621259664,0.007144614463489811
clsSOPT,6,1,34,38,37,52,1.785211971,0.00160376694739575
clsQDEIM,6,1,34,38,37,52,1.722793357,0.006376875170815609
clsSOPT,6,1,34,38,37,57,1.849791888,0.0003711757319370055
clsQDEIM,6,1,34,38,37,57,1.80112455,0.006943251428432514
clsSOPT,6,1,34,38,37,62,1.928842659,0.0004875223307443695
clsQDEIM,6,1,34,38,37,62,2.258731715,0.08089442119054881
clsSOPT,6,1,34,38,37,67,2.038312438,0.0006065109715756879
clsQDEIM,6,1,34,38,37,67,,
clsSOPT,6,1,34,38,37,72,2.134751888,0.001599657682706964
clsQDEIM,6,1,34,38,37,72,2.109723366,0.0009435624896200279
clsSOPT,6,1,34,38,37,77,2.279026007,0.0001620650962004524
clsQDEIM,6,1,34,38,37,77,2.127875489,0.002193642992961572
clsSOPT,6,1,34,38,37,82,2.343247676,0.0002391550762378501
clsQDEIM,6,1,34,38,37,82,2.206965127,0.001758120900246156
clsSOPT,6,1,34,38,37,87,2.358222416,0.0009723710934885298
clsQDEIM,6,1,34,38,37,87,2.247856951,0.001014979064648189
clsSOPT,6,1,34,38,37,92,2.574128265,0.0003392602975366882
clsQDEIM,6,1,34,38,37,92,2.361118735,0.001048738163973916
clsSOPT,6,1,34,38,37,97,2.66287637,0.0006835642507767185
clsQDEIM,6,1,34,38,37,97,2.412720726,0.0006015814350242157
clsSOPT,6,1,34,38,37,102,2.687808981,0.001779696999355872
clsQDEIM,6,1,34,38,37,102,2.550482204,0.001205063013241973
clsSOPT,6,1,34,38,37,107,2.710569605,0.001852405976009563
clsQDEIM,6,1,34,38,37,107,2.637322852,0.001169007026136989
clsSOPT,6,1,34,38,37,112,2.790270168,0.002895248942501139
clsQDEIM,6,1,34,38,37,112,2.722436044,0.001057755479935898
clsSOPT,6,1,34,38,37,117,2.860995148,0.001081482962389888
clsQDEIM,6,1,34,38,37,117,2.772000761,0.001293002563162631
clsSOPT,6,1,34,38,37,122,2.922769027,0.001115658216479482
clsQDEIM,6,1,34,38,37,122,2.817013432,0.00127589152937801
clsSOPT,6,1,34,38,37,127,2.987579715,0.001115658216479252
clsQDEIM,6,1,34,38,37,127,2.892644414,0.00113033104462804
clsSOPT,6,1,34,38,37,132,3.026611254,0.001115658216479479
clsQDEIM,6,1,34,38,37,132,2.924856984,0.000887786390940017
clsSOPT,6,1,34,38,37,137,3.064248069,0.001115658216479477
clsQDEIM,6,1,34,38,37,137,3.014346401,0.0009987236374177299
clsSOPT,6,1,34,38,37,142,3.151437898,0.001115658216479477
clsQDEIM,6,1,34,38,37,142,3.089917792,0.001622766805196342
clsSOPT,6,1,34,38,37,147,3.228965178,0.001115658216479706
clsQDEIM,6,1,34,38,37,147,3.166381167,0.001549077010953058
clsSOPT,6,1,34,38,37,152,3.316739615,0.001115658216479707
clsQDEIM,6,1,34,38,37,152,3.24832251,0.001700842001248889
clsSOPT,6,1,34,38,37,157,3.432579279,0.001115658216479491
clsQDEIM,6,1,34,38,37,157,3.329709441,0.003166254717731857
clsSOPT,6,1,34,38,37,162,3.486872518,0.001115658216479483
clsQDEIM,6,1,34,38,37,162,3.413567609,0.002972685152406851
clsSOPT,6,1,34,38,37,167,3.561288743,0.001115658216479481
clsQDEIM,6,1,34,38,37,167,3.499877529,0.002383182523090515
clsSOPT,6,1,34,38,37,172,3.608411015,0.001115658216479483
clsQDEIM,6,1,34,38,37,172,,
clsSOPT,6,1,34,38,37,177,3.674025221,0.001115658216479478
clsQDEIM,6,1,34,38,37,177,,
clsSOPT,6,1,34,38,37,182,3.770834846,0.001115658216479485
clsQDEIM,6,1,34,38,37,182,,
clsSOPT,6,1,34,38,37,187,3.827728232,0.001155666743318345
clsQDEIM,6,1,34,38,37,187,,
clsSOPT,6,1,34,38,37,192,3.923785017,0.0005110017251632091
clsQDEIM,6,1,34,38,37,192,,
clsSOPT,6,1,34,38,37,197,3.99389947,0.0003330240106733893
clsQDEIM,6,1,34,38,37,197,,
clsSOPT,6,1,34,38,37,202,4.05028576,0.001237157502139311
clsQDEIM,6,1,34,38,37,202,4.279525734,0.004076567693862727
clsSOPT,6,1,34,38,37,207,4.116894678,0.0004715602724244813
clsQDEIM,6,1,34,38,37,207,4.321615459,0.008136659057445506
clsSOPT,6,1,34,38,37,212,4.195442345,0.0001761343772674456
clsQDEIM,6,1,34,38,37,212,4.466794625,0.009444747267127886
clsSOPT,6,1,34,38,37,217,4.23665261,0.0006017206468230768
clsQDEIM,6,1,34,38,37,217,,
clsSOPT,6,1,34,38,37,222,4.350694752,0.0002666249669209777
clsQDEIM,6,1,34,38,37,222,,
clsSOPT,6,1,34,38,37,227,4.433973704,4.330461291990381e-05
clsQDEIM,6,1,34,38,37,227,,
clsSOPT,6,1,34,38,37,232,4.47456912,0.001070339219343384
clsQDEIM,6,1,34,38,37,232,,
clsSOPT,6,1,34,38,37,237,4.54176054,0.0008722977714729148
clsQDEIM,6,1,34,38,37,237,,
clsSOPT,6,1,34,38,37,242,4.585710456,0.001020102558248157
clsQDEIM,6,1,34,38,37,242,,
clsSOPT,6,1,34,38,37,247,4.706178579,0.001404712270894645
clsQDEIM,6,1,34,38,37,247,,
clsSOPT,6,1,34,38,37,252,4.753234884,0.001481313620424699
clsQDEIM,6,1,34,38,37,252,,
clsSOPT,6,1,34,38,37,257,4.783467938,0.001588790947652797
clsQDEIM,6,1,34,38,37,257,,
clsSOPT,6,1,34,38,37,262,4.878315326,0.001351481803221105
clsQDEIM,6,1,34,38,37,262,,
clsSOPT,6,1,34,38,37,267,4.914909343,0.0006002017641031568
clsQDEIM,6,1,34,38,37,267,,
clsSOPT,6,1,34,38,37,272,5.020372554,0.0005341824391165545
clsQDEIM,6,1,34,38,37,272,,
clsSOPT,6,1,34,38,37,277,5.027812237,0.0006032178375343006
clsQDEIM,6,1,34,38,37,277,,
clsSOPT,6,1,34,38,37,282,5.085279656,0.0003949414047163128
clsQDEIM,6,1,34,38,37,282,5.6597824,2.433886959750243
clsSOPT,6,1,34,38,37,287,5.100260155,0.0001755020409362636
clsQDEIM,6,1,34,38,37,287,5.306609315,1.413705162548045
