method,t,n,ef,xx,vv,ee,q,condV,condE,time,ErrX,ErrV,ErrE
sopt,0.1,1,0.99,6,4,3,5,1.562095,2.234909,1.13965,0.0012737,0.997238,0.0410355
clssopt,0.1,1,0.99,6,4,3,5,8.143220,3.879686,0.083664,0.00127374,0.997259,0.0410361
sopt,0.1,1,0.99,6,4,3,10,3.556050,2.768205,0.0889971,0.00127367,0.997202,0.0410355
clssopt,0.1,1,0.99,6,4,3,10,3.638560,2.454700,0.10302,0.00127374,0.997262,0.041036
sopt,0.1,1,0.99,6,4,3,15,3.897257,1.904347,0.107386,0.00127366,0.997194,0.0410354
clssopt,0.1,1,0.99,6,4,3,15,5.595476,3.004771,0.110806,0.00127374,0.997262,0.041036
sopt,0.1,1,0.99,6,4,3,20,4.188570,1.845445,0.120078,0.00127365,0.99719,0.0410354
clssopt,0.1,1,0.99,6,4,3,20,7.307213,21.825404,0.112796,0.00127374,0.997263,0.041036
sopt,0.1,1,0.99,6,4,3,25,3.468335,11.444880,0.12949,0.00127365,0.997188,0.0410354
clssopt,0.1,1,0.99,6,4,3,25,5.692801,21.015361,0.12207,0.00127374,0.997263,0.041036
sopt,0.1,1,0.99,6,4,3,30,3.292860,1.487480,0.149455,0.00127365,0.99719,0.0410354
clssopt,0.1,1,0.99,6,4,3,30,3.810960,27.983280,0.143086,0.00127374,0.997264,0.041036
sopt,0.1,1,0.99,6,4,3,35,3.401230,81.414082,0.161329,0.00127366,0.997195,0.0410353
clssopt,0.1,1,0.99,6,4,3,35,7.253597,21.782080,0.155542,0.00127374,0.997264,0.041036
sopt,0.1,1,0.99,6,4,3,40,3.317841,71.689813,0.175096,0.00127366,0.997198,0.0410353
clssopt,0.1,1,0.99,6,4,3,40,3.698333,25.943839,0.155037,0.00127374,0.997264,0.041036
sopt,0.1,1,0.99,6,4,3,45,3.081893,70.900687,0.179329,0.00127366,0.997201,0.0410353
clssopt,0.1,1,0.99,6,4,3,45,3.879418,73.575883,0.160985,0.00127374,0.997264,0.041036
sopt,0.1,1,0.99,6,4,3,50,2.573246,80.207706,0.184931,0.00127367,0.997204,0.0410352
clssopt,0.1,1,0.99,6,4,3,50,3.877586,67.890930,0.167142,0.00127374,0.997265,0.041036
sopt,0.1,1,0.99,6,4,3,55,1.609670,83.216294,0.201596,0.00127367,0.997204,0.0410352
clssopt,0.1,1,0.99,6,4,3,55,4.472696,66.807454,0.176294,0.00127374,0.997265,0.041036
sopt,0.1,1,0.99,6,4,3,60,2.183831,46575.234681,0.197593,0.00127367,0.997206,0.0410352
clssopt,0.1,1,0.99,6,4,3,60,3.828301,70.111763,0.179116,0.00127374,0.997265,0.041036
sopt,0.1,1,0.99,6,4,3,65,1.304942,65.954824,0.205681,0.00127367,0.997206,0.0410352
clssopt,0.1,1,0.99,6,4,3,65,3.822135,75.702625,0.184598,0.00127374,0.997265,0.041036
sopt,0.1,1,0.99,6,4,3,70,1.427574,64.559169,0.206738,0.00127367,0.997206,0.0410352
clssopt,0.1,1,0.99,6,4,3,70,3.822050,76.129714,0.187176,0.00127374,0.997265,0.041036
sopt,0.1,1,0.99,6,4,3,75,1.564455,61.617971,0.211464,0.00127367,0.997206,0.0410352
clssopt,0.1,1,0.99,6,4,3,75,3.817717,67.844744,0.193881,0.00127374,0.997265,0.041036
sopt,0.1,1,0.99,6,4,3,80,1.531353,32189.640605,0.225385,0.00127367,0.997207,0.0410352
clssopt,0.1,1,0.99,6,4,3,80,3.818874,34391.564222,0.199614,0.00127374,0.997265,0.041036
sopt,0.1,1,0.99,6,4,3,85,1.565945,65.036934,0.231617,0.00127367,0.997207,0.0410352
clssopt,0.1,1,0.99,6,4,3,85,3.976079,59.824978,0.206184,0.00127374,0.997265,0.041036
sopt,0.1,1,0.99,6,4,3,90,2.318277,63.492299,0.234618,0.00127367,0.997207,0.0410352
clssopt,0.1,1,0.99,6,4,3,90,3.787496,58.670569,0.21485,0.00127374,0.997265,0.041036
sopt,0.1,1,0.99,6,4,3,95,2.332258,54.615512,0.239568,0.00127367,0.997207,0.0410352
clssopt,0.1,1,0.99,6,4,3,95,3.787574,55.820573,0.217808,0.00127374,0.997265,0.041036
sopt,0.1,1,0.99,6,4,3,100,2.334001,34584.337160,0.245211,0.00127367,0.997207,0.0410352
clssopt,0.1,1,0.99,6,4,3,100,3.785765,41142.712596,0.222383,0.00127374,0.997265,0.041036
sopt,0.1,2,0.999,6,6,5,5,4.756173,3.956250,0.0708805,0.00127361,0.997146,0.0410346
clssopt,0.1,2,0.999,6,6,5,5,5.199923,5.347888,0.0769911,0.00127361,0.997144,0.0410346
sopt,0.1,2,0.999,6,6,5,10,4.496194,3.224400,0.0899385,0.00127361,0.997146,0.0410346
clssopt,0.1,2,0.999,6,6,5,10,5.308096,4.904876,0.103377,0.00127361,0.997145,0.0410346
sopt,0.1,2,0.999,6,6,5,15,4.322593,2.758528,0.104188,0.00127361,0.997146,0.0410346
clssopt,0.1,2,0.999,6,6,5,15,4.342412,2.443232,0.116001,0.00127361,0.997145,0.0410346
sopt,0.1,2,0.999,6,6,5,20,4.000398,9.162214,0.114864,0.00127361,0.997145,0.0410346
clssopt,0.1,2,0.999,6,6,5,20,3.615573,2.641713,0.12797,0.00127361,0.997145,0.0410346
sopt,0.1,2,0.999,6,6,5,25,5.069677,9.574116,0.130675,0.00127361,0.997145,0.0410346
clssopt,0.1,2,0.999,6,6,5,25,3.246272,9.131348,0.145619,0.00127361,0.997145,0.0410346
sopt,0.1,2,0.999,6,6,5,30,6.319971,23.374811,0.130661,0.00127361,0.997145,0.0410346
clssopt,0.1,2,0.999,6,6,5,30,3.225203,6.464607,0.158878,0.00127361,0.997145,0.0410346
sopt,0.1,2,0.999,6,6,5,35,6.125878,18.793725,0.147123,0.00127361,0.997145,0.0410346
clssopt,0.1,2,0.999,6,6,5,35,3.152978,7.746769,0.165933,0.00127361,0.997145,0.0410346
sopt,0.1,2,0.999,6,6,5,40,5.445867,19.420614,0.159212,0.00127361,0.997145,0.0410346
clssopt,0.1,2,0.999,6,6,5,40,3.105700,3.759854,0.179183,0.00127361,0.997145,0.0410346
sopt,0.1,2,0.999,6,6,5,45,6.547063,19.792237,0.162824,0.00127361,0.997145,0.0410346
clssopt,0.1,2,0.999,6,6,5,45,6.673042,92.555759,0.188427,0.00127361,0.997145,0.0410346
sopt,0.1,2,0.999,6,6,5,50,5.651327,19.230877,0.172105,0.00127361,0.997145,0.0410346
clssopt,0.1,2,0.999,6,6,5,50,6.142435,78.721126,0.196068,0.00127361,0.997145,0.0410346
sopt,0.1,2,0.999,6,6,5,55,5.819917,26.449593,0.179535,0.00127361,0.997145,0.0410346
clssopt,0.1,2,0.999,6,6,5,55,6.078406,77.310428,0.205667,0.00127361,0.997145,0.0410346
sopt,0.1,2,0.999,6,6,5,60,5.537066,28.027427,0.17757,0.00127361,0.997145,0.0410346
clssopt,0.1,2,0.999,6,6,5,60,6.183678,2721234.296023,0.215545,0.00127361,0.997145,0.0410346
sopt,0.1,2,0.999,6,6,5,65,6.001208,25.776157,0.183998,0.00127361,0.997145,0.0410346
clssopt,0.1,2,0.999,6,6,5,65,6.054450,74.149002,0.230753,0.00127361,0.997145,0.0410346
sopt,0.1,2,0.999,6,6,5,70,5.583943,32.885867,0.195715,0.00127361,0.997145,0.0410346
clssopt,0.1,2,0.999,6,6,5,70,5.962668,77.010211,0.236121,0.00127361,0.997145,0.0410346
sopt,0.1,2,0.999,6,6,5,75,5.902648,38.061039,0.200556,0.00127361,0.997145,0.0410346
clssopt,0.1,2,0.999,6,6,5,75,6.518326,2778140.346781,0.232335,0.00127361,0.997145,0.0410346
sopt,0.1,2,0.999,6,6,5,80,6.739820,27.117406,0.204531,0.00127361,0.997145,0.0410346
clssopt,0.1,2,0.999,6,6,5,80,5.759462,81.451606,0.236614,0.00127361,0.997145,0.0410346
sopt,0.1,2,0.999,6,6,5,85,31.859480,23.141874,0.217293,0.00127361,0.997145,0.0410346
clssopt,0.1,2,0.999,6,6,5,85,5.475488,76.196871,0.241158,0.00127361,0.997145,0.0410346
sopt,0.1,2,0.999,6,6,5,90,24.185036,7744.342062,0.218331,0.00127361,0.997145,0.0410346
clssopt,0.1,2,0.999,6,6,5,90,5.361669,2953736.497362,0.237272,0.00127361,0.997145,0.0410346
sopt,0.1,2,0.999,6,6,5,95,26.535033,24.053771,0.229438,0.00127361,0.997145,0.0410346
clssopt,0.1,2,0.999,6,6,5,95,6.700106,84.533228,0.23742,0.00127361,0.997145,0.0410346
sopt,0.1,2,0.999,6,6,5,100,26.590269,24.344024,0.226786,0.00127361,0.997145,0.0410346
clssopt,0.1,2,0.999,6,6,5,100,6.631677,84.775959,0.242452,0.00127361,0.997145,0.0410346
sopt,0.1,3,0.9999,6,9,9,5,5.465261,7.184579,0.0748497,0.00127361,0.997145,0.0410347
clssopt,0.1,3,0.9999,6,9,9,5,10.453437,9.043437,0.0844416,0.00127361,0.997145,0.0410347
sopt,0.1,3,0.9999,6,9,9,10,3.148803,5.202854,0.086983,0.00127361,0.997145,0.0410347
clssopt,0.1,3,0.9999,6,9,9,10,4.338749,3.273134,0.106403,0.00127361,0.997145,0.0410347
sopt,0.1,3,0.9999,6,9,9,15,3.572826,5.901813,0.108909,0.00127361,0.997145,0.0410347
clssopt,0.1,3,0.9999,6,9,9,15,5.448271,2.915996,0.122625,0.00127361,0.997145,0.0410347
sopt,0.1,3,0.9999,6,9,9,20,3.532717,3.683414,0.124443,0.00127361,0.997145,0.0410347
clssopt,0.1,3,0.9999,6,9,9,20,3.510172,2.672534,0.136452,0.00127361,0.997145,0.0410347
sopt,0.1,3,0.9999,6,9,9,25,3.196326,3.502645,0.128639,0.00127361,0.997145,0.0410347
clssopt,0.1,3,0.9999,6,9,9,25,4.462837,3.218698,0.143353,0.00127361,0.997145,0.0410347
sopt,0.1,3,0.9999,6,9,9,30,4.440115,3.268648,0.159173,0.00127361,0.997145,0.0410347
clssopt,0.1,3,0.9999,6,9,9,30,3.382023,3.462195,0.161377,0.00127361,0.997145,0.0410347
sopt,0.1,3,0.9999,6,9,9,35,4.425785,8.108989,0.167726,0.00127361,0.997145,0.0410347
clssopt,0.1,3,0.9999,6,9,9,35,3.258050,2.849525,0.170145,0.00127361,0.997145,0.0410347
sopt,0.1,3,0.9999,6,9,9,40,4.159059,4.698322,0.180051,0.00127361,0.997145,0.0410347
clssopt,0.1,3,0.9999,6,9,9,40,3.641561,2.040651,0.177082,0.00127361,0.997145,0.0410347
sopt,0.1,3,0.9999,6,9,9,45,4.346849,11.385564,0.194877,0.00127361,0.997145,0.0410346
clssopt,0.1,3,0.9999,6,9,9,45,3.191171,2.206095,0.187804,0.00127361,0.997145,0.0410347
sopt,0.1,3,0.9999,6,9,9,50,4.215240,15.939630,0.420152,0.00127361,0.997145,0.0410346
clssopt,0.1,3,0.9999,6,9,9,50,2.604227,2.108064,0.193749,0.00127361,0.997145,0.0410347
sopt,0.1,3,0.9999,6,9,9,55,4.416478,7.758143,0.218327,0.00127361,0.997145,0.0410346
clssopt,0.1,3,0.9999,6,9,9,55,3.376023,2.799144,0.190945,0.00127361,0.997145,0.0410347
sopt,0.1,3,0.9999,6,9,9,60,3.925432,10.199557,0.224562,0.00127361,0.997145,0.0410346
clssopt,0.1,3,0.9999,6,9,9,60,2.574642,1.963288,0.208624,0.00127361,0.997145,0.0410347
sopt,0.1,3,0.9999,6,9,9,65,3.543915,13.147687,0.243975,0.00127361,0.997145,0.0410347
clssopt,0.1,3,0.9999,6,9,9,65,3.209716,2.068240,0.215144,0.00127361,0.997145,0.0410347
sopt,0.1,3,0.9999,6,9,9,70,3.447609,9.123571,0.24444,0.00127361,0.997145,0.0410347
clssopt,0.1,3,0.9999,6,9,9,70,2.424871,3.103175,0.227968,0.00127361,0.997145,0.0410347
sopt,0.1,3,0.9999,6,9,9,75,3.323189,8.084036,0.254279,0.00127361,0.997145,0.0410347
clssopt,0.1,3,0.9999,6,9,9,75,2.034910,12.938087,0.241179,0.00127361,0.997145,0.0410347
sopt,0.1,3,0.9999,6,9,9,80,3.707294,9.984173,0.258029,0.00127361,0.997145,0.0410347
clssopt,0.1,3,0.9999,6,9,9,80,2.266422,10.523206,0.246884,0.00127361,0.997145,0.0410347
sopt,0.1,3,0.9999,6,9,9,85,3.391227,7.372607,0.25671,0.00127361,0.997145,0.0410347
clssopt,0.1,3,0.9999,6,9,9,85,2.375415,6.071418,0.265373,0.00127361,0.997145,0.0410347
sopt,0.1,3,0.9999,6,9,9,90,3.661849,10.075549,0.279732,0.00127361,0.997145,0.0410347
clssopt,0.1,3,0.9999,6,9,9,90,2.166673,12.025138,0.267609,0.00127361,0.997145,0.0410347
sopt,0.1,3,0.9999,6,9,9,95,3.369488,70.301035,0.280158,0.00127361,0.997145,0.0410347
clssopt,0.1,3,0.9999,6,9,9,95,1.960106,13.657184,0.275431,0.00127361,0.997145,0.0410347
sopt,0.1,3,0.9999,6,9,9,100,3.281709,35.487282,0.28369,0.00127361,0.997145,0.0410347
clssopt,0.1,3,0.9999,6,9,9,100,2.246658,12.929577,0.275097,0.00127361,0.997145,0.0410347
sopt,0.1,4,0.99999,6,14,12,5,6.712922,8.020626,0.0941445,0.00127361,0.997145,0.0410347
clssopt,0.1,4,0.99999,6,14,12,5,7.877689,13.756060,0.116059,0.00127361,0.997145,0.0410347
sopt,0.1,4,0.99999,6,14,12,10,6.467950,9.421168,0.110958,0.00127361,0.997145,0.0410347
clssopt,0.1,4,0.99999,6,14,12,10,5.385130,9.374622,0.122465,0.00127361,0.997145,0.0410347
sopt,0.1,4,0.99999,6,14,12,15,4.836126,5.373005,0.131084,0.00127361,0.997145,0.0410347
clssopt,0.1,4,0.99999,6,14,12,15,4.904303,6.992558,0.127404,0.00127361,0.997145,0.0410347
sopt,0.1,4,0.99999,6,14,12,20,4.030461,4.339190,0.145526,0.00127361,0.997145,0.0410347
clssopt,0.1,4,0.99999,6,14,12,20,3.700187,4.472241,0.143616,0.00127361,0.997145,0.0410347
sopt,0.1,4,0.99999,6,14,12,25,4.405193,3.101749,0.159458,0.00127361,0.997145,0.0410347
clssopt,0.1,4,0.99999,6,14,12,25,3.467519,4.002223,0.154652,0.00127361,0.997145,0.0410347
sopt,0.1,4,0.99999,6,14,12,30,2.947856,3.195143,0.170226,0.00127361,0.997145,0.0410347
clssopt,0.1,4,0.99999,6,14,12,30,2.618898,4.014038,0.165313,0.00127361,0.997145,0.0410347
sopt,0.1,4,0.99999,6,14,12,35,3.324139,2.585698,0.183352,0.00127361,0.997145,0.0410347
clssopt,0.1,4,0.99999,6,14,12,35,2.965251,4.071837,0.173414,0.00127361,0.997145,0.0410347
sopt,0.1,4,0.99999,6,14,12,40,3.168313,3.246197,0.21167,0.00127361,0.997145,0.0410347
clssopt,0.1,4,0.99999,6,14,12,40,2.682424,4.280624,0.19209,0.00127361,0.997145,0.0410347
sopt,0.1,4,0.99999,6,14,12,45,3.275472,2.676837,0.209049,0.00127361,0.997145,0.0410347
clssopt,0.1,4,0.99999,6,14,12,45,2.575748,3.766492,0.200165,0.00127361,0.997145,0.0410347
sopt,0.1,4,0.99999,6,14,12,50,3.112206,2.700818,0.217303,0.00127361,0.997145,0.0410347
clssopt,0.1,4,0.99999,6,14,12,50,2.652434,3.760503,0.209253,0.00127361,0.997145,0.0410347
sopt,0.1,4,0.99999,6,14,12,55,3.227747,2.700939,0.218979,0.00127361,0.997145,0.0410347
clssopt,0.1,4,0.99999,6,14,12,55,3.367212,3.706786,0.215385,0.00127361,0.997145,0.0410347
sopt,0.1,4,0.99999,6,14,12,60,4.394890,2.558346,0.231634,0.00127361,0.997145,0.0410347
clssopt,0.1,4,0.99999,6,14,12,60,2.827108,3.322539,0.222023,0.00127361,0.997145,0.0410347
sopt,0.1,4,0.99999,6,14,12,65,3.613908,2.613610,0.235336,0.00127361,0.997145,0.0410347
clssopt,0.1,4,0.99999,6,14,12,65,2.791285,3.392408,0.228818,0.00127361,0.997145,0.0410347
sopt,0.1,4,0.99999,6,14,12,70,3.352401,2.966123,0.24411,0.00127361,0.997145,0.0410347
clssopt,0.1,4,0.99999,6,14,12,70,3.245784,4.842338,0.245596,0.00127361,0.997145,0.0410347
sopt,0.1,4,0.99999,6,14,12,75,3.857938,2.456638,0.248533,0.00127361,0.997145,0.0410347
clssopt,0.1,4,0.99999,6,14,12,75,3.200726,2.876344,0.250623,0.00127361,0.997145,0.0410347
sopt,0.1,4,0.99999,6,14,12,80,3.506211,2.379033,0.25676,0.00127361,0.997145,0.0410347
clssopt,0.1,4,0.99999,6,14,12,80,3.061032,3.167803,0.256118,0.00127361,0.997145,0.0410347
sopt,0.1,4,0.99999,6,14,12,85,3.778515,2.585804,0.264784,0.00127361,0.997145,0.0410347
clssopt,0.1,4,0.99999,6,14,12,85,2.692483,3.560933,0.266104,0.00127361,0.997145,0.0410347
sopt,0.1,4,0.99999,6,14,12,90,3.112976,2.641501,0.265062,0.00127361,0.997145,0.0410347
clssopt,0.1,4,0.99999,6,14,12,90,2.664148,3.189760,0.270272,0.00127361,0.997145,0.0410347
sopt,0.1,4,0.99999,6,14,12,95,3.308527,2.989034,0.274984,0.00127361,0.997145,0.0410347
clssopt,0.1,4,0.99999,6,14,12,95,2.692124,3.310367,0.265545,0.00127361,0.997145,0.0410347
sopt,0.1,4,0.99999,6,14,12,100,3.027921,2.545476,0.279841,0.00127361,0.997145,0.0410347
clssopt,0.1,4,0.99999,6,14,12,100,2.619827,2.366171,0.272544,0.00127361,0.997145,0.0410347
sopt,0.1,5,0.999999,6,20,18,5,12.150154,22.681085,0.113471,0.00127361,0.997145,0.0410347
clssopt,0.1,5,0.999999,6,20,18,5,14.330920,16.672637,0.117479,0.00127361,0.997145,0.0410347
sopt,0.1,5,0.999999,6,20,18,10,7.188542,8.482481,0.123717,0.00127361,0.997145,0.0410347
clssopt,0.1,5,0.999999,6,20,18,10,7.904032,8.687271,0.173601,0.00127361,0.997145,0.0410347
sopt,0.1,5,0.999999,6,20,18,15,5.997678,8.082593,0.145255,0.00127361,0.997145,0.0410347
clssopt,0.1,5,0.999999,6,20,18,15,5.491156,7.774479,0.150125,0.00127361,0.997145,0.0410347
sopt,0.1,5,0.999999,6,20,18,20,5.236251,5.580353,0.153876,0.00127361,0.997145,0.0410347
clssopt,0.1,5,0.999999,6,20,18,20,4.820924,6.819900,0.160482,0.00127361,0.997145,0.0410347
sopt,0.1,5,0.999999,6,20,18,25,5.091377,6.226220,0.170657,0.00127361,0.997145,0.0410347
clssopt,0.1,5,0.999999,6,20,18,25,4.986059,8.763224,0.176929,0.00127361,0.997145,0.0410347
sopt,0.1,5,0.999999,6,20,18,30,3.814357,4.932036,0.179357,0.00127361,0.997145,0.0410347
clssopt,0.1,5,0.999999,6,20,18,30,3.434894,5.787915,0.195689,0.00127361,0.997145,0.0410347
sopt,0.1,5,0.999999,6,20,18,35,3.908960,5.981050,0.184216,0.00127361,0.997145,0.0410347
clssopt,0.1,5,0.999999,6,20,18,35,4.031595,5.286313,0.203123,0.00127361,0.997145,0.0410347
sopt,0.1,5,0.999999,6,20,18,40,4.059166,4.233161,0.209456,0.00127361,0.997145,0.0410347
clssopt,0.1,5,0.999999,6,20,18,40,3.554875,5.815461,0.221586,0.00127361,0.997145,0.0410347
sopt,0.1,5,0.999999,6,20,18,45,3.962595,4.158396,0.222139,0.00127361,0.997145,0.0410347
clssopt,0.1,5,0.999999,6,20,18,45,3.401913,4.246017,0.233165,0.00127361,0.997145,0.0410347
sopt,0.1,5,0.999999,6,20,18,50,3.980934,4.284254,0.238589,0.00127361,0.997145,0.0410347
clssopt,0.1,5,0.999999,6,20,18,50,3.183941,4.109515,0.249165,0.00127361,0.997145,0.0410347
sopt,0.1,5,0.999999,6,20,18,55,3.591743,4.666914,0.253695,0.00127361,0.997145,0.0410347
clssopt,0.1,5,0.999999,6,20,18,55,3.750622,4.335196,0.263415,0.00127361,0.997145,0.0410347
sopt,0.1,5,0.999999,6,20,18,60,2.700425,4.557919,0.26133,0.00127361,0.997145,0.0410347
clssopt,0.1,5,0.999999,6,20,18,60,3.039398,4.293902,0.271046,0.00127361,0.997145,0.0410347
sopt,0.1,5,0.999999,6,20,18,65,3.114804,4.922288,0.268283,0.00127361,0.997145,0.0410347
clssopt,0.1,5,0.999999,6,20,18,65,3.097237,3.811056,0.276284,0.00127361,0.997145,0.0410347
sopt,0.1,5,0.999999,6,20,18,70,2.718755,3.703283,0.282992,0.00127361,0.997145,0.0410347
clssopt,0.1,5,0.999999,6,20,18,70,2.690688,3.465152,0.287233,0.00127361,0.997145,0.0410347
sopt,0.1,5,0.999999,6,20,18,75,3.052498,3.709999,0.286665,0.00127361,0.997145,0.0410347
clssopt,0.1,5,0.999999,6,20,18,75,2.998646,3.791241,0.296661,0.00127361,0.997145,0.0410347
sopt,0.1,5,0.999999,6,20,18,80,2.887591,4.520797,0.299032,0.00127361,0.997145,0.0410347
clssopt,0.1,5,0.999999,6,20,18,80,2.971358,3.914747,0.314992,0.00127361,0.997145,0.0410347
sopt,0.1,5,0.999999,6,20,18,85,3.148019,4.342250,0.303577,0.00127361,0.997145,0.0410347
clssopt,0.1,5,0.999999,6,20,18,85,2.707298,4.681910,0.314569,0.00127361,0.997145,0.0410347
sopt,0.1,5,0.999999,6,20,18,90,3.337389,4.304664,0.305547,0.00127361,0.997145,0.0410347
clssopt,0.1,5,0.999999,6,20,18,90,2.917627,4.128362,0.32389,0.00127361,0.997145,0.0410347
sopt,0.1,5,0.999999,6,20,18,95,2.811888,3.724441,0.306225,0.00127361,0.997145,0.0410347
clssopt,0.1,5,0.999999,6,20,18,95,2.661258,3.611563,0.340502,0.00127361,0.997145,0.0410347
sopt,0.1,5,0.999999,6,20,18,100,2.811697,4.320975,0.318901,0.00127361,0.997145,0.0410347
clssopt,0.1,5,0.999999,6,20,18,100,2.716689,4.207464,0.356398,0.00127361,0.997145,0.0410347
sopt,0.1,6,0.9999999,6,24,23,5,12.330266,19.327432,0.135479,0.00127361,0.997145,0.0410347
clssopt,0.1,6,0.9999999,6,24,23,5,21.956973,31.805012,0.13361,0.00127361,0.997145,0.0410347
sopt,0.1,6,0.9999999,6,24,23,10,10.709385,11.615827,0.15066,0.00127361,0.997145,0.0410347
clssopt,0.1,6,0.9999999,6,24,23,10,14.273339,17.379050,0.152685,0.00127361,0.997145,0.0410347
sopt,0.1,6,0.9999999,6,24,23,15,7.748664,7.464209,0.161528,0.00127361,0.997145,0.0410347
clssopt,0.1,6,0.9999999,6,24,23,15,6.271614,13.324300,0.166551,0.00127361,0.997145,0.0410347
sopt,0.1,6,0.9999999,6,24,23,20,5.947444,7.473552,0.18362,0.00127361,0.997145,0.0410347
clssopt,0.1,6,0.9999999,6,24,23,20,6.518982,9.325522,0.189503,0.00127361,0.997145,0.0410347
sopt,0.1,6,0.9999999,6,24,23,25,5.751204,7.656396,0.188904,0.00127361,0.997145,0.0410347
clssopt,0.1,6,0.9999999,6,24,23,25,5.333332,7.608789,0.194148,0.00127361,0.997145,0.0410347
sopt,0.1,6,0.9999999,6,24,23,30,5.197256,6.714714,0.200234,0.00127361,0.997145,0.0410347
clssopt,0.1,6,0.9999999,6,24,23,30,5.443346,6.981204,0.213296,0.00127361,0.997145,0.0410347
sopt,0.1,6,0.9999999,6,24,23,35,4.277464,6.465863,0.213369,0.00127361,0.997145,0.0410347
clssopt,0.1,6,0.9999999,6,24,23,35,4.629684,7.454958,0.219726,0.00127361,0.997145,0.0410347
sopt,0.1,6,0.9999999,6,24,23,40,4.140384,5.687147,0.223665,0.00127361,0.997145,0.0410347
clssopt,0.1,6,0.9999999,6,24,23,40,4.221839,7.095848,0.230526,0.00127361,0.997145,0.0410347
sopt,0.1,6,0.9999999,6,24,23,45,4.350727,6.587422,0.244375,0.00127361,0.997145,0.0410347
clssopt,0.1,6,0.9999999,6,24,23,45,5.971646,6.594684,0.249236,0.00127361,0.997145,0.0410347
sopt,0.1,6,0.9999999,6,24,23,50,5.065358,6.356009,0.306325,0.00127361,0.997145,0.0410347
clssopt,0.1,6,0.9999999,6,24,23,50,4.634879,6.788085,0.26257,0.00127361,0.997145,0.0410347
sopt,0.1,6,0.9999999,6,24,23,55,4.038944,5.278952,0.27721,0.00127361,0.997145,0.0410347
clssopt,0.1,6,0.9999999,6,24,23,55,4.202620,5.995787,0.283298,0.00127361,0.997145,0.0410347
sopt,0.1,6,0.9999999,6,24,23,60,3.654317,4.409402,0.292733,0.00127361,0.997145,0.0410347
clssopt,0.1,6,0.9999999,6,24,23,60,3.705912,5.232936,0.289469,0.00127361,0.997145,0.0410347
sopt,0.1,6,0.9999999,6,24,23,65,4.033229,4.268899,0.297377,0.00127361,0.997145,0.0410347
clssopt,0.1,6,0.9999999,6,24,23,65,3.889908,5.865451,0.297463,0.00127361,0.997145,0.0410347
sopt,0.1,6,0.9999999,6,24,23,70,3.097965,5.262985,0.310397,0.00127361,0.997145,0.0410347
clssopt,0.1,6,0.9999999,6,24,23,70,3.937199,5.800435,0.313679,0.00127361,0.997145,0.0410347
sopt,0.1,6,0.9999999,6,24,23,75,3.346937,5.834784,0.322065,0.00127361,0.997145,0.0410347
clssopt,0.1,6,0.9999999,6,24,23,75,3.783480,4.968199,0.326048,0.00127361,0.997145,0.0410347
sopt,0.1,6,0.9999999,6,24,23,80,3.742908,4.748723,0.330232,0.00127361,0.997145,0.0410347
clssopt,0.1,6,0.9999999,6,24,23,80,3.444213,4.899916,0.341945,0.00127361,0.997145,0.0410347
sopt,0.1,6,0.9999999,6,24,23,85,3.075238,4.845121,0.34198,0.00127361,0.997145,0.0410347
clssopt,0.1,6,0.9999999,6,24,23,85,3.363240,4.285739,0.355163,0.00127361,0.997145,0.0410347
sopt,0.1,6,0.9999999,6,24,23,90,3.750291,4.175332,0.351375,0.00127361,0.997145,0.0410347
clssopt,0.1,6,0.9999999,6,24,23,90,3.638625,4.080514,0.36105,0.00127361,0.997145,0.0410347
sopt,0.1,6,0.9999999,6,24,23,95,2.924299,4.587858,0.363266,0.00127361,0.997145,0.0410347
clssopt,0.1,6,0.9999999,6,24,23,95,3.084865,4.343117,0.372816,0.00127361,0.997145,0.0410347
sopt,0.1,6,0.9999999,6,24,23,100,2.870299,4.572640,0.359024,0.00127361,0.997145,0.0410347
clssopt,0.1,6,0.9999999,6,24,23,100,3.590433,4.397008,0.388675,0.00127361,0.997145,0.0410347
