method,t,n,xx,vv,ee,q,condV,condE,time,ErrX,ErrV,ErrE
clsdopt,0.1,1,6,4,3,5,8.143220,3.879686,0.0897156,0.00127374,0.997259,0.0410361
clsqdeim,0.1,1,6,4,3,5,3.414415,4.939179,0.0843073,2.3452e-05,0.0141109,0.00196349
clsgnat,0.1,1,6,4,3,5,7.239461,4.027038,0.16691,nan,nan,nan
dopt,0.1,1,6,4,3,5,1.562095,2.234909,0.0672491,0.0012737,0.997238,0.0410355
qdeim,0.1,1,6,4,3,5,3.359498,3.208127,0.0963807,3.9347e-05,0.0323325,0.00290245
gnat,0.1,1,6,4,3,5,4.253516,3.883684,0.0899485,3.97282e-05,0.0322287,0.00291949
clsdopt,0.1,1,6,4,3,10,3.638560,2.454700,0.099616,0.00127374,0.997262,0.041036
clsqdeim,0.1,1,6,4,3,10,2.084969,10.772476,0.0975538,2.34365e-05,0.0141096,0.00196798
clsgnat,0.1,1,6,4,3,10,6.082154,4.706782,0.15584,0.000539351,0.55174,0.0531127
dopt,0.1,1,6,4,3,10,3.556050,2.768205,0.08879,0.00127367,0.997202,0.0410355
qdeim,0.1,1,6,4,3,10,3.344298,3.152111,0.107841,3.95688e-05,0.0322157,0.00289994
gnat,0.1,1,6,4,3,10,2.231688,2.855869,0.108329,3.97283e-05,0.0322393,0.00291951
clsdopt,0.1,1,6,4,3,15,5.595476,3.004771,0.114999,0.00127374,0.997262,0.041036
clsqdeim,0.1,1,6,4,3,15,155.563831,6.115275,0.108143,2.34206e-05,0.014099,0.00196749
clsgnat,0.1,1,6,4,3,15,5.599864,4.134245,0.145219,0.000558947,0.549715,0.0574029
dopt,0.1,1,6,4,3,15,3.897257,1.904347,0.106421,0.00127366,0.997194,0.0410354
qdeim,0.1,1,6,4,3,15,1349.768025,2.593854,0.125437,3.96105e-05,0.0323359,0.00288907
gnat,0.1,1,6,4,3,15,3.006405,2.938443,0.12528,3.97583e-05,0.0322799,0.0029254
clsdopt,0.1,1,6,4,3,20,7.307213,21.825404,0.113335,0.00127374,0.997263,0.041036
clsqdeim,0.1,1,6,4,3,20,1.847973,3.611660,0.117657,2.34111e-05,0.0140923,0.00196701
clsgnat,0.1,1,6,4,3,20,8.359581,6.787963,0.176036,0.000565613,0.559989,0.0573707
dopt,0.1,1,6,4,3,20,4.188570,1.845445,0.117277,0.00127365,0.99719,0.0410354
qdeim,0.1,1,6,4,3,20,2.591161,3.439145,0.131595,3.96402e-05,0.0323485,0.00287655
gnat,0.1,1,6,4,3,20,4.815972,3.314605,0.155289,3.97834e-05,0.0323082,0.00292822
clsdopt,0.1,1,6,4,3,25,5.692801,21.015361,0.123393,0.00127374,0.997263,0.041036
clsqdeim,0.1,1,6,4,3,25,1.713278,2.708539,0.130848,2.34051e-05,0.014014,0.00199574
clsgnat,0.1,1,6,4,3,25,2.838925,4.030939,0.389997,nan,nan,nan
dopt,0.1,1,6,4,3,25,3.468335,11.444880,0.130381,0.00127365,0.997188,0.0410354
qdeim,0.1,1,6,4,3,25,2.579311,2.540720,0.145436,3.98363e-05,0.0323111,0.00286907
gnat,0.1,1,6,4,3,25,2.480856,2.280137,0.169886,3.96971e-05,0.0322102,0.0029154
clsdopt,0.1,1,6,4,3,30,3.810960,27.983280,0.139763,0.00127374,0.997264,0.041036
clsqdeim,0.1,1,6,4,3,30,28.973774,10.087056,0.138875,1.48593e-05,0.0107739,0.00149129
clsgnat,0.1,1,6,4,3,30,2.432280,4.201643,0.38966,nan,nan,nan
dopt,0.1,1,6,4,3,30,3.292860,1.487480,0.144402,0.00127365,0.99719,0.0410354
qdeim,0.1,1,6,4,3,30,22.333613,3.720519,0.158621,4.56185e-05,0.0318973,0.00290872
gnat,0.1,1,6,4,3,30,3.015748,2.228683,0.182624,3.96177e-05,0.0320496,0.00289331
clsdopt,0.1,1,6,4,3,35,7.253597,21.782080,0.154052,0.00127374,0.997264,0.041036
clsqdeim,0.1,1,6,4,3,35,1.860185,3.921096,0.148714,1.46861e-05,0.0107801,0.00147803
clsgnat,0.1,1,6,4,3,35,3.215192,3.676929,0.449444,nan,nan,nan
dopt,0.1,1,6,4,3,35,3.401230,81.414082,0.164005,0.00127366,0.997195,0.0410353
qdeim,0.1,1,6,4,3,35,2.233219,2.189440,0.16271,4.62862e-05,0.0286354,0.00242507
gnat,0.1,1,6,4,3,35,6.071008,2.340383,0.203871,3.96307e-05,0.032035,0.0028762
clsdopt,0.1,1,6,4,3,40,3.698333,25.943839,0.155078,0.00127374,0.997264,0.041036
clsqdeim,0.1,1,6,4,3,40,2.182598,3.945816,0.153762,1.45318e-05,0.0107834,0.00146317
clsgnat,0.1,1,6,4,3,40,2.610996,4.520456,0.368949,nan,nan,nan
dopt,0.1,1,6,4,3,40,3.317841,71.689813,0.176438,0.00127366,0.997198,0.0410353
qdeim,0.1,1,6,4,3,40,2.253363,1.995240,0.179569,4.7569e-05,0.0234794,0.00169769
gnat,0.1,1,6,4,3,40,2.631486,2.448635,0.219043,3.96723e-05,0.0320874,0.00287166
clsdopt,0.1,1,6,4,3,45,3.879418,73.575883,0.159257,0.00127374,0.997264,0.041036
clsqdeim,0.1,1,6,4,3,45,5.334629,5.159294,0.160815,1.43915e-05,0.010785,0.00145046
clsgnat,0.1,1,6,4,3,45,2.363147,4.072771,0.618462,nan,nan,nan
dopt,0.1,1,6,4,3,45,3.081893,70.900687,0.178898,0.00127366,0.997201,0.0410353
qdeim,0.1,1,6,4,3,45,11.997073,2.112597,0.208346,5.00994e-05,0.0209492,0.00128528
gnat,0.1,1,6,4,3,45,3.014250,1.949564,0.232588,3.97289e-05,0.0321345,0.00287139
clsdopt,0.1,1,6,4,3,50,3.877586,67.890930,0.167996,0.00127374,0.997265,0.041036
clsqdeim,0.1,1,6,4,3,50,2.075630,4.745063,0.17321,1.43172e-05,0.0107473,0.00140222
clsgnat,0.1,1,6,4,3,50,3.101379,4.399160,0.90341,nan,nan,nan
dopt,0.1,1,6,4,3,50,2.573246,80.207706,0.196041,0.00127367,0.997204,0.0410352
qdeim,0.1,1,6,4,3,50,2.022618,1.983909,0.216337,5.27356e-05,0.020308,0.00117154
gnat,0.1,1,6,4,3,50,4.871840,2.361862,0.248123,3.98014e-05,0.0321543,0.00286909
clsdopt,0.1,1,6,4,3,55,4.472696,66.807454,0.175485,0.00127374,0.997265,0.041036
clsqdeim,0.1,1,6,4,3,55,2.098887,4.519460,0.176057,1.41979e-05,0.010753,0.00139573
clsgnat,0.1,1,6,4,3,55,2.504568,4.113192,0.539712,nan,nan,nan
dopt,0.1,1,6,4,3,55,1.609670,83.216294,0.197618,0.00127367,0.997204,0.0410352
qdeim,0.1,1,6,4,3,55,1.961284,2.023755,0.214494,5.51153e-05,0.02029,0.00116207
gnat,0.1,1,6,4,3,55,2.687204,2.358991,0.254934,3.98298e-05,0.0321612,0.00286392
clsdopt,0.1,1,6,4,3,60,3.828301,70.111763,0.180175,0.00127374,0.997265,0.041036
clsqdeim,0.1,1,6,4,3,60,6.737800,4.638530,0.174695,1.40883e-05,0.0107642,0.00139072
clsgnat,0.1,1,6,4,3,60,2.337727,4.488090,0.462694,nan,nan,nan
dopt,0.1,1,6,4,3,60,2.183831,46575.234681,0.330607,0.00127367,0.997206,0.0410352
qdeim,0.1,1,6,4,3,60,12.464762,4.512555,0.224207,5.5523e-05,0.0201521,0.00116337
gnat,0.1,1,6,4,3,60,2.534005,2.338779,0.272659,3.99262e-05,0.0321793,0.00286512
clsdopt,0.1,1,6,4,3,65,3.822135,75.702625,0.18292,0.00127374,0.997265,0.041036
clsqdeim,0.1,1,6,4,3,65,2.045004,3.664823,0.178947,1.40029e-05,0.0107678,0.00138632
clsgnat,0.1,1,6,4,3,65,2.579139,4.408833,0.43556,nan,nan,nan
dopt,0.1,1,6,4,3,65,1.304942,65.954824,0.205365,0.00127367,0.997206,0.0410352
qdeim,0.1,1,6,4,3,65,2.095752,2.195865,0.23598,5.54725e-05,0.0199656,0.00116067
gnat,0.1,1,6,4,3,65,3.886735,2.388103,0.283468,4.01115e-05,0.0321878,0.00287062
clsdopt,0.1,1,6,4,3,70,3.822050,76.129714,0.192286,0.00127374,0.997265,0.041036
clsqdeim,0.1,1,6,4,3,70,2.143868,3.145210,0.180417,1.71377e-05,0.0103422,0.00119885
clsgnat,0.1,1,6,4,3,70,2.435213,4.407868,0.623399,nan,nan,nan
dopt,0.1,1,6,4,3,70,1.427574,64.559169,0.209812,0.00127367,0.997206,0.0410352
qdeim,0.1,1,6,4,3,70,2.118669,2.349654,0.24872,5.53941e-05,0.0197938,0.00115787
gnat,0.1,1,6,4,3,70,2.771310,2.570457,0.536094,2.57735e-05,0.0229906,0.00170124
clsdopt,0.1,1,6,4,3,75,3.817717,67.844744,0.195864,0.00127374,0.997265,0.041036
clsqdeim,0.1,1,6,4,3,75,7.349725,3.626120,0.194845,2.97335e-05,0.0115302,0.000929808
clsgnat,0.1,1,6,4,3,75,2.208015,4.388158,0.43822,nan,nan,nan
dopt,0.1,1,6,4,3,75,1.564455,61.617971,0.216476,0.00127367,0.997206,0.0410352
qdeim,0.1,1,6,4,3,75,11.559069,2.800423,0.25129,5.53058e-05,0.0196406,0.00115547
gnat,0.1,1,6,4,3,75,2.408142,2.372910,0.552868,2.53198e-05,0.0209431,0.00169877
clsdopt,0.1,1,6,4,3,80,3.818874,34391.564222,0.202223,0.00127374,0.997265,0.041036
clsqdeim,0.1,1,6,4,3,80,2.120344,4.689925,0.208459,4.0174e-05,0.0141551,0.000857168
clsgnat,0.1,1,6,4,3,80,2.435677,4.729683,0.512215,nan,nan,nan
dopt,0.1,1,6,4,3,80,1.531353,32189.640605,0.226567,0.00127367,0.997207,0.0410352
qdeim,0.1,1,6,4,3,80,2.482593,3.311910,0.264742,5.38777e-05,0.0211629,0.00115918
gnat,0.1,1,6,4,3,80,3.176540,2.652627,0.572757,2.4883e-05,0.01975,0.00169713
clsdopt,0.1,1,6,4,3,85,3.976079,59.824978,0.207663,0.00127374,0.997265,0.041036
clsqdeim,0.1,1,6,4,3,85,2.150773,4.073973,0.22086,4.82345e-05,0.0168864,0.000883992
clsgnat,0.1,1,6,4,3,85,2.239300,4.781988,0.454044,nan,nan,nan
dopt,0.1,1,6,4,3,85,1.565945,65.036934,0.231132,0.00127367,0.997207,0.0410352
qdeim,0.1,1,6,4,3,85,2.730988,2.926368,0.283284,5.3176e-05,0.0222054,0.00116498
gnat,0.1,1,6,4,3,85,2.498647,2.494504,0.603832,2.45836e-05,0.0184311,0.00169472
clsdopt,0.1,1,6,4,3,90,3.787496,58.670569,0.216017,0.00127374,0.997265,0.041036
clsqdeim,0.1,1,6,4,3,90,8.031423,5.483868,0.22305,5.26915e-05,0.0185979,0.000926504
clsgnat,0.1,1,6,4,3,90,2.212778,4.802629,0.588819,nan,nan,nan
dopt,0.1,1,6,4,3,90,2.318277,63.492299,0.235769,0.00127367,0.997207,0.0410352
qdeim,0.1,1,6,4,3,90,10.614374,3.449465,0.29845,5.28263e-05,0.0227923,0.00116879
gnat,0.1,1,6,4,3,90,2.265009,2.782252,0.619923,2.43372e-05,0.0174257,0.0016931
clsdopt,0.1,1,6,4,3,95,3.787574,55.820573,0.219918,0.00127374,0.997265,0.041036
clsqdeim,0.1,1,6,4,3,95,2.118117,7.315450,0.225912,5.37812e-05,0.0190161,0.000938962
clsgnat,0.1,1,6,4,3,95,2.420509,4.576990,0.762104,nan,nan,nan
dopt,0.1,1,6,4,3,95,2.332258,54.615512,0.237183,0.00127367,0.997207,0.0410352
qdeim,0.1,1,6,4,3,95,3.428038,3.184088,0.344715,5.31517e-05,0.0229335,0.0011754
gnat,0.1,1,6,4,3,95,2.464614,2.641309,0.626486,2.40787e-05,0.0168456,0.00169262
clsdopt,0.1,1,6,4,3,100,3.785765,41142.712596,0.220022,0.00127374,0.997265,0.041036
clsqdeim,0.1,1,6,4,3,100,2.110726,5.084651,0.23872,5.48966e-05,0.0194512,0.000953231
clsgnat,0.1,1,6,4,3,100,2.181542,4.739459,0.789201,nan,nan,nan
dopt,0.1,1,6,4,3,100,2.334001,34584.337160,0.242886,0.00127367,0.997207,0.0410352
qdeim,0.1,1,6,4,3,100,3.518387,3.337863,0.294954,5.32325e-05,0.0232018,0.00118117
gnat,0.1,1,6,4,3,100,2.460238,2.571517,0.665486,2.38988e-05,0.0161008,0.0016918
clsdopt,0.1,2,6,6,5,5,5.199923,5.347888,0.0742273,0.00127361,0.997144,0.0410346
clsqdeim,0.1,2,6,6,5,5,8.022366,9.186246,0.166775,2.46458e-05,0.00919111,0.00187453
clsgnat,0.1,2,6,6,5,5,14.278026,5.837648,0.125169,0.00127634,,
dopt,0.1,2,6,6,5,5,4.756173,3.956250,0.0676739,0.00127361,0.997146,0.0410346
qdeim,0.1,2,6,6,5,5,5.499452,3.862559,0.135412,2.21979e-05,0.0141562,0.00170291
gnat,0.1,2,6,6,5,5,3.357795,4.284635,0.16488,2.10886e-05,0.0129421,0.00188961
clsdopt,0.1,2,6,6,5,10,5.308096,4.904876,0.0978572,0.00127361,0.997145,0.0410346
clsqdeim,0.1,2,6,6,5,10,76.828476,5.643874,0.183629,1.56644e-05,0.021467,0.00106164
clsgnat,0.1,2,6,6,5,10,6.162124,7.941019,0.15158,0.00127634,,
dopt,0.1,2,6,6,5,10,4.496194,3.224400,0.097928,0.00127361,0.997146,0.0410346
qdeim,0.1,2,6,6,5,10,41.814148,3.189760,0.14889,2.28177e-05,0.0143382,0.00166424
gnat,0.1,2,6,6,5,10,7.647307,3.604855,0.197285,2.10855e-05,0.0129396,0.00188973
clsdopt,0.1,2,6,6,5,15,4.342412,2.443232,0.117586,0.00127361,0.997145,0.0410346
clsqdeim,0.1,2,6,6,5,15,3.810356,11.794343,0.194349,2.47071e-05,0.0115858,0.00143503
clsgnat,0.1,2,6,6,5,15,6.297180,7.768212,0.173001,0.00127634,,
dopt,0.1,2,6,6,5,15,4.322593,2.758528,0.104582,0.00127361,0.997146,0.0410346
qdeim,0.1,2,6,6,5,15,5737.293884,36.252532,0.162359,2.28391e-05,0.0143823,0.00166481
gnat,0.1,2,6,6,5,15,3.357795,3.262424,0.228236,2.10871e-05,0.0129397,0.00188979
clsdopt,0.1,2,6,6,5,20,3.615573,2.641713,0.127711,0.00127361,0.997145,0.0410346
clsqdeim,0.1,2,6,6,5,20,4.478716,7.430522,0.240809,2.42428e-05,0.00750809,0.00184532
clsgnat,0.1,2,6,6,5,20,6.254948,3.680608,0.151733,0.00127634,,
dopt,0.1,2,6,6,5,20,4.000398,9.162214,0.114654,0.00127361,0.997145,0.0410346
qdeim,0.1,2,6,6,5,20,4987.022437,4.170414,0.192974,2.28376e-05,0.0144,0.00166558
gnat,0.1,2,6,6,5,20,9.056004,3.877510,0.246007,2.10614e-05,0.012981,0.00188706
clsdopt,0.1,2,6,6,5,25,3.246272,9.131348,0.144805,0.00127361,0.997145,0.0410346
clsqdeim,0.1,2,6,6,5,25,2.210555,6.388512,0.305304,2.5362e-05,0.0081526,0.00199439
clsgnat,0.1,2,6,6,5,25,7.261214,4.383708,0.191378,0.00127634,,
dopt,0.1,2,6,6,5,25,5.069677,9.574116,0.132748,0.00127361,0.997145,0.0410346
qdeim,0.1,2,6,6,5,25,5518.680564,3.390072,0.205209,2.28249e-05,0.0143969,0.00166671
gnat,0.1,2,6,6,5,25,7.766740,3.419368,0.264549,2.10466e-05,0.0130205,0.00188506
clsdopt,0.1,2,6,6,5,30,3.225203,6.464607,0.161607,0.00127361,0.997145,0.0410346
clsqdeim,0.1,2,6,6,5,30,2.416807,5.379024,0.314363,2.0178e-05,0.00890476,0.00174391
clsgnat,0.1,2,6,6,5,30,9.849724,4.967924,0.246281,0.00127634,,
dopt,0.1,2,6,6,5,30,6.319971,23.374811,0.132651,0.00127361,0.997145,0.0410346
qdeim,0.1,2,6,6,5,30,5087.262244,2877.240190,0.217584,2.27798e-05,0.014371,0.00166667
gnat,0.1,2,6,6,5,30,7.412651,6.782219,0.291867,2.10374e-05,0.0130552,0.00188363
clsdopt,0.1,2,6,6,5,35,3.152978,7.746769,0.162938,0.00127361,0.997145,0.0410346
clsqdeim,0.1,2,6,6,5,35,2.191009,4.811615,0.344417,2.03167e-05,0.00908106,0.00176291
clsgnat,0.1,2,6,6,5,35,100.139916,4.034592,0.23144,0.00127634,,
dopt,0.1,2,6,6,5,35,6.125878,18.793725,0.149008,0.00127361,0.997145,0.0410346
qdeim,0.1,2,6,6,5,35,7.268685,2.895941,0.205689,2.26783e-05,0.0143074,0.00166632
gnat,0.1,2,6,6,5,35,7.236521,3.051761,0.326882,2.10293e-05,0.0130859,0.00188256
clsdopt,0.1,2,6,6,5,40,3.105700,3.759854,0.177251,0.00127361,0.997145,0.0410346
clsqdeim,0.1,2,6,6,5,40,2.227189,5.213601,0.396211,2.03812e-05,0.00919164,0.00179281
clsgnat,0.1,2,6,6,5,40,10.625426,4.994212,0.214203,0.00127634,,
dopt,0.1,2,6,6,5,40,5.445867,19.420614,0.159479,0.00127361,0.997145,0.0410346
qdeim,0.1,2,6,6,5,40,15.577687,7.600410,0.221436,2.26734e-05,0.0143065,0.00166632
gnat,0.1,2,6,6,5,40,5.473177,3.552938,0.375102,2.1014e-05,0.0132811,0.0018766
clsdopt,0.1,2,6,6,5,45,6.673042,92.555759,0.187395,0.00127361,0.997145,0.0410346
clsqdeim,0.1,2,6,6,5,45,2.429891,4.703540,0.427265,2.06377e-05,0.00949039,0.00185023
clsgnat,0.1,2,6,6,5,45,7.790830,3.406837,0.269829,0.00127634,,
dopt,0.1,2,6,6,5,45,6.547063,19.792237,0.166956,0.00127361,0.997145,0.0410346
qdeim,0.1,2,6,6,5,45,9.714546,2726.758382,0.217986,2.267e-05,0.0143064,0.00166627
gnat,0.1,2,6,6,5,45,4.957793,2.951245,0.34719,2.10061e-05,0.0134431,0.00187154
clsdopt,0.1,2,6,6,5,50,6.142435,78.721126,0.191777,0.00127361,0.997145,0.0410346
clsqdeim,0.1,2,6,6,5,50,2.687962,3.604692,0.440958,2.07512e-05,0.00951086,0.00185385
clsgnat,0.1,2,6,6,5,50,6.834496,4.816134,0.246664,0.00127634,,
dopt,0.1,2,6,6,5,50,5.651327,19.230877,0.170395,0.00127361,0.997145,0.0410346
qdeim,0.1,2,6,6,5,50,6700.721609,10.147108,0.20869,2.26674e-05,0.0143066,0.00166622
gnat,0.1,2,6,6,5,50,4.086570,2.780067,0.383154,2.09281e-05,0.0135569,0.00185985
clsdopt,0.1,2,6,6,5,55,6.078406,77.310428,0.203036,0.00127361,0.997145,0.0410346
clsqdeim,0.1,2,6,6,5,55,2.707926,3.420009,0.447008,2.09413e-05,0.00975096,0.0018918
clsgnat,0.1,2,6,6,5,55,6.049096,4.870184,0.264893,0.00127634,,
dopt,0.1,2,6,6,5,55,5.819917,26.449593,0.178113,0.00127361,0.997145,0.0410346
qdeim,0.1,2,6,6,5,55,11.858457,3.128947,0.215245,2.26657e-05,0.014306,0.00166625
gnat,0.1,2,6,6,5,55,4.098862,2.820357,0.416137,2.08772e-05,0.0136576,0.00185297
clsdopt,0.1,2,6,6,5,60,6.183678,2721234.296023,0.214072,0.00127361,0.997145,0.0410346
clsqdeim,0.1,2,6,6,5,60,2.994899,3.869966,0.473858,2.09706e-05,0.00978602,0.00189958
clsgnat,0.1,2,6,6,5,60,5.520536,6.129477,0.331842,0.00127634,,
dopt,0.1,2,6,6,5,60,5.537066,28.027427,0.18141,0.00127361,0.997145,0.0410346
qdeim,0.1,2,6,6,5,60,12.611809,9176.493496,0.217567,2.26648e-05,0.014307,0.00166617
gnat,0.1,2,6,6,5,60,3.739676,3.023599,0.444315,2.08279e-05,0.0136283,0.00185157
clsdopt,0.1,2,6,6,5,65,6.054450,74.149002,0.226999,0.00127361,0.997145,0.0410346
clsqdeim,0.1,2,6,6,5,65,3.163323,2.383906,0.476586,2.09827e-05,0.00978815,0.00190161
clsgnat,0.1,2,6,6,5,65,5.624256,4.275627,0.29605,0.00127634,,
dopt,0.1,2,6,6,5,65,6.001208,25.776157,0.182373,0.00127361,0.997145,0.0410346
qdeim,0.1,2,6,6,5,65,10.494392,3.191687,0.218841,2.33635e-05,0.0137143,0.00166873
gnat,0.1,2,6,6,5,65,3.542057,2.556795,0.464164,2.08244e-05,0.0136169,0.00185073
clsdopt,0.1,2,6,6,5,70,5.962668,77.010211,0.239262,0.00127361,0.997145,0.0410346
clsqdeim,0.1,2,6,6,5,70,2.911722,2.613879,0.490063,2.10381e-05,0.01007,0.00191253
clsgnat,0.1,2,6,6,5,70,5.524347,6.817919,0.310301,0.00127634,,
dopt,0.1,2,6,6,5,70,5.583943,32.885867,0.200021,0.00127361,0.997145,0.0410346
qdeim,0.1,2,6,6,5,70,9.649748,1610.076832,0.240281,1.94086e-05,0.0125892,0.0017266
gnat,0.1,2,6,6,5,70,3.501956,2.701703,0.49264,2.07884e-05,0.0135884,0.00185156
clsdopt,0.1,2,6,6,5,75,6.518326,2778140.346781,0.235902,0.00127361,0.997145,0.0410346
clsqdeim,0.1,2,6,6,5,75,3.194939,3.661609,0.5076,2.10837e-05,0.0102026,0.00191857
clsgnat,0.1,2,6,6,5,75,4.901412,5.434870,0.308062,0.00127634,,
dopt,0.1,2,6,6,5,75,5.902648,38.061039,0.201247,0.00127361,0.997145,0.0410346
qdeim,0.1,2,6,6,5,75,9.179719,2836.383810,0.297394,1.88966e-05,0.0128863,0.0017259
gnat,0.1,2,6,6,5,75,3.452889,2.968663,0.520022,2.0754e-05,0.0135682,0.0018518
clsdopt,0.1,2,6,6,5,80,5.759462,81.451606,0.238219,0.00127361,0.997145,0.0410346
clsqdeim,0.1,2,6,6,5,80,2.968987,2.752732,0.505622,2.10973e-05,0.0103013,0.00193262
clsgnat,0.1,2,6,6,5,80,5.109601,4.367348,0.338123,0.00127634,,
dopt,0.1,2,6,6,5,80,6.739820,27.117406,0.205109,0.00127361,0.997145,0.0410346
qdeim,0.1,2,6,6,5,80,11.280801,974.426697,0.289913,1.87751e-05,0.0132208,0.00172224
gnat,0.1,2,6,6,5,80,3.187624,3.102484,0.534064,2.07236e-05,0.0135347,0.00185193
clsdopt,0.1,2,6,6,5,85,5.475488,76.196871,0.236005,0.00127361,0.997145,0.0410346
clsqdeim,0.1,2,6,6,5,85,3.138101,2.258501,0.512318,2.11264e-05,0.0103267,0.00193566
clsgnat,0.1,2,6,6,5,85,5.522369,4.400980,0.389897,0.00127634,,
dopt,0.1,2,6,6,5,85,31.859480,23.141874,0.215129,0.00127361,0.997145,0.0410346
qdeim,0.1,2,6,6,5,85,10.665945,3.127875,0.324765,1.87202e-05,0.0135984,0.00170883
gnat,0.1,2,6,6,5,85,3.303441,2.832879,0.576196,2.06984e-05,0.0135028,0.00185187
clsdopt,0.1,2,6,6,5,90,5.361669,2953736.497362,0.231583,0.00127361,0.997145,0.0410346
clsqdeim,0.1,2,6,6,5,90,2.785733,3.796323,0.556452,2.11308e-05,0.0103697,0.00194159
clsgnat,0.1,2,6,6,5,90,5.654325,5.026972,0.402489,0.00127634,,
dopt,0.1,2,6,6,5,90,24.185036,7744.342062,0.217273,0.00127361,0.997145,0.0410346
qdeim,0.1,2,6,6,5,90,10.444168,655.555448,0.322883,1.87665e-05,0.0138106,0.00170699
gnat,0.1,2,6,6,5,90,3.293726,3.463198,0.577063,2.06731e-05,0.0134752,0.00185212
clsdopt,0.1,2,6,6,5,95,6.700106,84.533228,0.238268,0.00127361,0.997145,0.0410346
clsqdeim,0.1,2,6,6,5,95,3.385137,2.259070,0.541439,2.1135e-05,0.0104017,0.00194576
clsgnat,0.1,2,6,6,5,95,5.625562,4.990958,0.411626,0.00127634,,
dopt,0.1,2,6,6,5,95,26.535033,24.053771,0.227636,0.00127361,0.997145,0.0410346
qdeim,0.1,2,6,6,5,95,9.847175,3.256615,0.32818,1.91023e-05,0.0136205,0.00174185
gnat,0.1,2,6,6,5,95,3.324712,2.315841,3.06705,2.06662e-05,0.0134553,0.00185159
clsdopt,0.1,2,6,6,5,100,6.631677,84.775959,0.243158,0.00127361,0.997145,0.0410346
clsqdeim,0.1,2,6,6,5,100,3.477362,2.681278,0.56124,2.11455e-05,0.0104244,0.00194896
clsgnat,0.1,2,6,6,5,100,5.234970,5.660986,0.36655,0.00127634,,
dopt,0.1,2,6,6,5,100,26.590269,24.344024,0.231479,0.00127361,0.997145,0.0410346
qdeim,0.1,2,6,6,5,100,9.335925,10.879365,0.357613,1.90973e-05,0.0146869,0.00177486
gnat,0.1,2,6,6,5,100,3.579623,2.413497,0.581913,2.06373e-05,0.0133784,0.00185267
clsdopt,0.1,3,6,9,9,5,10.453437,9.043437,0.0829722,0.00127361,0.997145,0.0410347
clsqdeim,0.1,3,6,9,9,5,7.059850,10.996765,0.18883,1.63465e-05,0.00766619,0.000996625
clsgnat,0.1,3,6,9,9,5,39.351281,11.237089,0.114008,0.00127634,,
dopt,0.1,3,6,9,9,5,5.465261,7.184579,0.0761581,0.00127361,0.997145,0.0410347
qdeim,0.1,3,6,9,9,5,10.795193,8.382682,0.20612,1.18909e-05,0.00798714,0.0012361
gnat,0.1,3,6,9,9,5,9.841145,9.147920,0.19289,1.80137e-05,0.00874294,0.00131446
clsdopt,0.1,3,6,9,9,10,4.338749,3.273134,0.107548,0.00127361,0.997145,0.0410347
clsqdeim,0.1,3,6,9,9,10,4.744961,4.841504,0.216719,1.91794e-05,0.00984475,0.00133818
clsgnat,0.1,3,6,9,9,10,15.644979,18.128639,0.113744,0.00127634,,
dopt,0.1,3,6,9,9,10,3.148803,5.202854,0.084932,0.00127361,0.997145,0.0410347
qdeim,0.1,3,6,9,9,10,7.723483,5.300337,0.210859,1.64748e-05,0.0117401,0.00156075
gnat,0.1,3,6,9,9,10,7.917201,21.452908,0.225198,1.85606e-05,0.00892897,0.00132441
clsdopt,0.1,3,6,9,9,15,5.448271,2.915996,0.12324,0.00127361,0.997145,0.0410347
clsqdeim,0.1,3,6,9,9,15,32.300017,7.545077,0.256256,1.58482e-05,0.0101841,0.00163025
clsgnat,0.1,3,6,9,9,15,12.497264,11.171610,0.14895,0.00127634,,
dopt,0.1,3,6,9,9,15,3.572826,5.901813,0.108377,0.00127361,0.997145,0.0410347
qdeim,0.1,3,6,9,9,15,4.817197,171.716114,0.239414,1.56471e-05,0.0112392,0.00152451
gnat,0.1,3,6,9,9,15,5.387690,6.446509,0.260543,1.86748e-05,0.00895035,0.00132549
clsdopt,0.1,3,6,9,9,20,3.510172,2.672534,0.140057,0.00127361,0.997145,0.0410347
clsqdeim,0.1,3,6,9,9,20,10.211530,5.157791,0.252246,2.45107e-05,0.0197265,0.00369298
clsgnat,0.1,3,6,9,9,20,9.592123,10.976154,0.158964,0.00127634,,
dopt,0.1,3,6,9,9,20,3.532717,3.683414,0.122986,0.00127361,0.997145,0.0410347
qdeim,0.1,3,6,9,9,20,5.696238,4.383086,0.282217,1.43876e-05,0.0105592,0.00146376
gnat,0.1,3,6,9,9,20,4.315609,12.741130,0.275901,1.8693e-05,0.00898249,0.00132942
clsdopt,0.1,3,6,9,9,25,4.462837,3.218698,0.145849,0.00127361,0.997145,0.0410347
clsqdeim,0.1,3,6,9,9,25,3.031857,4.209027,0.285093,2.35336e-05,0.0196585,0.00382774
clsgnat,0.1,3,6,9,9,25,8.454677,16.300758,0.177405,0.00127634,,
dopt,0.1,3,6,9,9,25,3.196326,3.502645,0.198715,0.00127361,0.997145,0.0410347
qdeim,0.1,3,6,9,9,25,5.999123,4.513306,0.299282,1.37651e-05,0.0101748,0.00142655
gnat,0.1,3,6,9,9,25,5.069008,5.941111,0.294881,1.87557e-05,0.00902547,0.00133115
clsdopt,0.1,3,6,9,9,30,3.382023,3.462195,0.160102,0.00127361,0.997145,0.0410347
clsqdeim,0.1,3,6,9,9,30,31.793818,247.214763,0.299762,2.34817e-05,0.0202521,0.0045535
clsgnat,0.1,3,6,9,9,30,7.275493,12.874717,0.18273,0.00127634,,
dopt,0.1,3,6,9,9,30,4.440115,3.268648,0.154628,0.00127361,0.997145,0.0410347
qdeim,0.1,3,6,9,9,30,8.877701,325.717316,0.322264,2.87895e-05,0.0192829,0.00282328
gnat,0.1,3,6,9,9,30,5.263470,9.743176,0.32093,1.85747e-05,0.0089869,0.00133612
clsdopt,0.1,3,6,9,9,35,3.258050,2.849525,0.165089,0.00127361,0.997145,0.0410347
clsqdeim,0.1,3,6,9,9,35,8.391965,3.959616,0.333938,2.43139e-05,0.0203616,0.0045567
clsgnat,0.1,3,6,9,9,35,9.195931,10.025232,0.171526,0.00127634,,
dopt,0.1,3,6,9,9,35,4.425785,8.108989,0.16641,0.00127361,0.997145,0.0410347
qdeim,0.1,3,6,9,9,35,8.673552,5.004008,0.34241,2.85452e-05,0.0191559,0.00281004
gnat,0.1,3,6,9,9,35,3.924432,5.735846,0.338586,3.51186e-05,0.019847,0.00262239
clsdopt,0.1,3,6,9,9,40,3.641561,2.040651,1.62749,0.00127361,0.997145,0.0410347
clsqdeim,0.1,3,6,9,9,40,8.078828,4.098748,0.428591,2.59674e-05,0.0210058,0.0046504
clsgnat,0.1,3,6,9,9,40,7.898331,5.356825,0.191506,0.00127634,,
dopt,0.1,3,6,9,9,40,4.159059,4.698322,0.178911,0.00127361,0.997145,0.0410347
qdeim,0.1,3,6,9,9,40,5.848595,5.827692,0.358141,2.83578e-05,0.0190079,0.00279874
gnat,0.1,3,6,9,9,40,4.289337,3.710038,0.357255,3.44269e-05,0.0186987,0.00257412
clsdopt,0.1,3,6,9,9,45,3.191171,2.206095,0.186467,0.00127361,0.997145,0.0410347
clsqdeim,0.1,3,6,9,9,45,668.060131,263.436521,0.322288,2.623e-05,0.0211185,0.00464938
clsgnat,0.1,3,6,9,9,45,1513.185650,9.297127,0.206361,0.00127634,,
dopt,0.1,3,6,9,9,45,4.346849,11.385564,0.193154,0.00127361,0.997145,0.0410346
qdeim,0.1,3,6,9,9,45,614.396695,3493.267563,0.377748,2.82033e-05,0.0188778,0.00279028
gnat,0.1,3,6,9,9,45,4.103773,13.772784,0.383612,2.9173e-05,0.0175723,0.00216802
clsdopt,0.1,3,6,9,9,50,2.604227,2.108064,0.192671,0.00127361,0.997145,0.0410347
clsqdeim,0.1,3,6,9,9,50,18.709821,8.472801,0.339532,2.74358e-05,0.0221727,0.0051217
clsgnat,0.1,3,6,9,9,50,9.535149,4.820591,0.25884,0.00127634,,
dopt,0.1,3,6,9,9,50,4.215240,15.939630,0.207313,0.00127361,0.997145,0.0410346
qdeim,0.1,3,6,9,9,50,7.422036,6.181072,0.37599,2.81863e-05,0.018816,0.00278379
gnat,0.1,3,6,9,9,50,4.169594,4.548127,0.400641,2.6284e-05,0.0160367,0.00203866
clsdopt,0.1,3,6,9,9,55,3.376023,2.799144,0.200796,0.00127361,0.997145,0.0410347
clsqdeim,0.1,3,6,9,9,55,5.821675,8.627859,0.350379,2.70887e-05,0.0217247,0.00503259
clsgnat,0.1,3,6,9,9,55,8.510232,5.675070,0.248388,0.00127634,,
dopt,0.1,3,6,9,9,55,4.416478,7.758143,0.216355,0.00127361,0.997145,0.0410346
qdeim,0.1,3,6,9,9,55,6.989622,5.622418,0.372155,2.87669e-05,0.0190697,0.0028245
gnat,0.1,3,6,9,9,55,3.675289,4.719304,0.417837,2.56326e-05,0.0162473,0.00194831
clsdopt,0.1,3,6,9,9,60,2.574642,1.963288,0.209476,0.00127361,0.997145,0.0410347
clsqdeim,0.1,3,6,9,9,60,10.121502,10.612152,0.36249,2.64038e-05,0.0214687,0.00502091
clsgnat,0.1,3,6,9,9,60,7.881504,4.893578,0.290936,0.00127634,,
dopt,0.1,3,6,9,9,60,3.925432,10.199557,0.229146,0.00127361,0.997145,0.0410346
qdeim,0.1,3,6,9,9,60,12.381479,7637.791129,0.371587,3.00543e-05,0.0197031,0.00291994
gnat,0.1,3,6,9,9,60,3.841314,4.460943,0.439427,2.32461e-05,0.0148784,0.00182083
clsdopt,0.1,3,6,9,9,65,3.209716,2.068240,0.223305,0.00127361,0.997145,0.0410347
clsqdeim,0.1,3,6,9,9,65,11.679692,4.248975,0.370224,2.70501e-05,0.0221833,0.00522125
clsgnat,0.1,3,6,9,9,65,11.453620,4.878448,0.313641,0.00127634,,
dopt,0.1,3,6,9,9,65,3.543915,13.147687,0.243398,0.00127361,0.997145,0.0410347
qdeim,0.1,3,6,9,9,65,9.082635,5.367081,0.380252,3.23588e-05,0.0207907,0.0030965
gnat,0.1,3,6,9,9,65,3.340640,4.751661,0.457647,2.2599e-05,0.014819,0.00177737
clsdopt,0.1,3,6,9,9,70,2.424871,3.103175,0.235148,0.00127361,0.997145,0.0410347
clsqdeim,0.1,3,6,9,9,70,10.477754,4.856469,0.381312,2.69069e-05,0.0223586,0.005146
clsgnat,0.1,3,6,9,9,70,9.682223,4.308518,0.273006,0.00127634,,
dopt,0.1,3,6,9,9,70,3.447609,9.123571,0.242705,0.00127361,0.997145,0.0410347
qdeim,0.1,3,6,9,9,70,8.743611,5.320836,0.369673,3.59876e-05,0.0226205,0.00339095
gnat,0.1,3,6,9,9,70,2.826614,3.008690,0.479567,2.81083e-05,0.0114731,0.00271629
clsdopt,0.1,3,6,9,9,75,2.034910,12.938087,0.236725,0.00127361,0.997145,0.0410347
clsqdeim,0.1,3,6,9,9,75,15.922687,281.357743,0.427998,4.64315e-05,0.0253874,0.00918305
clsgnat,0.1,3,6,9,9,75,6.457858,4.859693,0.352694,0.00127634,,
dopt,0.1,3,6,9,9,75,3.323189,8.084036,0.250937,0.00127361,0.997145,0.0410347
qdeim,0.1,3,6,9,9,75,9.345875,4440.959236,0.3772,3.59846e-05,0.0226081,0.00338578
gnat,0.1,3,6,9,9,75,2.835220,2.940171,0.487489,2.72079e-05,0.0111278,0.00260538
clsdopt,0.1,3,6,9,9,80,2.266422,10.523206,0.248576,0.00127361,0.997145,0.0410347
clsqdeim,0.1,3,6,9,9,80,5.494141,3.782522,0.445601,3.14894e-05,0.0185945,0.00589809
clsgnat,0.1,3,6,9,9,80,12.141376,4.178078,0.335832,0.00127634,,
dopt,0.1,3,6,9,9,80,3.707294,9.984173,0.252672,0.00127361,0.997145,0.0410347
qdeim,0.1,3,6,9,9,80,7.166550,6.078577,0.379375,3.59773e-05,0.0225929,0.00338406
gnat,0.1,3,6,9,9,80,3.113614,2.619964,0.448497,5.47957e-05,0.0212295,0.00408486
clsdopt,0.1,3,6,9,9,85,2.375415,6.071418,0.267824,0.00127361,0.997145,0.0410347
clsqdeim,0.1,3,6,9,9,85,5.022827,4.762262,0.471214,3.32094e-05,0.021519,0.00616778
clsgnat,0.1,3,6,9,9,85,8.940239,4.603466,0.355061,0.00127634,,
dopt,0.1,3,6,9,9,85,3.391227,7.372607,0.256666,0.00127361,0.997145,0.0410347
qdeim,0.1,3,6,9,9,85,6.855096,6.336911,0.391169,3.62028e-05,0.0225897,0.00335588
gnat,0.1,3,6,9,9,85,3.256849,3.078807,0.457987,5.35452e-05,0.0207574,0.00395112
clsdopt,0.1,3,6,9,9,90,2.166673,12.025138,0.271404,0.00127361,0.997145,0.0410347
clsqdeim,0.1,3,6,9,9,90,78.933461,1935.013775,0.47161,3.74038e-05,0.0247363,0.00681847
clsgnat,0.1,3,6,9,9,90,23.483299,7.888809,0.362454,0.00127634,,
dopt,0.1,3,6,9,9,90,3.661849,10.075549,0.275743,0.00127361,0.997145,0.0410347
qdeim,0.1,3,6,9,9,90,19.698771,5035.717244,0.381207,3.62638e-05,0.0225502,0.00334538
gnat,0.1,3,6,9,9,90,4.598902,8.138347,0.550249,5.26438e-05,0.0218118,0.00374481
clsdopt,0.1,3,6,9,9,95,1.960106,13.657184,0.274268,0.00127361,0.997145,0.0410347
clsqdeim,0.1,3,6,9,9,95,5.257287,4.818880,0.482926,3.90912e-05,0.0261381,0.00707254
clsgnat,0.1,3,6,9,9,95,6.163351,4.072407,0.317983,0.00127634,,
dopt,0.1,3,6,9,9,95,3.369488,70.301035,0.278992,0.00127361,0.997145,0.0410347
qdeim,0.1,3,6,9,9,95,10.091419,6.629418,0.383322,3.62344e-05,0.0224941,0.00335535
gnat,0.1,3,6,9,9,95,3.172734,2.561147,0.544778,5.01561e-05,0.0210947,0.00367832
clsdopt,0.1,3,6,9,9,100,2.246658,12.929577,0.275808,0.00127361,0.997145,0.0410347
clsqdeim,0.1,3,6,9,9,100,4.975921,4.094860,0.500741,4.03338e-05,0.0270994,0.00725498
clsgnat,0.1,3,6,9,9,100,8.779204,4.495097,0.376459,0.00127634,,
dopt,0.1,3,6,9,9,100,3.281709,35.487282,0.280491,0.00127361,0.997145,0.0410347
qdeim,0.1,3,6,9,9,100,12.369138,5.911961,0.368697,3.88187e-05,0.0244931,0.00366067
gnat,0.1,3,6,9,9,100,2.812670,2.741549,0.510572,3.90129e-05,0.0249752,0.00284447
clsdopt,0.1,4,6,14,12,5,7.877689,13.756060,0.0998064,0.00127361,0.997145,0.0410347
clsqdeim,0.1,4,6,14,12,5,13.592358,29.751381,0.259383,1.54466e-05,0.0093412,0.00277515
clsgnat,0.1,4,6,14,12,5,15.327656,41.279532,0.118609,0.00127634,,0.0410282
dopt,0.1,4,6,14,12,5,6.712922,8.020626,0.101462,0.00127361,0.997145,0.0410347
qdeim,0.1,4,6,14,12,5,10.115897,19.343804,0.293192,0.00127634,,0.0410282
gnat,0.1,4,6,14,12,5,11.516306,12.892203,0.248626,0.000105084,0.207271,0.0276624
clsdopt,0.1,4,6,14,12,10,5.385130,9.374622,0.116813,0.00127361,0.997145,0.0410347
clsqdeim,0.1,4,6,14,12,10,10.634202,14.243957,0.296766,1.19385e-05,0.00712067,0.00211895
clsgnat,0.1,4,6,14,12,10,10.822466,36.745999,0.123098,0.00127634,,0.0410282
dopt,0.1,4,6,14,12,10,6.467950,9.421168,0.113187,0.00127361,0.997145,0.0410347
qdeim,0.1,4,6,14,12,10,6.246975,10.164623,0.273801,4.84429e-05,0.0301348,0.00473739
gnat,0.1,4,6,14,12,10,5.918852,13.905526,0.283926,0.000109494,0.212941,0.0284892
clsdopt,0.1,4,6,14,12,15,4.904303,6.992558,0.125833,0.00127361,0.997145,0.0410347
clsqdeim,0.1,4,6,14,12,15,7.018589,8.843955,0.345095,1.55667e-05,0.009603,0.0025354
clsgnat,0.1,4,6,14,12,15,10.419785,42.509936,0.153864,0.00127634,,0.0410282
dopt,0.1,4,6,14,12,15,4.836126,5.373005,0.130231,0.00127361,0.997145,0.0410347
qdeim,0.1,4,6,14,12,15,4.875891,15.671172,0.316874,1.65434e-05,0.0112169,0.00151617
gnat,0.1,4,6,14,12,15,5.726518,12.753764,0.312007,0.000116,0.213829,0.0287364
clsdopt,0.1,4,6,14,12,20,3.700187,4.472241,0.139307,0.00127361,0.997145,0.0410347
clsqdeim,0.1,4,6,14,12,20,5.825880,11.712048,0.388505,1.7002e-05,0.00937443,0.00217858
clsgnat,0.1,4,6,14,12,20,8.727571,24.230978,0.156166,0.00127634,,0.0410282
dopt,0.1,4,6,14,12,20,4.030461,4.339190,0.14992,0.00127361,0.997145,0.0410347
qdeim,0.1,4,6,14,12,20,4.967683,14.366513,0.330969,2.26433e-05,0.0182314,0.00276029
gnat,0.1,4,6,14,12,20,5.731928,9.293638,0.341654,0.000117549,0.216119,0.0290296
clsdopt,0.1,4,6,14,12,25,3.467519,4.002223,0.151977,0.00127361,0.997145,0.0410347
clsqdeim,0.1,4,6,14,12,25,5.094585,9.646923,0.412301,1.58682e-05,0.00872094,0.00205514
clsgnat,0.1,4,6,14,12,25,9.541922,26.295681,0.21023,0.00127634,,0.0410282
dopt,0.1,4,6,14,12,25,4.405193,3.101749,0.158445,0.00127361,0.997145,0.0410347
qdeim,0.1,4,6,14,12,25,4.855968,13.527198,0.351029,2.96585e-05,0.0224981,0.00385633
gnat,0.1,4,6,14,12,25,6.234170,11.968795,0.351662,0.000123518,0.221984,0.0298779
clsdopt,0.1,4,6,14,12,30,2.618898,4.014038,0.166821,0.00127361,0.997145,0.0410347
clsqdeim,0.1,4,6,14,12,30,6.417123,8.228341,0.420902,1.75631e-05,0.00933906,0.00220822
clsgnat,0.1,4,6,14,12,30,10.167537,23.259257,0.171668,0.00127634,,0.0410282
dopt,0.1,4,6,14,12,30,2.947856,3.195143,0.172633,0.00127361,0.997145,0.0410347
qdeim,0.1,4,6,14,12,30,5.720348,15.321542,0.395748,1.84149e-05,0.0139832,0.0026204
gnat,0.1,4,6,14,12,30,6.242195,13.071734,0.384142,0.000127962,0.225528,0.0304472
clsdopt,0.1,4,6,14,12,35,2.965251,4.071837,0.17794,0.00127361,0.997145,0.0410347
clsqdeim,0.1,4,6,14,12,35,5.112122,8.365007,0.464634,1.83738e-05,0.00987789,0.00232542
clsgnat,0.1,4,6,14,12,35,6.552909,19.188243,0.185642,0.00127634,,0.0410282
dopt,0.1,4,6,14,12,35,3.324139,2.585698,0.18629,0.00127361,0.997145,0.0410347
qdeim,0.1,4,6,14,12,35,7.280374,30.842494,0.406296,1.69488e-05,0.0126279,0.00236446
gnat,0.1,4,6,14,12,35,7.006715,9.765037,0.40747,0.000129304,0.225354,0.0305127
clsdopt,0.1,4,6,14,12,40,2.682424,4.280624,0.18677,0.00127361,0.997145,0.0410347
clsqdeim,0.1,4,6,14,12,40,5.092166,9.517288,0.487965,1.92827e-05,0.0104341,0.00222991
clsgnat,0.1,4,6,14,12,40,7.556207,17.576965,0.188158,0.00127634,,0.0410282
dopt,0.1,4,6,14,12,40,3.168313,3.246197,0.195709,0.00127361,0.997145,0.0410347
qdeim,0.1,4,6,14,12,40,6.814590,14.775375,0.447344,1.53049e-05,0.0111098,0.00212812
gnat,0.1,4,6,14,12,40,6.677840,13.223475,0.442035,1.65902e-05,0.0147351,0.00345777
clsdopt,0.1,4,6,14,12,45,2.575748,3.766492,0.198702,0.00127361,0.997145,0.0410347
clsqdeim,0.1,4,6,14,12,45,5.406526,8.796946,0.50843,2.0553e-05,0.0121984,0.00256808
clsgnat,0.1,4,6,14,12,45,7.953421,20.597504,0.214539,0.00127634,,0.0410282
dopt,0.1,4,6,14,12,45,3.275472,2.676837,0.209736,0.00127361,0.997145,0.0410347
qdeim,0.1,4,6,14,12,45,6.427973,9.112078,0.460667,1.47253e-05,0.010685,0.00207406
gnat,0.1,4,6,14,12,45,7.535724,11.132215,0.565499,0.00127634,,0.0410282
clsdopt,0.1,4,6,14,12,50,2.652434,3.760503,0.205955,0.00127361,0.997145,0.0410347
clsqdeim,0.1,4,6,14,12,50,4.672580,8.697742,0.554088,2.23077e-05,0.0128847,0.00236481
clsgnat,0.1,4,6,14,12,50,20.617924,18.637312,0.260447,0.00127634,,0.0410282
dopt,0.1,4,6,14,12,50,3.112206,2.700818,0.216953,0.00127361,0.997145,0.0410347
qdeim,0.1,4,6,14,12,50,7.763372,9.239699,0.479915,1.22359e-05,0.00751728,0.00150439
gnat,0.1,4,6,14,12,50,7.415297,9.590360,0.597459,0.00127634,,0.0410282
clsdopt,0.1,4,6,14,12,55,3.367212,3.706786,0.214955,0.00127361,0.997145,0.0410347
clsqdeim,0.1,4,6,14,12,55,6.682621,7.520544,0.578836,2.50699e-05,0.0141639,0.00249717
clsgnat,0.1,4,6,14,12,55,22.228786,17.460905,0.27061,0.00127634,,0.0410282
dopt,0.1,4,6,14,12,55,3.227747,2.700939,0.226423,0.00127361,0.997145,0.0410347
qdeim,0.1,4,6,14,12,55,7.500928,9.018538,0.510768,2.38682e-05,0.0133872,0.00216979
gnat,0.1,4,6,14,12,55,8.326251,12.911847,0.627199,0.00127634,,0.0410282
clsdopt,0.1,4,6,14,12,60,2.827108,3.322539,0.223511,0.00127361,0.997145,0.0410347
clsqdeim,0.1,4,6,14,12,60,6.886918,7.652897,0.625224,2.68364e-05,0.0152072,0.00261746
clsgnat,0.1,4,6,14,12,60,20.546176,20.761072,0.248286,0.00127634,,0.0410282
dopt,0.1,4,6,14,12,60,4.394890,2.558346,0.23405,0.00127361,0.997145,0.0410347
qdeim,0.1,4,6,14,12,60,1082.221141,9.784451,0.564517,5.19198e-05,0.0262081,0.00393844
gnat,0.1,4,6,14,12,60,6.916316,11.518946,0.661169,0.00127634,,0.0410282
clsdopt,0.1,4,6,14,12,65,2.791285,3.392408,0.231613,0.00127361,0.997145,0.0410347
clsqdeim,0.1,4,6,14,12,65,4.445906,7.924931,0.66828,2.8245e-05,0.0164062,0.00276563
clsgnat,0.1,4,6,14,12,65,23.216369,17.156818,0.246262,0.00127634,,0.0410282
dopt,0.1,4,6,14,12,65,3.613908,2.613610,0.232411,0.00127361,0.997145,0.0410347
qdeim,0.1,4,6,14,12,65,6.816937,12.203102,0.570986,5.41469e-05,0.0253773,0.00369532
gnat,0.1,4,6,14,12,65,5.920423,8.379220,1.24671,0.00127634,,0.0410282
clsdopt,0.1,4,6,14,12,70,3.245784,4.842338,0.24163,0.00127361,0.997145,0.0410347
clsqdeim,0.1,4,6,14,12,70,5.083565,17.195440,0.684513,1.39783e-05,0.00823233,0.0011844
clsgnat,0.1,4,6,14,12,70,7.528222,29.380164,0.246882,0.00127634,,0.0410282
dopt,0.1,4,6,14,12,70,3.352401,2.966123,0.237636,0.00127361,0.997145,0.0410347
qdeim,0.1,4,6,14,12,70,6.085153,17.391982,0.563988,5.618e-05,0.0251335,0.00357055
gnat,0.1,4,6,14,12,70,6.352618,11.128759,0.794293,0.00127634,,0.0410282
clsdopt,0.1,4,6,14,12,75,3.200726,2.876344,0.244903,0.00127361,0.997145,0.0410347
clsqdeim,0.1,4,6,14,12,75,4.824729,8.487090,0.697553,1.78579e-05,0.010909,0.00141137
clsgnat,0.1,4,6,14,12,75,8.572939,14.314451,0.236108,0.00127634,,0.0410282
dopt,0.1,4,6,14,12,75,3.857938,2.456638,0.249477,0.00127361,0.997145,0.0410347
qdeim,0.1,4,6,14,12,75,6.194095,9.988013,0.65649,2.53095e-05,0.0093076,0.00132181
gnat,0.1,4,6,14,12,75,5.959119,8.296642,0.842065,0.00127634,,0.0410282
clsdopt,0.1,4,6,14,12,80,3.061032,3.167803,0.253188,0.00127361,0.997145,0.0410347
clsqdeim,0.1,4,6,14,12,80,4.919137,9.682065,0.70568,1.61912e-05,0.00945885,0.00129516
clsgnat,0.1,4,6,14,12,80,7.599475,15.245175,0.241133,0.00127634,,0.0410282
dopt,0.1,4,6,14,12,80,3.506211,2.379033,0.253841,0.00127361,0.997145,0.0410347
qdeim,0.1,4,6,14,12,80,7.527179,10.522440,0.701505,4.67142e-05,0.019523,0.00271148
gnat,0.1,4,6,14,12,80,5.216626,7.546777,0.965847,0.00127634,,0.0410282
clsdopt,0.1,4,6,14,12,85,2.692483,3.560933,0.267253,0.00127361,0.997145,0.0410347
clsqdeim,0.1,4,6,14,12,85,2.813544,7.117803,0.719684,1.75765e-05,0.0102911,0.00140392
clsgnat,0.1,4,6,14,12,85,7.853464,16.880710,0.357166,0.00127634,,0.0410282
dopt,0.1,4,6,14,12,85,3.778515,2.585804,0.265337,0.00127361,0.997145,0.0410347
qdeim,0.1,4,6,14,12,85,6.867846,10.139742,0.731645,4.92549e-05,0.0212275,0.00309772
gnat,0.1,4,6,14,12,85,4.245865,10.806384,0.57645,2.17226e-05,0.0242892,0.00535602
clsdopt,0.1,4,6,14,12,90,2.664148,3.189760,0.261666,0.00127361,0.997145,0.0410347
clsqdeim,0.1,4,6,14,12,90,4.706094,9.097139,0.712376,1.96976e-05,0.011639,0.00155473
clsgnat,0.1,4,6,14,12,90,8.941417,18.422407,0.245947,0.00127634,,0.0410282
dopt,0.1,4,6,14,12,90,3.112976,2.641501,0.267016,0.00127361,0.997145,0.0410347
qdeim,0.1,4,6,14,12,90,5.812689,9.048590,0.92544,0.00127634,,0.0410282
gnat,0.1,4,6,14,12,90,5.437342,10.144189,1.2693,0.00127634,,0.0410282
clsdopt,0.1,4,6,14,12,95,2.692124,3.310367,0.267548,0.00127361,0.997145,0.0410347
clsqdeim,0.1,4,6,14,12,95,3.813971,5.972290,0.726868,2.14977e-05,0.0127969,0.00168347
clsgnat,0.1,4,6,14,12,95,8.900624,14.289717,0.258788,0.00127634,,0.0410282
dopt,0.1,4,6,14,12,95,3.308527,2.989034,0.273144,0.00127361,0.997145,0.0410347
qdeim,0.1,4,6,14,12,95,4.704848,9.476802,0.941838,0.00127634,,0.0410282
gnat,0.1,4,6,14,12,95,3.583603,7.934755,0.578108,1.75863e-05,0.0178112,0.00403799
clsdopt,0.1,4,6,14,12,100,2.619827,2.366171,0.272529,0.00127361,0.997145,0.0410347
clsqdeim,0.1,4,6,14,12,100,3.688635,7.186438,0.74024,1.96061e-05,0.0114633,0.00154285
clsgnat,0.1,4,6,14,12,100,9.025753,16.183350,0.26674,0.00127634,,0.0410282
dopt,0.1,4,6,14,12,100,3.027921,2.545476,0.277062,0.00127361,0.997145,0.0410347
qdeim,0.1,4,6,14,12,100,5.436274,9.957167,0.950256,0.00127634,,0.0410282
gnat,0.1,4,6,14,12,100,3.641803,11.569982,0.59672,1.64548e-05,0.0162409,0.00367205
clsdopt,0.1,5,6,20,18,5,14.330920,16.672637,0.118578,0.00127361,0.997145,0.0410347
clsqdeim,0.1,5,6,20,18,5,16.533309,29.542552,0.373338,nan,nan,nan
clsgnat,0.1,5,6,20,18,5,23.488948,58.031922,0.143858,nan,nan,nan
dopt,0.1,5,6,20,18,5,12.150154,22.681085,0.114563,0.00127361,0.997145,0.0410347
qdeim,0.1,5,6,20,18,5,48.888356,76.919156,0.330023,nan,nan,nan
gnat,0.1,5,6,20,18,5,26.961192,118.058608,0.314975,2.96677e-05,0.0121921,0.00196174
clsdopt,0.1,5,6,20,18,10,7.904032,8.687271,0.136724,0.00127361,0.997145,0.0410347
clsqdeim,0.1,5,6,20,18,10,24.258194,34.106672,0.374769,nan,nan,nan
clsgnat,0.1,5,6,20,18,10,41.135833,53.053839,0.167729,nan,nan,nan
dopt,0.1,5,6,20,18,10,7.188542,8.482481,0.129293,0.00127361,0.997145,0.0410347
qdeim,0.1,5,6,20,18,10,27.548395,32.409918,0.416917,nan,nan,nan
gnat,0.1,5,6,20,18,10,10.988219,19.132789,0.314014,2.44945e-05,0.0109673,0.00182121
clsdopt,0.1,5,6,20,18,15,5.491156,7.774479,0.150903,0.00127361,0.997145,0.0410347
clsqdeim,0.1,5,6,20,18,15,11.361366,15.891212,0.451586,nan,nan,nan
clsgnat,0.1,5,6,20,18,15,27.768713,35.269180,0.180213,nan,nan,nan
dopt,0.1,5,6,20,18,15,5.997678,8.082593,0.144943,0.00127361,0.997145,0.0410347
qdeim,0.1,5,6,20,18,15,33.480274,20.310509,0.505913,nan,nan,nan
gnat,0.1,5,6,20,18,15,6.672761,26.075682,0.326266,2.9522e-05,0.0122968,0.00206876
clsdopt,0.1,5,6,20,18,20,4.820924,6.819900,0.164958,0.00127361,0.997145,0.0410347
clsqdeim,0.1,5,6,20,18,20,12.468251,392.068479,0.410369,nan,nan,nan
clsgnat,0.1,5,6,20,18,20,33.252565,50.451884,0.211367,nan,nan,nan
dopt,0.1,5,6,20,18,20,5.236251,5.580353,0.154835,0.00127361,0.997145,0.0410347
qdeim,0.1,5,6,20,18,20,26.275627,184.745668,0.524092,nan,nan,nan
gnat,0.1,5,6,20,18,20,7.354834,20.093959,0.374964,2.45417e-05,0.0123617,0.00204228
clsdopt,0.1,5,6,20,18,25,4.986059,8.763224,0.177194,0.00127361,0.997145,0.0410347
clsqdeim,0.1,5,6,20,18,25,8.810281,17.651914,0.440053,nan,nan,nan
clsgnat,0.1,5,6,20,18,25,28.189945,37.636078,0.192803,nan,nan,nan
dopt,0.1,5,6,20,18,25,5.091377,6.226220,0.168221,0.00127361,0.997145,0.0410347
qdeim,0.1,5,6,20,18,25,21.338278,59.491914,0.578707,nan,nan,nan
gnat,0.1,5,6,20,18,25,6.723217,13.058055,0.374351,3.67482e-05,0.01565,0.00275385
clsdopt,0.1,5,6,20,18,30,3.434894,5.787915,0.192594,0.00127361,0.997145,0.0410347
clsqdeim,0.1,5,6,20,18,30,11.219394,11.629580,0.465181,nan,nan,nan
clsgnat,0.1,5,6,20,18,30,27.715634,25.028153,0.198142,nan,nan,nan
dopt,0.1,5,6,20,18,30,3.814357,4.932036,0.179442,0.00127361,0.997145,0.0410347
qdeim,0.1,5,6,20,18,30,36.159760,209.203401,0.588746,nan,nan,nan
gnat,0.1,5,6,20,18,30,19.190939,17.963789,0.400998,4.4585e-05,0.0185223,0.00337044
clsdopt,0.1,5,6,20,18,35,4.031595,5.286313,0.588588,0.00127361,0.997145,0.0410347
clsqdeim,0.1,5,6,20,18,35,9.871865,12.304808,0.488899,nan,nan,nan
clsgnat,0.1,5,6,20,18,35,24.083869,24.575005,0.208131,nan,nan,nan
dopt,0.1,5,6,20,18,35,3.908960,5.981050,0.188129,0.00127361,0.997145,0.0410347
qdeim,0.1,5,6,20,18,35,34.357956,153.779860,0.583516,nan,nan,nan
gnat,0.1,5,6,20,18,35,6.320360,21.188020,0.425907,5.0205e-05,0.0208246,0.00382718
clsdopt,0.1,5,6,20,18,40,3.554875,5.815461,0.221155,0.00127361,0.997145,0.0410347
clsqdeim,0.1,5,6,20,18,40,8.358848,19.079143,0.506094,nan,nan,nan
clsgnat,0.1,5,6,20,18,40,26.406848,83.944946,0.221022,nan,nan,nan
dopt,0.1,5,6,20,18,40,4.059166,4.233161,0.205596,0.00127361,0.997145,0.0410347
qdeim,0.1,5,6,20,18,40,1074.019509,8773.470251,0.597011,nan,nan,nan
gnat,0.1,5,6,20,18,40,7.085544,17.927275,0.445984,7.33779e-05,0.0374349,0.00802646
clsdopt,0.1,5,6,20,18,45,3.401913,4.246017,0.252169,0.00127361,0.997145,0.0410347
clsqdeim,0.1,5,6,20,18,45,14.710629,9.980689,0.525632,nan,nan,nan
clsgnat,0.1,5,6,20,18,45,27.564540,29.672573,0.284711,nan,nan,nan
dopt,0.1,5,6,20,18,45,3.962595,4.158396,0.223223,0.00127361,0.997145,0.0410347
qdeim,0.1,5,6,20,18,45,2230.086528,7834.130539,0.58261,nan,nan,nan
gnat,0.1,5,6,20,18,45,9.368134,15.168957,0.446457,7.80932e-05,0.0369647,0.00781566
clsdopt,0.1,5,6,20,18,50,3.183941,4.109515,0.253774,0.00127361,0.997145,0.0410347
clsqdeim,0.1,5,6,20,18,50,7.797130,10.432376,0.576132,nan,nan,nan
clsgnat,0.1,5,6,20,18,50,33.460452,43.589197,0.283457,nan,nan,nan
dopt,0.1,5,6,20,18,50,3.980934,4.284254,0.246279,0.00127361,0.997145,0.0410347
qdeim,0.1,5,6,20,18,50,687.674591,4107.106021,0.584565,nan,nan,nan
gnat,0.1,5,6,20,18,50,18.950438,13.231748,0.451626,8.11675e-05,0.0394488,0.00841288
clsdopt,0.1,5,6,20,18,55,3.750622,4.335196,0.259543,0.00127361,0.997145,0.0410347
clsqdeim,0.1,5,6,20,18,55,7.295846,10.496357,0.578039,nan,nan,nan
clsgnat,0.1,5,6,20,18,55,29.038746,36.475567,0.255473,nan,nan,nan
dopt,0.1,5,6,20,18,55,3.591743,4.666914,0.249779,0.00127361,0.997145,0.0410347
qdeim,0.1,5,6,20,18,55,32.724394,23609.344081,0.526394,nan,nan,nan
gnat,0.1,5,6,20,18,55,4.981774,18.625158,0.450155,7.85163e-05,0.0417887,0.00889007
clsdopt,0.1,5,6,20,18,60,3.039398,4.293902,0.2709,0.00127361,0.997145,0.0410347
clsqdeim,0.1,5,6,20,18,60,9.435832,13.937031,0.633742,nan,nan,nan
clsgnat,0.1,5,6,20,18,60,26.745959,44.792127,0.274968,nan,nan,nan
dopt,0.1,5,6,20,18,60,2.700425,4.557919,0.263454,0.00127361,0.997145,0.0410347
qdeim,0.1,5,6,20,18,60,506.684351,36777.034878,0.523311,nan,nan,nan
gnat,0.1,5,6,20,18,60,9.966041,22.144798,0.533072,0.000103664,0.0828545,0.00976541
clsdopt,0.1,5,6,20,18,65,3.097237,3.811056,0.283103,0.00127361,0.997145,0.0410347
clsqdeim,0.1,5,6,20,18,65,7.167779,8.336105,0.661441,nan,nan,nan
clsgnat,0.1,5,6,20,18,65,27.008990,26.184722,0.274874,nan,nan,nan
dopt,0.1,5,6,20,18,65,3.114804,4.922288,0.274221,0.00127361,0.997145,0.0410347
qdeim,0.1,5,6,20,18,65,31.546685,31909.140620,0.469418,nan,nan,nan
gnat,0.1,5,6,20,18,65,7.507036,9.986375,0.601717,nan,nan,nan
clsdopt,0.1,5,6,20,18,70,2.690688,3.465152,0.288438,0.00127361,0.997145,0.0410347
clsqdeim,0.1,5,6,20,18,70,7.135502,13.415854,0.669778,nan,nan,nan
clsgnat,0.1,5,6,20,18,70,35.826394,24.076174,0.303189,nan,nan,nan
dopt,0.1,5,6,20,18,70,2.718755,3.703283,0.280211,0.00127361,0.997145,0.0410347
qdeim,0.1,5,6,20,18,70,255.137053,41797.359974,2.15301,nan,nan,nan
gnat,0.1,5,6,20,18,70,5.815049,12.457291,0.564114,1.31301e-05,0.00583439,0.000644737
clsdopt,0.1,5,6,20,18,75,2.998646,3.791241,0.299024,0.00127361,0.997145,0.0410347
clsqdeim,0.1,5,6,20,18,75,308.446589,8.676806,0.665463,nan,nan,nan
clsgnat,0.1,5,6,20,18,75,21.311142,26.834326,0.315698,nan,nan,nan
dopt,0.1,5,6,20,18,75,3.052498,3.709999,0.289484,0.00127361,0.997145,0.0410347
qdeim,0.1,5,6,20,18,75,347.382648,40033.240850,0.520245,nan,nan,nan
gnat,0.1,5,6,20,18,75,5.078981,17.512424,1.41461,nan,nan,nan
clsdopt,0.1,5,6,20,18,80,2.971358,3.914747,0.313341,0.00127361,0.997145,0.0410347
clsqdeim,0.1,5,6,20,18,80,345.771264,22.220918,0.73824,nan,nan,nan
clsgnat,0.1,5,6,20,18,80,18.732826,108.890863,0.31163,nan,nan,nan
dopt,0.1,5,6,20,18,80,2.887591,4.520797,0.298702,0.00127361,0.997145,0.0410347
qdeim,0.1,5,6,20,18,80,106.399641,56017.303196,0.531218,nan,nan,nan
gnat,0.1,5,6,20,18,80,11.845168,18.865083,0.576739,1.15962e-05,0.00602093,0.000678281
clsdopt,0.1,5,6,20,18,85,2.707298,4.681910,0.317313,0.00127361,0.997145,0.0410347
clsqdeim,0.1,5,6,20,18,85,7.011992,8.047028,0.697095,nan,nan,nan
clsgnat,0.1,5,6,20,18,85,21.477847,27.468333,0.315294,nan,nan,nan
dopt,0.1,5,6,20,18,85,3.148019,4.342250,0.303536,0.00127361,0.997145,0.0410347
qdeim,0.1,5,6,20,18,85,30.475738,36879.693913,0.558338,nan,nan,nan
gnat,0.1,5,6,20,18,85,6.495491,10.217747,0.582783,5.18964e-05,0.0254969,0.00365345
clsdopt,0.1,5,6,20,18,90,2.917627,4.128362,0.323687,0.00127361,0.997145,0.0410347
clsqdeim,0.1,5,6,20,18,90,2046.198969,8.516511,0.77609,nan,nan,nan
clsgnat,0.1,5,6,20,18,90,16.009211,121.792007,0.321803,nan,nan,nan
dopt,0.1,5,6,20,18,90,3.337389,4.304664,0.310455,0.00127361,0.997145,0.0410347
qdeim,0.1,5,6,20,18,90,651.472155,34673.231385,0.546765,nan,nan,nan
gnat,0.1,5,6,20,18,90,17.414346,19.147638,0.620656,4.28514e-05,0.0224774,0.00321893
clsdopt,0.1,5,6,20,18,95,2.661258,3.611563,0.336978,0.00127361,0.997145,0.0410347
clsqdeim,0.1,5,6,20,18,95,6.577785,7.332080,0.71319,nan,nan,nan
clsgnat,0.1,5,6,20,18,95,18.999278,289.356217,0.405185,nan,nan,nan
dopt,0.1,5,6,20,18,95,2.811888,3.724441,0.314989,0.00127361,0.997145,0.0410347
qdeim,0.1,5,6,20,18,95,34.124584,47.296257,0.502491,nan,nan,nan
gnat,0.1,5,6,20,18,95,16.943452,16.946474,0.630423,4.10661e-05,0.0215289,0.00310959
clsdopt,0.1,5,6,20,18,100,2.716689,4.207464,0.352639,0.00127361,0.997145,0.0410347
clsqdeim,0.1,5,6,20,18,100,16.255709,20.174661,0.712333,nan,nan,nan
clsgnat,0.1,5,6,20,18,100,18.616730,30.637965,0.359861,nan,nan,nan
dopt,0.1,5,6,20,18,100,2.811697,4.320975,0.327231,0.00127361,0.997145,0.0410347
qdeim,0.1,5,6,20,18,100,35.692424,28094.283574,0.558786,nan,nan,nan
gnat,0.1,5,6,20,18,100,9.010671,18.209483,0.636757,3.6522e-05,0.0195031,0.0027463
clsdopt,0.1,6,6,24,23,5,21.956973,31.805012,0.134282,0.00127361,0.997145,0.0410347
clsqdeim,0.1,6,6,24,23,5,20.439756,36.907331,0.327367,0.00127634,,
clsgnat,0.1,6,6,24,23,5,81.298521,86.767694,0.160855,0.00127634,,
dopt,0.1,6,6,24,23,5,12.330266,19.327432,0.139245,0.00127361,0.997145,0.0410347
qdeim,0.1,6,6,24,23,5,52.829731,30.303847,0.368454,0.00127634,,
gnat,0.1,6,6,24,23,5,30.921126,26.716909,0.319552,4.94819e-05,0.0325247,0.0095991
clsdopt,0.1,6,6,24,23,10,14.273339,17.379050,0.15189,0.00127361,0.997145,0.0410347
clsqdeim,0.1,6,6,24,23,10,23.310204,30.890284,0.305664,0.00127634,,
clsgnat,0.1,6,6,24,23,10,46.455097,64.472600,0.178281,0.00127634,,
dopt,0.1,6,6,24,23,10,10.709385,11.615827,0.149439,0.00127361,0.997145,0.0410347
qdeim,0.1,6,6,24,23,10,48.700613,22.548883,0.516396,0.00127634,,
gnat,0.1,6,6,24,23,10,27.301251,16.072762,0.33798,1.36906e-05,0.00743104,0.00233622
clsdopt,0.1,6,6,24,23,15,6.271614,13.324300,0.167777,0.00127361,0.997145,0.0410347
clsqdeim,0.1,6,6,24,23,15,17.768865,28.514532,0.382729,0.00127634,,
clsgnat,0.1,6,6,24,23,15,32.074898,60.243459,0.191785,0.00127634,,
dopt,0.1,6,6,24,23,15,7.748664,7.464209,0.163512,0.00127361,0.997145,0.0410347
qdeim,0.1,6,6,24,23,15,38.781230,25.359324,0.557027,0.00127634,,
gnat,0.1,6,6,24,23,15,22.646753,30.341123,0.34265,1.36323e-05,0.00743679,0.002334
clsdopt,0.1,6,6,24,23,20,6.518982,9.325522,0.179173,0.00127361,0.997145,0.0410347
clsqdeim,0.1,6,6,24,23,20,23.910608,33.598779,0.358088,0.00127634,,
clsgnat,0.1,6,6,24,23,20,33.640699,39.757877,0.200333,0.00127634,,
dopt,0.1,6,6,24,23,20,5.947444,7.473552,0.179972,0.00127361,0.997145,0.0410347
qdeim,0.1,6,6,24,23,20,28.074763,17.755958,0.63878,0.00127634,,
gnat,0.1,6,6,24,23,20,24.978497,23.400052,0.369766,3.16729e-05,0.0201058,0.00471582
clsdopt,0.1,6,6,24,23,25,5.333332,7.608789,0.195497,0.00127361,0.997145,0.0410347
clsqdeim,0.1,6,6,24,23,25,28.783556,13.205378,0.480369,0.00127634,,
clsgnat,0.1,6,6,24,23,25,24.343418,38.521329,0.218215,0.00127634,,
dopt,0.1,6,6,24,23,25,5.751204,7.656396,0.191125,0.00127361,0.997145,0.0410347
qdeim,0.1,6,6,24,23,25,24.427721,19.252761,0.439066,2.29646e-05,0.0154497,0.00312564
gnat,0.1,6,6,24,23,25,21.856098,14.083410,0.396351,3.04488e-05,0.0193614,0.00423874
clsdopt,0.1,6,6,24,23,30,5.443346,6.981204,0.21077,0.00127361,0.997145,0.0410347
clsqdeim,0.1,6,6,24,23,30,23.182378,20.609243,0.51412,0.00127634,,
clsgnat,0.1,6,6,24,23,30,16.653265,34.563172,0.225513,0.00127634,,
dopt,0.1,6,6,24,23,30,5.197256,6.714714,0.200923,0.00127361,0.997145,0.0410347
qdeim,0.1,6,6,24,23,30,22.061814,15.486027,0.435534,1.18333e-05,0.00736354,0.00124748
gnat,0.1,6,6,24,23,30,25.839728,13.328264,0.41475,3.07963e-05,0.019947,0.00457736
clsdopt,0.1,6,6,24,23,35,4.629684,7.454958,0.218652,0.00127361,0.997145,0.0410347
clsqdeim,0.1,6,6,24,23,35,19.783413,12.286947,0.527342,0.00127634,,
clsgnat,0.1,6,6,24,23,35,14.791043,29.069271,0.237801,0.00127634,,
dopt,0.1,6,6,24,23,35,4.277464,6.465863,0.210727,0.00127361,0.997145,0.0410347
qdeim,0.1,6,6,24,23,35,14.297993,11.059615,0.474352,1.74297e-05,0.00807253,0.00143899
gnat,0.1,6,6,24,23,35,27.450465,13.661571,0.431573,3.08849e-05,0.0200396,0.00465557
clsdopt,0.1,6,6,24,23,40,4.221839,7.095848,0.233328,0.00127361,0.997145,0.0410347
clsqdeim,0.1,6,6,24,23,40,20.454318,35.241663,0.567996,0.00127634,,
clsgnat,0.1,6,6,24,23,40,12.700017,39.860629,0.240827,0.00127634,,
dopt,0.1,6,6,24,23,40,4.140384,5.687147,0.225779,0.00127361,0.997145,0.0410347
qdeim,0.1,6,6,24,23,40,19.219700,15.732396,0.473155,1.3914e-05,0.00593725,0.000927833
gnat,0.1,6,6,24,23,40,17.602324,20.133442,0.441846,3.07044e-05,0.0211785,0.00457198
clsdopt,0.1,6,6,24,23,45,5.971646,6.594684,0.250781,0.00127361,0.997145,0.0410347
clsqdeim,0.1,6,6,24,23,45,19.378086,11.831302,0.618947,0.00127634,,
clsgnat,0.1,6,6,24,23,45,28.478830,25.635103,0.242885,0.00127634,,
dopt,0.1,6,6,24,23,45,4.350727,6.587422,0.245732,0.00127361,0.997145,0.0410347
qdeim,0.1,6,6,24,23,45,14.216864,18.104885,2.8535,1.68162e-05,0.00730311,0.00115647
gnat,0.1,6,6,24,23,45,19.757726,21.824732,0.480181,2.9193e-05,0.0182118,0.00410681
clsdopt,0.1,6,6,24,23,50,4.634879,6.788085,3.36901,0.00127361,0.997145,0.0410347
clsqdeim,0.1,6,6,24,23,50,21.524343,15.007257,0.639907,0.00127634,,
clsgnat,0.1,6,6,24,23,50,20.816592,32.545127,0.264155,0.00127634,,
dopt,0.1,6,6,24,23,50,5.065358,6.356009,0.260979,0.00127361,0.997145,0.0410347
qdeim,0.1,6,6,24,23,50,15.335826,15.551018,0.506394,1.52428e-05,0.00678445,0.00106575
gnat,0.1,6,6,24,23,50,16.661932,14.122777,0.476182,3.06714e-05,0.0188405,0.00422383
clsdopt,0.1,6,6,24,23,55,4.202620,5.995787,0.282732,0.00127361,0.997145,0.0410347
clsqdeim,0.1,6,6,24,23,55,16.520497,10.756777,0.651707,0.00127634,,
clsgnat,0.1,6,6,24,23,55,19.474187,29.897897,0.260816,0.00127634,,
dopt,0.1,6,6,24,23,55,4.038944,5.278952,0.275362,0.00127361,0.997145,0.0410347
qdeim,0.1,6,6,24,23,55,16.022764,14.957528,0.521333,1.6131e-05,0.00718041,0.00112699
gnat,0.1,6,6,24,23,55,18.486464,9.878450,0.480439,3.07842e-05,0.0178759,0.00428357
clsdopt,0.1,6,6,24,23,60,3.705912,5.232936,0.286794,0.00127361,0.997145,0.0410347
clsqdeim,0.1,6,6,24,23,60,19.179338,141.859338,0.66028,0.00127634,,
clsgnat,0.1,6,6,24,23,60,15.346277,21.467272,0.267241,0.00127634,,
dopt,0.1,6,6,24,23,60,3.654317,4.409402,0.28841,0.00127361,0.997145,0.0410347
qdeim,0.1,6,6,24,23,60,13.699816,38.502343,0.549,1.14101e-05,0.00557629,0.000847894
gnat,0.1,6,6,24,23,60,18.241908,24.527003,0.502029,3.09971e-05,0.0181009,0.00432632
clsdopt,0.1,6,6,24,23,65,3.889908,5.865451,0.295552,0.00127361,0.997145,0.0410347
clsqdeim,0.1,6,6,24,23,65,18.228492,10.906904,0.687901,0.00127634,,
clsgnat,0.1,6,6,24,23,65,16.663559,35.771628,0.283905,0.00127634,,
dopt,0.1,6,6,24,23,65,4.033229,4.268899,0.29752,0.00127361,0.997145,0.0410347
qdeim,0.1,6,6,24,23,65,10.865246,18.812678,0.579377,1.06057e-05,0.00510489,0.000724759
gnat,0.1,6,6,24,23,65,20.230073,21.384240,0.514184,3.08299e-05,0.0169103,0.00426004
clsdopt,0.1,6,6,24,23,70,3.937199,5.800435,0.310842,0.00127361,0.997145,0.0410347
clsqdeim,0.1,6,6,24,23,70,16.846176,9.852949,0.629319,0.00127634,,
clsgnat,0.1,6,6,24,23,70,36.961669,41.591340,0.284486,0.00127634,,
dopt,0.1,6,6,24,23,70,3.097965,5.262985,0.313467,0.00127361,0.997145,0.0410347
qdeim,0.1,6,6,24,23,70,11.399884,17.145013,0.540614,3.29346e-05,0.0159723,0.00268734
gnat,0.1,6,6,24,23,70,19.145549,17.858570,0.518246,2.78659e-05,0.0163079,0.00370971
clsdopt,0.1,6,6,24,23,75,3.783480,4.968199,0.329453,0.00127361,0.997145,0.0410347
clsqdeim,0.1,6,6,24,23,75,16.330268,25.649133,0.648682,0.00127634,,
clsgnat,0.1,6,6,24,23,75,21.456902,27.098177,0.295884,0.00127634,,
dopt,0.1,6,6,24,23,75,3.346937,5.834784,0.32092,0.00127361,0.997145,0.0410347
qdeim,0.1,6,6,24,23,75,12.541248,17.276342,0.62451,1.22577e-05,0.00602727,0.000903201
gnat,0.1,6,6,24,23,75,17.467171,13.561700,0.581361,2.40994e-05,0.0171324,0.00337657
clsdopt,0.1,6,6,24,23,80,3.444213,4.899916,0.34962,0.00127361,0.997145,0.0410347
clsqdeim,0.1,6,6,24,23,80,15.061495,412.294861,0.776427,0.00127634,,
clsgnat,0.1,6,6,24,23,80,21.060311,25.423110,0.394598,0.00127634,,
dopt,0.1,6,6,24,23,80,3.742908,4.748723,0.328124,0.00127361,0.997145,0.0410347
qdeim,0.1,6,6,24,23,80,12.061731,233.469459,0.653302,1.28092e-05,0.00617326,0.000934206
gnat,0.1,6,6,24,23,80,17.026922,9.968141,0.572351,1.95936e-05,0.0118449,0.00201286
clsdopt,0.1,6,6,24,23,85,3.363240,4.285739,0.354957,0.00127361,0.997145,0.0410347
clsqdeim,0.1,6,6,24,23,85,11.920551,9.593384,0.745102,0.00127634,,
clsgnat,0.1,6,6,24,23,85,19.329156,24.716926,0.342114,0.00127634,,
dopt,0.1,6,6,24,23,85,3.075238,4.845121,0.345044,0.00127361,0.997145,0.0410347
qdeim,0.1,6,6,24,23,85,9.564067,15.608327,0.673911,1.05458e-05,0.00623761,0.00130672
gnat,0.1,6,6,24,23,85,8.122430,20.748822,0.563283,1.0592e-05,0.00552866,0.000968091
clsdopt,0.1,6,6,24,23,90,3.638625,4.080514,0.365635,0.00127361,0.997145,0.0410347
clsqdeim,0.1,6,6,24,23,90,13.333646,26.803209,0.764099,0.00127634,,
clsgnat,0.1,6,6,24,23,90,15.356464,32.260151,0.342612,0.00127634,,
dopt,0.1,6,6,24,23,90,3.750291,4.175332,0.350596,0.00127361,0.997145,0.0410347
qdeim,0.1,6,6,24,23,90,13.667057,445.247476,0.671951,1.72505e-05,0.00964451,0.00138528
gnat,0.1,6,6,24,23,90,14.182250,20.683224,0.689686,0.00127634,,
clsdopt,0.1,6,6,24,23,95,3.084865,4.343117,0.375596,0.00127361,0.997145,0.0410347
clsqdeim,0.1,6,6,24,23,95,11.682194,10.655553,0.762817,0.00127634,,
clsgnat,0.1,6,6,24,23,95,17.803377,30.861214,0.396469,0.00127634,,
dopt,0.1,6,6,24,23,95,2.924299,4.587858,0.361809,0.00127361,0.997145,0.0410347
qdeim,0.1,6,6,24,23,95,11.533474,16.099730,0.692285,1.75469e-05,0.010036,0.00141578
gnat,0.1,6,6,24,23,95,9.204999,18.637816,0.738853,0.00127634,,
clsdopt,0.1,6,6,24,23,100,3.590433,4.397008,0.386054,0.00127361,0.997145,0.0410347
clsqdeim,0.1,6,6,24,23,100,11.235854,20.938492,0.857609,0.00127634,,
clsgnat,0.1,6,6,24,23,100,20.050281,25.339394,0.355776,0.00127634,,
dopt,0.1,6,6,24,23,100,2.870299,4.572640,0.376384,0.00127361,0.997145,0.0410347
qdeim,0.1,6,6,24,23,100,10.166011,1026.431273,0.712955,2.03746e-05,0.0115598,0.00162312
gnat,0.1,6,6,24,23,100,8.455101,36.316478,0.586533,1.34485e-05,0.00703577,0.00104616
