method,t,n,ef,xx,vv,ee,q,condV,condE,time,ErrX,ErrV,ErrE
sopt,0.5,3,0.9999,9,15,12,5,12.344055,27.347734,1.50264,6.07765e-05,0.00306674,0.00318046
clssopt,0.5,3,0.9999,9,15,12,5,17.593872,33.671714,1.4232,2.198e-05,0.00184644,0.0015213
clsqdeim,0.5,3,9,15,12,5,19.761202,60.575695,1.24928,0.000100242,0.00512692,0.00370731
qdeim,0.5,3,9,15,12,5,7.226995,23.617888,1.35006,2.30852e-05,0.00321341,0.00373162
sopt,0.5,3,0.9999,9,15,12,10,7.179110,14.672286,1.96569,4.24806e-05,0.00322489,0.0024144
clssopt,0.5,3,0.9999,9,15,12,10,11.720774,17.638411,1.73215,3.37733e-05,0.00224726,0.00177981
clsqdeim,0.5,3,9,15,12,10,8.343760,100.826140,1.48529,9.87381e-05,0.00533523,0.00395438
qdeim,0.5,3,9,15,12,10,9.352705,23.356165,1.63388,9.99675e-06,0.00216108,0.00178287
sopt,0.5,3,0.9999,9,15,12,15,6.450588,17.378929,1.9288,3.86662e-05,0.00306851,0.00209569
clssopt,0.5,3,0.9999,9,15,12,15,10.174432,20.670685,1.72407,2.41795e-05,0.00192741,0.00128899
clsqdeim,0.5,3,9,15,12,15,7.337838,21.827916,1.71337,9.55328e-05,0.00525591,0.00395851
qdeim,0.5,3,9,15,12,15,22.169373,24.362922,1.51749,2.9579e-05,0.00359764,0.00244462
sopt,0.5,3,0.9999,9,15,12,20,8.278693,14.808070,2.05417,3.8262e-05,0.00299698,0.00199486
clssopt,0.5,3,0.9999,9,15,12,20,8.095287,15.105515,1.88617,1.88896e-05,0.000840776,0.0008294
clsqdeim,0.5,3,9,15,12,20,13.276790,25.086130,1.83208,0.000115913,0.00696092,0.0049982
qdeim,0.5,3,9,15,12,20,25.976064,12.092320,1.77404,3.23398e-05,0.00374196,0.00329777
sopt,0.5,3,0.9999,9,15,12,25,8.153789,9.975657,2.21804,2.9795e-05,0.00215916,0.00109043
clssopt,0.5,3,0.9999,9,15,12,25,7.242211,12.581203,2.0171,1.64233e-05,0.00067049,0.000729498
clsqdeim,0.5,3,9,15,12,25,9.067756,12.851885,3.29107,0.000149616,0.0116668,0.00703299
qdeim,0.5,3,9,15,12,25,10.921661,13.572703,1.85778,3.19231e-05,0.00383727,0.00365831
sopt,0.5,3,0.9999,9,15,12,30,10.032421,19.684245,2.81027,2.95633e-05,0.00214104,0.00100212
clssopt,0.5,3,0.9999,9,15,12,30,7.066758,14.689160,2.38195,1.55135e-05,0.000674924,0.000753867
clsqdeim,0.5,3,9,15,12,30,10.040131,24.184813,2.31544,0.000173806,0.0252418,0.00951614
qdeim,0.5,3,9,15,12,30,14.635825,9.343866,2.0433,6.01974e-05,0.00526342,0.00578824
sopt,0.5,3,0.9999,9,15,12,35,6.270657,8.339255,2.56213,3.2211e-05,0.00219442,0.00106979
clssopt,0.5,3,0.9999,9,15,12,35,6.163555,9.481538,2.48664,1.61406e-05,0.000627384,0.000680234
clsqdeim,0.5,3,9,15,12,35,6.973047,9.824340,2.40525,0.000249037,0.0260509,0.0126618
qdeim,0.5,3,9,15,12,35,15.383802,11.342416,2.22953,7.56875e-05,0.00557251,0.00663658
sopt,0.5,3,0.9999,9,15,12,40,6.203594,9.206836,2.64743,2.15506e-05,0.00159872,0.000758233
clssopt,0.5,3,0.9999,9,15,12,40,5.592889,10.067783,2.65086,1.42493e-05,0.000589114,0.000639719
clsqdeim,0.5,3,9,15,12,40,9.366479,17.015530,2.65857,0.000260052,0.0260155,0.0133525
qdeim,0.5,3,9,15,12,40,11.871846,8.909665,2.30487,4.66042e-05,0.00654615,0.0029265
sopt,0.5,3,0.9999,9,15,12,45,6.669487,11.915052,2.84519,1.70092e-05,0.00142838,0.000668674
clssopt,0.5,3,0.9999,9,15,12,45,5.999354,20.584564,4.10059,1.19072e-05,0.000518327,0.000576068
clsqdeim,0.5,3,9,15,12,45,36.978231,23.449549,2.66685,0.000268861,0.0261748,0.014254
qdeim,0.5,3,9,15,12,45,11.220608,14.238217,2.53349,4.81588e-05,0.0121395,0.00297129
sopt,0.5,3,0.9999,9,15,12,50,5.860682,11.498250,2.82496,9.44715e-06,0.0012631,0.00062754
clssopt,0.5,3,0.9999,9,15,12,50,5.660353,10.436825,2.90247,1.26284e-05,0.000535769,0.000580941
clsqdeim,0.5,3,9,15,12,50,5.367367,7.899546,6.50196,0.000252071,0.0251822,0.0135201
qdeim,0.5,3,9,15,12,50,8.932654,9.694650,2.71358,3.94449e-05,0.0127353,0.00226313
sopt,0.5,3,0.9999,9,15,12,55,5.893210,14.793080,3.87454,1.00631e-05,0.0013015,0.000632608
clssopt,0.5,3,0.9999,9,15,12,55,5.489371,8.712644,3.05802,1.11789e-05,0.000491366,0.000553296
clsqdeim,0.5,3,9,15,12,55,5.904400,10.252777,2.95438,0.000252483,0.0247628,0.013545
qdeim,0.5,3,9,15,12,55,8.293001,8.546920,2.78315,5.03038e-05,0.0150238,0.0029483
sopt,0.5,3,0.9999,9,15,12,60,6.868161,12.767900,3.08471,8.17549e-06,0.00124477,0.00060589
clssopt,0.5,3,0.9999,9,15,12,60,5.078360,9.341069,3.07852,1.00479e-05,0.000660459,0.00076516
clsqdeim,0.5,3,9,15,12,60,347.621161,13.668397,3.01163,0.000254228,0.0245547,0.013635
qdeim,0.5,3,9,15,12,60,8.025518,11.303089,2.92671,5.38811e-05,0.0166965,0.0033667
sopt,0.5,3,0.9999,9,15,12,65,6.015205,9.042755,3.07161,6.7351e-06,0.00144901,0.000787339
clssopt,0.5,3,0.9999,9,15,12,65,4.947523,7.860728,3.50182,9.00807e-06,0.000651667,0.000752271
clsqdeim,0.5,3,9,15,12,65,5.404442,9.224759,3.1512,0.000317039,0.0313667,0.0173512
qdeim,0.5,3,9,15,12,65,6.888710,11.560955,3.08466,3.39413e-05,0.0103685,0.00213921
sopt,0.5,3,0.9999,9,15,12,70,4.459445,7.939386,3.22529,5.54836e-06,0.00150862,0.000807556
clssopt,0.5,3,0.9999,9,15,12,70,4.699250,8.564473,3.5459,8.66006e-06,0.000645556,0.000735397
clsqdeim,0.5,3,9,15,12,70,9.620996,9.611293,3.18555,0.000135295,0.00573328,0.00481809
qdeim,0.5,3,9,15,12,70,7.047406,8.295389,3.38449,6.40153e-05,0.00408307,0.0024632
sopt,0.5,3,0.9999,9,15,12,75,4.945780,8.559512,4.23963,4.38309e-06,0.00156708,0.000807811
clssopt,0.5,3,0.9999,9,15,12,75,4.946642,9.684493,3.50425,1.0083e-05,0.00071765,0.00073829
clsqdeim,0.5,3,9,15,12,75,225.952274,11.372443,3.09814,0.000133657,0.00563279,0.00477559
qdeim,0.5,3,9,15,12,75,7.116580,14.523141,3.2737,8.47874e-05,0.00821312,0.00323442
sopt,0.5,3,0.9999,9,15,12,80,10.159903,7.963753,3.39175,5.41736e-06,0.00144593,0.0008073
clssopt,0.5,3,0.9999,9,15,12,80,4.487380,7.219981,4.05383,9.554e-06,0.000714247,0.000722612
clsqdeim,0.5,3,9,15,12,80,40.488882,7.165117,3.14845,0.000128222,0.00556775,0.00443951
qdeim,0.5,3,9,15,12,80,7.317865,10.369284,3.60571,7.30163e-05,0.00651211,0.00239504
sopt,0.5,3,0.9999,9,15,12,85,5.005995,10.112954,3.68364,1.21526e-05,0.00148825,0.000835539
clssopt,0.5,3,0.9999,9,15,12,85,4.659634,7.231353,4.53428,1.60803e-05,0.00090472,0.000730987
clsqdeim,0.5,3,9,15,12,85,5.897256,16.405192,3.29988,0.000129043,0.00555819,0.0044762
qdeim,0.5,3,9,15,12,85,6.608574,9.979642,3.73057,7.38278e-05,0.00729819,0.00248823
sopt,0.5,3,0.9999,9,15,12,90,6.128788,9.133318,3.70345,1.2357e-05,0.00145906,0.000819837
clssopt,0.5,3,0.9999,9,15,12,90,5.732525,10.777351,3.76278,1.82352e-05,0.000884378,0.000721977
clsqdeim,0.5,3,9,15,12,90,311.437942,10.055059,3.32685,0.000132976,0.00572564,0.00457228
qdeim,0.5,3,9,15,12,90,7.212346,11.857592,3.89419,8.8932e-05,0.0104533,0.00360983
sopt,0.5,3,0.9999,9,15,12,95,5.289042,8.054684,3.8065,1.81937e-05,0.00136207,0.00113433
clssopt,0.5,3,0.9999,9,15,12,95,4.785845,8.985183,3.74254,1.84401e-05,0.000870448,0.00072833
clsqdeim,0.5,3,9,15,12,95,5.958187,8.979872,3.31634,0.000133411,0.00571404,0.00459579
qdeim,0.5,3,9,15,12,95,7.106342,7.156429,3.93794,9.36776e-05,0.00889786,0.00327171
sopt,0.5,3,0.9999,9,15,12,100,4.766533,8.314591,3.83792,1.51908e-05,0.0013396,0.00111666
clssopt,0.5,3,0.9999,9,15,12,100,4.229325,8.930605,3.88004,3.60857e-05,0.00183234,0.00088689
clsqdeim,0.5,3,9,15,12,100,22.481044,10.181908,3.33692,0.000133672,0.00569696,0.00461527
qdeim,0.5,3,9,15,12,100,6.796721,7.038035,4.09395,6.81133e-05,0.00584154,0.00213035
sopt,0.5,4,0.99999,9,33,24,5,23.377735,49.686011,1.91594,3.37053e-05,0.00279611,0.00105888
clssopt,0.5,4,0.99999,9,33,24,5,66.803207,50.637452,1.98709,2.73191e-05,0.00189611,0.00124216
clsqdeim,0.5,4,9,33,24,5,35.945208,70.104532,1.94442,1.10211e-05,0.000980418,0.000787688
qdeim,0.5,4,9,33,24,5,79.580676,59.740563,1.837,6.60936e-05,0.00400503,0.00255833
sopt,0.5,4,0.99999,9,33,24,10,21.434060,61.800200,2.11971,3.64522e-05,0.00235729,0.000774845
clssopt,0.5,4,0.99999,9,33,24,10,30.958286,46.799311,2.18474,3.48721e-05,0.00296438,0.00158051
clsqdeim,0.5,4,9,33,24,10,40.018333,58.821922,2.21901,6.31939e-05,0.00219901,0.00164537
qdeim,0.5,4,9,33,24,10,58.667983,51.292892,2.12602,7.62458e-05,0.00395511,0.00243815
sopt,0.5,4,0.99999,9,33,24,15,19.476584,44.700709,2.19105,3.9022e-05,0.00263122,0.000828349
clssopt,0.5,4,0.99999,9,33,24,15,27.564589,45.785175,2.4896,6.99563e-05,0.00442436,0.00127203
clsqdeim,0.5,4,9,33,24,15,35.669633,41.328701,2.46536,6.2246e-05,0.00215769,0.00160981
qdeim,0.5,4,9,33,24,15,53.303254,63.039062,2.33131,7.33543e-05,0.00402688,0.00240013
sopt,0.5,4,0.99999,9,33,24,20,16.944507,30.599532,2.36082,3.6152e-05,0.00247581,0.000667219
clssopt,0.5,4,0.99999,9,33,24,20,20.787596,32.757597,2.73494,8.37931e-05,0.00493147,0.00130952
clsqdeim,0.5,4,9,33,24,20,42.648544,42.905223,2.86845,5.88129e-05,0.00205537,0.00154143
qdeim,0.5,4,9,33,24,20,46.594907,74.433785,2.64548,7.10323e-05,0.00448776,0.00244514
sopt,0.5,4,0.99999,9,33,24,25,15.029661,22.154133,2.49296,3.00938e-05,0.00208624,0.00064896
clssopt,0.5,4,0.99999,9,33,24,25,16.058598,24.831338,2.91265,6.43539e-05,0.0037333,0.00132722
clsqdeim,0.5,4,9,33,24,25,31.486025,27.204953,3.0278,5.86255e-05,0.00210282,0.00137308
qdeim,0.5,4,9,33,24,25,37.548971,58.381815,2.94747,6.57635e-05,0.00422222,0.00231825
sopt,0.5,4,0.99999,9,33,24,30,16.807060,19.719321,2.7011,3.26335e-05,0.00230424,0.000632403
clssopt,0.5,4,0.99999,9,33,24,30,17.741296,22.694798,4.74798,4.561e-05,0.00254727,0.00121234
clsqdeim,0.5,4,9,33,24,30,199685.354067,26.028554,3.14807,3.05925e-05,0.00184155,0.00168585
qdeim,0.5,4,9,33,24,30,524.776744,49.157476,3.18171,6.94935e-05,0.00418224,0.00231821
sopt,0.5,4,0.99999,9,33,24,35,13.995980,21.488143,2.65316,2.44928e-05,0.00194115,0.000565725
clssopt,0.5,4,0.99999,9,33,24,35,20.821865,22.080330,3.21993,3.09901e-05,0.00209322,0.00119222
clsqdeim,0.5,4,9,33,24,35,21.026296,23.079833,3.21389,7.31225e-05,0.00268663,0.00246517
qdeim,0.5,4,9,33,24,35,28.626364,54.279588,3.56637,6.528e-05,0.00417083,0.00210479
sopt,0.5,4,0.99999,9,33,24,40,11.422508,20.070347,3.07731,1.98904e-05,0.001993,0.000705659
clssopt,0.5,4,0.99999,9,33,24,40,63.681402,26.893253,3.49266,3.55801e-05,0.00259362,0.0015047
clsqdeim,0.5,4,9,33,24,40,5401.542412,19.287721,3.30189,6.21094e-05,0.00177132,0.00190019
qdeim,0.5,4,9,33,24,40,650.502989,45.012812,3.51317,5.11432e-05,0.00293482,0.00129531
sopt,0.5,4,0.99999,9,33,24,45,12.616065,21.579760,3.05984,2.07359e-05,0.00212198,0.000716913
clssopt,0.5,4,0.99999,9,33,24,45,15.892530,20.462147,3.68064,3.08228e-05,0.00234663,0.00137668
clsqdeim,0.5,4,9,33,24,45,19.296618,35.830945,3.49058,7.55271e-05,0.0021939,0.00218555
qdeim,0.5,4,9,33,24,45,16.495193,44.469550,3.66139,3.98181e-05,0.00236884,0.00106117
sopt,0.5,4,0.99999,9,33,24,50,10.529278,20.077236,3.2677,1.90542e-05,0.00207917,0.000720593
clssopt,0.5,4,0.99999,9,33,24,50,15.332070,20.551212,3.70488,2.60311e-05,0.00194933,0.000997411
clsqdeim,0.5,4,9,33,24,50,20.919855,22.463303,3.57478,6.59298e-05,0.00210314,0.00196459
qdeim,0.5,4,9,33,24,50,20.987398,53.094629,3.92476,6.82265e-05,0.00419519,0.00193333
sopt,0.5,4,0.99999,9,33,24,55,10.942480,22.025884,3.26955,2.93957e-05,0.00230086,0.000724915
clssopt,0.5,4,0.99999,9,33,24,55,11.594146,22.590099,3.77214,3.32132e-05,0.00250353,0.00117702
clsqdeim,0.5,4,9,33,24,55,17.325724,30.063941,3.68626,5.12921e-05,0.00202049,0.00171781
qdeim,0.5,4,9,33,24,55,21.009253,8690.367357,4.12518,8.31904e-05,0.00432968,0.00205118
sopt,0.5,4,0.99999,9,33,24,60,17.715949,19.490659,3.32058,2.83803e-05,0.00227151,0.000698955
clssopt,0.5,4,0.99999,9,33,24,60,21.430204,22.745757,3.85793,1.0049e-05,0.000812495,0.000553391
clsqdeim,0.5,4,9,33,24,60,104.934416,34.342719,6.66013,4.83689e-05,0.00200112,0.00167654
qdeim,0.5,4,9,33,24,60,23.917011,44.749502,4.31792,8.482e-05,0.00437817,0.00213527
sopt,0.5,4,0.99999,9,33,24,65,8.881431,18.630422,3.51457,2.14976e-05,0.00211588,0.000762165
clssopt,0.5,4,0.99999,9,33,24,65,11.833312,20.571083,3.95953,8.41019e-06,0.000741368,0.000521754
clsqdeim,0.5,4,9,33,24,65,16.098225,20.016060,3.82376,4.8346e-05,0.00202532,0.00166563
qdeim,0.5,4,9,33,24,65,18.407756,42.732941,4.6843,8.71199e-05,0.0043119,0.00219167
sopt,0.5,4,0.99999,9,33,24,70,8.622767,20.316554,3.66008,1.74755e-05,0.00201406,0.000762044
clssopt,0.5,4,0.99999,9,33,24,70,12.420826,20.584070,4.11855,1.0754e-05,0.000841981,0.000586099
clsqdeim,0.5,4,9,33,24,70,16.894656,21.908161,3.84397,4.79681e-05,0.00200838,0.00168508
qdeim,0.5,4,9,33,24,70,14.055080,48.164810,4.63631,8.96227e-05,0.00430077,0.00223161
sopt,0.5,4,0.99999,9,33,24,75,8.762497,16.209110,3.6939,4.15989e-05,0.00302307,0.000984427
clssopt,0.5,4,0.99999,9,33,24,75,13.176322,20.759357,4.28458,1.05196e-05,0.000831326,0.000584977
clsqdeim,0.5,4,9,33,24,75,14.316680,24.423077,4.06278,4.08323e-05,0.00186875,0.00134179
qdeim,0.5,4,9,33,24,75,12.530867,34.814453,4.76523,0.000101061,0.00444986,0.00289453
sopt,0.5,4,0.99999,9,33,24,80,9.126658,15.895259,3.82306,4.19093e-05,0.00304885,0.000977951
clssopt,0.5,4,0.99999,9,33,24,80,10.830733,16.730661,4.2299,1.17546e-05,0.000842667,0.000625577
clsqdeim,0.5,4,9,33,24,80,17.606371,23.401271,4.55421,4.40954e-05,0.00193364,0.00118936
qdeim,0.5,4,9,33,24,80,20.959410,39.077489,5.06188,4.05561e-05,0.0017321,0.00128992
sopt,0.5,4,0.99999,9,33,24,85,9.155043,16.429621,3.81359,4.14919e-05,0.00305292,0.000983929
clssopt,0.5,4,0.99999,9,33,24,85,11.780793,16.700955,4.23281,1.75075e-05,0.00120551,0.00104016
clsqdeim,0.5,4,9,33,24,85,12.539983,21.444798,4.12652,3.03611e-05,0.00203445,0.000849769
qdeim,0.5,4,9,33,24,85,14.820127,31.242561,7.99906,4.94201e-05,0.00199952,0.00210513
sopt,0.5,4,0.99999,9,33,24,90,8.008990,14.987272,5.93367,4.08577e-05,0.00306795,0.000985091
clssopt,0.5,4,0.99999,9,33,24,90,11.840804,17.557167,7.17165,6.03605e-06,0.00046372,0.000433957
clsqdeim,0.5,4,9,33,24,90,12.478069,17.319436,4.81403,4.58944e-05,0.00229102,0.00106395
qdeim,0.5,4,9,33,24,90,34.941122,31.017888,4.89876,4.31172e-05,0.00189283,0.00198074
sopt,0.5,4,0.99999,9,33,24,95,9.626188,14.488156,4.41988,3.75287e-05,0.00299101,0.000996582
clssopt,0.5,4,0.99999,9,33,24,95,12.436873,14.711823,4.41846,1.53001e-05,0.00116282,0.00100844
clsqdeim,0.5,4,9,33,24,95,14.470601,23.549126,10.7915,4.99297e-05,0.00253267,0.00112383
qdeim,0.5,4,9,33,24,95,14.457879,33.545983,11.7522,3.29777e-05,0.00131341,0.00171215
sopt,0.5,4,0.99999,9,33,24,100,10.109649,15.596406,4.02691,3.67445e-05,0.00297225,0.00099502
clssopt,0.5,4,0.99999,9,33,24,100,11.050779,16.257284,4.49995,1.60067e-05,0.00111821,0.00101254
clsqdeim,0.5,4,9,33,24,100,14.353349,23.030220,4.45642,4.50576e-05,0.00249601,0.00127598
qdeim,0.5,4,9,33,24,100,15.586244,30.445953,5.30542,3.79481e-05,0.00155199,0.00190724
