method,t,n,ef,xx,vv,ee,q,condV,condE,time,ErrX,ErrV,ErrE
sopt,0.1,3,0.9999,6,9,9,5,15.058693,14.199735,0.248687,0.000101194,0.0466606,0.00976308
clssopt,0.1,3,0.9999,6,9,9,5,17.373109,14.093302,0.195911,1.77879e-05,0.00890429,0.00118503
clsqdeim,0.1,3,6,9,9,5,7.059850,10.996765,0.192954,1.63465e-05,0.00766619,0.000996625
qdeim,0.1,3,6,9,9,5,10.795193,8.382682,0.208354,1.18909e-05,0.00798714,0.0012361
sopt,0.1,3,0.9999,6,9,9,10,13.480775,9.950094,0.244588,7.06653e-05,0.0401085,0.00650651
clssopt,0.1,3,0.9999,6,9,9,10,12.928998,11.018724,0.245674,2.14988e-05,0.00935844,0.00152833
clsqdeim,0.1,3,6,9,9,10,4.744961,4.841504,0.206664,1.91794e-05,0.00984475,0.00133818
qdeim,0.1,3,6,9,9,10,7.723483,5.300337,0.217917,1.64748e-05,0.0117401,0.00156075
sopt,0.1,3,0.9999,6,9,9,15,7.835917,7.921934,0.274813,1.53681e-05,0.0113699,0.00127101
clssopt,0.1,3,0.9999,6,9,9,15,8.964429,8.567479,0.277504,2.11574e-05,0.00851345,0.00180421
clsqdeim,0.1,3,6,9,9,15,32.300017,7.545077,0.242867,1.58482e-05,0.0101841,0.00163025
qdeim,0.1,3,6,9,9,15,4.817197,171.716114,0.2354,1.56471e-05,0.0112392,0.00152451
sopt,0.1,3,0.9999,6,9,9,20,15.718597,8.484640,0.313032,1.26351e-05,0.00944487,0.000995244
clssopt,0.1,3,0.9999,6,9,9,20,10.092533,7.556623,0.320742,1.89487e-05,0.00851405,0.00168784
clsqdeim,0.1,3,6,9,9,20,10.211530,5.157791,0.265638,2.45107e-05,0.0197265,0.00369298
qdeim,0.1,3,6,9,9,20,5.696238,4.383086,0.277338,1.43876e-05,0.0105592,0.00146376
sopt,0.1,3,0.9999,6,9,9,25,8.698142,7.059997,0.318187,3.55035e-05,0.0231129,0.0029992
clssopt,0.1,3,0.9999,6,9,9,25,16.870748,6.506935,0.327595,2.10505e-05,0.00854026,0.00168298
clsqdeim,0.1,3,6,9,9,25,3.031857,4.209027,0.29005,2.35336e-05,0.0196585,0.00382774
qdeim,0.1,3,6,9,9,25,5.999123,4.513306,0.297293,1.37651e-05,0.0101748,0.00142655
sopt,0.1,3,0.9999,6,9,9,30,6.571759,4.926473,0.406737,6.04207e-05,0.033906,0.00515687
clssopt,0.1,3,0.9999,6,9,9,30,7.079280,8.764819,0.364559,1.8527e-05,0.00818279,0.00131534
clsqdeim,0.1,3,6,9,9,30,31.793818,247.214763,0.299414,2.34817e-05,0.0202521,0.0045535
qdeim,0.1,3,6,9,9,30,8.877701,325.717316,0.337493,2.87895e-05,0.0192829,0.00282328
sopt,0.1,3,0.9999,6,9,9,35,7.718019,5.773896,0.443663,3.77677e-05,0.0227528,0.00300403
clssopt,0.1,3,0.9999,6,9,9,35,6.681309,5.900658,0.374378,1.91291e-05,0.00841569,0.0013901
clsqdeim,0.1,3,6,9,9,35,8.391965,3.959616,0.317306,2.43139e-05,0.0203616,0.0045567
qdeim,0.1,3,6,9,9,35,8.673552,5.004008,0.345639,2.85452e-05,0.0191559,0.00281004
sopt,0.1,3,0.9999,6,9,9,40,7.209884,4.571686,0.437079,5.16724e-05,0.0315157,0.00442972
clssopt,0.1,3,0.9999,6,9,9,40,6.619018,4.971086,0.41647,1.88901e-05,0.00831146,0.00133404
clsqdeim,0.1,3,6,9,9,40,8.078828,4.098748,0.319742,2.59674e-05,0.0210058,0.0046504
qdeim,0.1,3,6,9,9,40,5.848595,5.827692,0.352896,2.83578e-05,0.0190079,0.00279874
sopt,0.1,3,0.9999,6,9,9,45,6.379095,5.652359,0.46312,1.81579e-05,0.0123057,0.00138213
clssopt,0.1,3,0.9999,6,9,9,45,1120.434517,5.406154,0.440869,1.72511e-05,0.00885831,0.00125622
clsqdeim,0.1,3,6,9,9,45,668.060131,263.436521,0.332624,2.623e-05,0.0211185,0.00464938
qdeim,0.1,3,6,9,9,45,614.396695,3493.267563,0.363702,2.82033e-05,0.0188778,0.00279028
sopt,0.1,3,0.9999,6,9,9,50,5.847826,4.705317,0.644821,1.76894e-05,0.0106751,0.000985059
clssopt,0.1,3,0.9999,6,9,9,50,6.472044,4.166723,0.457557,1.76643e-05,0.00886427,0.00126399
clsqdeim,0.1,3,6,9,9,50,18.709821,8.472801,0.341906,2.74358e-05,0.0221727,0.0051217
qdeim,0.1,3,6,9,9,50,7.422036,6.181072,0.377435,2.81863e-05,0.018816,0.00278379
sopt,0.1,3,0.9999,6,9,9,55,5.290881,3.807404,0.517782,1.37218e-05,0.00903063,0.00101904
clssopt,0.1,3,0.9999,6,9,9,55,5.709927,3.355642,0.475644,2.01912e-05,0.0101775,0.00158371
clsqdeim,0.1,3,6,9,9,55,5.821675,8.627859,0.344546,2.70887e-05,0.0217247,0.00503259
qdeim,0.1,3,6,9,9,55,6.989622,5.622418,0.377459,2.87669e-05,0.0190697,0.0028245
sopt,0.1,3,0.9999,6,9,9,60,4.973986,4.939026,0.509451,2.0078e-05,0.0127761,0.00149802
clssopt,0.1,3,0.9999,6,9,9,60,6.535559,3.874581,0.482694,1.95335e-05,0.00958346,0.00155763
clsqdeim,0.1,3,6,9,9,60,10.121502,10.612152,0.365447,2.64038e-05,0.0214687,0.00502091
qdeim,0.1,3,6,9,9,60,12.381479,7637.791129,0.370056,3.00543e-05,0.0197031,0.00291994
sopt,0.1,3,0.9999,6,9,9,65,6.648723,4.015734,0.515345,1.79151e-05,0.0112476,0.00131637
clssopt,0.1,3,0.9999,6,9,9,65,7.158898,4.037707,0.491224,1.91888e-05,0.00917586,0.00158437
clsqdeim,0.1,3,6,9,9,65,11.679692,4.248975,0.362794,2.70501e-05,0.0221833,0.00522125
qdeim,0.1,3,6,9,9,65,9.082635,5.367081,0.378026,3.23588e-05,0.0207907,0.0030965
sopt,0.1,3,0.9999,6,9,9,70,4.619663,4.919785,0.749124,0.00127634,,
clssopt,0.1,3,0.9999,6,9,9,70,4.823714,3.284148,0.524727,1.88389e-05,0.0084951,0.00135011
clsqdeim,0.1,3,6,9,9,70,10.477754,4.856469,0.389753,2.69069e-05,0.0223586,0.005146
qdeim,0.1,3,6,9,9,70,8.743611,5.320836,0.379566,3.59876e-05,0.0226205,0.00339095
sopt,0.1,3,0.9999,6,9,9,75,4.858214,5.750880,0.773163,0.00127634,,
clssopt,0.1,3,0.9999,6,9,9,75,4.720445,3.465709,0.538472,1.90034e-05,0.00864152,0.00137584
clsqdeim,0.1,3,6,9,9,75,15.922687,281.357743,0.426251,4.64315e-05,0.0253874,0.00918305
qdeim,0.1,3,6,9,9,75,9.345875,4440.959236,0.376367,3.59846e-05,0.0226081,0.00338578
sopt,0.1,3,0.9999,6,9,9,80,4.719925,3.882274,0.769801,0.00127634,,
clssopt,0.1,3,0.9999,6,9,9,80,3.229591,3.722088,0.534984,1.89643e-05,0.00863338,0.00137314
clsqdeim,0.1,3,6,9,9,80,5.494141,3.782522,0.43888,3.14894e-05,0.0185945,0.00589809
qdeim,0.1,3,6,9,9,80,7.166550,6.078577,0.377322,3.59773e-05,0.0225929,0.00338406
sopt,0.1,3,0.9999,6,9,9,85,5.250213,3.244258,0.82484,0.00127634,,
clssopt,0.1,3,0.9999,6,9,9,85,4.745096,4.580922,0.548247,1.8821e-05,0.00851805,0.00135877
clsqdeim,0.1,3,6,9,9,85,5.022827,4.762262,0.464388,3.32094e-05,0.021519,0.00616778
qdeim,0.1,3,6,9,9,85,6.855096,6.336911,0.389299,3.62028e-05,0.0225897,0.00335588
sopt,0.1,3,0.9999,6,9,9,90,5.209710,4.485704,0.5743,1.58768e-05,0.0099405,0.00134611
clssopt,0.1,3,0.9999,6,9,9,90,5.911025,5.521913,0.562503,1.88089e-05,0.00857117,0.00135498
clsqdeim,0.1,3,6,9,9,90,78.933461,1935.013775,0.467475,3.74038e-05,0.0247363,0.00681847
qdeim,0.1,3,6,9,9,90,19.698771,5035.717244,0.378566,3.62638e-05,0.0225502,0.00334538
sopt,0.1,3,0.9999,6,9,9,95,4.284118,4.463910,0.586583,1.66785e-05,0.0105785,0.00151851
clssopt,0.1,3,0.9999,6,9,9,95,4.729032,3.155789,0.575589,1.88144e-05,0.00860009,0.00135504
clsqdeim,0.1,3,6,9,9,95,5.257287,4.818880,0.492625,3.90912e-05,0.0261381,0.00707254
qdeim,0.1,3,6,9,9,95,10.091419,6.629418,0.385199,3.62344e-05,0.0224941,0.00335535
sopt,0.1,3,0.9999,6,9,9,100,4.396310,4.392621,0.606463,1.77573e-05,0.0112434,0.00161161
clssopt,0.1,3,0.9999,6,9,9,100,3.896918,3.398218,0.561999,1.89463e-05,0.0087018,0.00136799
clsqdeim,0.1,3,6,9,9,100,4.975921,4.094860,0.502789,4.03338e-05,0.0270994,0.00725498
qdeim,0.1,3,6,9,9,100,12.369138,5.911961,0.341923,3.88187e-05,0.0244931,0.00366067
sopt,0.1,4,0.99999,6,14,12,5,27.765691,20.830152,0.26559,0.00127634,,0.0410282
clssopt,0.1,4,0.99999,6,14,12,5,13.803693,14.280164,0.263123,2.26619e-05,0.0167582,0.0020153
clsqdeim,0.1,4,6,14,12,5,13.592358,29.751381,0.250661,1.54466e-05,0.0093412,0.00277515
qdeim,0.1,4,6,14,12,5,10.115897,19.343804,0.290563,0.00127634,,0.0410282
sopt,0.1,4,0.99999,6,14,12,10,16.842502,29.336301,0.32401,0.00127634,,0.0410282
clssopt,0.1,4,0.99999,6,14,12,10,16.518511,14.286110,0.298692,2.81491e-05,0.0201066,0.00232574
clsqdeim,0.1,4,6,14,12,10,10.634202,14.243957,0.294755,1.19385e-05,0.00712067,0.00211895
qdeim,0.1,4,6,14,12,10,6.246975,10.164623,0.282825,4.84429e-05,0.0301348,0.00473739
sopt,0.1,4,0.99999,6,14,12,15,10.689218,13.723366,0.402855,0.00127634,,0.0410282
clssopt,0.1,4,0.99999,6,14,12,15,10.459848,19.376485,0.326444,1.54987e-05,0.0109369,0.00153561
clsqdeim,0.1,4,6,14,12,15,7.018589,8.843955,0.324688,1.55667e-05,0.009603,0.0025354
qdeim,0.1,4,6,14,12,15,4.875891,15.671172,0.32214,1.65434e-05,0.0112169,0.00151617
sopt,0.1,4,0.99999,6,14,12,20,13.009943,11.888769,0.403818,0.00127634,,0.0410282
clssopt,0.1,4,0.99999,6,14,12,20,9.245853,8.919545,0.39428,1.66889e-05,0.0118256,0.00165218
clsqdeim,0.1,4,6,14,12,20,5.825880,11.712048,0.382806,1.7002e-05,0.00937443,0.00217858
qdeim,0.1,4,6,14,12,20,4.967683,14.366513,0.328552,2.26433e-05,0.0182314,0.00276029
sopt,0.1,4,0.99999,6,14,12,25,11.170087,9.490353,0.440334,0.00127634,,0.0410282
clssopt,0.1,4,0.99999,6,14,12,25,8.190784,8.570823,0.374734,1.69289e-05,0.0119909,0.00170216
clsqdeim,0.1,4,6,14,12,25,5.094585,9.646923,0.401597,1.58682e-05,0.00872094,0.00205514
qdeim,0.1,4,6,14,12,25,4.855968,13.527198,0.346501,2.96585e-05,0.0224981,0.00385633
sopt,0.1,4,0.99999,6,14,12,30,10.901633,8.973175,0.482837,0.00127634,,0.0410282
clssopt,0.1,4,0.99999,6,14,12,30,947.987404,10.142143,0.413239,1.46696e-05,0.00986011,0.0014115
clsqdeim,0.1,4,6,14,12,30,6.417123,8.228341,0.426117,1.75631e-05,0.00933906,0.00220822
qdeim,0.1,4,6,14,12,30,5.720348,15.321542,0.38435,1.84149e-05,0.0139832,0.0026204
sopt,0.1,4,0.99999,6,14,12,35,7.313214,11.424982,0.510135,0.00127634,,0.0410282
clssopt,0.1,4,0.99999,6,14,12,35,7.497257,11.824368,0.408182,1.80013e-05,0.0106952,0.0017044
clsqdeim,0.1,4,6,14,12,35,5.112122,8.365007,0.473523,1.83738e-05,0.00987789,0.00232542
qdeim,0.1,4,6,14,12,35,7.280374,30.842494,0.407777,1.69488e-05,0.0126279,0.00236446
sopt,0.1,4,0.99999,6,14,12,40,6.388688,8.769842,0.540776,0.00127634,,0.0410282
clssopt,0.1,4,0.99999,6,14,12,40,7.953880,7.976228,0.436651,1.72447e-05,0.0112704,0.00178856
clsqdeim,0.1,4,6,14,12,40,5.092166,9.517288,0.491894,1.92827e-05,0.0104341,0.00222991
qdeim,0.1,4,6,14,12,40,6.814590,14.775375,0.442789,1.53049e-05,0.0111098,0.00212812
sopt,0.1,4,0.99999,6,14,12,45,8.139307,7.589911,0.555025,0.00127634,,0.0410282
clssopt,0.1,4,0.99999,6,14,12,45,6.554199,7.037078,0.452496,1.77164e-05,0.0119476,0.00191066
clsqdeim,0.1,4,6,14,12,45,5.406526,8.796946,0.517364,2.0553e-05,0.0121984,0.00256808
qdeim,0.1,4,6,14,12,45,6.427973,9.112078,0.465748,1.47253e-05,0.010685,0.00207406
sopt,0.1,4,0.99999,6,14,12,50,8.790087,7.229630,0.672662,0.00127634,,0.0410282
clssopt,0.1,4,0.99999,6,14,12,50,6.757644,5.927503,0.461297,1.72052e-05,0.0115125,0.00185061
clsqdeim,0.1,4,6,14,12,50,4.672580,8.697742,0.56045,2.23077e-05,0.0128847,0.00236481
qdeim,0.1,4,6,14,12,50,7.763372,9.239699,0.487402,1.22359e-05,0.00751728,0.00150439
sopt,0.1,4,0.99999,6,14,12,55,14.474259,7.277764,0.729098,0.00127634,,0.0410282
clssopt,0.1,4,0.99999,6,14,12,55,14.009403,6.202906,0.483116,1.67816e-05,0.0110897,0.00178035
clsqdeim,0.1,4,6,14,12,55,6.682621,7.520544,0.578378,2.50699e-05,0.0141639,0.00249717
qdeim,0.1,4,6,14,12,55,7.500928,9.018538,0.506682,2.38682e-05,0.0133872,0.00216979
sopt,0.1,4,0.99999,6,14,12,60,293.854776,6.469615,0.765516,0.00127634,,0.0410282
clssopt,0.1,4,0.99999,6,14,12,60,297.469912,5.904049,0.51125,1.66949e-05,0.0109171,0.0017344
clsqdeim,0.1,4,6,14,12,60,6.886918,7.652897,0.626696,2.68364e-05,0.0152072,0.00261746
qdeim,0.1,4,6,14,12,60,1082.221141,9.784451,0.53934,5.19198e-05,0.0262081,0.00393844
sopt,0.1,4,0.99999,6,14,12,65,6.038729,5.996693,0.658032,2.12276e-05,0.0140513,0.00202668
clssopt,0.1,4,0.99999,6,14,12,65,5.426978,6.210285,0.524813,1.67198e-05,0.0108705,0.00171459
clsqdeim,0.1,4,6,14,12,65,4.445906,7.924931,0.666695,2.8245e-05,0.0164062,0.00276563
qdeim,0.1,4,6,14,12,65,6.816937,12.203102,0.570074,5.41469e-05,0.0253773,0.00369532
sopt,0.1,4,0.99999,6,14,12,70,6.413023,18.026608,0.594202,4.38633e-05,0.029879,0.00489227
clssopt,0.1,4,0.99999,6,14,12,70,5.570853,11.188615,0.536184,1.7042e-05,0.0112745,0.00176871
clsqdeim,0.1,4,6,14,12,70,5.083565,17.195440,0.689915,1.39783e-05,0.00823233,0.0011844
qdeim,0.1,4,6,14,12,70,6.085153,17.391982,0.56926,5.618e-05,0.0251335,0.00357055
sopt,0.1,4,0.99999,6,14,12,75,6.333169,6.619709,0.596782,1.2763e-05,0.00775306,0.00142536
clssopt,0.1,4,0.99999,6,14,12,75,5.091606,5.209851,0.568505,1.66806e-05,0.0108436,0.00168382
clsqdeim,0.1,4,6,14,12,75,4.824729,8.487090,0.695836,1.78579e-05,0.010909,0.00141137
qdeim,0.1,4,6,14,12,75,6.194095,9.988013,0.664563,2.53095e-05,0.0093076,0.00132181
sopt,0.1,4,0.99999,6,14,12,80,5.763024,6.726184,0.591347,2.65403e-05,0.0194014,0.00360777
clssopt,0.1,4,0.99999,6,14,12,80,5.529779,5.965022,0.579637,1.68483e-05,0.0108675,0.0016738
clsqdeim,0.1,4,6,14,12,80,4.919137,9.682065,0.709997,1.61912e-05,0.00945885,0.00129516
qdeim,0.1,4,6,14,12,80,7.527179,10.522440,0.695765,4.67142e-05,0.019523,0.00271148
sopt,0.1,4,0.99999,6,14,12,85,5.671830,7.224099,0.617956,2.57823e-05,0.018608,0.00340695
clssopt,0.1,4,0.99999,6,14,12,85,5.061790,4.762270,0.595192,1.63651e-05,0.0104328,0.00157547
clsqdeim,0.1,4,6,14,12,85,2.813544,7.117803,0.712573,1.75765e-05,0.0102911,0.00140392
qdeim,0.1,4,6,14,12,85,6.867846,10.139742,0.724244,4.92549e-05,0.0212275,0.00309772
sopt,0.1,4,0.99999,6,14,12,90,5.800426,6.956716,0.581556,2.56106e-05,0.0181188,0.00329349
clssopt,0.1,4,0.99999,6,14,12,90,6.195956,5.201885,0.620428,1.60174e-05,0.0101021,0.00151227
clsqdeim,0.1,4,6,14,12,90,4.706094,9.097139,0.715491,1.96976e-05,0.011639,0.00155473
qdeim,0.1,4,6,14,12,90,5.812689,9.048590,0.919316,0.00127634,,0.0410282
sopt,0.1,4,0.99999,6,14,12,95,5.822949,6.613235,0.599484,2.44456e-05,0.0171289,0.00308301
clssopt,0.1,4,0.99999,6,14,12,95,6.081029,4.979438,0.642028,1.64833e-05,0.0103935,0.00153296
clsqdeim,0.1,4,6,14,12,95,3.813971,5.972290,0.720889,2.14977e-05,0.0127969,0.00168347
qdeim,0.1,4,6,14,12,95,4.704848,9.476802,0.954806,0.00127634,,0.0410282
sopt,0.1,4,0.99999,6,14,12,100,6.032110,6.440493,0.610082,2.38616e-05,0.0164952,0.0029385
clssopt,0.1,4,0.99999,6,14,12,100,4.979439,7.765799,0.694905,1.7436e-05,0.0109748,0.001599
clsqdeim,0.1,4,6,14,12,100,3.688635,7.186438,0.74045,1.96061e-05,0.0114633,0.00154285
qdeim,0.1,4,6,14,12,100,5.436274,9.957167,0.934179,0.00127634,,0.0410282
