method,t,n,ef,xx,vv,ee,q,condV,condE,time,ErrX,ErrV,ErrE
dopt,0.1,1,0.99,6,4,3,5,1.562095,2.234909,0.0650176,0.0012737,0.997238,0.0410355
clsdopt,0.1,1,0.99,6,4,3,5,8.143220,3.879686,0.086272,0.00127374,0.997259,0.0410361
clsqdeim,0.1,1,6,4,3,5,3.414415,4.939179,0.0865507,2.3452e-05,0.0141109,0.00196349
qdeim,0.1,1,6,4,3,5,3.359498,3.208127,0.0972023,3.9347e-05,0.0323325,0.00290245
dopt,0.1,1,0.99,6,4,3,10,3.556050,2.768205,0.100202,0.00127367,0.997202,0.0410355
clsdopt,0.1,1,0.99,6,4,3,10,3.638560,2.454700,0.0986591,0.00127374,0.997262,0.041036
clsqdeim,0.1,1,6,4,3,10,2.084969,10.772476,0.096035,2.34365e-05,0.0141096,0.00196798
qdeim,0.1,1,6,4,3,10,3.344298,3.152111,0.113282,3.95688e-05,0.0322157,0.00289994
dopt,0.1,1,0.99,6,4,3,15,3.897257,1.904347,0.11912,0.00127366,0.997194,0.0410354
clsdopt,0.1,1,0.99,6,4,3,15,5.595476,3.004771,0.111371,0.00127374,0.997262,0.041036
clsqdeim,0.1,1,6,4,3,15,155.563831,6.115275,0.113065,2.34206e-05,0.014099,0.00196749
qdeim,0.1,1,6,4,3,15,1349.768025,2.593854,0.126203,3.96105e-05,0.0323359,0.00288907
dopt,0.1,1,0.99,6,4,3,20,4.188570,1.845445,0.119221,0.00127365,0.99719,0.0410354
clsdopt,0.1,1,0.99,6,4,3,20,7.307213,21.825404,0.117432,0.00127374,0.997263,0.041036
clsqdeim,0.1,1,6,4,3,20,1.847973,3.611660,0.120355,2.34111e-05,0.0140923,0.00196701
qdeim,0.1,1,6,4,3,20,2.591161,3.439145,0.137088,3.96402e-05,0.0323485,0.00287655
dopt,0.1,1,0.99,6,4,3,25,3.468335,11.444880,0.130579,0.00127365,0.997188,0.0410354
clsdopt,0.1,1,0.99,6,4,3,25,5.692801,21.015361,0.126203,0.00127374,0.997263,0.041036
clsqdeim,0.1,1,6,4,3,25,1.713278,2.708539,0.132616,2.34051e-05,0.014014,0.00199574
qdeim,0.1,1,6,4,3,25,2.579311,2.540720,0.147939,3.98363e-05,0.0323111,0.00286907
dopt,0.1,1,0.99,6,4,3,30,3.292860,1.487480,0.801581,0.00127365,0.99719,0.0410354
clsdopt,0.1,1,0.99,6,4,3,30,3.810960,27.983280,0.140708,0.00127374,0.997264,0.041036
clsqdeim,0.1,1,6,4,3,30,28.973774,10.087056,0.14415,1.48593e-05,0.0107739,0.00149129
qdeim,0.1,1,6,4,3,30,22.333613,3.720519,0.157064,4.56185e-05,0.0318973,0.00290872
dopt,0.1,1,0.99,6,4,3,35,3.401230,81.414082,0.163878,0.00127366,0.997195,0.0410353
clsdopt,0.1,1,0.99,6,4,3,35,7.253597,21.782080,0.152225,0.00127374,0.997264,0.041036
clsqdeim,0.1,1,6,4,3,35,1.860185,3.921096,0.153672,1.46861e-05,0.0107801,0.00147803
qdeim,0.1,1,6,4,3,35,2.233219,2.189440,0.166743,4.62862e-05,0.0286354,0.00242507
dopt,0.1,1,0.99,6,4,3,40,3.317841,71.689813,0.175462,0.00127366,0.997198,0.0410353
clsdopt,0.1,1,0.99,6,4,3,40,3.698333,25.943839,0.154314,0.00127374,0.997264,0.041036
clsqdeim,0.1,1,6,4,3,40,2.182598,3.945816,0.153559,1.45318e-05,0.0107834,0.00146317
qdeim,0.1,1,6,4,3,40,2.253363,1.995240,0.184336,4.7569e-05,0.0234794,0.00169769
dopt,0.1,1,0.99,6,4,3,45,3.081893,70.900687,0.179957,0.00127366,0.997201,0.0410353
clsdopt,0.1,1,0.99,6,4,3,45,3.879418,73.575883,0.160664,0.00127374,0.997264,0.041036
clsqdeim,0.1,1,6,4,3,45,5.334629,5.159294,0.164679,1.43915e-05,0.010785,0.00145046
qdeim,0.1,1,6,4,3,45,11.997073,2.112597,0.200011,5.00994e-05,0.0209492,0.00128528
dopt,0.1,1,0.99,6,4,3,50,2.573246,80.207706,0.187964,0.00127367,0.997204,0.0410352
clsdopt,0.1,1,0.99,6,4,3,50,3.877586,67.890930,0.168464,0.00127374,0.997265,0.041036
clsqdeim,0.1,1,6,4,3,50,2.075630,4.745063,0.171376,1.43172e-05,0.0107473,0.00140222
qdeim,0.1,1,6,4,3,50,2.022618,1.983909,0.212196,5.27356e-05,0.020308,0.00117154
dopt,0.1,1,0.99,6,4,3,55,1.609670,83.216294,0.198451,0.00127367,0.997204,0.0410352
clsdopt,0.1,1,0.99,6,4,3,55,4.472696,66.807454,0.175962,0.00127374,0.997265,0.041036
clsqdeim,0.1,1,6,4,3,55,2.098887,4.519460,0.173286,1.41979e-05,0.010753,0.00139573
qdeim,0.1,1,6,4,3,55,1.961284,2.023755,0.212002,5.51153e-05,0.02029,0.00116207
dopt,0.1,1,0.99,6,4,3,60,2.183831,46575.234681,0.202187,0.00127367,0.997206,0.0410352
clsdopt,0.1,1,0.99,6,4,3,60,3.828301,70.111763,0.180122,0.00127374,0.997265,0.041036
clsqdeim,0.1,1,6,4,3,60,6.737800,4.638530,0.173396,1.40883e-05,0.0107642,0.00139072
qdeim,0.1,1,6,4,3,60,12.464762,4.512555,0.408351,5.5523e-05,0.0201521,0.00116337
dopt,0.1,1,0.99,6,4,3,65,1.304942,65.954824,0.207562,0.00127367,0.997206,0.0410352
clsdopt,0.1,1,0.99,6,4,3,65,3.822135,75.702625,0.188098,0.00127374,0.997265,0.041036
clsqdeim,0.1,1,6,4,3,65,2.045004,3.664823,0.174183,1.40029e-05,0.0107678,0.00138632
qdeim,0.1,1,6,4,3,65,2.095752,2.195865,0.232195,5.54725e-05,0.0199656,0.00116067
dopt,0.1,1,0.99,6,4,3,70,1.427574,64.559169,0.206746,0.00127367,0.997206,0.0410352
clsdopt,0.1,1,0.99,6,4,3,70,3.822050,76.129714,0.190122,0.00127374,0.997265,0.041036
clsqdeim,0.1,1,6,4,3,70,2.143868,3.145210,0.178464,1.71377e-05,0.0103422,0.00119885
qdeim,0.1,1,6,4,3,70,2.118669,2.349654,0.24445,5.53941e-05,0.0197938,0.00115787
dopt,0.1,1,0.99,6,4,3,75,1.564455,61.617971,0.216749,0.00127367,0.997206,0.0410352
clsdopt,0.1,1,0.99,6,4,3,75,3.817717,67.844744,0.195981,0.00127374,0.997265,0.041036
clsqdeim,0.1,1,6,4,3,75,7.349725,3.626120,0.198895,2.97335e-05,0.0115302,0.000929808
qdeim,0.1,1,6,4,3,75,11.559069,2.800423,0.261539,5.53058e-05,0.0196406,0.00115547
dopt,0.1,1,0.99,6,4,3,80,1.531353,32189.640605,0.226245,0.00127367,0.997207,0.0410352
clsdopt,0.1,1,0.99,6,4,3,80,3.818874,34391.564222,0.201546,0.00127374,0.997265,0.041036
clsqdeim,0.1,1,6,4,3,80,2.120344,4.689925,0.202618,4.0174e-05,0.0141551,0.000857168
qdeim,0.1,1,6,4,3,80,2.482593,3.311910,0.267066,5.38777e-05,0.0211629,0.00115918
dopt,0.1,1,0.99,6,4,3,85,1.565945,65.036934,0.23364,0.00127367,0.997207,0.0410352
clsdopt,0.1,1,0.99,6,4,3,85,3.976079,59.824978,0.209869,0.00127374,0.997265,0.041036
clsqdeim,0.1,1,6,4,3,85,2.150773,4.073973,0.222243,4.82345e-05,0.0168864,0.000883992
qdeim,0.1,1,6,4,3,85,2.730988,2.926368,0.280549,5.3176e-05,0.0222054,0.00116498
dopt,0.1,1,0.99,6,4,3,90,2.318277,63.492299,0.236219,0.00127367,0.997207,0.0410352
clsdopt,0.1,1,0.99,6,4,3,90,3.787496,58.670569,0.215364,0.00127374,0.997265,0.041036
clsqdeim,0.1,1,6,4,3,90,8.031423,5.483868,0.233814,5.26915e-05,0.0185979,0.000926504
qdeim,0.1,1,6,4,3,90,10.614374,3.449465,0.296008,5.28263e-05,0.0227923,0.00116879
dopt,0.1,1,0.99,6,4,3,95,2.332258,54.615512,0.236848,0.00127367,0.997207,0.0410352
clsdopt,0.1,1,0.99,6,4,3,95,3.787574,55.820573,0.22707,0.00127374,0.997265,0.041036
clsqdeim,0.1,1,6,4,3,95,2.118117,7.315450,0.233434,5.37812e-05,0.0190161,0.000938962
qdeim,0.1,1,6,4,3,95,3.428038,3.184088,0.294888,5.31517e-05,0.0229335,0.0011754
dopt,0.1,1,0.99,6,4,3,100,2.334001,34584.337160,0.351178,0.00127367,0.997207,0.0410352
clsdopt,0.1,1,0.99,6,4,3,100,3.785765,41142.712596,0.222735,0.00127374,0.997265,0.041036
clsqdeim,0.1,1,6,4,3,100,2.110726,5.084651,0.239518,5.48966e-05,0.0194512,0.000953231
qdeim,0.1,1,6,4,3,100,3.518387,3.337863,0.300281,5.32325e-05,0.0232018,0.00118117
dopt,0.1,2,0.999,6,6,5,5,4.756173,3.956250,0.0713966,0.00127361,0.997146,0.0410346
clsdopt,0.1,2,0.999,6,6,5,5,5.199923,5.347888,0.0787858,0.00127361,0.997144,0.0410346
clsqdeim,0.1,2,6,6,5,5,8.022366,9.186246,0.17528,2.46458e-05,0.00919111,0.00187453
qdeim,0.1,2,6,6,5,5,5.499452,3.862559,0.139362,2.21979e-05,0.0141562,0.00170291
dopt,0.1,2,0.999,6,6,5,10,4.496194,3.224400,0.090109,0.00127361,0.997146,0.0410346
clsdopt,0.1,2,0.999,6,6,5,10,5.308096,4.904876,0.0978623,0.00127361,0.997145,0.0410346
clsqdeim,0.1,2,6,6,5,10,76.828476,5.643874,0.18216,1.56644e-05,0.021467,0.00106164
qdeim,0.1,2,6,6,5,10,41.814148,3.189760,0.151116,2.28177e-05,0.0143382,0.00166424
dopt,0.1,2,0.999,6,6,5,15,4.322593,2.758528,0.10453,0.00127361,0.997146,0.0410346
clsdopt,0.1,2,0.999,6,6,5,15,4.342412,2.443232,0.11611,0.00127361,0.997145,0.0410346
clsqdeim,0.1,2,6,6,5,15,3.810356,11.794343,0.207553,2.47071e-05,0.0115858,0.00143503
qdeim,0.1,2,6,6,5,15,5737.293884,36.252532,0.18392,2.28391e-05,0.0143823,0.00166481
dopt,0.1,2,0.999,6,6,5,20,4.000398,9.162214,0.114372,0.00127361,0.997145,0.0410346
clsdopt,0.1,2,0.999,6,6,5,20,3.615573,2.641713,0.128666,0.00127361,0.997145,0.0410346
clsqdeim,0.1,2,6,6,5,20,4.478716,7.430522,0.240866,2.42428e-05,0.00750809,0.00184532
qdeim,0.1,2,6,6,5,20,4987.022437,4.170414,0.192917,2.28376e-05,0.0144,0.00166558
dopt,0.1,2,0.999,6,6,5,25,5.069677,9.574116,0.12973,0.00127361,0.997145,0.0410346
clsdopt,0.1,2,0.999,6,6,5,25,3.246272,9.131348,0.145473,0.00127361,0.997145,0.0410346
clsqdeim,0.1,2,6,6,5,25,2.210555,6.388512,0.307414,2.5362e-05,0.0081526,0.00199439
qdeim,0.1,2,6,6,5,25,5518.680564,3.390072,0.211226,2.28249e-05,0.0143969,0.00166671
dopt,0.1,2,0.999,6,6,5,30,6.319971,23.374811,0.132615,0.00127361,0.997145,0.0410346
clsdopt,0.1,2,0.999,6,6,5,30,3.225203,6.464607,0.16014,0.00127361,0.997145,0.0410346
clsqdeim,0.1,2,6,6,5,30,2.416807,5.379024,0.320585,2.0178e-05,0.00890476,0.00174391
qdeim,0.1,2,6,6,5,30,5087.262244,2877.240190,0.222201,2.27798e-05,0.014371,0.00166667
dopt,0.1,2,0.999,6,6,5,35,6.125878,18.793725,0.142795,0.00127361,0.997145,0.0410346
clsdopt,0.1,2,0.999,6,6,5,35,3.152978,7.746769,0.161975,0.00127361,0.997145,0.0410346
clsqdeim,0.1,2,6,6,5,35,2.191009,4.811615,0.344056,2.03167e-05,0.00908106,0.00176291
qdeim,0.1,2,6,6,5,35,7.268685,2.895941,0.216038,2.26783e-05,0.0143074,0.00166632
dopt,0.1,2,0.999,6,6,5,40,5.445867,19.420614,0.158347,0.00127361,0.997145,0.0410346
clsdopt,0.1,2,0.999,6,6,5,40,3.105700,3.759854,0.176241,0.00127361,0.997145,0.0410346
clsqdeim,0.1,2,6,6,5,40,2.227189,5.213601,0.393289,2.03812e-05,0.00919164,0.00179281
qdeim,0.1,2,6,6,5,40,15.577687,7.600410,0.220045,2.26734e-05,0.0143065,0.00166632
dopt,0.1,2,0.999,6,6,5,45,6.547063,19.792237,0.16663,0.00127361,0.997145,0.0410346
clsdopt,0.1,2,0.999,6,6,5,45,6.673042,92.555759,0.18497,0.00127361,0.997145,0.0410346
clsqdeim,0.1,2,6,6,5,45,2.429891,4.703540,0.417652,2.06377e-05,0.00949039,0.00185023
qdeim,0.1,2,6,6,5,45,9.714546,2726.758382,0.264093,2.267e-05,0.0143064,0.00166627
dopt,0.1,2,0.999,6,6,5,50,5.651327,19.230877,0.170236,0.00127361,0.997145,0.0410346
clsdopt,0.1,2,0.999,6,6,5,50,6.142435,78.721126,0.193741,0.00127361,0.997145,0.0410346
clsqdeim,0.1,2,6,6,5,50,2.687962,3.604692,0.459925,2.07512e-05,0.00951086,0.00185385
qdeim,0.1,2,6,6,5,50,6700.721609,10.147108,0.230478,2.26674e-05,0.0143066,0.00166622
dopt,0.1,2,0.999,6,6,5,55,5.819917,26.449593,0.180968,0.00127361,0.997145,0.0410346
clsdopt,0.1,2,0.999,6,6,5,55,6.078406,77.310428,0.201193,0.00127361,0.997145,0.0410346
clsqdeim,0.1,2,6,6,5,55,2.707926,3.420009,0.45601,2.09413e-05,0.00975096,0.0018918
qdeim,0.1,2,6,6,5,55,11.858457,3.128947,0.207934,2.26657e-05,0.014306,0.00166625
dopt,0.1,2,0.999,6,6,5,60,5.537066,28.027427,0.178917,0.00127361,0.997145,0.0410346
clsdopt,0.1,2,0.999,6,6,5,60,6.183678,2721234.296023,0.2222,0.00127361,0.997145,0.0410346
clsqdeim,0.1,2,6,6,5,60,2.994899,3.869966,0.476304,2.09706e-05,0.00978602,0.00189958
qdeim,0.1,2,6,6,5,60,12.611809,9176.493496,0.231766,2.26648e-05,0.014307,0.00166617
dopt,0.1,2,0.999,6,6,5,65,6.001208,25.776157,0.184962,0.00127361,0.997145,0.0410346
clsdopt,0.1,2,0.999,6,6,5,65,6.054450,74.149002,0.237694,0.00127361,0.997145,0.0410346
clsqdeim,0.1,2,6,6,5,65,3.163323,2.383906,0.47525,2.09827e-05,0.00978815,0.00190161
qdeim,0.1,2,6,6,5,65,10.494392,3.191687,0.217317,2.33635e-05,0.0137143,0.00166873
dopt,0.1,2,0.999,6,6,5,70,5.583943,32.885867,0.199503,0.00127361,0.997145,0.0410346
clsdopt,0.1,2,0.999,6,6,5,70,5.962668,77.010211,0.240377,0.00127361,0.997145,0.0410346
clsqdeim,0.1,2,6,6,5,70,2.911722,2.613879,0.495834,2.10381e-05,0.01007,0.00191253
qdeim,0.1,2,6,6,5,70,9.649748,1610.076832,0.249751,1.94086e-05,0.0125892,0.0017266
dopt,0.1,2,0.999,6,6,5,75,5.902648,38.061039,0.206784,0.00127361,0.997145,0.0410346
clsdopt,0.1,2,0.999,6,6,5,75,6.518326,2778140.346781,0.238881,0.00127361,0.997145,0.0410346
clsqdeim,0.1,2,6,6,5,75,3.194939,3.661609,0.52285,2.10837e-05,0.0102026,0.00191857
qdeim,0.1,2,6,6,5,75,9.179719,2836.383810,0.268311,1.88966e-05,0.0128863,0.0017259
dopt,0.1,2,0.999,6,6,5,80,6.739820,27.117406,0.206696,0.00127361,0.997145,0.0410346
clsdopt,0.1,2,0.999,6,6,5,80,5.759462,81.451606,0.244213,0.00127361,0.997145,0.0410346
clsqdeim,0.1,2,6,6,5,80,2.968987,2.752732,0.514553,2.10973e-05,0.0103013,0.00193262
qdeim,0.1,2,6,6,5,80,11.280801,974.426697,0.295098,1.87751e-05,0.0132208,0.00172224
dopt,0.1,2,0.999,6,6,5,85,31.859480,23.141874,0.217416,0.00127361,0.997145,0.0410346
clsdopt,0.1,2,0.999,6,6,5,85,5.475488,76.196871,0.240773,0.00127361,0.997145,0.0410346
clsqdeim,0.1,2,6,6,5,85,3.138101,2.258501,0.52151,2.11264e-05,0.0103267,0.00193566
qdeim,0.1,2,6,6,5,85,10.665945,3.127875,0.304257,1.87202e-05,0.0135984,0.00170883
dopt,0.1,2,0.999,6,6,5,90,24.185036,7744.342062,0.219019,0.00127361,0.997145,0.0410346
clsdopt,0.1,2,0.999,6,6,5,90,5.361669,2953736.497362,0.24375,0.00127361,0.997145,0.0410346
clsqdeim,0.1,2,6,6,5,90,2.785733,3.796323,0.552378,2.11308e-05,0.0103697,0.00194159
qdeim,0.1,2,6,6,5,90,10.444168,655.555448,0.324521,1.87665e-05,0.0138106,0.00170699
dopt,0.1,2,0.999,6,6,5,95,26.535033,24.053771,0.229975,0.00127361,0.997145,0.0410346
clsdopt,0.1,2,0.999,6,6,5,95,6.700106,84.533228,0.240592,0.00127361,0.997145,0.0410346
clsqdeim,0.1,2,6,6,5,95,3.385137,2.259070,0.554504,2.1135e-05,0.0104017,0.00194576
qdeim,0.1,2,6,6,5,95,9.847175,3.256615,0.327299,1.91023e-05,0.0136205,0.00174185
dopt,0.1,2,0.999,6,6,5,100,26.590269,24.344024,0.230978,0.00127361,0.997145,0.0410346
clsdopt,0.1,2,0.999,6,6,5,100,6.631677,84.775959,0.244259,0.00127361,0.997145,0.0410346
clsqdeim,0.1,2,6,6,5,100,3.477362,2.681278,0.557077,2.11455e-05,0.0104244,0.00194896
qdeim,0.1,2,6,6,5,100,9.335925,10.879365,0.360891,1.90973e-05,0.0146869,0.00177486
dopt,0.1,3,0.9999,6,9,9,5,5.465261,7.184579,0.0760625,0.00127361,0.997145,0.0410347
clsdopt,0.1,3,0.9999,6,9,9,5,10.453437,9.043437,0.0807282,0.00127361,0.997145,0.0410347
clsqdeim,0.1,3,6,9,9,5,7.059850,10.996765,0.19944,1.63465e-05,0.00766619,0.000996625
qdeim,0.1,3,6,9,9,5,10.795193,8.382682,0.211406,1.18909e-05,0.00798714,0.0012361
dopt,0.1,3,0.9999,6,9,9,10,3.148803,5.202854,0.08842,0.00127361,0.997145,0.0410347
clsdopt,0.1,3,0.9999,6,9,9,10,4.338749,3.273134,0.107193,0.00127361,0.997145,0.0410347
clsqdeim,0.1,3,6,9,9,10,4.744961,4.841504,0.209848,1.91794e-05,0.00984475,0.00133818
qdeim,0.1,3,6,9,9,10,7.723483,5.300337,0.221999,1.64748e-05,0.0117401,0.00156075
dopt,0.1,3,0.9999,6,9,9,15,3.572826,5.901813,0.106724,0.00127361,0.997145,0.0410347
clsdopt,0.1,3,0.9999,6,9,9,15,5.448271,2.915996,0.122485,0.00127361,0.997145,0.0410347
clsqdeim,0.1,3,6,9,9,15,32.300017,7.545077,0.243697,1.58482e-05,0.0101841,0.00163025
qdeim,0.1,3,6,9,9,15,4.817197,171.716114,0.241167,1.56471e-05,0.0112392,0.00152451
dopt,0.1,3,0.9999,6,9,9,20,3.532717,3.683414,0.119569,0.00127361,0.997145,0.0410347
clsdopt,0.1,3,0.9999,6,9,9,20,3.510172,2.672534,0.135431,0.00127361,0.997145,0.0410347
clsqdeim,0.1,3,6,9,9,20,10.211530,5.157791,0.253449,2.45107e-05,0.0197265,0.00369298
qdeim,0.1,3,6,9,9,20,5.696238,4.383086,0.265343,1.43876e-05,0.0105592,0.00146376
dopt,0.1,3,0.9999,6,9,9,25,3.196326,3.502645,0.131715,0.00127361,0.997145,0.0410347
clsdopt,0.1,3,0.9999,6,9,9,25,4.462837,3.218698,0.147755,0.00127361,0.997145,0.0410347
clsqdeim,0.1,3,6,9,9,25,3.031857,4.209027,0.273061,2.35336e-05,0.0196585,0.00382774
qdeim,0.1,3,6,9,9,25,5.999123,4.513306,0.299292,1.37651e-05,0.0101748,0.00142655
dopt,0.1,3,0.9999,6,9,9,30,4.440115,3.268648,0.159639,0.00127361,0.997145,0.0410347
clsdopt,0.1,3,0.9999,6,9,9,30,3.382023,3.462195,0.160925,0.00127361,0.997145,0.0410347
clsqdeim,0.1,3,6,9,9,30,31.793818,247.214763,0.298144,2.34817e-05,0.0202521,0.0045535
qdeim,0.1,3,6,9,9,30,8.877701,325.717316,0.330696,2.87895e-05,0.0192829,0.00282328
dopt,0.1,3,0.9999,6,9,9,35,4.425785,8.108989,0.169562,0.00127361,0.997145,0.0410347
clsdopt,0.1,3,0.9999,6,9,9,35,3.258050,2.849525,0.170574,0.00127361,0.997145,0.0410347
clsqdeim,0.1,3,6,9,9,35,8.391965,3.959616,0.313959,2.43139e-05,0.0203616,0.0045567
qdeim,0.1,3,6,9,9,35,8.673552,5.004008,0.34086,2.85452e-05,0.0191559,0.00281004
dopt,0.1,3,0.9999,6,9,9,40,4.159059,4.698322,0.181892,0.00127361,0.997145,0.0410347
clsdopt,0.1,3,0.9999,6,9,9,40,3.641561,2.040651,0.179696,0.00127361,0.997145,0.0410347
clsqdeim,0.1,3,6,9,9,40,8.078828,4.098748,0.328481,2.59674e-05,0.0210058,0.0046504
qdeim,0.1,3,6,9,9,40,5.848595,5.827692,0.361477,2.83578e-05,0.0190079,0.00279874
dopt,0.1,3,0.9999,6,9,9,45,4.346849,11.385564,0.193436,0.00127361,0.997145,0.0410346
clsdopt,0.1,3,0.9999,6,9,9,45,3.191171,2.206095,0.190382,0.00127361,0.997145,0.0410347
clsqdeim,0.1,3,6,9,9,45,668.060131,263.436521,0.333283,2.623e-05,0.0211185,0.00464938
qdeim,0.1,3,6,9,9,45,614.396695,3493.267563,0.372688,2.82033e-05,0.0188778,0.00279028
dopt,0.1,3,0.9999,6,9,9,50,4.215240,15.939630,0.207988,0.00127361,0.997145,0.0410346
clsdopt,0.1,3,0.9999,6,9,9,50,2.604227,2.108064,0.195633,0.00127361,0.997145,0.0410347
clsqdeim,0.1,3,6,9,9,50,18.709821,8.472801,0.344484,2.74358e-05,0.0221727,0.0051217
qdeim,0.1,3,6,9,9,50,7.422036,6.181072,0.382109,2.81863e-05,0.018816,0.00278379
dopt,0.1,3,0.9999,6,9,9,55,4.416478,7.758143,0.219442,0.00127361,0.997145,0.0410346
clsdopt,0.1,3,0.9999,6,9,9,55,3.376023,2.799144,0.199023,0.00127361,0.997145,0.0410347
clsqdeim,0.1,3,6,9,9,55,5.821675,8.627859,0.343494,2.70887e-05,0.0217247,0.00503259
qdeim,0.1,3,6,9,9,55,6.989622,5.622418,0.375456,2.87669e-05,0.0190697,0.0028245
dopt,0.1,3,0.9999,6,9,9,60,3.925432,10.199557,0.226112,0.00127361,0.997145,0.0410346
clsdopt,0.1,3,0.9999,6,9,9,60,2.574642,1.963288,0.210161,0.00127361,0.997145,0.0410347
clsqdeim,0.1,3,6,9,9,60,10.121502,10.612152,0.354035,2.64038e-05,0.0214687,0.00502091
qdeim,0.1,3,6,9,9,60,12.381479,7637.791129,0.376959,3.00543e-05,0.0197031,0.00291994
dopt,0.1,3,0.9999,6,9,9,65,3.543915,13.147687,0.247899,0.00127361,0.997145,0.0410347
clsdopt,0.1,3,0.9999,6,9,9,65,3.209716,2.068240,0.219849,0.00127361,0.997145,0.0410347
clsqdeim,0.1,3,6,9,9,65,11.679692,4.248975,0.373401,2.70501e-05,0.0221833,0.00522125
qdeim,0.1,3,6,9,9,65,9.082635,5.367081,0.377278,3.23588e-05,0.0207907,0.0030965
dopt,0.1,3,0.9999,6,9,9,70,3.447609,9.123571,0.265015,0.00127361,0.997145,0.0410347
clsdopt,0.1,3,0.9999,6,9,9,70,2.424871,3.103175,0.228898,0.00127361,0.997145,0.0410347
clsqdeim,0.1,3,6,9,9,70,10.477754,4.856469,0.384878,2.69069e-05,0.0223586,0.005146
qdeim,0.1,3,6,9,9,70,8.743611,5.320836,0.368887,3.59876e-05,0.0226205,0.00339095
dopt,0.1,3,0.9999,6,9,9,75,3.323189,8.084036,0.248987,0.00127361,0.997145,0.0410347
clsdopt,0.1,3,0.9999,6,9,9,75,2.034910,12.938087,0.242288,0.00127361,0.997145,0.0410347
clsqdeim,0.1,3,6,9,9,75,15.922687,281.357743,0.428179,4.64315e-05,0.0253874,0.00918305
qdeim,0.1,3,6,9,9,75,9.345875,4440.959236,0.369311,3.59846e-05,0.0226081,0.00338578
dopt,0.1,3,0.9999,6,9,9,80,3.707294,9.984173,0.271346,0.00127361,0.997145,0.0410347
clsdopt,0.1,3,0.9999,6,9,9,80,2.266422,10.523206,0.250623,0.00127361,0.997145,0.0410347
clsqdeim,0.1,3,6,9,9,80,5.494141,3.782522,0.44691,3.14894e-05,0.0185945,0.00589809
qdeim,0.1,3,6,9,9,80,7.166550,6.078577,0.380095,3.59773e-05,0.0225929,0.00338406
dopt,0.1,3,0.9999,6,9,9,85,3.391227,7.372607,0.258439,0.00127361,0.997145,0.0410347
clsdopt,0.1,3,0.9999,6,9,9,85,2.375415,6.071418,0.267757,0.00127361,0.997145,0.0410347
clsqdeim,0.1,3,6,9,9,85,5.022827,4.762262,0.467652,3.32094e-05,0.021519,0.00616778
qdeim,0.1,3,6,9,9,85,6.855096,6.336911,0.379902,3.62028e-05,0.0225897,0.00335588
dopt,0.1,3,0.9999,6,9,9,90,3.661849,10.075549,0.276754,0.00127361,0.997145,0.0410347
clsdopt,0.1,3,0.9999,6,9,9,90,2.166673,12.025138,0.269636,0.00127361,0.997145,0.0410347
clsqdeim,0.1,3,6,9,9,90,78.933461,1935.013775,0.471836,3.74038e-05,0.0247363,0.00681847
qdeim,0.1,3,6,9,9,90,19.698771,5035.717244,0.38429,3.62638e-05,0.0225502,0.00334538
dopt,0.1,3,0.9999,6,9,9,95,3.369488,70.301035,0.281522,0.00127361,0.997145,0.0410347
clsdopt,0.1,3,0.9999,6,9,9,95,1.960106,13.657184,0.28309,0.00127361,0.997145,0.0410347
clsqdeim,0.1,3,6,9,9,95,5.257287,4.818880,0.491778,3.90912e-05,0.0261381,0.00707254
qdeim,0.1,3,6,9,9,95,10.091419,6.629418,0.382057,3.62344e-05,0.0224941,0.00335535
dopt,0.1,3,0.9999,6,9,9,100,3.281709,35.487282,0.281837,0.00127361,0.997145,0.0410347
clsdopt,0.1,3,0.9999,6,9,9,100,2.246658,12.929577,0.282217,0.00127361,0.997145,0.0410347
clsqdeim,0.1,3,6,9,9,100,4.975921,4.094860,0.505286,4.03338e-05,0.0270994,0.00725498
qdeim,0.1,3,6,9,9,100,12.369138,5.911961,0.342858,3.88187e-05,0.0244931,0.00366067
dopt,0.1,4,0.99999,6,14,12,5,6.712922,8.020626,0.0947175,0.00127361,0.997145,0.0410347
clsdopt,0.1,4,0.99999,6,14,12,5,7.877689,13.756060,0.097993,0.00127361,0.997145,0.0410347
clsqdeim,0.1,4,6,14,12,5,13.592358,29.751381,0.25909,1.54466e-05,0.0093412,0.00277515
qdeim,0.1,4,6,14,12,5,10.115897,19.343804,0.293536,0.00127634,,0.0410282
dopt,0.1,4,0.99999,6,14,12,10,6.467950,9.421168,0.11376,0.00127361,0.997145,0.0410347
clsdopt,0.1,4,0.99999,6,14,12,10,5.385130,9.374622,0.120333,0.00127361,0.997145,0.0410347
clsqdeim,0.1,4,6,14,12,10,10.634202,14.243957,0.298283,1.19385e-05,0.00712067,0.00211895
qdeim,0.1,4,6,14,12,10,6.246975,10.164623,0.274278,4.84429e-05,0.0301348,0.00473739
dopt,0.1,4,0.99999,6,14,12,15,4.836126,5.373005,0.129794,0.00127361,0.997145,0.0410347
clsdopt,0.1,4,0.99999,6,14,12,15,4.904303,6.992558,0.127852,0.00127361,0.997145,0.0410347
clsqdeim,0.1,4,6,14,12,15,7.018589,8.843955,0.339627,1.55667e-05,0.009603,0.0025354
qdeim,0.1,4,6,14,12,15,4.875891,15.671172,0.319711,1.65434e-05,0.0112169,0.00151617
dopt,0.1,4,0.99999,6,14,12,20,4.030461,4.339190,0.148251,0.00127361,0.997145,0.0410347
clsdopt,0.1,4,0.99999,6,14,12,20,3.700187,4.472241,0.143065,0.00127361,0.997145,0.0410347
clsqdeim,0.1,4,6,14,12,20,5.825880,11.712048,0.384336,1.7002e-05,0.00937443,0.00217858
qdeim,0.1,4,6,14,12,20,4.967683,14.366513,0.335153,2.26433e-05,0.0182314,0.00276029
dopt,0.1,4,0.99999,6,14,12,25,4.405193,3.101749,0.162183,0.00127361,0.997145,0.0410347
clsdopt,0.1,4,0.99999,6,14,12,25,3.467519,4.002223,0.155367,0.00127361,0.997145,0.0410347
clsqdeim,0.1,4,6,14,12,25,5.094585,9.646923,0.404343,1.58682e-05,0.00872094,0.00205514
qdeim,0.1,4,6,14,12,25,4.855968,13.527198,0.352861,2.96585e-05,0.0224981,0.00385633
dopt,0.1,4,0.99999,6,14,12,30,2.947856,3.195143,0.176162,0.00127361,0.997145,0.0410347
clsdopt,0.1,4,0.99999,6,14,12,30,2.618898,4.014038,0.165601,0.00127361,0.997145,0.0410347
clsqdeim,0.1,4,6,14,12,30,6.417123,8.228341,0.425341,1.75631e-05,0.00933906,0.00220822
qdeim,0.1,4,6,14,12,30,5.720348,15.321542,0.391529,1.84149e-05,0.0139832,0.0026204
dopt,0.1,4,0.99999,6,14,12,35,3.324139,2.585698,0.182955,0.00127361,0.997145,0.0410347
clsdopt,0.1,4,0.99999,6,14,12,35,2.965251,4.071837,0.175861,0.00127361,0.997145,0.0410347
clsqdeim,0.1,4,6,14,12,35,5.112122,8.365007,0.466773,1.83738e-05,0.00987789,0.00232542
qdeim,0.1,4,6,14,12,35,7.280374,30.842494,0.411494,1.69488e-05,0.0126279,0.00236446
dopt,0.1,4,0.99999,6,14,12,40,3.168313,3.246197,0.195922,0.00127361,0.997145,0.0410347
clsdopt,0.1,4,0.99999,6,14,12,40,2.682424,4.280624,0.187697,0.00127361,0.997145,0.0410347
clsqdeim,0.1,4,6,14,12,40,5.092166,9.517288,0.505663,1.92827e-05,0.0104341,0.00222991
qdeim,0.1,4,6,14,12,40,6.814590,14.775375,0.452109,1.53049e-05,0.0111098,0.00212812
dopt,0.1,4,0.99999,6,14,12,45,3.275472,2.676837,0.210226,0.00127361,0.997145,0.0410347
clsdopt,0.1,4,0.99999,6,14,12,45,2.575748,3.766492,0.200849,0.00127361,0.997145,0.0410347
clsqdeim,0.1,4,6,14,12,45,5.406526,8.796946,0.524958,2.0553e-05,0.0121984,0.00256808
qdeim,0.1,4,6,14,12,45,6.427973,9.112078,0.471943,1.47253e-05,0.010685,0.00207406
dopt,0.1,4,0.99999,6,14,12,50,3.112206,2.700818,0.218735,0.00127361,0.997145,0.0410347
clsdopt,0.1,4,0.99999,6,14,12,50,2.652434,3.760503,0.20553,0.00127361,0.997145,0.0410347
clsqdeim,0.1,4,6,14,12,50,4.672580,8.697742,0.554898,2.23077e-05,0.0128847,0.00236481
qdeim,0.1,4,6,14,12,50,7.763372,9.239699,0.489403,1.22359e-05,0.00751728,0.00150439
dopt,0.1,4,0.99999,6,14,12,55,3.227747,2.700939,0.218493,0.00127361,0.997145,0.0410347
clsdopt,0.1,4,0.99999,6,14,12,55,3.367212,3.706786,0.216504,0.00127361,0.997145,0.0410347
clsqdeim,0.1,4,6,14,12,55,6.682621,7.520544,0.591649,2.50699e-05,0.0141639,0.00249717
qdeim,0.1,4,6,14,12,55,7.500928,9.018538,0.522621,2.38682e-05,0.0133872,0.00216979
dopt,0.1,4,0.99999,6,14,12,60,4.394890,2.558346,0.231735,0.00127361,0.997145,0.0410347
clsdopt,0.1,4,0.99999,6,14,12,60,2.827108,3.322539,0.226078,0.00127361,0.997145,0.0410347
clsqdeim,0.1,4,6,14,12,60,6.886918,7.652897,0.638895,2.68364e-05,0.0152072,0.00261746
qdeim,0.1,4,6,14,12,60,1082.221141,9.784451,0.536771,5.19198e-05,0.0262081,0.00393844
dopt,0.1,4,0.99999,6,14,12,65,3.613908,2.613610,0.238111,0.00127361,0.997145,0.0410347
clsdopt,0.1,4,0.99999,6,14,12,65,2.791285,3.392408,0.229152,0.00127361,0.997145,0.0410347
clsqdeim,0.1,4,6,14,12,65,4.445906,7.924931,0.672954,2.8245e-05,0.0164062,0.00276563
qdeim,0.1,4,6,14,12,65,6.816937,12.203102,0.575394,5.41469e-05,0.0253773,0.00369532
dopt,0.1,4,0.99999,6,14,12,70,3.352401,2.966123,0.242476,0.00127361,0.997145,0.0410347
clsdopt,0.1,4,0.99999,6,14,12,70,3.245784,4.842338,0.238506,0.00127361,0.997145,0.0410347
clsqdeim,0.1,4,6,14,12,70,5.083565,17.195440,0.691164,1.39783e-05,0.00823233,0.0011844
qdeim,0.1,4,6,14,12,70,6.085153,17.391982,0.558922,5.618e-05,0.0251335,0.00357055
dopt,0.1,4,0.99999,6,14,12,75,3.857938,2.456638,0.248893,0.00127361,0.997145,0.0410347
clsdopt,0.1,4,0.99999,6,14,12,75,3.200726,2.876344,0.247183,0.00127361,0.997145,0.0410347
clsqdeim,0.1,4,6,14,12,75,4.824729,8.487090,0.706343,1.78579e-05,0.010909,0.00141137
qdeim,0.1,4,6,14,12,75,6.194095,9.988013,0.677962,2.53095e-05,0.0093076,0.00132181
dopt,0.1,4,0.99999,6,14,12,80,3.506211,2.379033,0.254918,0.00127361,0.997145,0.0410347
clsdopt,0.1,4,0.99999,6,14,12,80,3.061032,3.167803,0.252939,0.00127361,0.997145,0.0410347
clsqdeim,0.1,4,6,14,12,80,4.919137,9.682065,0.717749,1.61912e-05,0.00945885,0.00129516
qdeim,0.1,4,6,14,12,80,7.527179,10.522440,0.694743,4.67142e-05,0.019523,0.00271148
dopt,0.1,4,0.99999,6,14,12,85,3.778515,2.585804,0.25904,0.00127361,0.997145,0.0410347
clsdopt,0.1,4,0.99999,6,14,12,85,2.692483,3.560933,0.298643,0.00127361,0.997145,0.0410347
clsqdeim,0.1,4,6,14,12,85,2.813544,7.117803,0.715636,1.75765e-05,0.0102911,0.00140392
qdeim,0.1,4,6,14,12,85,6.867846,10.139742,0.739664,4.92549e-05,0.0212275,0.00309772
dopt,0.1,4,0.99999,6,14,12,90,3.112976,2.641501,0.265936,0.00127361,0.997145,0.0410347
clsdopt,0.1,4,0.99999,6,14,12,90,2.664148,3.189760,0.268628,0.00127361,0.997145,0.0410347
clsqdeim,0.1,4,6,14,12,90,4.706094,9.097139,0.720149,1.96976e-05,0.011639,0.00155473
qdeim,0.1,4,6,14,12,90,5.812689,9.048590,0.920335,0.00127634,,0.0410282
dopt,0.1,4,0.99999,6,14,12,95,3.308527,2.989034,0.275041,0.00127361,0.997145,0.0410347
clsdopt,0.1,4,0.99999,6,14,12,95,2.692124,3.310367,0.268535,0.00127361,0.997145,0.0410347
clsqdeim,0.1,4,6,14,12,95,3.813971,5.972290,0.730839,2.14977e-05,0.0127969,0.00168347
qdeim,0.1,4,6,14,12,95,4.704848,9.476802,0.951011,0.00127634,,0.0410282
dopt,0.1,4,0.99999,6,14,12,100,3.027921,2.545476,0.288385,0.00127361,0.997145,0.0410347
clsdopt,0.1,4,0.99999,6,14,12,100,2.619827,2.366171,0.269859,0.00127361,0.997145,0.0410347
clsqdeim,0.1,4,6,14,12,100,3.688635,7.186438,0.740438,1.96061e-05,0.0114633,0.00154285
qdeim,0.1,4,6,14,12,100,5.436274,9.957167,0.942568,0.00127634,,0.0410282
dopt,0.1,5,0.999999,6,20,18,5,12.150154,22.681085,0.112195,0.00127361,0.997145,0.0410347
clsdopt,0.1,5,0.999999,6,20,18,5,14.330920,16.672637,0.115186,0.00127361,0.997145,0.0410347
clsqdeim,0.1,5,6,20,18,5,16.533309,29.542552,0.365583,nan,nan,nan
qdeim,0.1,5,6,20,18,5,48.888356,76.919156,0.346104,nan,nan,nan
dopt,0.1,5,0.999999,6,20,18,10,7.188542,8.482481,0.125111,0.00127361,0.997145,0.0410347
clsdopt,0.1,5,0.999999,6,20,18,10,7.904032,8.687271,0.135918,0.00127361,0.997145,0.0410347
clsqdeim,0.1,5,6,20,18,10,24.258194,34.106672,0.358365,nan,nan,nan
qdeim,0.1,5,6,20,18,10,27.548395,32.409918,0.438125,nan,nan,nan
dopt,0.1,5,0.999999,6,20,18,15,5.997678,8.082593,0.14503,0.00127361,0.997145,0.0410347
clsdopt,0.1,5,0.999999,6,20,18,15,5.491156,7.774479,0.146821,0.00127361,0.997145,0.0410347
clsqdeim,0.1,5,6,20,18,15,11.361366,15.891212,0.467241,nan,nan,nan
qdeim,0.1,5,6,20,18,15,33.480274,20.310509,0.503609,nan,nan,nan
dopt,0.1,5,0.999999,6,20,18,20,5.236251,5.580353,0.156224,0.00127361,0.997145,0.0410347
clsdopt,0.1,5,0.999999,6,20,18,20,4.820924,6.819900,0.160609,0.00127361,0.997145,0.0410347
clsqdeim,0.1,5,6,20,18,20,12.468251,392.068479,0.424661,nan,nan,nan
qdeim,0.1,5,6,20,18,20,26.275627,184.745668,0.542668,nan,nan,nan
dopt,0.1,5,0.999999,6,20,18,25,5.091377,6.226220,0.169716,0.00127361,0.997145,0.0410347
clsdopt,0.1,5,0.999999,6,20,18,25,4.986059,8.763224,0.177237,0.00127361,0.997145,0.0410347
clsqdeim,0.1,5,6,20,18,25,8.810281,17.651914,0.447725,nan,nan,nan
qdeim,0.1,5,6,20,18,25,21.338278,59.491914,0.571047,nan,nan,nan
dopt,0.1,5,0.999999,6,20,18,30,3.814357,4.932036,0.180449,0.00127361,0.997145,0.0410347
clsdopt,0.1,5,0.999999,6,20,18,30,3.434894,5.787915,0.191803,0.00127361,0.997145,0.0410347
clsqdeim,0.1,5,6,20,18,30,11.219394,11.629580,0.455764,nan,nan,nan
qdeim,0.1,5,6,20,18,30,36.159760,209.203401,0.577093,nan,nan,nan
dopt,0.1,5,0.999999,6,20,18,35,3.908960,5.981050,0.188046,0.00127361,0.997145,0.0410347
clsdopt,0.1,5,0.999999,6,20,18,35,4.031595,5.286313,0.207783,0.00127361,0.997145,0.0410347
clsqdeim,0.1,5,6,20,18,35,9.871865,12.304808,0.491428,nan,nan,nan
qdeim,0.1,5,6,20,18,35,34.357956,153.779860,0.586701,nan,nan,nan
dopt,0.1,5,0.999999,6,20,18,40,4.059166,4.233161,0.208033,0.00127361,0.997145,0.0410347
clsdopt,0.1,5,0.999999,6,20,18,40,3.554875,5.815461,0.222317,0.00127361,0.997145,0.0410347
clsqdeim,0.1,5,6,20,18,40,8.358848,19.079143,0.496594,nan,nan,nan
qdeim,0.1,5,6,20,18,40,1074.019509,8773.470251,0.589844,nan,nan,nan
dopt,0.1,5,0.999999,6,20,18,45,3.962595,4.158396,0.222109,0.00127361,0.997145,0.0410347
clsdopt,0.1,5,0.999999,6,20,18,45,3.401913,4.246017,0.237323,0.00127361,0.997145,0.0410347
clsqdeim,0.1,5,6,20,18,45,14.710629,9.980689,0.518518,nan,nan,nan
qdeim,0.1,5,6,20,18,45,2230.086528,7834.130539,0.577809,nan,nan,nan
dopt,0.1,5,0.999999,6,20,18,50,3.980934,4.284254,0.235832,0.00127361,0.997145,0.0410347
clsdopt,0.1,5,0.999999,6,20,18,50,3.183941,4.109515,0.252857,0.00127361,0.997145,0.0410347
clsqdeim,0.1,5,6,20,18,50,7.797130,10.432376,0.563453,nan,nan,nan
qdeim,0.1,5,6,20,18,50,687.674591,4107.106021,0.576839,nan,nan,nan
dopt,0.1,5,0.999999,6,20,18,55,3.591743,4.666914,0.253485,0.00127361,0.997145,0.0410347
clsdopt,0.1,5,0.999999,6,20,18,55,3.750622,4.335196,0.256955,0.00127361,0.997145,0.0410347
clsqdeim,0.1,5,6,20,18,55,7.295846,10.496357,0.58792,nan,nan,nan
qdeim,0.1,5,6,20,18,55,32.724394,23609.344081,0.521468,nan,nan,nan
dopt,0.1,5,0.999999,6,20,18,60,2.700425,4.557919,0.261607,0.00127361,0.997145,0.0410347
clsdopt,0.1,5,0.999999,6,20,18,60,3.039398,4.293902,0.269584,0.00127361,0.997145,0.0410347
clsqdeim,0.1,5,6,20,18,60,9.435832,13.937031,0.629481,nan,nan,nan
qdeim,0.1,5,6,20,18,60,506.684351,36777.034878,0.53382,nan,nan,nan
dopt,0.1,5,0.999999,6,20,18,65,3.114804,4.922288,0.26863,0.00127361,0.997145,0.0410347
clsdopt,0.1,5,0.999999,6,20,18,65,3.097237,3.811056,0.277008,0.00127361,0.997145,0.0410347
clsqdeim,0.1,5,6,20,18,65,7.167779,8.336105,0.652504,nan,nan,nan
qdeim,0.1,5,6,20,18,65,31.546685,31909.140620,0.458886,nan,nan,nan
dopt,0.1,5,0.999999,6,20,18,70,2.718755,3.703283,0.28371,0.00127361,0.997145,0.0410347
clsdopt,0.1,5,0.999999,6,20,18,70,2.690688,3.465152,0.291484,0.00127361,0.997145,0.0410347
clsqdeim,0.1,5,6,20,18,70,7.135502,13.415854,0.672545,nan,nan,nan
qdeim,0.1,5,6,20,18,70,255.137053,41797.359974,0.466776,nan,nan,nan
dopt,0.1,5,0.999999,6,20,18,75,3.052498,3.709999,0.288047,0.00127361,0.997145,0.0410347
clsdopt,0.1,5,0.999999,6,20,18,75,2.998646,3.791241,0.302,0.00127361,0.997145,0.0410347
clsqdeim,0.1,5,6,20,18,75,308.446589,8.676806,0.685251,nan,nan,nan
qdeim,0.1,5,6,20,18,75,347.382648,40033.240850,0.524198,nan,nan,nan
dopt,0.1,5,0.999999,6,20,18,80,2.887591,4.520797,0.29706,0.00127361,0.997145,0.0410347
clsdopt,0.1,5,0.999999,6,20,18,80,2.971358,3.914747,0.315813,0.00127361,0.997145,0.0410347
clsqdeim,0.1,5,6,20,18,80,345.771264,22.220918,0.698732,nan,nan,nan
qdeim,0.1,5,6,20,18,80,106.399641,56017.303196,0.53209,nan,nan,nan
dopt,0.1,5,0.999999,6,20,18,85,3.148019,4.342250,0.306559,0.00127361,0.997145,0.0410347
clsdopt,0.1,5,0.999999,6,20,18,85,2.707298,4.681910,0.318857,0.00127361,0.997145,0.0410347
clsqdeim,0.1,5,6,20,18,85,7.011992,8.047028,0.710215,nan,nan,nan
qdeim,0.1,5,6,20,18,85,30.475738,36879.693913,0.557237,nan,nan,nan
dopt,0.1,5,0.999999,6,20,18,90,3.337389,4.304664,0.305044,0.00127361,0.997145,0.0410347
clsdopt,0.1,5,0.999999,6,20,18,90,2.917627,4.128362,0.342746,0.00127361,0.997145,0.0410347
clsqdeim,0.1,5,6,20,18,90,2046.198969,8.516511,0.770471,nan,nan,nan
qdeim,0.1,5,6,20,18,90,651.472155,34673.231385,0.540077,nan,nan,nan
dopt,0.1,5,0.999999,6,20,18,95,2.811888,3.724441,0.313253,0.00127361,0.997145,0.0410347
clsdopt,0.1,5,0.999999,6,20,18,95,2.661258,3.611563,0.338453,0.00127361,0.997145,0.0410347
clsqdeim,0.1,5,6,20,18,95,6.577785,7.332080,0.713438,nan,nan,nan
qdeim,0.1,5,6,20,18,95,34.124584,47.296257,0.496103,nan,nan,nan
dopt,0.1,5,0.999999,6,20,18,100,2.811697,4.320975,0.317948,0.00127361,0.997145,0.0410347
clsdopt,0.1,5,0.999999,6,20,18,100,2.716689,4.207464,0.34794,0.00127361,0.997145,0.0410347
clsqdeim,0.1,5,6,20,18,100,16.255709,20.174661,0.695083,nan,nan,nan
qdeim,0.1,5,6,20,18,100,35.692424,28094.283574,0.562677,nan,nan,nan
dopt,0.1,6,0.9999999,6,24,23,5,12.330266,19.327432,0.135256,0.00127361,0.997145,0.0410347
clsdopt,0.1,6,0.9999999,6,24,23,5,21.956973,31.805012,0.135661,0.00127361,0.997145,0.0410347
clsqdeim,0.1,6,6,24,23,5,20.439756,36.907331,0.340577,0.00127634,,
qdeim,0.1,6,6,24,23,5,52.829731,30.303847,0.358369,0.00127634,,
dopt,0.1,6,0.9999999,6,24,23,10,10.709385,11.615827,0.149497,0.00127361,0.997145,0.0410347
clsdopt,0.1,6,0.9999999,6,24,23,10,14.273339,17.379050,0.152715,0.00127361,0.997145,0.0410347
clsqdeim,0.1,6,6,24,23,10,23.310204,30.890284,0.316408,0.00127634,,
qdeim,0.1,6,6,24,23,10,48.700613,22.548883,0.51624,0.00127634,,
dopt,0.1,6,0.9999999,6,24,23,15,7.748664,7.464209,0.16182,0.00127361,0.997145,0.0410347
clsdopt,0.1,6,0.9999999,6,24,23,15,6.271614,13.324300,0.165135,0.00127361,0.997145,0.0410347
clsqdeim,0.1,6,6,24,23,15,17.768865,28.514532,0.385611,0.00127634,,
qdeim,0.1,6,6,24,23,15,38.781230,25.359324,0.558079,0.00127634,,
dopt,0.1,6,0.9999999,6,24,23,20,5.947444,7.473552,0.179969,0.00127361,0.997145,0.0410347
clsdopt,0.1,6,0.9999999,6,24,23,20,6.518982,9.325522,0.180427,0.00127361,0.997145,0.0410347
clsqdeim,0.1,6,6,24,23,20,23.910608,33.598779,0.368307,0.00127634,,
qdeim,0.1,6,6,24,23,20,28.074763,17.755958,0.638198,0.00127634,,
dopt,0.1,6,0.9999999,6,24,23,25,5.751204,7.656396,0.18519,0.00127361,0.997145,0.0410347
clsdopt,0.1,6,0.9999999,6,24,23,25,5.333332,7.608789,0.190758,0.00127361,0.997145,0.0410347
clsqdeim,0.1,6,6,24,23,25,28.783556,13.205378,0.466759,0.00127634,,
qdeim,0.1,6,6,24,23,25,24.427721,19.252761,0.434508,2.29646e-05,0.0154497,0.00312564
dopt,0.1,6,0.9999999,6,24,23,30,5.197256,6.714714,0.196235,0.00127361,0.997145,0.0410347
clsdopt,0.1,6,0.9999999,6,24,23,30,5.443346,6.981204,0.996531,0.00127361,0.997145,0.0410347
clsqdeim,0.1,6,6,24,23,30,23.182378,20.609243,0.521113,0.00127634,,
qdeim,0.1,6,6,24,23,30,22.061814,15.486027,0.436986,1.18333e-05,0.00736354,0.00124748
dopt,0.1,6,0.9999999,6,24,23,35,4.277464,6.465863,0.210619,0.00127361,0.997145,0.0410347
clsdopt,0.1,6,0.9999999,6,24,23,35,4.629684,7.454958,0.221779,0.00127361,0.997145,0.0410347
clsqdeim,0.1,6,6,24,23,35,19.783413,12.286947,3.39195,0.00127634,,
qdeim,0.1,6,6,24,23,35,14.297993,11.059615,0.477382,1.74297e-05,0.00807253,0.00143899
dopt,0.1,6,0.9999999,6,24,23,40,4.140384,5.687147,0.225879,0.00127361,0.997145,0.0410347
clsdopt,0.1,6,0.9999999,6,24,23,40,4.221839,7.095848,0.234285,0.00127361,0.997145,0.0410347
clsqdeim,0.1,6,6,24,23,40,20.454318,35.241663,0.569265,0.00127634,,
qdeim,0.1,6,6,24,23,40,19.219700,15.732396,0.487872,1.3914e-05,0.00593725,0.000927833
dopt,0.1,6,0.9999999,6,24,23,45,4.350727,6.587422,0.24389,0.00127361,0.997145,0.0410347
clsdopt,0.1,6,0.9999999,6,24,23,45,5.971646,6.594684,0.251388,0.00127361,0.997145,0.0410347
clsqdeim,0.1,6,6,24,23,45,19.378086,11.831302,0.609517,0.00127634,,
qdeim,0.1,6,6,24,23,45,14.216864,18.104885,0.502931,1.68162e-05,0.00730311,0.00115647
dopt,0.1,6,0.9999999,6,24,23,50,5.065358,6.356009,0.265249,0.00127361,0.997145,0.0410347
clsdopt,0.1,6,0.9999999,6,24,23,50,4.634879,6.788085,0.27328,0.00127361,0.997145,0.0410347
clsqdeim,0.1,6,6,24,23,50,21.524343,15.007257,0.637934,0.00127634,,
qdeim,0.1,6,6,24,23,50,15.335826,15.551018,0.50766,1.52428e-05,0.00678445,0.00106575
dopt,0.1,6,0.9999999,6,24,23,55,4.038944,5.278952,0.285115,0.00127361,0.997145,0.0410347
clsdopt,0.1,6,0.9999999,6,24,23,55,4.202620,5.995787,0.280076,0.00127361,0.997145,0.0410347
clsqdeim,0.1,6,6,24,23,55,16.520497,10.756777,0.731776,0.00127634,,
qdeim,0.1,6,6,24,23,55,16.022764,14.957528,0.516582,1.6131e-05,0.00718041,0.00112699
dopt,0.1,6,0.9999999,6,24,23,60,3.654317,4.409402,0.296862,0.00127361,0.997145,0.0410347
clsdopt,0.1,6,0.9999999,6,24,23,60,3.705912,5.232936,0.289225,0.00127361,0.997145,0.0410347
clsqdeim,0.1,6,6,24,23,60,19.179338,141.859338,0.673426,0.00127634,,
qdeim,0.1,6,6,24,23,60,13.699816,38.502343,0.547543,1.14101e-05,0.00557629,0.000847894
dopt,0.1,6,0.9999999,6,24,23,65,4.033229,4.268899,0.300387,0.00127361,0.997145,0.0410347
clsdopt,0.1,6,0.9999999,6,24,23,65,3.889908,5.865451,0.308882,0.00127361,0.997145,0.0410347
clsqdeim,0.1,6,6,24,23,65,18.228492,10.906904,0.691274,0.00127634,,
qdeim,0.1,6,6,24,23,65,10.865246,18.812678,0.576341,1.06057e-05,0.00510489,0.000724759
dopt,0.1,6,0.9999999,6,24,23,70,3.097965,5.262985,0.312827,0.00127361,0.997145,0.0410347
clsdopt,0.1,6,0.9999999,6,24,23,70,3.937199,5.800435,0.315509,0.00127361,0.997145,0.0410347
clsqdeim,0.1,6,6,24,23,70,16.846176,9.852949,0.644027,0.00127634,,
qdeim,0.1,6,6,24,23,70,11.399884,17.145013,0.542484,3.29346e-05,0.0159723,0.00268734
dopt,0.1,6,0.9999999,6,24,23,75,3.346937,5.834784,0.320628,0.00127361,0.997145,0.0410347
clsdopt,0.1,6,0.9999999,6,24,23,75,3.783480,4.968199,0.331447,0.00127361,0.997145,0.0410347
clsqdeim,0.1,6,6,24,23,75,16.330268,25.649133,0.649252,0.00127634,,
qdeim,0.1,6,6,24,23,75,12.541248,17.276342,0.638466,1.22577e-05,0.00602727,0.000903201
dopt,0.1,6,0.9999999,6,24,23,80,3.742908,4.748723,0.327647,0.00127361,0.997145,0.0410347
clsdopt,0.1,6,0.9999999,6,24,23,80,3.444213,4.899916,0.342845,0.00127361,0.997145,0.0410347
clsqdeim,0.1,6,6,24,23,80,15.061495,412.294861,0.808425,0.00127634,,
qdeim,0.1,6,6,24,23,80,12.061731,233.469459,0.648036,1.28092e-05,0.00617326,0.000934206
dopt,0.1,6,0.9999999,6,24,23,85,3.075238,4.845121,0.345575,0.00127361,0.997145,0.0410347
clsdopt,0.1,6,0.9999999,6,24,23,85,3.363240,4.285739,0.351469,0.00127361,0.997145,0.0410347
clsqdeim,0.1,6,6,24,23,85,11.920551,9.593384,0.748658,0.00127634,,
qdeim,0.1,6,6,24,23,85,9.564067,15.608327,0.686083,1.05458e-05,0.00623761,0.00130672
dopt,0.1,6,0.9999999,6,24,23,90,3.750291,4.175332,0.353333,0.00127361,0.997145,0.0410347
clsdopt,0.1,6,0.9999999,6,24,23,90,3.638625,4.080514,0.365054,0.00127361,0.997145,0.0410347
clsqdeim,0.1,6,6,24,23,90,13.333646,26.803209,0.749235,0.00127634,,
qdeim,0.1,6,6,24,23,90,13.667057,445.247476,0.677035,1.72505e-05,0.00964451,0.00138528
dopt,0.1,6,0.9999999,6,24,23,95,2.924299,4.587858,0.355639,0.00127361,0.997145,0.0410347
clsdopt,0.1,6,0.9999999,6,24,23,95,3.084865,4.343117,0.371071,0.00127361,0.997145,0.0410347
clsqdeim,0.1,6,6,24,23,95,11.682194,10.655553,0.763855,0.00127634,,
qdeim,0.1,6,6,24,23,95,11.533474,16.099730,0.687184,1.75469e-05,0.010036,0.00141578
dopt,0.1,6,0.9999999,6,24,23,100,2.870299,4.572640,0.361826,0.00127361,0.997145,0.0410347
clsdopt,0.1,6,0.9999999,6,24,23,100,3.590433,4.397008,0.383567,0.00127361,0.997145,0.0410347
clsqdeim,0.1,6,6,24,23,100,11.235854,20.938492,0.844942,0.00127634,,
qdeim,0.1,6,6,24,23,100,10.166011,1026.431273,0.713738,2.03746e-05,0.0115598,0.00162312
