method,energy_frac,rwdim,rrdim,nldim,nsr,nqp,time,error
EQP,0.9,1,2,2,5,5,0.016335789,0.2166889933698963
EQP,0.9,1,2,2,10,10,0.018045313,0.2157210264504875
EQP,0.9,1,2,2,15,15,0.023373446,0.2163886648947685
EQP,0.9,1,2,2,20,20,0.023056813,0.2158304163643987
EQP,0.9,1,2,2,25,25,0.02461849,0.216161207337762
EQP,0.9,1,2,2,30,30,0.026714499,0.2159968986423588
EQP,0.9,1,2,2,35,35,0.028819379,0.215984815216323
EQP,0.9,1,2,2,40,35,0.029256212,0.2159899415611896
EQP,0.9,1,2,2,45,35,0.028879148,0.2159899415611896
EQP,0.9,1,2,2,50,35,0.029071237,0.2159899415611896
EQP,0.9,1,2,2,60,35,0.029748504,0.2159899415611896
EQP,0.9,1,2,2,70,35,0.030259204,0.2159899415611896
EQP,0.9,1,2,2,80,35,0.029993154,0.2159899415611896
EQP,0.9,1,2,2,90,35,0.029539776,0.2159899415611896
EQP,0.9,1,2,2,100,35,0.029643011,0.2159899415611896
EQP,0.9,1,2,2,110,35,0.029679555,0.2159899415611896
EQP,0.9,1,2,2,120,35,0.029529497,0.2159899415611896
EQP,0.9,1,2,2,130,35,0.029511976,0.2159899415611896
EQP,0.9,1,2,2,140,35,0.029322064,0.2159899415611896
EQP,0.9,1,2,2,150,35,0.029903419,0.2159899415611896
SOPT,0.9,1,2,2,5,40,0.070266853,0.2129630666972735
gappy-POD,0.9,1,2,2,5,40,0.07002108400000001,0.2129630666972734
QDEIM,0.9,1,2,2,5,40,0.070351546,0.2130809876396049
SOPT,0.9,1,2,2,10,80,0.113381075,0.2128856016717328
gappy-POD,0.9,1,2,2,10,80,0.118324837,0.2129630666972735
QDEIM,0.9,1,2,2,10,76,0.110669993,0.2129320974246313
SOPT,0.9,1,2,2,15,104,0.138813217,0.212885601671733
gappy-POD,0.9,1,2,2,15,120,0.153074513,0.2129630666972733
QDEIM,0.9,1,2,2,15,112,0.147582467,0.2124981912059017
SOPT,0.9,1,2,2,20,144,0.180606823,0.212885601671733
gappy-POD,0.9,1,2,2,20,160,0.194389192,0.2129655526104398
SOPT,0.9,1,2,2,25,180,0.213601625,0.2128856016717328
gappy-POD,0.9,1,2,2,25,200,0.239254649,0.2129704178176537
QDEIM,0.9,1,2,2,25,176,0.214122183,0.2138224172565957
SOPT,0.9,1,2,2,30,220,0.259374476,0.212885601671733
gappy-POD,0.9,1,2,2,30,240,0.28060287,0.2129689909688221
QDEIM,0.9,1,2,2,30,216,0.256272266,0.2136125815927751
SOPT,0.9,1,2,2,35,252,0.288188417,0.2128856016717328
gappy-POD,0.9,1,2,2,35,276,0.32053811,0.2129871885210705
QDEIM,0.9,1,2,2,35,252,0.295270201,0.2132853494953581
SOPT,0.9,1,2,2,40,292,0.3308068989999999,0.212885601671733
gappy-POD,0.9,1,2,2,40,304,0.353013412,0.2130096254491898
QDEIM,0.9,1,2,2,40,280,0.32630733,0.2130583781478499
SOPT,0.9,1,2,2,45,332,0.376094871,0.2128856016717328
gappy-POD,0.9,1,2,2,45,336,0.381304555,0.2130294202398249
QDEIM,0.9,1,2,2,45,308,0.355424808,0.2131665142007443
SOPT,0.9,1,2,2,50,368,0.409974949,0.2128856016717328
gappy-POD,0.9,1,2,2,50,364,0.4139430549999999,0.2130456575716627
QDEIM,0.9,1,2,2,50,332,0.4402879169999999,0.2131307688268943
SOPT,0.9,1,2,2,100,608,0.6660132990000001,0.2128841010370484
gappy-POD,0.9,1,2,2,100,688,0.7083497240000001,0.2168272377866881
QDEIM,0.9,1,2,2,100,644,0.828270348,0.215295239111126
SOPT,0.9,1,2,2,200,1016,1.138133195,0.2123687439442734
gappy-POD,0.9,1,2,2,200,1184,1.199035118,0.2171479404229499
QDEIM,0.9,1,2,2,200,1212,1.416238331,0.2180227261578465
SOPT,0.9,1,2,2,300,1344,1.441673806,0.2112779772033452
gappy-POD,0.9,1,2,2,300,1616,1.631100489,0.2164499641358278
QDEIM,0.9,1,2,2,300,1680,1.947342754,0.2185727478651755
SOPT,0.9,1,2,2,400,1748,1.913398032,0.2100497238589736
gappy-POD,0.9,1,2,2,400,1936,1.915443853,0.2180827050203688
QDEIM,0.9,1,2,2,400,2064,2.348880441,0.2186122377988768
SOPT,0.9,1,2,2,500,2068,2.247448968,0.2089601463425539
gappy-POD,0.9,1,2,2,500,2280,2.260858661,0.2175320829681153
QDEIM,0.9,1,2,2,500,2396,2.718153853,0.2185644317420219
SOPT,0.9,1,2,2,600,2420,2.631415304,0.2104245400527084
gappy-POD,0.9,1,2,2,600,2592,2.574162482,0.2173230542532103
QDEIM,0.9,1,2,2,600,2704,3.125689847,0.2182074984103044
SOPT,0.9,1,2,2,700,2728,2.891179175,0.2113318464422601
gappy-POD,0.9,1,2,2,700,2936,2.922625894,0.2173215568490301
QDEIM,0.9,1,2,2,700,2952,3.223730605,0.2180680922263109
SOPT,0.9,1,2,2,800,2964,3.053768794,0.211814072827999
gappy-POD,0.9,1,2,2,800,3200,3.527773461,0.2172349178747633
QDEIM,0.9,1,2,2,800,3184,3.521094209,0.2177010227432987
SOPT,0.9,1,2,2,900,3204,3.310583505,0.2113253486407423
gappy-POD,0.9,1,2,2,900,3408,3.386344328,0.2171252577731853
QDEIM,0.9,1,2,2,900,3412,3.808124207,0.2173621794775407
SOPT,0.9,1,2,2,1000,3360,3.475923565,0.21158268307502
gappy-POD,0.9,1,2,2,1000,3568,3.620686823,0.2170095347390613
QDEIM,0.9,1,2,2,1000,3540,4.045168376,0.2171022558223765
SOPT,0.9,1,2,2,1100,3656,3.740053957,0.2118581991465582
gappy-POD,0.9,1,2,2,1100,3680,3.662018194,0.2169342253181604
QDEIM,0.9,1,2,2,1100,3640,4.085255928,0.2170671551334912
SOPT,0.9,1,2,2,1200,3780,3.841497556,0.2125766407363334
gappy-POD,0.9,1,2,2,1200,3728,3.641901605,0.2168776092317403
QDEIM,0.9,1,2,2,1200,3740,4.201111997,0.2170534239064517
SOPT,0.9,1,2,2,1300,3860,3.93328619,0.2146317094804067
gappy-POD,0.9,1,2,2,1300,3824,3.856882378,0.2168220109381211
QDEIM,0.9,1,2,2,1300,3824,4.145184927,0.2170531630751503
SOPT,0.9,1,2,2,1400,3932,4.0178306,0.2160102039632923
gappy-POD,0.9,1,2,2,1400,3872,3.860815028,0.2168029477250497
QDEIM,0.9,1,2,2,1400,3888,4.359038184,0.2169405752347832
SOPT,0.9,1,2,2,1500,4036,4.049119767,0.2176837914842177
gappy-POD,0.9,1,2,2,1500,3952,3.933009497,0.2167956012695913
QDEIM,0.9,1,2,2,1500,3952,4.351506918,0.216877349797461
SOPT,0.9,1,2,2,1600,4084,4.106296585,0.2174278698186598
gappy-POD,0.9,1,2,2,1600,4032,4.012771772,0.2167854365010053
QDEIM,0.9,1,2,2,1600,4000,4.208913713,0.2168454081264309
SOPT,0.9,1,2,2,1700,4084,4.109867826,0.2172920864803282
gappy-POD,0.9,1,2,2,1700,4032,4.059699882,0.216780885480211
QDEIM,0.9,1,2,2,1700,4032,4.53751045,0.2168097664222617
SOPT,0.9,1,2,2,1800,4084,4.101491699,0.216997239942538
gappy-POD,0.9,1,2,2,1800,4080,4.021469232,0.2167772898357278
QDEIM,0.9,1,2,2,1800,4080,4.551788953,0.2167772898357278
SOPT,0.9,1,2,2,1900,4088,4.028176695,0.2170665330898838
gappy-POD,0.9,1,2,2,1900,4080,4.063816363,0.2167759712867096
QDEIM,0.9,1,2,2,1900,4080,4.638181667,0.2167759716927462
SOPT,0.9,1,2,2,2000,4096,3.961200438,0.2171450276139286
gappy-POD,0.9,1,2,2,2000,4096,4.038946137,0.2167754945325883
QDEIM,0.9,1,2,2,2000,4096,4.494021552,0.2167754945325883
SOPT,0.9,1,2,2,2100,4096,4.067234204,0.2167907989316538
gappy-POD,0.9,1,2,2,2100,4096,4.151341459,0.2167754468113657
QDEIM,0.9,1,2,2,2100,4096,4.583899297,0.2167754468113657
EQPGlobal,0.99,2,3,3,2100,47,0.050095273,0.1010080355169954
EQP,0.99,2,3,3,5,5,0.02382496,0.1009737439732948
EQP,0.99,2,3,3,10,10,0.026796748,0.1022818526790386
EQP,0.99,2,3,3,15,15,0.030679662,0.1013031095396164
EQP,0.99,2,3,3,20,20,0.03362295,0.1011223443339734
EQP,0.99,2,3,3,25,25,0.037133702,0.1010730114464067
EQP,0.99,2,3,3,30,30,0.040639253,0.1010071022917661
EQP,0.99,2,3,3,35,35,0.043124564,0.1010632544386682
EQP,0.99,2,3,3,40,40,0.045778169,0.1010075026901409
EQP,0.99,2,3,3,45,45,0.04876217699999996,0.1010070889407612
EQP,0.99,2,3,3,50,47,0.050327264,0.1010080355169954
EQP,0.99,2,3,3,60,47,0.05032596,0.1010080355169954
EQP,0.99,2,3,3,70,47,0.049673926,0.1010080355169954
EQP,0.99,2,3,3,80,47,0.049793374,0.1010080355169954
EQP,0.99,2,3,3,90,47,0.05028752500000001,0.1010080355169954
EQP,0.99,2,3,3,100,47,0.049583632,0.1010080355169954
EQP,0.99,2,3,3,110,47,0.049259694,0.1010080355169954
EQP,0.99,2,3,3,120,47,0.05064969900000001,0.1010080355169954
EQP,0.99,2,3,3,130,47,0.049844148,0.1010080355169954
EQP,0.99,2,3,3,140,47,0.05008942700000001,0.1010080355169954
EQP,0.99,2,3,3,150,47,0.05081648900000001,0.1010080355169954
SOPT,0.99,2,3,3,5,40,0.076587875,0.09905626309612953
gappy-POD,0.99,2,3,3,5,40,0.07676388200000001,0.09542024093040515
QDEIM,0.99,2,3,3,5,40,0.07610061,0.1010567765182044
SOPT,0.99,2,3,3,10,76,0.1164234449999999,0.09864018961849366
gappy-POD,0.99,2,3,3,10,80,0.123586317,0.09542024093040519
QDEIM,0.99,2,3,3,10,80,0.120924156,0.1012911540898969
SOPT,0.99,2,3,3,15,104,0.149367594,0.09867174432253403
gappy-POD,0.99,2,3,3,15,120,0.167559918,0.09542024093040508
QDEIM,0.99,2,3,3,15,120,0.16423718,0.1014233740270964
SOPT,0.99,2,3,3,20,140,0.1877683379999999,0.09867174432253403
gappy-POD,0.99,2,3,3,20,160,0.20942579,0.09542024093040508
QDEIM,0.99,2,3,3,20,160,0.207610537,0.1013793649736872
SOPT,0.99,2,3,3,25,168,0.220759699,0.09867174432253403
QDEIM,0.99,2,3,3,25,200,0.251036685,0.1015323397258856
SOPT,0.99,2,3,3,30,208,0.265021108,0.09867174432253403
gappy-POD,0.99,2,3,3,30,240,0.301322401,0.0955322555100919
QDEIM,0.99,2,3,3,30,240,0.291515081,0.101817281292259
SOPT,0.99,2,3,3,35,244,0.302076995,0.09867174432253403
gappy-POD,0.99,2,3,3,35,280,0.351952386,0.09557490788035475
QDEIM,0.99,2,3,3,35,280,0.336054407,0.101925083717116
SOPT,0.99,2,3,3,40,284,0.346483274,0.09867174432253403
gappy-POD,0.99,2,3,3,40,320,0.389538861,0.09564051053166703
QDEIM,0.99,2,3,3,40,320,0.377626735,0.1020392204893449
SOPT,0.99,2,3,3,45,316,0.38061175,0.09867174432253403
gappy-POD,0.99,2,3,3,45,360,0.435805472,0.09567384637849824
QDEIM,0.99,2,3,3,45,360,0.419970608,0.1022499284210033
SOPT,0.99,2,3,3,50,356,0.4238720600000001,0.09867174432253403
gappy-POD,0.99,2,3,3,50,396,0.471681469,0.09566756329621606
QDEIM,0.99,2,3,3,50,400,0.535675516,0.1025206544823941
SOPT,0.99,2,3,3,100,636,0.728949729,0.09867210668190796
gappy-POD,0.99,2,3,3,100,736,0.835111264,0.09771638012423238
QDEIM,0.99,2,3,3,100,632,0.828561407,0.1028089509311028
SOPT,0.99,2,3,3,200,1004,1.145447289,0.09879917786036896
gappy-POD,0.99,2,3,3,200,1276,1.456010748,0.1001540645134603
QDEIM,0.99,2,3,3,200,1060,1.28963462,0.109098200024576
SOPT,0.99,2,3,3,300,1364,1.610735943,0.09929633774233435
gappy-POD,0.99,2,3,3,300,1664,1.874870017,0.100563694267627
QDEIM,0.99,2,3,3,300,1392,1.679410259,0.1101105392754189
SOPT,0.99,2,3,3,400,1728,2.001723619,0.1002575918936057
gappy-POD,0.99,2,3,3,400,2068,2.306140002,0.100657932254398
QDEIM,0.99,2,3,3,400,1656,2.057416998,0.104185336918616
SOPT,0.99,2,3,3,500,2168,2.464105128,0.1024291356670493
gappy-POD,0.99,2,3,3,500,2464,2.739171628,0.1010864248990432
QDEIM,0.99,2,3,3,500,1880,2.383043533,0.1039939166774577
SOPT,0.99,2,3,3,600,2564,2.874466018,0.1033235336964679
gappy-POD,0.99,2,3,3,600,2752,3.00494496,0.1012446738098667
QDEIM,0.99,2,3,3,600,2072,2.5300361,0.1028003267001987
SOPT,0.99,2,3,3,700,2908,3.2921437,0.1044440641265812
gappy-POD,0.99,2,3,3,700,3008,3.326309137,0.1012488643971583
QDEIM,0.99,2,3,3,700,2624,3.241320769,0.1022245326514705
SOPT,0.99,2,3,3,800,3240,3.635720287,0.1048040791505642
gappy-POD,0.99,2,3,3,800,3296,3.675466926,0.1013205489898179
QDEIM,0.99,2,3,3,800,3020,3.778774281,0.1021600569531394
SOPT,0.99,2,3,3,900,3512,3.883892913,0.1042888359013124
gappy-POD,0.99,2,3,3,900,3536,3.948904753,0.1013798623718528
QDEIM,0.99,2,3,3,900,3332,4.046410889,0.1021461991140616
SOPT,0.99,2,3,3,1000,3652,4.037607654,0.1038205801852993
gappy-POD,0.99,2,3,3,1000,3712,4.12245646,0.1015783550852306
QDEIM,0.99,2,3,3,1000,3536,4.46198018,0.1020553565275529
SOPT,0.99,2,3,3,1100,3864,4.273417686,0.103516936049488
gappy-POD,0.99,2,3,3,1100,3840,4.185851777,0.1016716919358555
QDEIM,0.99,2,3,3,1100,3664,4.547314379,0.1020391101743946
SOPT,0.99,2,3,3,1200,4008,4.365803362,0.1032367603864739
gappy-POD,0.99,2,3,3,1200,3904,4.343756613,0.1017061764074194
QDEIM,0.99,2,3,3,1200,3880,4.749510952,0.1020273910117057
SOPT,0.99,2,3,3,1300,4088,4.510022179,0.1028152758449054
gappy-POD,0.99,2,3,3,1300,4008,4.43334433,0.1018204584308555
QDEIM,0.99,2,3,3,1300,3944,4.866684539,0.1019656475172313
SOPT,0.99,2,3,3,1400,4096,4.473112736,0.1026488978572373
gappy-POD,0.99,2,3,3,1400,4032,4.46091091,0.1018659941065542
QDEIM,0.99,2,3,3,1400,4000,4.907462998,0.1019521946836377
SOPT,0.99,2,3,3,1500,4096,4.514699922,0.1024824866012578
gappy-POD,0.99,2,3,3,1500,4064,4.487478293,0.1018474369202109
QDEIM,0.99,2,3,3,1500,4080,5.116560502,0.1019307480652914
SOPT,0.99,2,3,3,1600,4096,4.495814621,0.1022629032763373
gappy-POD,0.99,2,3,3,1600,4080,4.423271657,0.1018889931869584
QDEIM,0.99,2,3,3,1600,4080,4.882480551,0.1019337136331478
SOPT,0.99,2,3,3,1700,4096,4.503617466,0.1021568753694308
gappy-POD,0.99,2,3,3,1700,4080,4.464171813,0.101902279103542
QDEIM,0.99,2,3,3,1700,4096,4.886926676,0.1019345743881264
SOPT,0.99,2,3,3,1800,4096,4.471037313,0.1017826772878403
gappy-POD,0.99,2,3,3,1800,4080,4.513814758,0.1019218940588645
QDEIM,0.99,2,3,3,1800,4096,4.949471878,0.1019313703296723
SOPT,0.99,2,3,3,1900,4096,4.582417597,0.1015843491262476
gappy-POD,0.99,2,3,3,1900,4096,4.536641292,0.1019296764953414
QDEIM,0.99,2,3,3,1900,4096,4.916407721,0.1019303752651047
SOPT,0.99,2,3,3,2000,4096,4.56096959,0.1017057148715208
gappy-POD,0.99,2,3,3,2000,4096,4.481863958,0.1019296971487429
QDEIM,0.99,2,3,3,2000,4096,5.155386763,0.1019296646807734
SOPT,0.99,2,3,3,2100,4096,4.494054767,0.1019245253372888
gappy-POD,0.99,2,3,3,2100,4096,4.50937376,0.1019296913346072
QDEIM,0.99,2,3,3,2100,4096,5.030164658,0.1019296913346072
EQPGlobal,0.999,3,5,4,2100,78,0.111608558,0.04404777517156234
EQP,0.999,3,5,4,5,5,0.034435359,0.1314997895952575
EQP,0.999,3,5,4,10,10,0.040829304,0.04631182212275915
EQP,0.999,3,5,4,15,15,0.045592163,0.04476400096407823
EQP,0.999,3,5,4,20,20,0.050438649,0.04412087973423234
EQP,0.999,3,5,4,25,25,0.065226988,0.04420076318594577
EQP,0.999,3,5,4,30,30,0.061680688,0.04405858108617586
EQP,0.999,3,5,4,35,35,0.066791001,0.04402598553929479
EQP,0.999,3,5,4,40,40,0.07988872000000001,0.04404467403564066
EQP,0.999,3,5,4,45,45,0.07763676900000001,0.04406900803992778
EQP,0.999,3,5,4,50,50,0.08257966800000001,0.044042504480725
EQP,0.999,3,5,4,60,60,0.100112035,0.04403273946249196
EQP,0.999,3,5,4,70,70,0.103063277,0.04404533547869422
EQP,0.999,3,5,4,80,78,0.111668961,0.04404777517156234
EQP,0.999,3,5,4,90,78,0.111628862,0.04404777517156234
EQP,0.999,3,5,4,100,78,0.11218275,0.04404777517156234
EQP,0.999,3,5,4,110,78,0.112583073,0.04404777517156234
EQP,0.999,3,5,4,120,78,0.120199906,0.04404777517156234
EQP,0.999,3,5,4,130,78,0.112218324,0.04404777517156234
EQP,0.999,3,5,4,140,78,0.111570044,0.04404777517156234
EQP,0.999,3,5,4,150,78,0.114231222,0.04404777517156234
SOPT,0.999,3,5,4,5,40,0.087392672,0.04632975152011353
gappy-POD,0.999,3,5,4,5,40,0.086195703,0.07634155620894995
QDEIM,0.999,3,5,4,5,40,0.08396928000000001,0.4086597946729608
SOPT,0.999,3,5,4,10,76,0.130147645,0.05017369256635844
gappy-POD,0.999,3,5,4,10,80,0.136163126,0.07634155620895058
SOPT,0.999,3,5,4,15,108,0.164261002,0.04947996525335152
gappy-POD,0.999,3,5,4,15,120,0.207072654,0.07634155620895131
QDEIM,0.999,3,5,4,15,120,0.183448469,0.3518237606755361
SOPT,0.999,3,5,4,20,136,0.2002087849999999,0.04956610162583134
gappy-POD,0.999,3,5,4,20,160,0.226877014,0.07634155620895161
QDEIM,0.999,3,5,4,20,156,0.226253877,0.8022941722684238
SOPT,0.999,3,5,4,25,156,0.2311211,0.04975965083149523
gappy-POD,0.999,3,5,4,25,200,0.285229642,0.0763415562089516
QDEIM,0.999,3,5,4,25,196,0.27310605,0.4410437141311335
SOPT,0.999,3,5,4,30,188,0.259403812,0.04975965083149525
gappy-POD,0.999,3,5,4,30,240,0.320658174,0.07634155620895273
QDEIM,0.999,3,5,4,30,232,0.307993,0.2966969433571499
SOPT,0.999,3,5,4,35,216,0.290258488,0.04975965083149523
gappy-POD,0.999,3,5,4,35,280,0.3672465389999999,0.07639760597900092
QDEIM,0.999,3,5,4,35,272,0.360546637,0.2571043681986951
SOPT,0.999,3,5,4,40,252,0.331799999,0.04975965083149526
gappy-POD,0.999,3,5,4,40,320,0.425047574,0.07649895583617479
QDEIM,0.999,3,5,4,40,308,0.417196723,0.2479960461025867
SOPT,0.999,3,5,4,45,288,0.381374173,0.04975965083149522
gappy-POD,0.999,3,5,4,45,360,0.471772164,0.07660783660192708
gappy-POD,0.999,3,5,4,50,400,0.527744978,0.07669989813330051
SOPT,0.999,3,5,4,100,640,0.78664004,0.0499198174412697
gappy-POD,0.999,3,5,4,100,764,0.935990638,0.07815540259734088
QDEIM,0.999,3,5,4,100,728,0.986230273,0.07012452181592532
SOPT,0.999,3,5,4,200,1016,1.232531193,0.05045882393926204
gappy-POD,0.999,3,5,4,200,1352,1.629985595,0.05058314404249408
QDEIM,0.999,3,5,4,200,1096,1.481669368,0.05928354091670944
SOPT,0.999,3,5,4,300,1364,1.631322341,0.05168427083944166
gappy-POD,0.999,3,5,4,300,1676,1.949250256,0.05599501212308835
QDEIM,0.999,3,5,4,300,1500,1.934660104,0.0609605673181533
SOPT,0.999,3,5,4,400,1740,2.059640255,0.05370575920635947
gappy-POD,0.999,3,5,4,400,1984,2.313096057,0.05487771010193363
QDEIM,0.999,3,5,4,400,2008,2.486428465,0.07007495936570504
SOPT,0.999,3,5,4,500,2104,2.551522323,0.05685360395789818
gappy-POD,0.999,3,5,4,500,2264,2.700253589,0.05585934610960182
QDEIM,0.999,3,5,4,500,2448,3.245879637,0.065545830232577
SOPT,0.999,3,5,4,600,2456,2.986853027,0.05913620344257878
gappy-POD,0.999,3,5,4,600,2588,3.043981882,0.05647946501836488
QDEIM,0.999,3,5,4,600,2688,3.435802333,0.0613588595276063
SOPT,0.999,3,5,4,700,2776,3.316368664,0.05982331192312967
gappy-POD,0.999,3,5,4,700,2880,3.386431934,0.05509928405596969
QDEIM,0.999,3,5,4,700,2940,3.961631845,0.05856310378598269
SOPT,0.999,3,5,4,800,3040,3.569918209,0.06110378758571
gappy-POD,0.999,3,5,4,800,3088,3.627287038,0.05437522445495574
QDEIM,0.999,3,5,4,800,3152,4.141063099,0.05667853833234112
SOPT,0.999,3,5,4,900,3292,3.894852664,0.06187350667675085
gappy-POD,0.999,3,5,4,900,3288,3.859392885,0.05401875443542922
QDEIM,0.999,3,5,4,900,3284,4.323645398,0.05517571345451262
SOPT,0.999,3,5,4,1000,3520,4.192694723,0.06191537666268699
gappy-POD,0.999,3,5,4,1000,3456,4.042799667,0.05376936018334096
QDEIM,0.999,3,5,4,1000,3388,4.492596704,0.05278204624868047
SOPT,0.999,3,5,4,1100,3788,4.515562974,0.05921005820325482
gappy-POD,0.999,3,5,4,1100,3664,4.332091002,0.05370896331779626
QDEIM,0.999,3,5,4,1100,3748,5.034424856,0.05265981639583788
SOPT,0.999,3,5,4,1200,3916,4.606102776,0.05793348713989654
gappy-POD,0.999,3,5,4,1200,3824,4.53617891,0.0531898776445268
QDEIM,0.999,3,5,4,1200,3904,5.174054682,0.05261897827836871
SOPT,0.999,3,5,4,1300,3992,5.06344858,0.05674966910449616
gappy-POD,0.999,3,5,4,1300,3900,4.605224779,0.05300608427387458
QDEIM,0.999,3,5,4,1300,4012,5.315560583,0.05252797561277062
SOPT,0.999,3,5,4,1400,4044,4.768121097,0.05603158745287783
gappy-POD,0.999,3,5,4,1400,4016,4.765121948,0.05295724267873808
QDEIM,0.999,3,5,4,1400,4056,5.397971812,0.05239929229060349
SOPT,0.999,3,5,4,1500,4068,4.826744043,0.05598093806875555
gappy-POD,0.999,3,5,4,1500,4080,4.852705353,0.0527632609073343
QDEIM,0.999,3,5,4,1500,4080,5.49808046,0.05251346215830825
SOPT,0.999,3,5,4,1600,4096,4.912200673,0.05448785504609981
gappy-POD,0.999,3,5,4,1600,4080,4.814917887,0.05265946366849393
QDEIM,0.999,3,5,4,1600,4080,5.517922183,0.05254753803926724
SOPT,0.999,3,5,4,1700,4096,4.868812215,0.0538084914365853
gappy-POD,0.999,3,5,4,1700,4080,5.21508836,0.0527389528910634
QDEIM,0.999,3,5,4,1700,4096,5.173740542,0.05255530281420707
SOPT,0.999,3,5,4,1800,4096,5.278412598,0.05350089722485164
gappy-POD,0.999,3,5,4,1800,4096,4.77475995,0.05279929540871644
QDEIM,0.999,3,5,4,1800,4096,5.421988972,0.0526540409178056
SOPT,0.999,3,5,4,1900,4096,4.816876271,0.05285154572478602
gappy-POD,0.999,3,5,4,1900,4096,4.786602885,0.05277417224548457
QDEIM,0.999,3,5,4,1900,4096,5.310983713,0.05276893208418233
SOPT,0.999,3,5,4,2000,4096,4.863370165,0.0526045186927379
gappy-POD,0.999,3,5,4,2000,4096,5.380194056,0.05279407740404386
QDEIM,0.999,3,5,4,2000,4096,5.004454627,0.05278261342024911
SOPT,0.999,3,5,4,2100,4096,4.861432312,0.05270372757228205
gappy-POD,0.999,3,5,4,2100,4096,4.886547637,0.05279919344966406
QDEIM,0.999,3,5,4,2100,4096,5.275025702,0.05279919344966411
EQPGlobal,0.9999,4,6,5,2100,91,0.150675703,0.01227483131187427
EQP,0.9999,4,6,5,5,5,0.042540028,0.05006644319222886
EQP,0.9999,4,6,5,10,10,0.04878725900000001,0.02961538872650621
EQP,0.9999,4,6,5,15,15,0.055578368,0.01202243744170508
EQP,0.9999,4,6,5,20,20,0.060690008,0.01215122645494753
EQP,0.9999,4,6,5,25,25,0.06945519,0.01242673434390479
EQP,0.9999,4,6,5,30,30,0.075465799,0.01232029048889163
EQP,0.9999,4,6,5,35,35,0.079275627,0.01224523856121519
EQP,0.9999,4,6,5,40,40,0.085844107,0.01226108349455615
EQP,0.9999,4,6,5,45,45,0.092738494,0.01222153789273038
EQP,0.9999,4,6,5,50,50,0.09835545000000001,0.01222058785718345
EQP,0.9999,4,6,5,60,60,0.110993063,0.01225410901107981
EQP,0.9999,4,6,5,70,70,0.12433823,0.01226578868084317
EQP,0.9999,4,6,5,80,80,0.136382574,0.0122778402738988
EQP,0.9999,4,6,5,90,90,0.149099564,0.0122776008226414
EQP,0.9999,4,6,5,100,91,0.151390984,0.01227483131187427
EQP,0.9999,4,6,5,110,91,0.158590314,0.01227483131187427
EQP,0.9999,4,6,5,120,91,0.149345661,0.01227483131187427
EQP,0.9999,4,6,5,130,91,0.150452539,0.01227483131187427
EQP,0.9999,4,6,5,140,91,0.149769279,0.01227483131187427
QDEIM,0.9999,4,6,5,5,40,0.103536016,2.136054044464563
SOPT,0.9999,4,6,5,10,80,0.138993548,0.01839089682483027
gappy-POD,0.9999,4,6,5,10,80,0.1404853399999999,0.03496962207629833
QDEIM,0.9999,4,6,5,10,80,0.139567413,0.03087358464547625
SOPT,0.9999,4,6,5,15,120,0.18726818,0.01688459930455462
gappy-POD,0.9999,4,6,5,15,120,0.1854482129999999,0.03496962207629774
QDEIM,0.9999,4,6,5,15,116,0.184257043,0.0269481505308425
SOPT,0.9999,4,6,5,20,144,0.214339586,0.01664568591187778
gappy-POD,0.9999,4,6,5,20,160,0.236114547,0.03496962207630027
QDEIM,0.9999,4,6,5,20,156,0.2269002689999999,0.02035636963722218
SOPT,0.9999,4,6,5,25,184,0.267030255,0.01670847815127813
gappy-POD,0.9999,4,6,5,25,200,0.28573109,0.03496962207630017
QDEIM,0.9999,4,6,5,25,196,0.275095548,0.0235096208686763
SOPT,0.9999,4,6,5,30,224,0.3063711699999999,0.01670847815127814
gappy-POD,0.9999,4,6,5,30,240,0.3255533629999999,0.03496962207630015
QDEIM,0.9999,4,6,5,30,232,0.319337183,0.02731530476180634
SOPT,0.9999,4,6,5,35,252,0.340199518,0.01670847815127812
gappy-POD,0.9999,4,6,5,35,280,0.386920584,0.03496962207629982
QDEIM,0.9999,4,6,5,35,260,0.361801045,0.02880994130416846
SOPT,0.9999,4,6,5,40,284,0.389001121,0.01670847815127813
gappy-POD,0.9999,4,6,5,40,320,0.422967662,0.03496962207629916
QDEIM,0.9999,4,6,5,40,300,0.396467908,0.02780806884698587
SOPT,0.9999,4,6,5,45,320,0.416669469,0.01670847815127812
gappy-POD,0.9999,4,6,5,45,360,0.465566692,0.0355922270789873
QDEIM,0.9999,4,6,5,45,340,0.4414610450000001,0.02791081960064868
SOPT,0.9999,4,6,5,50,360,0.461434612,0.01670847815127813
gappy-POD,0.9999,4,6,5,50,400,0.512924269,0.03606221423872737
QDEIM,0.9999,4,6,5,50,380,0.57244618,0.02732905751836559
SOPT,0.9999,4,6,5,100,684,0.836415495,0.01670995414397026
gappy-POD,0.9999,4,6,5,100,712,0.876396302,0.01771869344194671
QDEIM,0.9999,4,6,5,100,696,0.990822804,0.01769654154668769
SOPT,0.9999,4,6,5,200,1060,1.30376903,0.01677956231914032
gappy-POD,0.9999,4,6,5,200,1376,1.680562902,0.0280312960560353
QDEIM,0.9999,4,6,5,200,1216,1.704481094,0.01684436678293229
SOPT,0.9999,4,6,5,300,1364,1.680724299,0.01697259151382271
gappy-POD,0.9999,4,6,5,300,1628,1.979825925,0.01512428349790439
QDEIM,0.9999,4,6,5,300,1508,2.068798235,0.026238066762396
SOPT,0.9999,4,6,5,400,1752,2.125950872,0.01606750669274069
gappy-POD,0.9999,4,6,5,400,2000,2.401706692,0.0157361481748565
QDEIM,0.9999,4,6,5,400,1684,2.255768765,0.02442990184236549
SOPT,0.9999,4,6,5,500,2104,2.539960767,0.01568747976684381
gappy-POD,0.9999,4,6,5,500,2272,2.712059178,0.01613861119244558
QDEIM,0.9999,4,6,5,500,1696,2.385806074,0.01946009589197513
SOPT,0.9999,4,6,5,600,2448,2.915689779,0.01535621217154627
gappy-POD,0.9999,4,6,5,600,2496,2.950609644,0.01623535669063432
QDEIM,0.9999,4,6,5,600,1964,2.742605384,0.01701803913430665
SOPT,0.9999,4,6,5,700,2848,3.466356946,0.0147093721170867
gappy-POD,0.9999,4,6,5,700,2752,3.337315393,0.01595750629125081
QDEIM,0.9999,4,6,5,700,2328,2.925517508,0.01876589110071226
SOPT,0.9999,4,6,5,800,3152,3.763784682,0.01451392043058806
gappy-POD,0.9999,4,6,5,800,3072,3.653952789,0.01542882548268668
QDEIM,0.9999,4,6,5,800,2772,3.873495967,0.0178047912540977
SOPT,0.9999,4,6,5,900,3420,4.067250057,0.0144748448418129
gappy-POD,0.9999,4,6,5,900,3264,3.825269471,0.01529308340305443
QDEIM,0.9999,4,6,5,900,3152,4.171414828,0.01647679971342852
SOPT,0.9999,4,6,5,1000,3612,4.323966095999999,0.01404167332821065
gappy-POD,0.9999,4,6,5,1000,3376,4.056752306,0.01516320877889382
QDEIM,0.9999,4,6,5,1000,3484,4.705313849,0.01549708728917764
SOPT,0.9999,4,6,5,1100,3740,4.417198457,0.01391285709759591
gappy-POD,0.9999,4,6,5,1100,3536,4.217831571,0.01519720213873608
QDEIM,0.9999,4,6,5,1100,3744,5.105097272,0.01517158057624062
SOPT,0.9999,4,6,5,1200,3860,4.590950327,0.01409646404633496
gappy-POD,0.9999,4,6,5,1200,3648,4.42117047,0.01528858608928349
QDEIM,0.9999,4,6,5,1200,3932,5.43153878,0.01528318402727611
SOPT,0.9999,4,6,5,1300,3968,4.760280849,0.01453778060402072
gappy-POD,0.9999,4,6,5,1300,3760,4.495806683,0.01525833710479247
QDEIM,0.9999,4,6,5,1300,3964,5.382302432,0.01534793225765465
SOPT,0.9999,4,6,5,1400,4020,4.720326774,0.01477290303810818
gappy-POD,0.9999,4,6,5,1400,3824,4.573333289,0.01525149412415868
QDEIM,0.9999,4,6,5,1400,3988,5.354530296,0.01529421908441691
SOPT,0.9999,4,6,5,1500,4036,4.735266777,0.01480850105225262
gappy-POD,0.9999,4,6,5,1500,3920,4.672940521,0.0152345912366151
QDEIM,0.9999,4,6,5,1500,4032,5.456814334,0.01526703809377986
SOPT,0.9999,4,6,5,1600,4072,4.828423304,0.01452129827597254
gappy-POD,0.9999,4,6,5,1600,3952,4.644255163,0.0152339020564374
QDEIM,0.9999,4,6,5,1600,4080,5.33268147,0.01526708024488884
SOPT,0.9999,4,6,5,1700,4092,4.887433015,0.01469691566180567
gappy-POD,0.9999,4,6,5,1700,4032,4.805999927,0.0152553735455247
QDEIM,0.9999,4,6,5,1700,4080,5.33671265,0.01526322591722038
SOPT,0.9999,4,6,5,1800,4096,4.899616094,0.01460132014496833
gappy-POD,0.9999,4,6,5,1800,4032,4.803040775,0.0152627876342054
QDEIM,0.9999,4,6,5,1800,4096,5.613701814,0.01527289405420625
SOPT,0.9999,4,6,5,1900,4096,4.876548778,0.0147452305731137
gappy-POD,0.9999,4,6,5,1900,4080,4.871931111,0.01527128035218457
QDEIM,0.9999,4,6,5,1900,4096,5.593304406,0.01527950884437109
SOPT,0.9999,4,6,5,2000,4096,4.849659066,0.01503593197206773
gappy-POD,0.9999,4,6,5,2000,4096,4.859126933,0.01528146318607778
QDEIM,0.9999,4,6,5,2000,4096,5.501886389,0.01528356343728764
SOPT,0.9999,4,6,5,2100,4096,4.87164187,0.01525490163757215
gappy-POD,0.9999,4,6,5,2100,4096,4.840769294,0.01528469552769835
QDEIM,0.9999,4,6,5,2100,4096,5.551474712,0.01528469552769837
