EQPGlobal,0.9,1,3,3,,115,0.083022284,0.0718177877175003
EQP,0.9,1,3,3,20,20,0.029987578,0.07180403199192995
EQP,0.9,1,3,3,40,40,0.041287977,0.07179458482089811
EQP,0.9,1,3,3,60,60,0.05305582800000001,0.07182033660656298
EQP,0.9,1,3,3,80,80,0.06375834000000001,0.07181726556852347
EQP,0.9,1,3,3,100,100,0.076267214,0.07181710121827177
EQP,0.9,1,3,3,120,115,0.08284448500000001,0.0718177877175003
EQP,0.9,1,3,3,140,115,0.082478727,0.0718177877175003
EQP,0.9,1,3,3,160,115,0.08397005,0.0718177877175003
EQP,0.9,1,3,3,180,115,0.08261073399999996,0.0718177877175003
EQP,0.9,1,3,3,200,115,0.08277293500000001,0.0718177877175003
EQP,0.9,1,3,3,200,115,0.08259788100000001,0.0718177877175003
EQP,0.9,1,3,3,300,115,0.08308868900000001,0.0718177877175003
EQP,0.9,1,3,3,400,115,0.083343835,0.0718177877175003
EQP,0.9,1,3,3,500,115,0.082728062,0.0718177877175003
EQP,0.9,1,3,3,600,115,0.08272443499999993,0.0718177877175003
EQP,0.9,1,3,3,700,115,0.08291677800000001,0.0718177877175003
EQP,0.9,1,3,3,800,115,0.08311254,0.0718177877175003
EQP,0.9,1,3,3,900,115,0.08255812800000001,0.0718177877175003
EQP,0.9,1,3,3,1000,115,0.08226435700000001,0.0718177877175003
SOPT,0.9,1,3,3,20,152,0.184641757,0.07106816582655719
gappy-POD,0.9,1,3,3,20,160,0.185267898,0.07198596292313116
QDEIM,0.9,1,3,3,20,156,0.18463045,0.07294947209480464
SOPT,0.9,1,3,3,40,288,0.322969493,0.07106816582655721
gappy-POD,0.9,1,3,3,40,320,0.342485058,0.07203729578195298
QDEIM,0.9,1,3,3,40,304,0.329798936,0.07271737451709312
SOPT,0.9,1,3,3,60,432,0.470706761,0.07106816582655719
gappy-POD,0.9,1,3,3,60,464,0.487720288,0.07229736593123845
QDEIM,0.9,1,3,3,60,448,0.465055664,0.07292046517067957
SOPT,0.9,1,3,3,80,560,0.6026397020000001,0.07106813560307132
gappy-POD,0.9,1,3,3,80,584,0.6027281959999999,0.07259825018165962
QDEIM,0.9,1,3,3,80,580,0.59260555,0.07288247141456519
SOPT,0.9,1,3,3,100,640,0.684405132,0.07106735816398614
gappy-POD,0.9,1,3,3,100,700,0.713047779,0.07270596181024928
QDEIM,0.9,1,3,3,100,700,0.710745669,0.0727013449221528
SOPT,0.9,1,3,3,120,724,0.7723497459999999,0.07110460020207546
gappy-POD,0.9,1,3,3,120,832,0.843443909,0.07259530014794338
QDEIM,0.9,1,3,3,120,780,0.787740581,0.0727183823218143
SOPT,0.9,1,3,3,140,796,0.839509658,0.07110172146857802
gappy-POD,0.9,1,3,3,140,908,0.928625154,0.07277793009916067
QDEIM,0.9,1,3,3,140,892,0.885579418,0.07261813851219363
SOPT,0.9,1,3,3,160,868,0.9502702,0.07109781314749682
gappy-POD,0.9,1,3,3,160,968,0.977941205,0.0727625807401516
QDEIM,0.9,1,3,3,160,944,0.944201607,0.07251566672181267
SOPT,0.9,1,3,3,180,948,1.008253264,0.07109219795925639
gappy-POD,0.9,1,3,3,180,1084,1.140422703,0.07273453245208611
QDEIM,0.9,1,3,3,180,1028,1.049962895,0.07252211487948948
SOPT,0.9,1,3,3,200,1028,1.08431589,0.07108483708727649
gappy-POD,0.9,1,3,3,200,1188,1.244760262,0.07270977656144798
QDEIM,0.9,1,3,3,200,1084,1.100138979,0.07260448961312753
SOPT,0.9,1,3,3,200,1028,1.089287768,0.07108483708727649
gappy-POD,0.9,1,3,3,200,1188,1.200219157,0.07270977656144798
QDEIM,0.9,1,3,3,200,1084,1.077232918,0.07260448961312753
SOPT,0.9,1,3,3,300,1388,1.489686788,0.07111862644404891
gappy-POD,0.9,1,3,3,300,1472,1.525065006,0.07277813185795429
QDEIM,0.9,1,3,3,300,1520,1.499282825,0.0725529427932322
SOPT,0.9,1,3,3,400,1764,1.904414724,0.07117290265764668
gappy-POD,0.9,1,3,3,400,1904,1.939512826,0.07275385523812947
QDEIM,0.9,1,3,3,400,2016,2.014222009,0.07258553628262043
SOPT,0.9,1,3,3,500,2176,2.330796648,0.07131724728360796
gappy-POD,0.9,1,3,3,500,2272,2.308409123,0.07246201223525862
QDEIM,0.9,1,3,3,500,2412,2.451536395,0.07219196028620879
SOPT,0.9,1,3,3,600,2472,2.70709734,0.07133416243055991
gappy-POD,0.9,1,3,3,600,2560,2.684828967,0.07220724251279456
QDEIM,0.9,1,3,3,600,2760,2.858381475,0.07209144507261453
SOPT,0.9,1,3,3,700,2804,3.105085929,0.07146180348744896
gappy-POD,0.9,1,3,3,700,2912,3.11035097,0.07207076626476093
QDEIM,0.9,1,3,3,700,2992,3.102226055,0.07231490473859788
SOPT,0.9,1,3,3,800,3088,3.412497262,0.07172636168426935
gappy-POD,0.9,1,3,3,800,3168,3.408460202,0.07204588898779778
QDEIM,0.9,1,3,3,800,3068,3.17300079,0.07233424187909898
SOPT,0.9,1,3,3,900,3324,3.625338884,0.07190660401301115
gappy-POD,0.9,1,3,3,900,3440,3.691621836,0.07212359812120257
QDEIM,0.9,1,3,3,900,3252,3.375373048,0.07224534674596265
SOPT,0.9,1,3,3,1000,3568,3.951972903,0.07196808981224348
gappy-POD,0.9,1,3,3,1000,3584,3.85919643,0.07205227332092987
QDEIM,0.9,1,3,3,1000,3496,3.642005291,0.0721466903218375
SOPT,0.9,1,3,3,1100,3764,4.279298449,0.07192400166144372
gappy-POD,0.9,1,3,3,1100,3708,3.977000107,0.07199918727137543
QDEIM,0.9,1,3,3,1100,3708,3.8545699,0.07207378424092448
SOPT,0.9,1,3,3,1200,3876,4.518487546,0.07185578871575286
gappy-POD,0.9,1,3,3,1200,3840,4.101643032,0.0719596306994876
QDEIM,0.9,1,3,3,1200,3792,3.988244874,0.07200713324488495
SOPT,0.9,1,3,3,1300,3988,4.499821409,0.07173911251162179
gappy-POD,0.9,1,3,3,1300,3952,4.302392588,0.07192564886345257
QDEIM,0.9,1,3,3,1300,3904,4.099231894,0.07197739284174991
SOPT,0.9,1,3,3,1400,4060,4.732055468,0.07167434949961904
gappy-POD,0.9,1,3,3,1400,3952,4.231549554,0.07191383118142672
QDEIM,0.9,1,3,3,1400,3968,4.169251222,0.07195553631741326
SOPT,0.9,1,3,3,1500,4080,4.641859341,0.07162569333473079
gappy-POD,0.9,1,3,3,1500,4032,4.326047081,0.07192127101631236
QDEIM,0.9,1,3,3,1500,4032,4.265254615,0.07193308597581302
SOPT,0.9,1,3,3,1600,4080,4.698938359,0.07166195475649575
gappy-POD,0.9,1,3,3,1600,4032,4.337295583,0.07190803237295462
QDEIM,0.9,1,3,3,1600,4032,4.199061109,0.07191951216875565
SOPT,0.9,1,3,3,1700,4096,4.425844223,0.07183967432025115
gappy-POD,0.9,1,3,3,1700,4080,4.359958754,0.07190590769766336
QDEIM,0.9,1,3,3,1700,4080,4.250852799,0.07191095704153912
SOPT,0.9,1,3,3,1800,4096,4.418849787,0.07213801222356038
gappy-POD,0.9,1,3,3,1800,4080,4.403070326,0.07190334848462404
QDEIM,0.9,1,3,3,1800,4080,4.260699009,0.07190880954321248
SOPT,0.9,1,3,3,1900,4096,4.477240173,0.07207844956947995
gappy-POD,0.9,1,3,3,1900,4096,4.466627145,0.0719047480689218
QDEIM,0.9,1,3,3,1900,4096,4.27782655,0.07190440106911507
SOPT,0.9,1,3,3,2000,4096,4.403885817,0.07204096855789023
gappy-POD,0.9,1,3,3,2000,4096,4.41504213,0.07190444092325124
QDEIM,0.9,1,3,3,2000,4096,4.345803069,0.07190069140046179
SOPT,0.9,1,3,3,2100,4096,4.535414992,0.07191272266847194
gappy-POD,0.9,1,3,3,2100,4096,4.441642635,0.07190059615164637
QDEIM,0.9,1,3,3,2100,4096,4.397396075,0.07190059615164626
SOPT,0.9,1,3,3,2200,0,,
gappy-POD,0.9,1,3,3,2200,0,,
QDEIM,0.9,1,3,3,2200,0,,
SOPT,0.9,1,3,3,2300,0,,
gappy-POD,0.9,1,3,3,2300,0,,
QDEIM,0.9,1,3,3,2300,0,,
SOPT,0.9,1,3,3,2400,0,,
gappy-POD,0.9,1,3,3,2400,0,,
QDEIM,0.9,1,3,3,2400,0,,
SOPT,0.9,1,3,3,2500,0,,
gappy-POD,0.9,1,3,3,2500,0,,
QDEIM,0.9,1,3,3,2500,0,,
SOPT,0.9,1,3,3,2600,0,,
gappy-POD,0.9,1,3,3,2600,0,,
QDEIM,0.9,1,3,3,2600,0,,
SOPT,0.9,1,3,3,2700,0,,
gappy-POD,0.9,1,3,3,2700,0,,
QDEIM,0.9,1,3,3,2700,0,,
SOPT,0.9,1,3,3,2800,0,,
gappy-POD,0.9,1,3,3,2800,0,,
QDEIM,0.9,1,3,3,2800,0,,
SOPT,0.9,1,3,3,2900,0,,
gappy-POD,0.9,1,3,3,2900,0,,
QDEIM,0.9,1,3,3,2900,0,,
SOPT,0.9,1,3,3,3000,0,,
gappy-POD,0.9,1,3,3,3000,0,,
QDEIM,0.9,1,3,3,3000,0,,
SOPT,0.9,1,3,3,3100,0,,
gappy-POD,0.9,1,3,3,3100,0,,
QDEIM,0.9,1,3,3,3100,0,,
SOPT,0.9,1,3,3,3200,0,,
gappy-POD,0.9,1,3,3,3200,0,,
QDEIM,0.9,1,3,3,3200,0,,
SOPT,0.9,1,3,3,3300,0,,
gappy-POD,0.9,1,3,3,3300,0,,
QDEIM,0.9,1,3,3,3300,0,,
EQPGlobal,0.99,3,6,6,3300,194,0.250459652,0.02969687643789529
EQP,0.99,3,6,6,20,20,0.053557607,0.0300497592570366
EQP,0.99,3,6,6,40,40,0.07767958500000001,0.02978915910732846
EQP,0.99,3,6,6,60,60,0.100347394,0.02968819729070181
EQP,0.99,3,6,6,80,80,0.124942066,0.02968969970290755
EQP,0.99,3,6,6,100,100,0.146667864,0.02969836285805854
EQP,0.99,3,6,6,120,120,0.168439565,0.02970038437560808
EQP,0.99,3,6,6,140,140,0.1941367869999999,0.02969835011747399
EQP,0.99,3,6,6,160,160,0.214441209,0.02969488328806689
EQP,0.99,3,6,6,180,180,0.236745633,0.02969652367885649
EQP,0.99,3,6,6,200,194,0.250914115,0.02969687643789529
EQP,0.99,3,6,6,200,194,0.251390182,0.02969687643789529
EQP,0.99,3,6,6,300,194,0.251703546,0.02969687643789529
EQP,0.99,3,6,6,400,194,0.2514603219999999,0.02969687643789529
EQP,0.99,3,6,6,500,194,0.2511937089999999,0.02969687643789529
EQP,0.99,3,6,6,600,194,0.252676982,0.02969687643789529
EQP,0.99,3,6,6,700,194,0.252008742,0.02969687643789529
EQP,0.99,3,6,6,800,194,0.255109268,0.02969687643789529
EQP,0.99,3,6,6,900,194,0.252015467,0.02969687643789529
EQP,0.99,3,6,6,1000,194,0.251795009,0.02969687643789529
SOPT,0.99,3,6,6,20,156,0.223776777,0.02896058534701524
gappy-POD,0.99,3,6,6,20,156,0.216818902,0.02968200205536182
QDEIM,0.99,3,6,6,20,156,0.213262108,0.02945445627058937
SOPT,0.99,3,6,6,40,288,0.359072562,0.02896058534701523
gappy-POD,0.99,3,6,6,40,300,0.370544079,0.02968200205536191
QDEIM,0.99,3,6,6,40,300,0.400195297,0.02902153185572993
SOPT,0.99,3,6,6,60,424,0.5473924920000001,0.02896058534701529
gappy-POD,0.99,3,6,6,60,444,0.539597432,0.02968893807626994
QDEIM,0.99,3,6,6,60,388,0.472131957,0.02879740137648
SOPT,0.99,3,6,6,80,564,0.687029777,0.02896058534701522
gappy-POD,0.99,3,6,6,80,596,0.697962822,0.0296960111012687
QDEIM,0.99,3,6,6,80,452,0.5423420210000001,0.0285362366571766
SOPT,0.99,3,6,6,100,636,0.75254636,0.02896070252125134
gappy-POD,0.99,3,6,6,100,724,0.86754398,0.02969448482895925
QDEIM,0.99,3,6,6,100,536,0.635185759,0.03017159567490907
SOPT,0.99,3,6,6,120,724,0.87700623,0.02895878287817286
gappy-POD,0.99,3,6,6,120,836,0.974636071,0.02970060247048979
QDEIM,0.99,3,6,6,120,652,0.765529936,0.02931066270653171
SOPT,0.99,3,6,6,140,824,0.951774908,0.02895663582840501
gappy-POD,0.99,3,6,6,140,956,1.131757318,0.02967755219852411
QDEIM,0.99,3,6,6,140,752,0.876202514,0.02930772568757437
SOPT,0.99,3,6,6,160,904,1.125037992,0.02895436839854802
gappy-POD,0.99,3,6,6,160,1048,1.236264889,0.02977312568488944
QDEIM,0.99,3,6,6,160,876,1.015249275,0.02920288239317708
SOPT,0.99,3,6,6,180,972,1.137510271,0.02895215991510837
gappy-POD,0.99,3,6,6,180,1152,1.361631237,0.02989147504290579
QDEIM,0.99,3,6,6,180,988,1.135417333,0.02928798334942014
SOPT,0.99,3,6,6,200,1024,1.189196593,0.02895018806159213
gappy-POD,0.99,3,6,6,200,1244,1.440892702,0.02996337315572617
QDEIM,0.99,3,6,6,200,1056,1.217822948,0.02932604299033311
SOPT,0.99,3,6,6,200,1024,1.176064203,0.02895018806159213
gappy-POD,0.99,3,6,6,200,1244,1.442709223,0.02996337315572617
QDEIM,0.99,3,6,6,200,1056,1.21739756,0.02932604299033311
SOPT,0.99,3,6,6,300,1380,1.584777301,0.02903336518463531
gappy-POD,0.99,3,6,6,300,1672,1.952732621,0.03026592345356466
QDEIM,0.99,3,6,6,300,1420,1.595104694,0.02994622351010671
SOPT,0.99,3,6,6,400,1736,2.040783537,0.0294212569468809
gappy-POD,0.99,3,6,6,400,2112,2.416570914,0.03034877701472763
QDEIM,0.99,3,6,6,400,1972,2.19789213,0.02988869528767635
SOPT,0.99,3,6,6,500,2128,2.485899124,0.02984047281335169
gappy-POD,0.99,3,6,6,500,2404,2.758824608,0.03051827257798634
QDEIM,0.99,3,6,6,500,2432,2.731172337,0.02990440682437893
SOPT,0.99,3,6,6,600,2464,2.858206702,0.02987027664403175
gappy-POD,0.99,3,6,6,600,2736,3.175145676,0.03044010390487402
QDEIM,0.99,3,6,6,600,2592,2.927690882,0.03027053155114945
SOPT,0.99,3,6,6,700,2792,3.268037218,0.03012534950540386
gappy-POD,0.99,3,6,6,700,2900,3.343965001,0.03046560005951178
QDEIM,0.99,3,6,6,700,2808,3.138962754,0.03008252620255473
SOPT,0.99,3,6,6,800,3080,3.482555438,0.02991390172022544
gappy-POD,0.99,3,6,6,800,3028,3.65484099,0.03035490053180125
QDEIM,0.99,3,6,6,800,3148,3.473747445,0.02990626806282808
SOPT,0.99,3,6,6,900,3260,3.721144303,0.02996196472684088
gappy-POD,0.99,3,6,6,900,3224,3.696828502,0.03030834398840445
QDEIM,0.99,3,6,6,900,3256,3.639908066,0.02995771805706541
SOPT,0.99,3,6,6,1000,3416,3.884821883,0.02989910819008848
gappy-POD,0.99,3,6,6,1000,3440,3.891927113,0.03017918370947444
QDEIM,0.99,3,6,6,1000,3312,3.645911236,0.02996208974394543
SOPT,0.99,3,6,6,1100,3592,4.135916306,0.02980211012067539
gappy-POD,0.99,3,6,6,1100,3632,4.226470023,0.03006220103086763
QDEIM,0.99,3,6,6,1100,3512,3.882829216,0.02996580013242779
SOPT,0.99,3,6,6,1200,3760,4.466896609,0.02978051205471779
gappy-POD,0.99,3,6,6,1200,3824,4.444106849,0.03000212904842535
QDEIM,0.99,3,6,6,1200,3824,4.219316963,0.02994869881575378
SOPT,0.99,3,6,6,1300,3852,4.445994151,0.0297444862066214
gappy-POD,0.99,3,6,6,1300,3932,4.555864944,0.02996849910844877
QDEIM,0.99,3,6,6,1300,3824,4.249460113,0.02995190642563952
SOPT,0.99,3,6,6,1400,3960,4.636276083,0.02970653456763271
gappy-POD,0.99,3,6,6,1400,4016,4.617551256,0.02992139782179921
QDEIM,0.99,3,6,6,1400,3920,4.350104736,0.02990272971218648
SOPT,0.99,3,6,6,1500,4044,4.626863052,0.0296600484084364
gappy-POD,0.99,3,6,6,1500,4080,4.657798711,0.02990965414686259
QDEIM,0.99,3,6,6,1500,4024,4.472695817,0.02990864963398895
SOPT,0.99,3,6,6,1600,4064,4.62543267,0.02965846132260242
gappy-POD,0.99,3,6,6,1600,4080,4.649706845,0.02989638005013918
QDEIM,0.99,3,6,6,1600,4032,4.473083224,0.02990993918580763
SOPT,0.99,3,6,6,1700,4080,4.661315322,0.02967908773958109
gappy-POD,0.99,3,6,6,1700,4080,4.649799807,0.02988584622869799
QDEIM,0.99,3,6,6,1700,4080,4.566189169,0.02989471637911785
SOPT,0.99,3,6,6,1800,4088,4.749328406,0.02970305241630226
gappy-POD,0.99,3,6,6,1800,4096,4.783515513,0.02988812618878289
QDEIM,0.99,3,6,6,1800,4080,4.504388626,0.02988551333999154
SOPT,0.99,3,6,6,1900,4088,4.635651839,0.02972721414713467
gappy-POD,0.99,3,6,6,1900,4096,4.663063782,0.02988630264977119
QDEIM,0.99,3,6,6,1900,4084,4.500746769,0.02988507051895525
SOPT,0.99,3,6,6,2000,4096,4.679826256,0.02979587308163751
gappy-POD,0.99,3,6,6,2000,4096,4.70122089,0.02988523470475545
QDEIM,0.99,3,6,6,2000,4096,4.562583381,0.02988520743893062
SOPT,0.99,3,6,6,2100,4096,4.73720458,0.02987748947740157
gappy-POD,0.99,3,6,6,2100,4096,4.762340278,0.02988521327370392
QDEIM,0.99,3,6,6,2100,4096,4.529021723,0.02988521327370393
SOPT,0.99,3,6,6,2200,0,,
gappy-POD,0.99,3,6,6,2200,0,,
QDEIM,0.99,3,6,6,2200,0,,
SOPT,0.99,3,6,6,2300,0,,
gappy-POD,0.99,3,6,6,2300,0,,
QDEIM,0.99,3,6,6,2300,0,,
SOPT,0.99,3,6,6,2400,0,,
gappy-POD,0.99,3,6,6,2400,0,,
QDEIM,0.99,3,6,6,2400,0,,
SOPT,0.99,3,6,6,2500,0,,
gappy-POD,0.99,3,6,6,2500,0,,
QDEIM,0.99,3,6,6,2500,0,,
SOPT,0.99,3,6,6,2600,0,,
gappy-POD,0.99,3,6,6,2600,0,,
QDEIM,0.99,3,6,6,2600,0,,
SOPT,0.99,3,6,6,2700,0,,
gappy-POD,0.99,3,6,6,2700,0,,
QDEIM,0.99,3,6,6,2700,0,,
SOPT,0.99,3,6,6,2800,0,,
gappy-POD,0.99,3,6,6,2800,0,,
QDEIM,0.99,3,6,6,2800,0,,
SOPT,0.99,3,6,6,2900,0,,
gappy-POD,0.99,3,6,6,2900,0,,
QDEIM,0.99,3,6,6,2900,0,,
SOPT,0.99,3,6,6,3000,0,,
gappy-POD,0.99,3,6,6,3000,0,,
QDEIM,0.99,3,6,6,3000,0,,
SOPT,0.99,3,6,6,3100,0,,
gappy-POD,0.99,3,6,6,3100,0,,
QDEIM,0.99,3,6,6,3100,0,,
SOPT,0.99,3,6,6,3200,0,,
gappy-POD,0.99,3,6,6,3200,0,,
QDEIM,0.99,3,6,6,3200,0,,
SOPT,0.99,3,6,6,3300,0,,
gappy-POD,0.99,3,6,6,3300,0,,
QDEIM,0.99,3,6,6,3300,0,,
EQPGlobal,0.999,5,9,8,3300,238,0.474043397,0.01790383116313725
EQP,0.999,5,9,8,20,20,0.081633489,0.01778378806917005
EQP,0.999,5,9,8,40,40,0.118968207,0.01788940176639505
EQP,0.999,5,9,8,60,60,0.155119886,0.01796206786473046
EQP,0.999,5,9,8,80,80,0.192254703,0.01794320292937486
EQP,0.999,5,9,8,100,100,0.226877924,0.01791586994656043
EQP,0.999,5,9,8,120,120,0.263339829,0.01792702363055713
EQP,0.999,5,9,8,140,140,0.297380074,0.01791007586104185
EQP,0.999,5,9,8,160,160,0.337365174,0.01790647117720894
EQP,0.999,5,9,8,180,180,0.374823421,0.01790512959413233
EQP,0.999,5,9,8,200,200,0.409784574,0.01790348033017205
EQP,0.999,5,9,8,200,200,0.407318321,0.01790348033017205
EQP,0.999,5,9,8,300,238,0.4723019949999999,0.01790383116313725
EQP,0.999,5,9,8,400,238,0.471942735,0.01790383116313725
EQP,0.999,5,9,8,500,238,0.474788952,0.01790383116313725
EQP,0.999,5,9,8,600,238,0.473735426,0.01790383116313725
EQP,0.999,5,9,8,700,238,0.473005209,0.01790383116313725
EQP,0.999,5,9,8,800,238,0.4734103749999999,0.01790383116313725
EQP,0.999,5,9,8,900,238,0.4747363530000001,0.01790383116313725
EQP,0.999,5,9,8,1000,238,0.4735898719999999,0.01790383116313725
SOPT,0.999,5,9,8,20,152,0.227484529,0.01865902655712706
gappy-POD,0.999,5,9,8,20,156,0.244205128,0.09831812213469175
QDEIM,0.999,5,9,8,20,156,0.233879838,0.01959654035525031
SOPT,0.999,5,9,8,40,268,0.361682274,0.01862934467796893
gappy-POD,0.999,5,9,8,40,304,0.423037883,0.09831812213469104
QDEIM,0.999,5,9,8,40,304,0.406510174,0.01912321364715226
SOPT,0.999,5,9,8,60,384,0.4958853,0.01862894325341827
gappy-POD,0.999,5,9,8,60,440,0.58414721,0.09831812213469204
QDEIM,0.999,5,9,8,60,440,0.547128096,0.01909885884656053
SOPT,0.999,5,9,8,80,528,0.654871816,0.01862894325341834
gappy-POD,0.999,5,9,8,80,580,0.7476100670000001,0.09042005298319701
QDEIM,0.999,5,9,8,80,560,0.6841760139999999,0.02088345306978905
SOPT,0.999,5,9,8,100,652,0.796481535,0.01862894325341835
gappy-POD,0.999,5,9,8,100,720,0.885360601,0.08495333713214573
QDEIM,0.999,5,9,8,100,688,0.832200846,0.02294320835782374
SOPT,0.999,5,9,8,120,772,0.971719716,0.01862896483446023
gappy-POD,0.999,5,9,8,120,848,1.035500355,0.0804829569008777
QDEIM,0.999,5,9,8,120,808,0.962731608,0.02497060640866306
SOPT,0.999,5,9,8,140,832,1.002719864,0.01862875390490135
gappy-POD,0.999,5,9,8,140,960,1.165101991,0.06513642582105318
QDEIM,0.999,5,9,8,140,940,1.108499759,0.02502918674388286
SOPT,0.999,5,9,8,160,904,1.086731625,0.01862806109293054
gappy-POD,0.999,5,9,8,160,1076,1.305442537,0.05797027652172976
QDEIM,0.999,5,9,8,160,1072,1.278328782,0.02441418484576529
SOPT,0.999,5,9,8,180,980,1.175682565,0.01862770286684682
gappy-POD,0.999,5,9,8,180,1204,1.487541839,0.05592124156123238
QDEIM,0.999,5,9,8,180,1184,1.384504413,0.02325554886159825
SOPT,0.999,5,9,8,200,1056,1.279281846,0.01862324944087603
gappy-POD,0.999,5,9,8,200,1288,1.553852467,0.05153592903765191
QDEIM,0.999,5,9,8,200,1304,1.523508805,0.02049461575540085
SOPT,0.999,5,9,8,200,1056,1.301816476,0.01862324944087603
gappy-POD,0.999,5,9,8,200,1288,1.531045394,0.05153592903765191
QDEIM,0.999,5,9,8,200,1304,1.525650623,0.02049461575540085
SOPT,0.999,5,9,8,300,1424,1.717269209,0.01859302986280474
gappy-POD,0.999,5,9,8,300,1692,2.031248647,0.02347344469411602
QDEIM,0.999,5,9,8,300,1784,2.081593176,0.02047196956623024
SOPT,0.999,5,9,8,400,1788,2.143602452,0.01841260769530293
gappy-POD,0.999,5,9,8,400,2040,2.43734361,0.02138114550405657
QDEIM,0.999,5,9,8,400,2192,2.502972104,0.01923499492103015
SOPT,0.999,5,9,8,500,2148,2.532266195,0.01862709054807769
gappy-POD,0.999,5,9,8,500,2428,2.862173498,0.0217196318165623
QDEIM,0.999,5,9,8,500,2516,2.865441618,0.02126887399872036
SOPT,0.999,5,9,8,600,2480,2.930371004,0.01850317706266914
gappy-POD,0.999,5,9,8,600,2644,3.059585682,0.02016858054824169
QDEIM,0.999,5,9,8,600,2760,3.079783176,0.0205680322158352
SOPT,0.999,5,9,8,700,2792,3.241496053,0.01848725460247453
gappy-POD,0.999,5,9,8,700,2840,3.313860455,0.01847647809652011
QDEIM,0.999,5,9,8,700,3112,3.554456456,0.01928156724412223
SOPT,0.999,5,9,8,800,3080,3.537213178,0.01845927694187221
gappy-POD,0.999,5,9,8,800,3024,3.5288587,0.01827362215138836
QDEIM,0.999,5,9,8,800,3328,3.746023276,0.01877140281843864
SOPT,0.999,5,9,8,900,3292,3.829497325,0.01844056014958385
gappy-POD,0.999,5,9,8,900,3172,3.652614186,0.01803244617854347
QDEIM,0.999,5,9,8,900,3564,3.980546485,0.0189343483547728
SOPT,0.999,5,9,8,1000,3508,4.036647683,0.01838234502331822
gappy-POD,0.999,5,9,8,1000,3336,3.857143666,0.01822745639670691
QDEIM,0.999,5,9,8,1000,3592,4.049957897,0.01862395979001542
SOPT,0.999,5,9,8,1100,3656,4.20482048,0.01832473232008357
gappy-POD,0.999,5,9,8,1100,3552,4.098791776,0.01818763933476626
QDEIM,0.999,5,9,8,1100,3716,4.160277732,0.01830633640767052
SOPT,0.999,5,9,8,1200,3740,4.408081698,0.01832653234537689
gappy-POD,0.999,5,9,8,1200,3684,4.262602949,0.01817592397967981
QDEIM,0.999,5,9,8,1200,3896,4.362819873,0.01826218964196056
SOPT,0.999,5,9,8,1300,3800,4.356002749,0.01830997670054508
gappy-POD,0.999,5,9,8,1300,3792,4.375763941,0.01816734306028995
QDEIM,0.999,5,9,8,1300,3916,4.359102816,0.01821992427782721
SOPT,0.999,5,9,8,1400,3884,4.43438143,0.01825579213760243
gappy-POD,0.999,5,9,8,1400,3904,4.480085378,0.01813148352846855
QDEIM,0.999,5,9,8,1400,3916,4.427173568,0.01810624687121068
SOPT,0.999,5,9,8,1500,3976,4.579990913,0.01820482841017084
gappy-POD,0.999,5,9,8,1500,3952,4.571008172,0.01811727220006123
QDEIM,0.999,5,9,8,1500,4000,4.527504997,0.01809877929124087
SOPT,0.999,5,9,8,1600,4020,4.662893336,0.0181625586728916
gappy-POD,0.999,5,9,8,1600,4032,4.898431577,0.01810381625693898
QDEIM,0.999,5,9,8,1600,4064,4.547564637,0.01808500350979027
SOPT,0.999,5,9,8,1700,4048,4.731561837,0.01815828245046427
gappy-POD,0.999,5,9,8,1700,4080,4.691468376,0.01809770920059656
QDEIM,0.999,5,9,8,1700,4080,4.617616062,0.01809799290683346
SOPT,0.999,5,9,8,1800,4088,4.752862586,0.0181333580675143
gappy-POD,0.999,5,9,8,1800,4080,4.685843228,0.01809914117727178
QDEIM,0.999,5,9,8,1800,4088,4.649767155,0.01809728124200499
SOPT,0.999,5,9,8,1900,4096,4.711941183,0.0181313995987792
gappy-POD,0.999,5,9,8,1900,4096,4.74688136,0.01809852960768556
QDEIM,0.999,5,9,8,1900,4096,4.665134198,0.01809767653929358
SOPT,0.999,5,9,8,2000,4096,4.709479013,0.0181039838739969
gappy-POD,0.999,5,9,8,2000,4096,4.77575692,0.0180982267221905
QDEIM,0.999,5,9,8,2000,4096,4.634697357,0.01809809291903089
SOPT,0.999,5,9,8,2100,4096,4.754755385,0.01809807630386535
gappy-POD,0.999,5,9,8,2100,4096,4.733678656,0.01809803539513792
QDEIM,0.999,5,9,8,2100,4096,4.605882472,0.01809803539513795
SOPT,0.999,5,9,8,2200,0,,
gappy-POD,0.999,5,9,8,2200,0,,
QDEIM,0.999,5,9,8,2200,0,,
SOPT,0.999,5,9,8,2300,0,,
gappy-POD,0.999,5,9,8,2300,0,,
QDEIM,0.999,5,9,8,2300,0,,
SOPT,0.999,5,9,8,2400,0,,
gappy-POD,0.999,5,9,8,2400,0,,
QDEIM,0.999,5,9,8,2400,0,,
SOPT,0.999,5,9,8,2500,0,,
gappy-POD,0.999,5,9,8,2500,0,,
QDEIM,0.999,5,9,8,2500,0,,
SOPT,0.999,5,9,8,2600,0,,
gappy-POD,0.999,5,9,8,2600,0,,
QDEIM,0.999,5,9,8,2600,0,,
SOPT,0.999,5,9,8,2700,0,,
gappy-POD,0.999,5,9,8,2700,0,,
QDEIM,0.999,5,9,8,2700,0,,
SOPT,0.999,5,9,8,2800,0,,
gappy-POD,0.999,5,9,8,2800,0,,
QDEIM,0.999,5,9,8,2800,0,,
SOPT,0.999,5,9,8,2900,0,,
gappy-POD,0.999,5,9,8,2900,0,,
QDEIM,0.999,5,9,8,2900,0,,
SOPT,0.999,5,9,8,3000,0,,
gappy-POD,0.999,5,9,8,3000,0,,
QDEIM,0.999,5,9,8,3000,0,,
SOPT,0.999,5,9,8,3100,0,,
gappy-POD,0.999,5,9,8,3100,0,,
QDEIM,0.999,5,9,8,3100,0,,
SOPT,0.999,5,9,8,3200,0,,
gappy-POD,0.999,5,9,8,3200,0,,
QDEIM,0.999,5,9,8,3200,0,,
SOPT,0.999,5,9,8,3300,0,,
gappy-POD,0.999,5,9,8,3300,0,,
QDEIM,0.999,5,9,8,3300,0,,
EQPGlobal,0.9999,8,11,11,3300,257,0.678980921,0.002787115480083056
EQP,0.9999,8,11,11,20,20,0.109011952,0.005241891056169147
EQP,0.9999,8,11,11,40,40,0.158010724,0.002816016591757614
EQP,0.9999,8,11,11,60,60,0.207984034,0.002810696321616165
EQP,0.9999,8,11,11,80,80,0.254970501,0.002794787064782187
EQP,0.9999,8,11,11,100,100,0.301603699,0.002785043935979306
EQP,0.9999,8,11,11,120,120,0.351517446,0.002786958440370053
EQP,0.9999,8,11,11,140,140,0.3985824489999999,0.002785407324647956
EQP,0.9999,8,11,11,160,160,0.445645773,0.002786607564033226
EQP,0.9999,8,11,11,180,180,0.4964295440000001,0.002787137880955863
EQP,0.9999,8,11,11,200,200,0.5495430210000001,0.002787062440605677
EQP,0.9999,8,11,11,200,200,0.546494671,0.002787062440605677
EQP,0.9999,8,11,11,300,257,0.674586699,0.002787115480083056
EQP,0.9999,8,11,11,400,257,0.6862022130000001,0.002787115480083056
EQP,0.9999,8,11,11,500,257,0.677417138,0.002787115480083056
EQP,0.9999,8,11,11,600,257,0.6774495869999999,0.002787115480083056
EQP,0.9999,8,11,11,700,257,0.674601456,0.002787115480083056
EQP,0.9999,8,11,11,800,257,0.6776562900000001,0.002787115480083056
EQP,0.9999,8,11,11,900,257,0.675118906,0.002787115480083056
EQP,0.9999,8,11,11,1000,257,0.680267999,0.002787115480083056
SOPT,0.9999,8,11,11,20,156,0.246796864,0.002725646804981742
gappy-POD,0.9999,8,11,11,20,152,0.2425258779999999,0.003038015453087118
QDEIM,0.9999,8,11,11,20,160,0.252857622,0.002877699122790935
SOPT,0.9999,8,11,11,40,260,0.375597734,0.002796692389679079
gappy-POD,0.9999,8,11,11,40,300,0.41109534,0.003038015453086957
QDEIM,0.9999,8,11,11,40,316,0.456406192,0.002829822586480562
SOPT,0.9999,8,11,11,60,376,0.506103707,0.00279348955652628
gappy-POD,0.9999,8,11,11,60,444,0.5772930249999999,0.00303801545308711
QDEIM,0.9999,8,11,11,60,448,0.6089673920000001,0.002809912255667851
SOPT,0.9999,8,11,11,80,496,0.6547929840000001,0.002792979260668758
gappy-POD,0.9999,8,11,11,80,576,0.750756985,0.003038015453086972
QDEIM,0.9999,8,11,11,80,592,0.753835614,0.002815563299786811
SOPT,0.9999,8,11,11,100,608,0.7705333910000001,0.002792979260668777
gappy-POD,0.9999,8,11,11,100,708,0.960923085,0.003024052500799123
QDEIM,0.9999,8,11,11,100,744,0.91885706,0.002820432168826967
SOPT,0.9999,8,11,11,120,728,0.919851595,0.002792979260668764
gappy-POD,0.9999,8,11,11,120,848,1.060884355,0.00300752575953211
QDEIM,0.9999,8,11,11,120,864,1.071566118,0.002810202215984119
SOPT,0.9999,8,11,11,140,832,1.04591796,0.002793233331276669
gappy-POD,0.9999,8,11,11,140,972,1.256242366,0.002997578972614442
QDEIM,0.9999,8,11,11,140,972,1.185548855,0.002813521835428051
SOPT,0.9999,8,11,11,160,912,1.14370067,0.002788266601126933
gappy-POD,0.9999,8,11,11,160,1104,1.346458641,0.002988161338343274
QDEIM,0.9999,8,11,11,160,1116,1.361610306,0.002812844016346633
SOPT,0.9999,8,11,11,180,992,1.27902011,0.00278658694123182
gappy-POD,0.9999,8,11,11,180,1184,1.504638144,0.00296754989905274
QDEIM,0.9999,8,11,11,180,1228,1.474448459,0.002817180307045039
SOPT,0.9999,8,11,11,200,1076,1.343019765,0.002782551823409851
gappy-POD,0.9999,8,11,11,200,1256,1.546399369,0.002939935996550783
QDEIM,0.9999,8,11,11,200,1348,1.627024145,0.002821901588293367
SOPT,0.9999,8,11,11,200,1076,1.31673817,0.002782551823409851
gappy-POD,0.9999,8,11,11,200,1256,1.523077247,0.002939935996550783
QDEIM,0.9999,8,11,11,200,1348,1.622801539,0.002821901588293367
SOPT,0.9999,8,11,11,300,1416,1.720813168,0.0027866372457399
gappy-POD,0.9999,8,11,11,300,1776,2.158568211,0.00279167524030755
QDEIM,0.9999,8,11,11,300,1848,2.19103843,0.002829387638947159
SOPT,0.9999,8,11,11,400,1776,2.177807294,0.002761463679418673
gappy-POD,0.9999,8,11,11,400,2096,2.524098116,0.002788697659962495
QDEIM,0.9999,8,11,11,400,2152,2.521456516,0.002847594663693876
SOPT,0.9999,8,11,11,500,2132,2.567854244,0.002749413221015629
gappy-POD,0.9999,8,11,11,500,2344,2.839187479,0.002811289248708757
QDEIM,0.9999,8,11,11,500,2560,2.988905539,0.002861291021130978
SOPT,0.9999,8,11,11,600,2496,3.025764021,0.002758260532824594
gappy-POD,0.9999,8,11,11,600,2504,2.998097221,0.002841204707744055
QDEIM,0.9999,8,11,11,600,2700,3.146025055,0.00284817337607667
SOPT,0.9999,8,11,11,700,2704,3.253113061,0.002758972101198305
gappy-POD,0.9999,8,11,11,700,2748,3.268953338,0.002831493083642873
QDEIM,0.9999,8,11,11,700,2892,3.360132522,0.002857785515013719
SOPT,0.9999,8,11,11,800,2972,3.574874521,0.002768160963061607
gappy-POD,0.9999,8,11,11,800,2876,3.418832005,0.002821604937612485
QDEIM,0.9999,8,11,11,800,3096,3.585404717,0.002850272650570908
SOPT,0.9999,8,11,11,900,3176,3.763183742,0.002778926362644291
gappy-POD,0.9999,8,11,11,900,3124,3.71654729,0.002838118746913549
QDEIM,0.9999,8,11,11,900,3468,4.044077571,0.002853373749582562
SOPT,0.9999,8,11,11,1000,3372,4.047381016,0.002788095555878133
gappy-POD,0.9999,8,11,11,1000,3408,4.056722998,0.002839586741727947
QDEIM,0.9999,8,11,11,1000,3628,4.226294646,0.002844749427113058
SOPT,0.9999,8,11,11,1100,3564,4.299970206,0.002792771481836707
gappy-POD,0.9999,8,11,11,1100,3552,4.256854681,0.002840530131116529
QDEIM,0.9999,8,11,11,1100,3712,4.311011896,0.00284181394115574
SOPT,0.9999,8,11,11,1200,3664,4.360614625,0.002797165342047041
gappy-POD,0.9999,8,11,11,1200,3760,4.438268657,0.002837138462520821
QDEIM,0.9999,8,11,11,1200,3808,4.412567657,0.002841729053266817
SOPT,0.9999,8,11,11,1300,3764,4.393858121,0.002807028424591119
gappy-POD,0.9999,8,11,11,1300,3764,4.459438917,0.002830664328843934
QDEIM,0.9999,8,11,11,1300,3824,4.431770321,0.002834850287745732
SOPT,0.9999,8,11,11,1400,3860,4.488262272,0.002808606445856873
gappy-POD,0.9999,8,11,11,1400,3952,4.753226139,0.002832469563593983
QDEIM,0.9999,8,11,11,1400,3844,4.475854276,0.002824849853344899
SOPT,0.9999,8,11,11,1500,3932,4.765363672,0.002811517031145089
gappy-POD,0.9999,8,11,11,1500,3968,4.712666841,0.002831237540355164
QDEIM,0.9999,8,11,11,1500,3904,4.499766039,0.00282679920342242
SOPT,0.9999,8,11,11,1600,4000,4.749935171,0.002812912838238711
gappy-POD,0.9999,8,11,11,1600,4016,4.810317239,0.002828276869767762
QDEIM,0.9999,8,11,11,1600,4032,4.684910978,0.002826078200747733
SOPT,0.9999,8,11,11,1700,4036,4.906603886,0.002817420251914527
gappy-POD,0.9999,8,11,11,1700,4080,4.875793907,0.00282775830142451
QDEIM,0.9999,8,11,11,1700,4060,4.671349619,0.002825009347538226
SOPT,0.9999,8,11,11,1800,4072,4.827919478,0.002817551634713017
gappy-POD,0.9999,8,11,11,1800,4080,4.89277257,0.002823663591955058
QDEIM,0.9999,8,11,11,1800,4080,4.721012248,0.002821207712389786
SOPT,0.9999,8,11,11,1900,4092,4.931244108,0.002820799859251978
gappy-POD,0.9999,8,11,11,1900,4096,4.946068904,0.002821547399991961
QDEIM,0.9999,8,11,11,1900,4088,4.746434965,0.002819016187834632
SOPT,0.9999,8,11,11,2000,4096,4.887135116,0.002818524062672311
gappy-POD,0.9999,8,11,11,2000,4096,4.94360982,0.002818761216346586
QDEIM,0.9999,8,11,11,2000,4096,4.765052514,0.002818303767889982
SOPT,0.9999,8,11,11,2100,4096,4.810787924,0.002818029964907447
gappy-POD,0.9999,8,11,11,2100,4096,4.917688433,0.002818117745342897
QDEIM,0.9999,8,11,11,2100,4096,4.764048797,0.002818117745342895
SOPT,0.9999,8,11,11,2200,0,,
gappy-POD,0.9999,8,11,11,2200,0,,
QDEIM,0.9999,8,11,11,2200,0,,
SOPT,0.9999,8,11,11,2300,0,,
gappy-POD,0.9999,8,11,11,2300,0,,
QDEIM,0.9999,8,11,11,2300,0,,
SOPT,0.9999,8,11,11,2400,0,,
gappy-POD,0.9999,8,11,11,2400,0,,
QDEIM,0.9999,8,11,11,2400,0,,
SOPT,0.9999,8,11,11,2500,0,,
gappy-POD,0.9999,8,11,11,2500,0,,
QDEIM,0.9999,8,11,11,2500,0,,
SOPT,0.9999,8,11,11,2600,0,,
gappy-POD,0.9999,8,11,11,2600,0,,
QDEIM,0.9999,8,11,11,2600,0,,
SOPT,0.9999,8,11,11,2700,0,,
gappy-POD,0.9999,8,11,11,2700,0,,
QDEIM,0.9999,8,11,11,2700,0,,
SOPT,0.9999,8,11,11,2800,0,,
gappy-POD,0.9999,8,11,11,2800,0,,
QDEIM,0.9999,8,11,11,2800,0,,
SOPT,0.9999,8,11,11,2900,0,,
gappy-POD,0.9999,8,11,11,2900,0,,
QDEIM,0.9999,8,11,11,2900,0,,
SOPT,0.9999,8,11,11,3000,0,,
gappy-POD,0.9999,8,11,11,3000,0,,
QDEIM,0.9999,8,11,11,3000,0,,
SOPT,0.9999,8,11,11,3100,0,,
gappy-POD,0.9999,8,11,11,3100,0,,
QDEIM,0.9999,8,11,11,3100,0,,
SOPT,0.9999,8,11,11,3200,0,,
gappy-POD,0.9999,8,11,11,3200,0,,
QDEIM,0.9999,8,11,11,3200,0,,
SOPT,0.9999,8,11,11,3300,0,,
gappy-POD,0.9999,8,11,11,3300,0,,
QDEIM,0.9999,8,11,11,3300,0,,
EQPGlobal,0.99999,8,11,11,3300,257,0.6776136740000001,0.002787115480083056
EQP,0.99999,8,11,11,20,20,0.108108338,0.005241891056169147
EQP,0.99999,8,11,11,40,40,0.157396173,0.002816016591757614
EQP,0.99999,8,11,11,60,60,0.205973554,0.002810696321616165
EQP,0.99999,8,11,11,80,80,0.263548523,0.002794787064782187
EQP,0.99999,8,11,11,100,100,0.3025667989999999,0.002785043935979306
EQP,0.99999,8,11,11,120,120,0.387926956,0.002786958440370053
EQP,0.99999,8,11,11,140,140,0.6279246359999999,0.002785407324647956
EQP,0.99999,8,11,11,160,160,0.444207779,0.002786607564033226
EQP,0.99999,8,11,11,180,180,0.484534712,0.002787137880955863
EQP,0.99999,8,11,11,200,200,0.542500618,0.002787062440605677
EQP,0.99999,8,11,11,200,200,0.5415963399999999,0.002787062440605677
EQP,0.99999,8,11,11,300,257,0.664093669,0.002787115480083056
EQP,0.99999,8,11,11,400,257,0.676920734,0.002787115480083056
EQP,0.99999,8,11,11,500,257,0.675814844,0.002787115480083056
EQP,0.99999,8,11,11,600,257,0.676593548,0.002787115480083056
EQP,0.99999,8,11,11,700,257,0.676842375,0.002787115480083056
EQP,0.99999,8,11,11,800,257,0.6756424809999999,0.002787115480083056
EQP,0.99999,8,11,11,900,257,0.67955754,0.002787115480083056
EQP,0.99999,8,11,11,1000,257,0.673901343,0.002787115480083056
SOPT,0.99999,8,11,11,20,156,0.250163932,0.002725646804981742
gappy-POD,0.99999,8,11,11,20,152,0.245295403,0.003038015453087118
QDEIM,0.99999,8,11,11,20,160,0.256745562,0.002877699122790935
SOPT,0.99999,8,11,11,40,260,0.373795539,0.002796692389679079
gappy-POD,0.99999,8,11,11,40,300,0.44133623,0.003038015453086957
QDEIM,0.99999,8,11,11,40,316,0.438355278,0.002829822586480562
SOPT,0.99999,8,11,11,60,376,0.505190861,0.00279348955652628
gappy-POD,0.99999,8,11,11,60,444,0.579786908,0.00303801545308711
QDEIM,0.99999,8,11,11,60,448,0.583124568,0.002809912255667851
SOPT,0.99999,8,11,11,80,496,0.6386392910000001,0.002792979260668758
gappy-POD,0.99999,8,11,11,80,576,0.7510840489999999,0.003038015453086972
QDEIM,0.99999,8,11,11,80,592,0.7484030150000001,0.002815563299786811
SOPT,0.99999,8,11,11,100,608,0.7718367509999999,0.002792979260668777
gappy-POD,0.99999,8,11,11,100,708,0.894059614,0.003024052500799123
QDEIM,0.99999,8,11,11,100,744,0.95966812,0.002820432168826967
SOPT,0.99999,8,11,11,120,728,0.902575673,0.002792979260668764
gappy-POD,0.99999,8,11,11,120,848,1.054652521,0.00300752575953211
QDEIM,0.99999,8,11,11,120,864,1.067802697,0.002810202215984119
SOPT,0.99999,8,11,11,140,832,1.040434424,0.002793233331276669
gappy-POD,0.99999,8,11,11,140,972,1.227516237,0.002997578972614442
QDEIM,0.99999,8,11,11,140,972,1.170853054,0.002813521835428051
SOPT,0.99999,8,11,11,160,912,1.111769903,0.002788266601126933
gappy-POD,0.99999,8,11,11,160,1104,1.378230963,0.002988161338343274
QDEIM,0.99999,8,11,11,160,1116,1.385320494,0.002812844016346633
SOPT,0.99999,8,11,11,180,992,1.210761315,0.00278658694123182
gappy-POD,0.99999,8,11,11,180,1184,1.432499956,0.00296754989905274
QDEIM,0.99999,8,11,11,180,1228,1.497691612,0.002817180307045039
SOPT,0.99999,8,11,11,200,1076,1.301621242,0.002782551823409851
gappy-POD,0.99999,8,11,11,200,1256,1.506208906,0.002939935996550783
QDEIM,0.99999,8,11,11,200,1348,1.59877543,0.002821901588293367
SOPT,0.99999,8,11,11,200,1076,1.320068068,0.002782551823409851
gappy-POD,0.99999,8,11,11,200,1256,1.501596915,0.002939935996550783
QDEIM,0.99999,8,11,11,200,1348,1.619181074,0.002821901588293367
SOPT,0.99999,8,11,11,300,1416,1.70464413,0.0027866372457399
gappy-POD,0.99999,8,11,11,300,1776,2.152448401,0.00279167524030755
QDEIM,0.99999,8,11,11,300,1848,2.196652633,0.002829387638947159
SOPT,0.99999,8,11,11,400,1776,2.142032935,0.002761463679418673
gappy-POD,0.99999,8,11,11,400,2096,2.535185286,0.002788697659962495
QDEIM,0.99999,8,11,11,400,2152,2.539934591,0.002847594663693876
SOPT,0.99999,8,11,11,500,2132,2.628746519,0.002749413221015629
gappy-POD,0.99999,8,11,11,500,2344,2.755142112,0.002811289248708757
QDEIM,0.99999,8,11,11,500,2560,2.985237331,0.002861291021130978
SOPT,0.99999,8,11,11,600,2496,3.003406032,0.002758260532824594
gappy-POD,0.99999,8,11,11,600,2504,3.036369523,0.002841204707744055
QDEIM,0.99999,8,11,11,600,2700,3.168853576,0.00284817337607667
SOPT,0.99999,8,11,11,700,2704,3.298258818,0.002758972101198305
gappy-POD,0.99999,8,11,11,700,2748,3.291065676,0.002831493083642873
QDEIM,0.99999,8,11,11,700,2892,3.324876603,0.002857785515013719
SOPT,0.99999,8,11,11,800,2972,3.584901903,0.002768160963061607
gappy-POD,0.99999,8,11,11,800,2876,3.463655544,0.002821604937612485
QDEIM,0.99999,8,11,11,800,3096,3.587011216,0.002850272650570908
SOPT,0.99999,8,11,11,900,3176,3.816250872,0.002778926362644291
gappy-POD,0.99999,8,11,11,900,3124,3.744088453,0.002838118746913549
QDEIM,0.99999,8,11,11,900,3468,4.035288356,0.002853373749582562
SOPT,0.99999,8,11,11,1000,3372,3.980853568,0.002788095555878133
gappy-POD,0.99999,8,11,11,1000,3408,4.024188067,0.002839586741727947
QDEIM,0.99999,8,11,11,1000,3628,4.227676859,0.002844749427113058
SOPT,0.99999,8,11,11,1100,3564,4.287007117,0.002792771481836707
gappy-POD,0.99999,8,11,11,1100,3552,4.324727841,0.002840530131116529
QDEIM,0.99999,8,11,11,1100,3712,4.322526346,0.00284181394115574
SOPT,0.99999,8,11,11,1200,3664,4.338238586,0.002797165342047041
gappy-POD,0.99999,8,11,11,1200,3760,4.470147157,0.002837138462520821
QDEIM,0.99999,8,11,11,1200,3808,4.418876098,0.002841729053266817
SOPT,0.99999,8,11,11,1300,3764,4.446919243,0.002807028424591119
gappy-POD,0.99999,8,11,11,1300,3764,4.489139396,0.002830664328843934
QDEIM,0.99999,8,11,11,1300,3824,4.419047264,0.002834850287745732
SOPT,0.99999,8,11,11,1400,3860,4.671871476,0.002808606445856873
gappy-POD,0.99999,8,11,11,1400,3952,4.665045029,0.002832469563593983
QDEIM,0.99999,8,11,11,1400,3844,4.422447727,0.002824849853344899
SOPT,0.99999,8,11,11,1500,3932,4.645118284,0.002811517031145089
gappy-POD,0.99999,8,11,11,1500,3968,4.729423484,0.002831237540355164
QDEIM,0.99999,8,11,11,1500,3904,4.52532623,0.00282679920342242
SOPT,0.99999,8,11,11,1600,4000,4.757323472,0.002812912838238711
gappy-POD,0.99999,8,11,11,1600,4016,4.870648496,0.002828276869767762
QDEIM,0.99999,8,11,11,1600,4032,4.63050242,0.002826078200747733
SOPT,0.99999,8,11,11,1700,4036,4.822086874,0.002817420251914527
gappy-POD,0.99999,8,11,11,1700,4080,4.856934235,0.00282775830142451
QDEIM,0.99999,8,11,11,1700,4060,4.689973632,0.002825009347538226
SOPT,0.99999,8,11,11,1800,4072,4.895606006,0.002817551634713017
gappy-POD,0.99999,8,11,11,1800,4080,4.820373609,0.002823663591955058
QDEIM,0.99999,8,11,11,1800,4080,4.731575229,0.002821207712389786
SOPT,0.99999,8,11,11,1900,4092,4.856251859,0.002820799859251978
gappy-POD,0.99999,8,11,11,1900,4096,4.79247489,0.002821547399991961
QDEIM,0.99999,8,11,11,1900,4088,4.71813609,0.002819016187834632
SOPT,0.99999,8,11,11,2000,4096,4.866002156,0.002818524062672311
gappy-POD,0.99999,8,11,11,2000,4096,4.883106249,0.002818761216346586
QDEIM,0.99999,8,11,11,2000,4096,4.750844032,0.002818303767889982
SOPT,0.99999,8,11,11,2100,4096,4.873921146,0.002818029964907447
gappy-POD,0.99999,8,11,11,2100,4096,4.896681247,0.002818117745342897
QDEIM,0.99999,8,11,11,2100,4096,4.745149555,0.002818117745342895
SOPT,0.99999,8,11,11,2200,0,,
gappy-POD,0.99999,8,11,11,2200,0,,
QDEIM,0.99999,8,11,11,2200,0,,
SOPT,0.99999,8,11,11,2300,0,,
gappy-POD,0.99999,8,11,11,2300,0,,
QDEIM,0.99999,8,11,11,2300,0,,
SOPT,0.99999,8,11,11,2400,0,,
gappy-POD,0.99999,8,11,11,2400,0,,
QDEIM,0.99999,8,11,11,2400,0,,
SOPT,0.99999,8,11,11,2500,0,,
gappy-POD,0.99999,8,11,11,2500,0,,
QDEIM,0.99999,8,11,11,2500,0,,
SOPT,0.99999,8,11,11,2600,0,,
gappy-POD,0.99999,8,11,11,2600,0,,
QDEIM,0.99999,8,11,11,2600,0,,
SOPT,0.99999,8,11,11,2700,0,,
gappy-POD,0.99999,8,11,11,2700,0,,
QDEIM,0.99999,8,11,11,2700,0,,
SOPT,0.99999,8,11,11,2800,0,,
gappy-POD,0.99999,8,11,11,2800,0,,
QDEIM,0.99999,8,11,11,2800,0,,
SOPT,0.99999,8,11,11,2900,0,,
gappy-POD,0.99999,8,11,11,2900,0,,
QDEIM,0.99999,8,11,11,2900,0,,
SOPT,0.99999,8,11,11,3000,0,,
gappy-POD,0.99999,8,11,11,3000,0,,
QDEIM,0.99999,8,11,11,3000,0,,
SOPT,0.99999,8,11,11,3100,0,,
gappy-POD,0.99999,8,11,11,3100,0,,
QDEIM,0.99999,8,11,11,3100,0,,
SOPT,0.99999,8,11,11,3200,0,,
gappy-POD,0.99999,8,11,11,3200,0,,
QDEIM,0.99999,8,11,11,3200,0,,
SOPT,0.99999,8,11,11,3300,0,,
gappy-POD,0.99999,8,11,11,3300,0,,
QDEIM,0.99999,8,11,11,3300,0,,
EQPGlobal,0.999999,,,,3300,,,
EQP,0.999999,,,,20,,,
EQP,0.999999,,,,40,,,
EQP,0.999999,,,,60,,,
EQP,0.999999,,,,80,,,
EQP,0.999999,,,,100,,,
EQP,0.999999,,,,120,,,
EQP,0.999999,,,,140,,,
EQP,0.999999,,,,160,,,
EQP,0.999999,,,,180,,,
EQP,0.999999,,,,200,,,
EQP,0.999999,,,,200,,,
EQP,0.999999,,,,300,,,
EQP,0.999999,,,,400,,,
EQP,0.999999,,,,500,,,
EQP,0.999999,,,,600,,,
EQP,0.999999,,,,700,,,
EQP,0.999999,,,,800,,,
EQP,0.999999,,,,900,,,
EQP,0.999999,,,,1000,,,
SOPT,0.999999,,,,20,0,,
gappy-POD,0.999999,,,,20,0,,
QDEIM,0.999999,,,,20,0,,
SOPT,0.999999,,,,40,0,,
gappy-POD,0.999999,,,,40,0,,
QDEIM,0.999999,,,,40,0,,
SOPT,0.999999,,,,60,0,,
gappy-POD,0.999999,,,,60,0,,
QDEIM,0.999999,,,,60,0,,
SOPT,0.999999,,,,80,0,,
gappy-POD,0.999999,,,,80,0,,
QDEIM,0.999999,,,,80,0,,
SOPT,0.999999,,,,100,0,,
gappy-POD,0.999999,,,,100,0,,
QDEIM,0.999999,,,,100,0,,
SOPT,0.999999,,,,120,0,,
gappy-POD,0.999999,,,,120,0,,
QDEIM,0.999999,,,,120,0,,
SOPT,0.999999,,,,140,0,,
gappy-POD,0.999999,,,,140,0,,
QDEIM,0.999999,,,,140,0,,
SOPT,0.999999,,,,160,0,,
gappy-POD,0.999999,,,,160,0,,
QDEIM,0.999999,,,,160,0,,
SOPT,0.999999,,,,180,0,,
gappy-POD,0.999999,,,,180,0,,
QDEIM,0.999999,,,,180,0,,
SOPT,0.999999,,,,200,0,,
gappy-POD,0.999999,,,,200,0,,
QDEIM,0.999999,,,,200,0,,
SOPT,0.999999,,,,200,0,,
gappy-POD,0.999999,,,,200,0,,
QDEIM,0.999999,,,,200,0,,
SOPT,0.999999,,,,300,0,,
gappy-POD,0.999999,,,,300,0,,
QDEIM,0.999999,,,,300,0,,
SOPT,0.999999,,,,400,0,,
gappy-POD,0.999999,,,,400,0,,
QDEIM,0.999999,,,,400,0,,
SOPT,0.999999,,,,500,0,,
gappy-POD,0.999999,,,,500,0,,
QDEIM,0.999999,,,,500,0,,
SOPT,0.999999,,,,600,0,,
gappy-POD,0.999999,,,,600,0,,
QDEIM,0.999999,,,,600,0,,
SOPT,0.999999,,,,700,0,,
gappy-POD,0.999999,,,,700,0,,
QDEIM,0.999999,,,,700,0,,
SOPT,0.999999,,,,800,0,,
gappy-POD,0.999999,,,,800,0,,
QDEIM,0.999999,,,,800,0,,
SOPT,0.999999,,,,900,0,,
gappy-POD,0.999999,,,,900,0,,
QDEIM,0.999999,,,,900,0,,
SOPT,0.999999,,,,1000,0,,
gappy-POD,0.999999,,,,1000,0,,
QDEIM,0.999999,,,,1000,0,,
SOPT,0.999999,,,,1100,0,,
gappy-POD,0.999999,,,,1100,0,,
QDEIM,0.999999,,,,1100,0,,
SOPT,0.999999,,,,1200,0,,
gappy-POD,0.999999,,,,1200,0,,
QDEIM,0.999999,,,,1200,0,,
SOPT,0.999999,,,,1300,0,,
gappy-POD,0.999999,,,,1300,0,,
QDEIM,0.999999,,,,1300,0,,
SOPT,0.999999,,,,1400,0,,
gappy-POD,0.999999,,,,1400,0,,
QDEIM,0.999999,,,,1400,0,,
SOPT,0.999999,,,,1500,0,,
gappy-POD,0.999999,,,,1500,0,,
QDEIM,0.999999,,,,1500,0,,
SOPT,0.999999,,,,1600,0,,
gappy-POD,0.999999,,,,1600,0,,
QDEIM,0.999999,,,,1600,0,,
SOPT,0.999999,,,,1700,0,,
gappy-POD,0.999999,,,,1700,0,,
QDEIM,0.999999,,,,1700,0,,
SOPT,0.999999,,,,1800,0,,
gappy-POD,0.999999,,,,1800,0,,
QDEIM,0.999999,,,,1800,0,,
SOPT,0.999999,,,,1900,0,,
gappy-POD,0.999999,,,,1900,0,,
QDEIM,0.999999,,,,1900,0,,
SOPT,0.999999,,,,2000,0,,
gappy-POD,0.999999,,,,2000,0,,
QDEIM,0.999999,,,,2000,0,,
SOPT,0.999999,,,,2100,0,,
gappy-POD,0.999999,,,,2100,0,,
QDEIM,0.999999,,,,2100,0,,
SOPT,0.999999,,,,2200,0,,
gappy-POD,0.999999,,,,2200,0,,
QDEIM,0.999999,,,,2200,0,,
SOPT,0.999999,,,,2300,0,,
gappy-POD,0.999999,,,,2300,0,,
QDEIM,0.999999,,,,2300,0,,
SOPT,0.999999,,,,2400,0,,
gappy-POD,0.999999,,,,2400,0,,
QDEIM,0.999999,,,,2400,0,,
SOPT,0.999999,,,,2500,0,,
gappy-POD,0.999999,,,,2500,0,,
QDEIM,0.999999,,,,2500,0,,
SOPT,0.999999,,,,2600,0,,
gappy-POD,0.999999,,,,2600,0,,
QDEIM,0.999999,,,,2600,0,,
SOPT,0.999999,,,,2700,0,,
gappy-POD,0.999999,,,,2700,0,,
QDEIM,0.999999,,,,2700,0,,
SOPT,0.999999,,,,2800,0,,
gappy-POD,0.999999,,,,2800,0,,
QDEIM,0.999999,,,,2800,0,,
SOPT,0.999999,,,,2900,0,,
gappy-POD,0.999999,,,,2900,0,,
QDEIM,0.999999,,,,2900,0,,
SOPT,0.999999,,,,3000,0,,
gappy-POD,0.999999,,,,3000,0,,
QDEIM,0.999999,,,,3000,0,,
SOPT,0.999999,,,,3100,0,,
gappy-POD,0.999999,,,,3100,0,,
QDEIM,0.999999,,,,3100,0,,
SOPT,0.999999,,,,3200,0,,
gappy-POD,0.999999,,,,3200,0,,
QDEIM,0.999999,,,,3200,0,,
SOPT,0.999999,,,,3300,0,,
gappy-POD,0.999999,,,,3300,0,,
QDEIM,0.999999,,,,3300,0,,
