method,energy_frac,rwdim,rrdim,nldim,nsr,time,error
SOPT,0,0.9,4,6,6,11,0.295829779,0.01754103920653163
clsSOPT,0,0.9,4,6,6,11,0.28119745,0.01788816208673872
gappy-POD,0,0.9,4,6,6,11,0.298791511,0.0177421215922657
clsgappy-POD,0,0.9,4,6,6,11,0.315750088,0.6679591293386958
QDEIM,0,0.9,4,6,6,11,0.297333632,0.01764812262582736
clsQDEIM,0,0.9,4,6,6,11,0.29458602,0.01815090414771297
SOPT,0,0.9,4,6,6,16,0.3749375189999999,0.01775373648857074
clsSOPT,0,0.9,4,6,6,16,0.3648700779999999,0.01797167774576809
gappy-POD,0,0.9,4,6,6,16,0.382115118,0.0177421215922657
clsgappy-POD,0,0.9,4,6,6,16,0.40597486,0.6679591293386962
QDEIM,0,0.9,4,6,6,16,0.380535789,0.01745485136463807
clsQDEIM,0,0.9,4,6,6,16,0.384882013,0.01822474168056633
SOPT,0,0.9,4,6,6,21,0.488150874,0.01776475815402264
clsSOPT,0,0.9,4,6,6,21,0.440811677,0.01800487197267889
gappy-POD,0,0.9,4,6,6,21,0.459948844,0.01774212159226573
clsgappy-POD,0,0.9,4,6,6,21,0.541210744,0.6679591293386946
QDEIM,0,0.9,4,6,6,21,0.453075031,0.01748421606104679
clsQDEIM,0,0.9,4,6,6,21,0.474447187,0.01822598376976263
SOPT,0,0.9,4,6,6,26,0.533021206,0.01776475815402264
clsSOPT,0,0.9,4,6,6,26,0.4862347400000001,0.0180048719726789
gappy-POD,0,0.9,4,6,6,26,0.5423978030000001,0.01774212159226569
clsgappy-POD,0,0.9,4,6,6,26,0.601089789,0.6679591293386959
QDEIM,0,0.9,4,6,6,26,0.54201443,0.01742539801274641
clsQDEIM,0,0.9,4,6,6,26,0.564094118,0.01822779586422446
SOPT,0,0.9,4,6,6,31,0.603430908,0.01776475815402265
clsSOPT,0,0.9,4,6,6,31,0.548206192,0.01800487197267889
gappy-POD,0,0.9,4,6,6,31,0.6144442320000001,0.01774212159226566
clsgappy-POD,0,0.9,4,6,6,31,0.705672666,0.6679591293386953
QDEIM,0,0.9,4,6,6,31,0.63483658,0.01741910886350433
clsQDEIM,0,0.9,4,6,6,31,0.640396997,0.01824952545778043
SOPT,0,0.9,4,6,6,36,0.661515283,0.01776475815402261
clsSOPT,0,0.9,4,6,6,36,0.6108108720000001,0.01800487197267888
gappy-POD,0,0.9,4,6,6,36,0.703353008,0.01774212159226572
clsgappy-POD,0,0.9,4,6,6,36,0.793729661,0.6679591293386959
QDEIM,0,0.9,4,6,6,36,0.714932962,0.01738737199144106
clsQDEIM,0,0.9,4,6,6,36,0.7165626820000001,0.01827106937928363
SOPT,0,0.9,4,6,6,41,0.75388738,0.01776475815402263
clsSOPT,0,0.9,4,6,6,41,0.6970157349999999,0.01800487197267889
gappy-POD,0,0.9,4,6,6,41,0.776104948,0.01774212159226573
clsgappy-POD,0,0.9,4,6,6,41,0.894260977,0.6679591293386958
QDEIM,0,0.9,4,6,6,41,0.805687287,0.01737046079510633
clsQDEIM,0,0.9,4,6,6,41,0.8057207270000001,0.01829390242790416
SOPT,0,0.9,4,6,6,46,0.825323865,0.01776475815402264
clsSOPT,0,0.9,4,6,6,46,0.789238773,0.01800487197267888
gappy-POD,0,0.9,4,6,6,46,0.8442792730000001,0.01774212159226575
clsgappy-POD,0,0.9,4,6,6,46,0.984224473,0.6679591293386958
QDEIM,0,0.9,4,6,6,46,0.952417316,0.01736211322611323
clsQDEIM,0,0.9,4,6,6,46,0.896714651,0.01831931023878938
SOPT,0,0.9,4,6,6,51,0.890574398,0.01776475815402266
clsSOPT,0,0.9,4,6,6,51,0.861555494,0.01800487197267886
gappy-POD,0,0.9,4,6,6,51,0.927190383,0.01774373661871323
clsgappy-POD,0,0.9,4,6,6,51,1.082794706,0.6674157996629737
QDEIM,0,0.9,4,6,6,51,0.980744148,0.01735134871987967
clsQDEIM,0,0.9,4,6,6,51,0.989727084,0.01834234102423214
SOPT,0,0.9,4,6,6,56,0.9800131560000001,0.01776475815402261
clsSOPT,0,0.9,4,6,6,56,0.930623522,0.01800487197267885
gappy-POD,0,0.9,4,6,6,56,1.014581995,0.01774210621118167
clsgappy-POD,0,0.9,4,6,6,56,1.175556221,0.6672094825638768
QDEIM,0,0.9,4,6,6,56,1.073600006,0.01735905992024823
clsQDEIM,0,0.9,4,6,6,56,1.082004007,0.01836707570215113
SOPT,0,0.9,4,6,6,61,1.054841574,0.01776475815402266
clsSOPT,0,0.9,4,6,6,61,1.003980544,0.01800487197267886
gappy-POD,0,0.9,4,6,6,61,1.094831561,0.0177416240252609
clsgappy-POD,0,0.9,4,6,6,61,1.276921603,0.6674229296540495
QDEIM,0,0.9,4,6,6,61,1.164344931,0.01739807557017635
clsQDEIM,0,0.9,4,6,6,61,1.156369774,0.01841656088922758
SOPT,0,0.9,4,6,6,66,1.126126729,0.01776475815402266
clsSOPT,0,0.9,4,6,6,66,1.089808218,0.01800487197267886
gappy-POD,0,0.9,4,6,6,66,1.185883592,0.01774051632696472
clsgappy-POD,0,0.9,4,6,6,66,1.368074583,0.667167749442919
QDEIM,0,0.9,4,6,6,66,1.254523234,0.01744191109123431
clsQDEIM,0,0.9,4,6,6,66,1.193277869,0.01845312296652142
SOPT,0,0.9,4,6,6,71,1.195447502,0.01776475815402266
clsSOPT,0,0.9,4,6,6,71,1.160799633,0.01800487197267886
gappy-POD,0,0.9,4,6,6,71,1.252922849,0.01774082623463035
clsgappy-POD,0,0.9,4,6,6,71,1.452184838,0.6670271241813542
QDEIM,0,0.9,4,6,6,71,1.343724706,0.01745177649714387
clsQDEIM,0,0.9,4,6,6,71,1.199021173,0.01847034601902081
SOPT,0,0.9,4,6,6,76,1.293013785,0.01776475815402267
clsSOPT,0,0.9,4,6,6,76,1.245484107,0.01800487197267886
gappy-POD,0,0.9,4,6,6,76,1.326324572,0.01774047310552512
clsgappy-POD,0,0.9,4,6,6,76,1.581146335,0.6668922749970128
QDEIM,0,0.9,4,6,6,76,1.417271576,0.01744676869502369
clsQDEIM,0,0.9,4,6,6,76,1.242353713,0.018468804661947
SOPT,0,0.9,4,6,6,81,1.36218556,0.01776475815402265
clsSOPT,0,0.9,4,6,6,81,1.330971415,0.01800487197267888
gappy-POD,0,0.9,4,6,6,81,1.415436844,0.01774043955264254
clsgappy-POD,0,0.9,4,6,6,81,1.651819279,0.6665953084187188
QDEIM,0,0.9,4,6,6,81,1.480485279,0.01750727401209983
clsQDEIM,0,0.9,4,6,6,81,1.270108362,0.01846781040252764
SOPT,0,0.9,4,6,6,86,1.40780403,0.01776483440640295
clsSOPT,0,0.9,4,6,6,86,1.398525574,0.01800487268350875
gappy-POD,0,0.9,4,6,6,86,1.488435891,0.017739802295397
clsgappy-POD,0,0.9,4,6,6,86,1.722038242,0.6664781094641193
QDEIM,0,0.9,4,6,6,86,1.569625215,0.01751383042223571
clsQDEIM,0,0.9,4,6,6,86,1.294668526,0.01846718025300422
SOPT,0,0.9,4,6,6,91,1.455328532,0.01776483613153762
clsSOPT,0,0.9,4,6,6,91,1.431925244,0.01800487386812264
gappy-POD,0,0.9,4,6,6,91,1.546345599,0.01773959778383129
clsgappy-POD,0,0.9,4,6,6,91,1.796948415,0.6665560360624175
QDEIM,0,0.9,4,6,6,91,1.640514555,0.01752829247490389
clsQDEIM,0,0.9,4,6,6,91,1.281961282,0.01859962316276415
SOPT,0,0.9,4,6,6,96,1.479436944,0.01776521140701623
clsSOPT,0,0.9,4,6,6,96,1.467730585,0.01800496468422736
gappy-POD,0,0.9,4,6,6,96,1.623400661,0.017739074947314
clsgappy-POD,0,0.9,4,6,6,96,1.892847067,0.6664273128619693
QDEIM,0,0.9,4,6,6,96,1.720811568,0.01756389006268766
clsQDEIM,0,0.9,4,6,6,96,1.289573846,0.01867247883709948
SOPT,0,0.9,4,6,6,101,1.503361938,0.01776536590465332
clsSOPT,0,0.9,4,6,6,101,1.539813063,0.01800498717119234
gappy-POD,0,0.9,4,6,6,101,1.682022772,0.01771287122184706
clsgappy-POD,0,0.9,4,6,6,101,1.975164022,0.5746898578169951
QDEIM,0,0.9,4,6,6,101,1.788349054,0.01757309734482458
clsQDEIM,0,0.9,4,6,6,101,1.286016373,0.0186780690170656
SOPT,0,0.9,4,6,6,106,1.553632519,0.01776537381817537
clsSOPT,0,0.9,4,6,6,106,1.609377485,0.01800500964318699
gappy-POD,0,0.9,4,6,6,106,1.753843026,0.0176933277992038
clsgappy-POD,0,0.9,4,6,6,106,1.930453018,0.5107400641965884
QDEIM,0,0.9,4,6,6,106,1.879625644,0.01757952318579537
clsQDEIM,0,0.9,4,6,6,106,1.323626848,0.01866274214383475
SOPT,0,0.9,4,6,6,111,1.613626815,0.01776397831256689
clsSOPT,0,0.9,4,6,6,111,1.606114977,0.01800503185380671
gappy-POD,0,0.9,4,6,6,111,1.797226104,0.01768122479119543
clsgappy-POD,0,0.9,4,6,6,111,2.042116976,0.4578186196909488
QDEIM,0,0.9,4,6,6,111,1.963296422,0.01759622720829328
clsQDEIM,0,0.9,4,6,6,111,1.354708785,0.01866435720222555
SOPT,0,0.9,4,6,6,116,1.658966503,0.01776399945541903
clsSOPT,0,0.9,4,6,6,116,1.624217481,0.01800504146364778
gappy-POD,0,0.9,4,6,6,116,1.855947811,0.01766807384897275
clsgappy-POD,0,0.9,4,6,6,116,2.141467919,0.4197664361660607
QDEIM,0,0.9,4,6,6,116,2.051175027,0.01762553743480921
clsQDEIM,0,0.9,4,6,6,116,1.364811172,0.01867307440480501
SOPT,0,0.9,4,6,6,121,1.718780216,0.01776345423504149
clsSOPT,0,0.9,4,6,6,121,1.670520368,0.018005069060958
gappy-POD,0,0.9,4,6,6,121,1.912364037,0.01766111798612419
clsgappy-POD,0,0.9,4,6,6,121,2.246161167,0.3931109282308757
QDEIM,0,0.9,4,6,6,121,2.123936058,0.01768433493324057
clsQDEIM,0,0.9,4,6,6,121,1.363005413,0.01869122894807853
SOPT,1,0.99,9,11,11,16,0.436376399,0.002687243139360768
clsSOPT,1,0.99,9,11,11,16,0.449561609,0.002768130914729884
gappy-POD,1,0.99,9,11,11,16,0.4384293990000001,0.003046327255927103
clsgappy-POD,1,0.99,9,11,11,16,0.493303925,0.8783155628443094
QDEIM,1,0.99,9,11,11,16,0.447963309,0.003096133527567406
clsQDEIM,1,0.99,9,11,11,16,0.477338778,0.003014370938384485
SOPT,1,0.99,9,11,11,21,0.529026297,0.002688242437895773
clsSOPT,1,0.99,9,11,11,21,0.5371170670000001,0.002706206940237774
gappy-POD,1,0.99,9,11,11,21,0.526367209,0.003046327255927167
clsgappy-POD,1,0.99,9,11,11,21,0.601235297,0.8783155628443086
QDEIM,1,0.99,9,11,11,21,0.537308691,0.003054194744130396
clsQDEIM,1,0.99,9,11,11,21,0.534673742,0.00301355029615274
SOPT,1,0.99,9,11,11,26,0.603622083,0.002769155171983159
clsSOPT,1,0.99,9,11,11,26,0.627868278,0.002713302089754416
gappy-POD,1,0.99,9,11,11,26,0.601984541,0.003046327255927289
clsgappy-POD,1,0.99,9,11,11,26,0.693552784,0.8783155628443083
QDEIM,1,0.99,9,11,11,26,0.6275409,0.003019943732769048
clsQDEIM,1,0.99,9,11,11,26,0.627130999,0.003013437896587808
SOPT,1,0.99,9,11,11,31,0.673343808,0.002770663345522681
clsSOPT,1,0.99,9,11,11,31,0.701757832,0.002721168566645765
gappy-POD,1,0.99,9,11,11,31,0.690506153,0.003046327255927255
clsgappy-POD,1,0.99,9,11,11,31,0.79677312,0.8783155628443089
QDEIM,1,0.99,9,11,11,31,0.7123815440000001,0.00301427234425545
clsQDEIM,1,0.99,9,11,11,31,0.7109243359999999,0.003013478457321229
SOPT,1,0.99,9,11,11,36,0.734388625,0.002767564681538257
clsSOPT,1,0.99,9,11,11,36,0.8028015430000001,0.002750536137756677
gappy-POD,1,0.99,9,11,11,36,0.768579184,0.003046327255927371
clsgappy-POD,1,0.99,9,11,11,36,0.899950545,0.8783155628443077
QDEIM,1,0.99,9,11,11,36,0.802125612,0.003034157724948052
clsQDEIM,1,0.99,9,11,11,36,0.80144907,0.003013430894592302
SOPT,1,0.99,9,11,11,41,0.779780193,0.002766197325720025
clsSOPT,1,0.99,9,11,11,41,0.878680051,0.002748551938762997
gappy-POD,1,0.99,9,11,11,41,0.868974475,0.003046327255927157
clsgappy-POD,1,0.99,9,11,11,41,0.963537235,0.8783155628443089
QDEIM,1,0.99,9,11,11,41,0.859718831,0.003086530859400251
clsQDEIM,1,0.99,9,11,11,41,0.89070633,0.003013451309995358
SOPT,1,0.99,9,11,11,46,0.842597321,0.00276438311913647
clsSOPT,1,0.99,9,11,11,46,0.94973814,0.002749412315439941
gappy-POD,1,0.99,9,11,11,46,0.952419039,0.00304632725592728
clsgappy-POD,1,0.99,9,11,11,46,1.090616542,0.8783155628443087
QDEIM,1,0.99,9,11,11,46,0.925528879,0.003090752584107016
clsQDEIM,1,0.99,9,11,11,46,0.969366213,0.003013499174950692
SOPT,1,0.99,9,11,11,51,0.8804660209999999,0.002763939909060411
clsSOPT,1,0.99,9,11,11,51,1.041252458,0.002749725617413144
gappy-POD,1,0.99,9,11,11,51,1.022515448,0.003046327255927263
clsgappy-POD,1,0.99,9,11,11,51,1.14868016,0.8783155628443085
QDEIM,1,0.99,9,11,11,51,0.996180249,0.003091196637699377
clsQDEIM,1,0.99,9,11,11,51,1.037847055,0.003002694599232836
SOPT,1,0.99,9,11,11,56,0.948258622,0.002763187055294298
clsSOPT,1,0.99,9,11,11,56,1.082224031,0.002749807646709346
gappy-POD,1,0.99,9,11,11,56,1.100319869,0.003046327255927286
clsgappy-POD,1,0.99,9,11,11,56,1.211244364,0.878315562844309
QDEIM,1,0.99,9,11,11,56,1.071846906,0.00309358976655045
clsQDEIM,1,0.99,9,11,11,56,1.137362054,0.002997815690914037
SOPT,1,0.99,9,11,11,61,1.025376726,0.002762886862391179
clsSOPT,1,0.99,9,11,11,61,1.142975958,0.002749810265825884
gappy-POD,1,0.99,9,11,11,61,1.20499212,0.003046327255927165
clsgappy-POD,1,0.99,9,11,11,61,1.290624181,0.8783155628443089
QDEIM,1,0.99,9,11,11,61,1.156001516,0.003084402521072868
clsQDEIM,1,0.99,9,11,11,61,1.230398225,0.00298232278143934
SOPT,1,0.99,9,11,11,66,1.111022943,0.002762664054109674
clsSOPT,1,0.99,9,11,11,66,1.217466259,0.002749810265825881
gappy-POD,1,0.99,9,11,11,66,1.274332888,0.003046327255927255
clsgappy-POD,1,0.99,9,11,11,66,1.361967007,0.8783155628443083
QDEIM,1,0.99,9,11,11,66,1.246557121,0.003093522245237722
clsQDEIM,1,0.99,9,11,11,66,1.295973154,0.002982458966319021
SOPT,1,0.99,9,11,11,71,1.161310197,0.002762363542613129
clsSOPT,1,0.99,9,11,11,71,1.278401234,0.002749810265825889
gappy-POD,1,0.99,9,11,11,71,1.357864604,0.003046327255927149
clsgappy-POD,1,0.99,9,11,11,71,1.447244521,0.8783155628443085
QDEIM,1,0.99,9,11,11,71,1.308940772,0.002971964736228928
clsQDEIM,1,0.99,9,11,11,71,1.369525937,0.002989250219530203
SOPT,1,0.99,9,11,11,76,1.229269493,0.002762363542613121
clsSOPT,1,0.99,9,11,11,76,1.334067694,0.00274981026582589
gappy-POD,1,0.99,9,11,11,76,1.426414344,0.00304632725592727
clsgappy-POD,1,0.99,9,11,11,76,1.526276698,0.8783155628443082
QDEIM,1,0.99,9,11,11,76,1.387528876,0.002977860178896254
clsQDEIM,1,0.99,9,11,11,76,1.473517437,0.002990633424566518
SOPT,1,0.99,9,11,11,81,1.306149596,0.002762363542613127
clsSOPT,1,0.99,9,11,11,81,1.416069352,0.002749810265825891
gappy-POD,1,0.99,9,11,11,81,1.505344267,0.003046327255927333
clsgappy-POD,1,0.99,9,11,11,81,1.59016351,0.8783155628443091
QDEIM,1,0.99,9,11,11,81,1.493307529,0.002981197310276797
clsQDEIM,1,0.99,9,11,11,81,1.532277374,0.002991228660438366
SOPT,1,0.99,9,11,11,86,1.380277615,0.002762363542613126
clsSOPT,1,0.99,9,11,11,86,1.493580337,0.002749810265825883
gappy-POD,1,0.99,9,11,11,86,1.568053242,0.003046327255927356
clsgappy-POD,1,0.99,9,11,11,86,1.667675909,0.8783155628443085
QDEIM,1,0.99,9,11,11,86,1.56675788,0.002980815932075458
clsQDEIM,1,0.99,9,11,11,86,1.617698004,0.003007336344577926
SOPT,1,0.99,9,11,11,91,1.4546329,0.002762363542613146
clsSOPT,1,0.99,9,11,11,91,1.560585766,0.002749810265825885
gappy-POD,1,0.99,9,11,11,91,1.614917817,0.003045762299358433
clsgappy-POD,1,0.99,9,11,11,91,1.853997961,0.7061206887517344
QDEIM,1,0.99,9,11,11,91,1.640390385,0.002985574847832231
clsQDEIM,1,0.99,9,11,11,91,1.689196978,0.003008057380502068
SOPT,1,0.99,9,11,11,96,1.531566256,0.002762363542613127
clsSOPT,1,0.99,9,11,11,96,1.639673052,0.002749810265825887
gappy-POD,1,0.99,9,11,11,96,1.731715789,0.003040453898880162
clsgappy-POD,1,0.99,9,11,11,96,1.938092188,0.7079176626354304
QDEIM,1,0.99,9,11,11,96,1.704235852,0.002982502310486314
clsQDEIM,1,0.99,9,11,11,96,1.772625747,0.003012675849312643
SOPT,1,0.99,9,11,11,101,1.581176452,0.002762363542613137
clsSOPT,1,0.99,9,11,11,101,1.705043745,0.002749810265825887
gappy-POD,1,0.99,9,11,11,101,1.787917583,0.00303170133973544
clsgappy-POD,1,0.99,9,11,11,101,2.043476254,0.6974065737298353
QDEIM,1,0.99,9,11,11,101,1.782422273,0.002941421185862486
clsQDEIM,1,0.99,9,11,11,101,1.849309579,0.003016742993379745
SOPT,1,0.99,9,11,11,106,1.656378296,0.002762363542613113
clsSOPT,1,0.99,9,11,11,106,1.754016335,0.002749810265825887
gappy-POD,1,0.99,9,11,11,106,1.868054273,0.003029364055275616
clsgappy-POD,1,0.99,9,11,11,106,2.117384259,0.6942079450450812
QDEIM,1,0.99,9,11,11,106,1.878676521,0.002884335881863953
clsQDEIM,1,0.99,9,11,11,106,1.903704304,0.003016931454969661
SOPT,1,0.99,9,11,11,111,1.70989198,0.002762363542613134
clsSOPT,1,0.99,9,11,11,111,1.847549042,0.002749810265825886
gappy-POD,1,0.99,9,11,11,111,1.94791303,0.003020725196930837
clsgappy-POD,1,0.99,9,11,11,111,2.211284942,0.6929713435055854
QDEIM,1,0.99,9,11,11,111,1.920287637,0.00288061614255167
clsQDEIM,1,0.99,9,11,11,111,1.971705428,0.003016634930012518
SOPT,1,0.99,9,11,11,116,1.75514272,0.002762363542613141
clsSOPT,1,0.99,9,11,11,116,1.930957808,0.002749810265825888
gappy-POD,1,0.99,9,11,11,116,2.026423237,0.003020179210226922
clsgappy-POD,1,0.99,9,11,11,116,2.295328987,0.6878497984320151
QDEIM,1,0.99,9,11,11,116,1.911426126,0.002876825297071449
clsQDEIM,1,0.99,9,11,11,116,1.994874879,0.003018367362334231
SOPT,1,0.99,9,11,11,121,1.836176959,0.002762363542613129
clsSOPT,1,0.99,9,11,11,121,2.01983042,0.002749810265825888
gappy-POD,1,0.99,9,11,11,121,2.087733084,0.003012123019406025
clsgappy-POD,1,0.99,9,11,11,121,2.376082708,0.6910874305968964
QDEIM,1,0.99,9,11,11,121,1.95441783,0.002876991863942007
clsQDEIM,1,0.99,9,11,11,121,2.023185313,0.003017892187356732
SOPT,1,0.99,9,11,11,126,1.915948852,0.002762363542613127
clsSOPT,1,0.99,9,11,11,126,2.066356024,0.002749823354171605
gappy-POD,1,0.99,9,11,11,126,2.171875349,0.003011695435796006
clsgappy-POD,1,0.99,9,11,11,126,2.478586098,0.6855234243997004
QDEIM,1,0.99,9,11,11,126,2.006199621,0.002877577792811962
clsQDEIM,1,0.99,9,11,11,126,2.033223646,0.003017496486948585
SOPT,2,0.999,14,16,16,21,0.583793884,0.0003940043345359958
clsSOPT,2,0.999,14,16,16,21,0.595061764,0.0005274779932426677
gappy-POD,2,0.999,14,16,16,21,0.615526104,0.0005461213575568678
clsgappy-POD,2,0.999,14,16,16,21,0.702844638,0.9547941236346918
QDEIM,2,0.999,14,16,16,21,0.6070867320000001,0.0005059969903354115
clsQDEIM,2,0.999,14,16,16,21,0.600281982,0.00054852853675977
SOPT,2,0.999,14,16,16,26,0.669391859,0.000331325081738544
clsSOPT,2,0.999,14,16,16,26,0.693818761,0.0004276167940072525
gappy-POD,2,0.999,14,16,16,26,0.686286273,0.0005461213575569775
clsgappy-POD,2,0.999,14,16,16,26,0.79252268,0.9547941236346911
QDEIM,2,0.999,14,16,16,26,0.700837071,0.0004940057193482177
clsQDEIM,2,0.999,14,16,16,26,0.676775328,0.0003508368484313892
SOPT,2,0.999,14,16,16,31,0.7615700780000001,0.0003432345215437353
clsSOPT,2,0.999,14,16,16,31,0.788653738,0.0003521655122422933
gappy-POD,2,0.999,14,16,16,31,0.765211525,0.0005461213575568781
clsgappy-POD,2,0.999,14,16,16,31,0.9015867870000001,0.9547941236346906
QDEIM,2,0.999,14,16,16,31,0.790238601,0.0004042522834185273
clsQDEIM,2,0.999,14,16,16,31,0.7774882590000001,0.0005164923864700507
SOPT,2,0.999,14,16,16,36,0.835482285,0.0003907750522295681
clsSOPT,2,0.999,14,16,16,36,0.86665708,0.0003292019234643637
gappy-POD,2,0.999,14,16,16,36,0.8671254310000001,0.0005461213575567993
clsgappy-POD,2,0.999,14,16,16,36,1.006081657,0.9547941236346904
QDEIM,2,0.999,14,16,16,36,0.87392591,0.0003995349258043553
clsQDEIM,2,0.999,14,16,16,36,0.872610399,0.0005878162290291726
SOPT,2,0.999,14,16,16,41,0.92191606,0.0003663469996775722
clsSOPT,2,0.999,14,16,16,41,0.949164605,0.0003259658282820523
gappy-POD,2,0.999,14,16,16,41,0.94170745,0.0005461213575568572
clsgappy-POD,2,0.999,14,16,16,41,1.114674381,0.9547941236346912
QDEIM,2,0.999,14,16,16,41,0.9692981550000001,0.000386766407457193
clsQDEIM,2,0.999,14,16,16,41,0.949448988,0.0005707232425348684
SOPT,2,0.999,14,16,16,46,0.995798585,0.0003790499231812515
clsSOPT,2,0.999,14,16,16,46,1.042476272,0.000306843692320963
gappy-POD,2,0.999,14,16,16,46,1.040577718,0.0005461213575569546
clsgappy-POD,2,0.999,14,16,16,46,1.207478248,0.9547941236346913
QDEIM,2,0.999,14,16,16,46,1.05087035,0.0003238961866188048
clsQDEIM,2,0.999,14,16,16,46,1.095093758,0.00052782564327353
SOPT,2,0.999,14,16,16,51,1.074995876,0.0004002360312256052
clsSOPT,2,0.999,14,16,16,51,1.129703932,0.0003036151122064802
gappy-POD,2,0.999,14,16,16,51,1.111566552,0.0005461213575569606
clsgappy-POD,2,0.999,14,16,16,51,1.316297763,0.9547941236346903
QDEIM,2,0.999,14,16,16,51,1.144152939,0.0003338800803828514
clsQDEIM,2,0.999,14,16,16,51,1.115446584,0.0005001266220353526
SOPT,2,0.999,14,16,16,56,1.158541593,0.0003389787603865808
clsSOPT,2,0.999,14,16,16,56,1.218729503,0.0003025617796824243
gappy-POD,2,0.999,14,16,16,56,1.213421199,0.0005461213575568429
clsgappy-POD,2,0.999,14,16,16,56,1.421186301,0.9547941236346916
QDEIM,2,0.999,14,16,16,56,1.206805476,0.0003224339870005559
clsQDEIM,2,0.999,14,16,16,56,1.208579916,0.0004410262881258409
SOPT,2,0.999,14,16,16,61,1.236173935,0.0003325461707682512
clsSOPT,2,0.999,14,16,16,61,1.305149606,0.0003199650411957024
gappy-POD,2,0.999,14,16,16,61,1.299757411,0.0005461213575568986
clsgappy-POD,2,0.999,14,16,16,61,1.509919652,0.9547941236346877
QDEIM,2,0.999,14,16,16,61,1.303782769,0.0003190756107595935
clsQDEIM,2,0.999,14,16,16,61,1.275490996,0.0004916823061148944
SOPT,2,0.999,14,16,16,66,1.31473328,0.0003236472940537145
clsSOPT,2,0.999,14,16,16,66,1.391343599,0.0003126366691733656
gappy-POD,2,0.999,14,16,16,66,1.396720502,0.0005461213575569362
clsgappy-POD,2,0.999,14,16,16,66,1.620087372,0.9547941236346905
QDEIM,2,0.999,14,16,16,66,1.373747092,0.0003431429358165897
clsQDEIM,2,0.999,14,16,16,66,1.35091792,0.0005412425042971487
SOPT,2,0.999,14,16,16,71,1.370385838,0.0003315679979883024
clsSOPT,2,0.999,14,16,16,71,1.477677088,0.0003103737364919249
gappy-POD,2,0.999,14,16,16,71,1.474921245,0.0005461213575568637
clsgappy-POD,2,0.999,14,16,16,71,1.694126914,0.9547941236346861
QDEIM,2,0.999,14,16,16,71,1.453278561,0.0003504931468926169
clsQDEIM,2,0.999,14,16,16,71,1.441760994,0.0004602725958946944
SOPT,2,0.999,14,16,16,76,1.407668439,0.0003315185997576022
clsSOPT,2,0.999,14,16,16,76,1.592710727,0.0003071194444848057
gappy-POD,2,0.999,14,16,16,76,1.556250597,0.0005461213575568249
clsgappy-POD,2,0.999,14,16,16,76,1.800436657,0.9547941236346883
QDEIM,2,0.999,14,16,16,76,1.535976442,0.00034447008146631
clsQDEIM,2,0.999,14,16,16,76,1.532749586,0.0004617168269994433
SOPT,2,0.999,14,16,16,81,1.462374609,0.0003314681335242055
clsSOPT,2,0.999,14,16,16,81,1.623470899,0.0003234421344492531
gappy-POD,2,0.999,14,16,16,81,1.642792047,0.000546121357556839
clsgappy-POD,2,0.999,14,16,16,81,1.871120703,0.954794123634687
QDEIM,2,0.999,14,16,16,81,1.618854015,0.000352032193174769
clsQDEIM,2,0.999,14,16,16,81,1.560616003,0.0004582688909243512
SOPT,2,0.999,14,16,16,86,1.556165699,0.0003314681335241593
clsSOPT,2,0.999,14,16,16,86,1.672350155,0.0003271107654470768
gappy-POD,2,0.999,14,16,16,86,1.723732234,0.0005461213575568541
clsgappy-POD,2,0.999,14,16,16,86,1.95964389,0.9547941236346869
QDEIM,2,0.999,14,16,16,86,1.688125704,0.0003534055058445362
clsQDEIM,2,0.999,14,16,16,86,1.636341267,0.000451543170414875
SOPT,2,0.999,14,16,16,91,1.621909128,0.0003314681335242083
clsSOPT,2,0.999,14,16,16,91,1.732535501,0.0003340368380212093
gappy-POD,2,0.999,14,16,16,91,1.787633507,0.000546121357556733
clsgappy-POD,2,0.999,14,16,16,91,2.035356074,0.9547941236346879
QDEIM,2,0.999,14,16,16,91,1.784812396,0.0003542279421528636
clsQDEIM,2,0.999,14,16,16,91,1.707318968,0.000447872488270306
SOPT,2,0.999,14,16,16,96,1.681457346,0.0003314681335242106
clsSOPT,2,0.999,14,16,16,96,1.79174779,0.000334744211703724
gappy-POD,2,0.999,14,16,16,96,1.860888507,0.000546121357556806
clsgappy-POD,2,0.999,14,16,16,96,2.115489827,0.9547941236346871
QDEIM,2,0.999,14,16,16,96,1.859885446,0.0003648198579753504
clsQDEIM,2,0.999,14,16,16,96,1.801872571,0.0004526401360134376
SOPT,2,0.999,14,16,16,101,1.747337841,0.0003314681335242086
clsSOPT,2,0.999,14,16,16,101,1.84812366,0.0003336563608147047
gappy-POD,2,0.999,14,16,16,101,1.946910954,0.0005461213575567802
clsgappy-POD,2,0.999,14,16,16,101,2.224638762,0.9547941236346861
QDEIM,2,0.999,14,16,16,101,1.937182886,0.000396992475444049
clsQDEIM,2,0.999,14,16,16,101,1.861581824,0.0004430589855198895
SOPT,2,0.999,14,16,16,106,1.826808497,0.0003314681335241634
clsSOPT,2,0.999,14,16,16,106,1.891864677,0.0003337454112561029
gappy-POD,2,0.999,14,16,16,106,2.022122809,0.0005461213575568267
clsgappy-POD,2,0.999,14,16,16,106,2.315086007,0.9547941236346879
QDEIM,2,0.999,14,16,16,106,1.990400638,0.000397084682893435
clsQDEIM,2,0.999,14,16,16,106,1.932541064,0.0004407435598447953
SOPT,2,0.999,14,16,16,111,1.880581178,0.0003314681335242133
clsSOPT,2,0.999,14,16,16,111,1.924850566,0.0003337710599507512
gappy-POD,2,0.999,14,16,16,111,2.074498097,0.0005461213575567374
clsgappy-POD,2,0.999,14,16,16,111,2.392097147,0.9547941236346864
QDEIM,2,0.999,14,16,16,111,2.077675919,0.0003984887893325805
clsQDEIM,2,0.999,14,16,16,111,2.002286446,0.0004092596671333276
SOPT,2,0.999,14,16,16,116,1.943619351,0.0003314681335241083
clsSOPT,2,0.999,14,16,16,116,1.970261335,0.0003337710599507446
gappy-POD,2,0.999,14,16,16,116,2.153791868,0.0005461213575567399
clsgappy-POD,2,0.999,14,16,16,116,2.478465662,0.954794123634686
QDEIM,2,0.999,14,16,16,116,2.144468245,0.0003874267197013497
clsQDEIM,2,0.999,14,16,16,116,2.06567573,0.0004009682780776265
SOPT,2,0.999,14,16,16,121,2.01111033,0.0003314681335242096
clsSOPT,2,0.999,14,16,16,121,2.053179916,0.0003337710599507576
gappy-POD,2,0.999,14,16,16,121,2.225020893,0.0005461213575567407
clsgappy-POD,2,0.999,14,16,16,121,2.581071275,0.9547941236346874
QDEIM,2,0.999,14,16,16,121,2.211177341,0.0003870638306255047
clsQDEIM,2,0.999,14,16,16,121,2.131592638,0.0004047497843217594
SOPT,2,0.999,14,16,16,126,2.065031743,0.0003314681335242105
clsSOPT,2,0.999,14,16,16,126,2.106431042,0.0003337710599507512
gappy-POD,2,0.999,14,16,16,126,2.287766544,0.0005461213575567757
clsgappy-POD,2,0.999,14,16,16,126,2.63970822,0.9547941236346874
QDEIM,2,0.999,14,16,16,126,2.29271397,0.0003883986827133171
clsQDEIM,2,0.999,14,16,16,126,2.198624564,0.0003628176527417429
SOPT,2,0.999,14,16,16,131,2.132762639,0.0003314681335242055
clsSOPT,2,0.999,14,16,16,131,2.175853571,0.0003337710599507558
gappy-POD,2,0.999,14,16,16,131,2.414223466,0.0005424331372713155
clsgappy-POD,2,0.999,14,16,16,131,2.692116094,0.8384775660263314
QDEIM,2,0.999,14,16,16,131,2.345041509,0.0003913906203202772
clsQDEIM,2,0.999,14,16,16,131,2.229643578,0.0003606515753374444
SOPT,3,0.9999,19,21,21,26,0.761966645,0.0001191978100572501
clsSOPT,3,0.9999,19,21,21,26,0.74349109,0.0003100326566641313
gappy-POD,3,0.9999,19,21,21,26,0.749926169,0.0007234211336438673
clsgappy-POD,3,0.9999,19,21,21,26,0.8674371910000001,0.9413866782085135
QDEIM,3,0.9999,19,21,21,26,0.7596445429999999,0.0002839328081274755
clsQDEIM,3,0.9999,19,21,21,26,0.7410350029999999,0.00029440649362357
SOPT,3,0.9999,19,21,21,31,0.847383763,0.0006665527372493055
clsSOPT,3,0.9999,19,21,21,31,0.849433035,0.000277054563064143
gappy-POD,3,0.9999,19,21,21,31,0.8394537950000001,0.0007234211336436164
clsgappy-POD,3,0.9999,19,21,21,31,0.9705901810000001,0.9413866782085142
QDEIM,3,0.9999,19,21,21,31,0.836785322,0.0007146900243293877
clsQDEIM,3,0.9999,19,21,21,31,0.869126537,0.001404521850563311
SOPT,3,0.9999,19,21,21,36,0.931741083,0.0003491526828059748
clsSOPT,3,0.9999,19,21,21,36,0.943363344,0.0005431729922525862
gappy-POD,3,0.9999,19,21,21,36,0.930641928,0.0007234211336434213
clsgappy-POD,3,0.9999,19,21,21,36,1.089425414,0.9413866782085121
QDEIM,3,0.9999,19,21,21,36,0.93613459,0.0004938148312311519
clsQDEIM,3,0.9999,19,21,21,36,0.9063434339999999,0.0008040277377458697
SOPT,3,0.9999,19,21,21,41,1.008806383,0.000391704477051771
clsSOPT,3,0.9999,19,21,21,41,1.03340069,0.0004062089991653304
gappy-POD,3,0.9999,19,21,21,41,1.028393287,0.0007234211336433871
clsgappy-POD,3,0.9999,19,21,21,41,1.201369051,0.9413866782085087
QDEIM,3,0.9999,19,21,21,41,1.027328222,0.0004538467812482973
clsQDEIM,3,0.9999,19,21,21,41,1.00855127,0.0008759780770545247
SOPT,3,0.9999,19,21,21,46,1.090820611,9.483098478546131e-05
clsSOPT,3,0.9999,19,21,21,46,1.108794882,0.0005692427143931226
gappy-POD,3,0.9999,19,21,21,46,1.104596466,0.0007234211336438433
clsgappy-POD,3,0.9999,19,21,21,46,1.30320183,0.9413866782085037
QDEIM,3,0.9999,19,21,21,46,1.111521526,0.0004523664656913839
clsQDEIM,3,0.9999,19,21,21,46,1.096643295,0.0009431653466101934
SOPT,3,0.9999,19,21,21,51,1.187027416,0.0001275541314282762
clsSOPT,3,0.9999,19,21,21,51,1.181991755,0.0003823222153909672
gappy-POD,3,0.9999,19,21,21,51,1.176747613,0.0007234211336436032
clsgappy-POD,3,0.9999,19,21,21,51,1.375487247,0.9413866782084921
QDEIM,3,0.9999,19,21,21,51,1.204287582,0.0005169363837072338
clsQDEIM,3,0.9999,19,21,21,51,1.291894435,0.001151165428556786
SOPT,3,0.9999,19,21,21,56,1.253462922,0.0001035989957716561
clsSOPT,3,0.9999,19,21,21,56,1.271266543,0.00054629936495744
gappy-POD,3,0.9999,19,21,21,56,1.270343254,0.0007234211336434057
clsgappy-POD,3,0.9999,19,21,21,56,1.488897119,0.9413866782084935
QDEIM,3,0.9999,19,21,21,56,1.273311258,0.0005851852949320644
clsQDEIM,3,0.9999,19,21,21,56,1.259834489,0.001373076426819123
SOPT,3,0.9999,19,21,21,61,1.359673378,0.0002160646370502662
clsSOPT,3,0.9999,19,21,21,61,1.36040298,0.0005697817189493371
gappy-POD,3,0.9999,19,21,21,61,1.369988538,0.0007234211336433858
clsgappy-POD,3,0.9999,19,21,21,61,1.611816141,0.9413866782084963
QDEIM,3,0.9999,19,21,21,61,1.375360262,0.0006313809992749165
clsQDEIM,3,0.9999,19,21,21,61,1.345538134,0.0008896437521369944
SOPT,3,0.9999,19,21,21,66,1.429213649,0.0003588630051430592
clsSOPT,3,0.9999,19,21,21,66,1.441510387,0.0004116854630722505
gappy-POD,3,0.9999,19,21,21,66,1.439815876,0.0007234211336429149
clsgappy-POD,3,0.9999,19,21,21,66,1.702426561,0.9413866782084965
QDEIM,3,0.9999,19,21,21,66,1.48441138,0.0002134094068738129
clsQDEIM,3,0.9999,19,21,21,66,1.425300845,0.0008058869019232118
SOPT,3,0.9999,19,21,21,71,1.522349091,0.000243610695968845
clsSOPT,3,0.9999,19,21,21,71,1.527978817,0.0004759556631366843
gappy-POD,3,0.9999,19,21,21,71,1.53045296,0.0007234211336433929
clsgappy-POD,3,0.9999,19,21,21,71,1.816300482,0.9413866782084972
QDEIM,3,0.9999,19,21,21,71,1.555585071,0.0002899612159615341
clsQDEIM,3,0.9999,19,21,21,71,1.498917308,0.0006846526704352587
SOPT,3,0.9999,19,21,21,76,1.581312521,0.0002493341932578119
clsSOPT,3,0.9999,19,21,21,76,1.635193215,0.0005550380956531788
gappy-POD,3,0.9999,19,21,21,76,1.636525083,0.000723421133643418
clsgappy-POD,3,0.9999,19,21,21,76,1.897609177,0.9413866782084896
QDEIM,3,0.9999,19,21,21,76,1.604214605,0.0002713223438913925
clsQDEIM,3,0.9999,19,21,21,76,1.600420801,0.001114845372269772
SOPT,3,0.9999,19,21,21,81,1.641382305,0.0002127570146686308
clsSOPT,3,0.9999,19,21,21,81,1.702049052,0.0005252724021338655
gappy-POD,3,0.9999,19,21,21,81,1.702512893,0.0007234211336431523
clsgappy-POD,3,0.9999,19,21,21,81,2.006667007,0.9413866782084916
QDEIM,3,0.9999,19,21,21,81,1.688620201,0.0003885624668800481
clsQDEIM,3,0.9999,19,21,21,81,1.664789236,0.001117077115196457
SOPT,3,0.9999,19,21,21,86,1.712151806,0.0001715622043726401
clsSOPT,3,0.9999,19,21,21,86,1.779956588,0.0005871641715201707
gappy-POD,3,0.9999,19,21,21,86,1.77946299,0.000723421133642934
clsgappy-POD,3,0.9999,19,21,21,86,2.075537385,0.9413866782084873
QDEIM,3,0.9999,19,21,21,86,1.713190149,0.0004125742332355845
clsQDEIM,3,0.9999,19,21,21,86,1.760192036,0.001032500503577692
SOPT,3,0.9999,19,21,21,91,1.778056355,0.0001718468235094696
clsSOPT,3,0.9999,19,21,21,91,1.858159375,0.0006073472859668928
gappy-POD,3,0.9999,19,21,21,91,1.810017734,0.0007234211336431417
clsgappy-POD,3,0.9999,19,21,21,91,2.170808128,0.9413866782084871
QDEIM,3,0.9999,19,21,21,91,1.787725355,0.0004317404361356047
clsQDEIM,3,0.9999,19,21,21,91,1.83760358,0.001033466754510472
SOPT,3,0.9999,19,21,21,96,1.860760577,0.00017077713323641
clsSOPT,3,0.9999,19,21,21,96,1.963320273,0.0005833162338669771
gappy-POD,3,0.9999,19,21,21,96,1.900061719,0.0007234211336431388
clsgappy-POD,3,0.9999,19,21,21,96,2.253592338,0.9413866782084825
QDEIM,3,0.9999,19,21,21,96,1.859152551,0.000449091239820328
clsQDEIM,3,0.9999,19,21,21,96,1.927273427,0.001074746215099967
SOPT,3,0.9999,19,21,21,101,1.921468155,0.0001707771332366175
clsSOPT,3,0.9999,19,21,21,101,2.06672327,0.0004663248771541289
gappy-POD,3,0.9999,19,21,21,101,1.969371476,0.0007234211336429408
clsgappy-POD,3,0.9999,19,21,21,101,2.366998709,0.9413866782084838
QDEIM,3,0.9999,19,21,21,101,1.931786146,0.0003444458098388372
clsQDEIM,3,0.9999,19,21,21,101,2.029189332,0.001104271489463032
SOPT,3,0.9999,19,21,21,106,1.983073529,0.0001707771332366215
clsSOPT,3,0.9999,19,21,21,106,2.107519713,0.0004540393344821273
gappy-POD,3,0.9999,19,21,21,106,2.052881449,0.0007234211336433883
clsgappy-POD,3,0.9999,19,21,21,106,2.442113354,0.9413866782084783
QDEIM,3,0.9999,19,21,21,106,1.995213923,0.0003175935865118204
clsQDEIM,3,0.9999,19,21,21,106,2.062724633,0.001110790027197792
SOPT,3,0.9999,19,21,21,111,2.055932836,0.0001707771332366242
clsSOPT,3,0.9999,19,21,21,111,2.191350656,0.0005707826754639701
gappy-POD,3,0.9999,19,21,21,111,2.130191503,0.0007234211336429126
clsgappy-POD,3,0.9999,19,21,21,111,2.552735114,0.9413866782084783
QDEIM,3,0.9999,19,21,21,111,2.041608127,0.0001547089043343372
clsQDEIM,3,0.9999,19,21,21,111,2.12789728,0.001297035042268672
SOPT,3,0.9999,19,21,21,116,2.140238567,0.0001707771332366259
clsSOPT,3,0.9999,19,21,21,116,2.269054603,0.0003237552192584985
gappy-POD,3,0.9999,19,21,21,116,2.208505779,0.000723421133643373
clsgappy-POD,3,0.9999,19,21,21,116,2.652823187,0.9413866782084838
QDEIM,3,0.9999,19,21,21,116,2.069274544,0.0005495379554749195
clsQDEIM,3,0.9999,19,21,21,116,2.193193192,0.00131009518807093
SOPT,3,0.9999,19,21,21,121,2.193691219,0.0001707771332366207
clsSOPT,3,0.9999,19,21,21,121,2.33416649,0.00033055700094205
gappy-POD,3,0.9999,19,21,21,121,2.294572723,0.0007234211336433953
clsgappy-POD,3,0.9999,19,21,21,121,2.739798586,0.9413866782084833
QDEIM,3,0.9999,19,21,21,121,2.13542175,0.000181941123614464
clsQDEIM,3,0.9999,19,21,21,121,2.285078393,0.001312001485787576
SOPT,3,0.9999,19,21,21,126,2.242513321,0.0001707771332366138
clsSOPT,3,0.9999,19,21,21,126,2.422610702,0.0003428697258948196
gappy-POD,3,0.9999,19,21,21,126,2.365401851,0.000723421133643382
clsgappy-POD,3,0.9999,19,21,21,126,2.813697423,0.9413866782084855
QDEIM,3,0.9999,19,21,21,126,2.216492356,8.816874431021036e-05
clsQDEIM,3,0.9999,19,21,21,126,2.365685357,0.001336501964496911
SOPT,3,0.9999,19,21,21,131,2.345091637,0.0001707771332366223
clsSOPT,3,0.9999,19,21,21,131,2.496368829,0.0003436518207088391
gappy-POD,3,0.9999,19,21,21,131,2.461939981,0.0007234211336429295
clsgappy-POD,3,0.9999,19,21,21,131,2.907373888,0.9413866782084841
QDEIM,3,0.9999,19,21,21,131,2.282176469,0.0001309800825379987
clsQDEIM,3,0.9999,19,21,21,131,2.404921557,0.001333825427324282
SOPT,3,0.9999,19,21,21,136,2.419421497,0.0001707771332366151
clsSOPT,3,0.9999,19,21,21,136,2.590371525,0.0003217303305935821
gappy-POD,3,0.9999,19,21,21,136,2.499650757,0.0007234211336436247
clsgappy-POD,3,0.9999,19,21,21,136,2.967493632,0.9413866782084831
QDEIM,3,0.9999,19,21,21,136,2.369890335,0.0001626844045082633
clsQDEIM,3,0.9999,19,21,21,136,2.457229121,0.001319805355192574
SOPT,4,0.99999,24,27,27,32,0.969520456,0.007887758844400631
clsSOPT,4,0.99999,24,27,27,32,0.972748515,0.006277258813631398
gappy-POD,4,0.99999,24,27,27,32,0.947520658,0.005851251740618218
clsgappy-POD,4,0.99999,24,27,27,32,1.082572615,0.8198749825459828
QDEIM,4,0.99999,24,27,27,32,0.95728603,0.003189256191765245
clsQDEIM,4,0.99999,24,27,27,32,0.961407349,0.0006832761599441259
SOPT,4,0.99999,24,27,27,37,1.053172756,0.006393552410525401
clsSOPT,4,0.99999,24,27,27,37,1.06027801,0.007052052146129609
gappy-POD,4,0.99999,24,27,27,37,1.042088047,0.005851251740614708
clsgappy-POD,4,0.99999,24,27,27,37,1.196702068,0.8198749825459063
QDEIM,4,0.99999,24,27,27,37,1.050465065,0.002024658372806016
clsQDEIM,4,0.99999,24,27,27,37,1.047045788,0.002157516217952877
SOPT,4,0.99999,24,27,27,42,1.157916098,0.004617694252451909
clsSOPT,4,0.99999,24,27,27,42,1.152775978,0.006583075152578141
gappy-POD,4,0.99999,24,27,27,42,1.12708336,0.005851251740612489
clsgappy-POD,4,0.99999,24,27,27,42,1.299893942,0.8198749825458865
QDEIM,4,0.99999,24,27,27,42,1.142810216,0.002277865421693553
clsQDEIM,4,0.99999,24,27,27,42,1.135472682,0.003333296601476831
SOPT,4,0.99999,24,27,27,47,1.24842095,0.002703816343031113
clsSOPT,4,0.99999,24,27,27,47,1.217542672,0.001830902077589512
gappy-POD,4,0.99999,24,27,27,47,1.282989671,0.005851251740610119
clsgappy-POD,4,0.99999,24,27,27,47,1.370552936,0.8198749825458609
QDEIM,4,0.99999,24,27,27,47,1.233954338,0.002161792109669826
clsQDEIM,4,0.99999,24,27,27,47,1.216626723,0.003541134074401199
SOPT,4,0.99999,24,27,27,52,1.320019238,0.002066639355926609
clsSOPT,4,0.99999,24,27,27,52,1.320692765,0.0021043079561721
gappy-POD,4,0.99999,24,27,27,52,1.315466765,0.00585125174061725
clsgappy-POD,4,0.99999,24,27,27,52,1.476710781,0.8198749825459553
QDEIM,4,0.99999,24,27,27,52,1.334515722,0.002060686762822588
clsQDEIM,4,0.99999,24,27,27,52,1.313798603,0.006598576469666492
SOPT,4,0.99999,24,27,27,57,1.402071824,0.002171942609143064
clsSOPT,4,0.99999,24,27,27,57,1.418810612,0.001393644263559462
gappy-POD,4,0.99999,24,27,27,57,1.402687414,0.0058512517406066
clsgappy-POD,4,0.99999,24,27,27,57,1.590623644,0.8198749825459575
QDEIM,4,0.99999,24,27,27,57,1.408918808,0.002674558255530122
clsQDEIM,4,0.99999,24,27,27,57,1.392445336,0.001812784784037727
SOPT,4,0.99999,24,27,27,62,1.491666355,0.002365740000794344
clsSOPT,4,0.99999,24,27,27,62,1.518751348,0.001103418543389428
gappy-POD,4,0.99999,24,27,27,62,1.474259341,0.005851251740602082
clsgappy-POD,4,0.99999,24,27,27,62,1.671647514,0.8198749825459056
QDEIM,4,0.99999,24,27,27,62,1.503492166,0.00234987252868783
clsQDEIM,4,0.99999,24,27,27,62,1.499603495,0.003921589147117184
SOPT,4,0.99999,24,27,27,67,1.592713245,0.002019412036646075
clsSOPT,4,0.99999,24,27,27,67,1.580283412,0.0007728094411330776
gappy-POD,4,0.99999,24,27,27,67,1.582550373,0.005851251740599895
clsgappy-POD,4,0.99999,24,27,27,67,1.764548975,0.8198749825459045
QDEIM,4,0.99999,24,27,27,67,1.548966882,0.002237808175828755
clsQDEIM,4,0.99999,24,27,27,67,1.573020067,0.00389724019085329
SOPT,4,0.99999,24,27,27,72,1.662150124,0.001383310135153923
clsSOPT,4,0.99999,24,27,27,72,1.665728894,9.765475811914297e-05
gappy-POD,4,0.99999,24,27,27,72,1.6654829,0.005851251740601002
clsgappy-POD,4,0.99999,24,27,27,72,1.843122792,0.8198749825459672
QDEIM,4,0.99999,24,27,27,72,1.624952509,0.002346191564565496
clsQDEIM,4,0.99999,24,27,27,72,1.681745642,0.003700897514800222
SOPT,4,0.99999,24,27,27,77,1.743657346,0.001870044883029167
clsSOPT,4,0.99999,24,27,27,77,1.737167337,0.0004511652082500596
gappy-POD,4,0.99999,24,27,27,77,1.773833359,0.00585125174059898
clsgappy-POD,4,0.99999,24,27,27,77,1.961128975,0.819874982545906
QDEIM,4,0.99999,24,27,27,77,1.698393646,0.001964250817863326
clsQDEIM,4,0.99999,24,27,27,77,1.754357199,0.003574486317996122
SOPT,4,0.99999,24,27,27,82,1.821206605,0.00136942063244264
clsSOPT,4,0.99999,24,27,27,82,1.832182326,0.0003284916019467481
gappy-POD,4,0.99999,24,27,27,82,1.841451637,0.005851251740605295
clsgappy-POD,4,0.99999,24,27,27,82,2.040552364,0.8198749825459399
QDEIM,4,0.99999,24,27,27,82,1.768314203,0.001860179727535767
clsQDEIM,4,0.99999,24,27,27,82,1.818391265,0.003735277727619173
SOPT,4,0.99999,24,27,27,87,1.883463314,0.001131763722366955
clsSOPT,4,0.99999,24,27,27,87,1.953243366,0.001924003659141739
gappy-POD,4,0.99999,24,27,27,87,1.88812388,0.005851251740601177
clsgappy-POD,4,0.99999,24,27,27,87,2.101337508,0.8198749825459498
QDEIM,4,0.99999,24,27,27,87,1.834367615,0.002292083692188014
clsQDEIM,4,0.99999,24,27,27,87,1.904529942,0.00443476390630589
SOPT,4,0.99999,24,27,27,92,1.962074338,0.001779189193286662
clsSOPT,4,0.99999,24,27,27,92,2.003813181,0.001076574751141792
gappy-POD,4,0.99999,24,27,27,92,1.98409113,0.005851251740601758
clsgappy-POD,4,0.99999,24,27,27,92,2.169458411,0.8198749825459715
QDEIM,4,0.99999,24,27,27,92,1.905533467,0.002413896350075476
clsQDEIM,4,0.99999,24,27,27,92,1.9922436,0.005550937899032155
SOPT,4,0.99999,24,27,27,97,2.026403728,0.001544440409131026
clsSOPT,4,0.99999,24,27,27,97,2.078363637,0.0004287051686798436
gappy-POD,4,0.99999,24,27,27,97,2.062846266,0.005851251740602948
clsgappy-POD,4,0.99999,24,27,27,97,2.274990251,0.8198749825459613
QDEIM,4,0.99999,24,27,27,97,1.971801135,0.002207102576734288
clsQDEIM,4,0.99999,24,27,27,97,2.061056718,0.005869950887560955
SOPT,4,0.99999,24,27,27,102,2.080296025,0.001276814919934016
clsSOPT,4,0.99999,24,27,27,102,2.170834128,0.0002626003303448593
gappy-POD,4,0.99999,24,27,27,102,2.144155642,0.005851251740600581
clsgappy-POD,4,0.99999,24,27,27,102,2.328770092,0.8198749825459154
QDEIM,4,0.99999,24,27,27,102,2.029994101,0.002284995810965303
clsQDEIM,4,0.99999,24,27,27,102,2.13925759,0.005888714088602782
SOPT,4,0.99999,24,27,27,107,2.167703204,0.001099219151333775
clsSOPT,4,0.99999,24,27,27,107,2.249662614,0.0005692147000707738
gappy-POD,4,0.99999,24,27,27,107,2.18671938,0.005851251740598479
clsgappy-POD,4,0.99999,24,27,27,107,2.405942359,0.8198749825458984
QDEIM,4,0.99999,24,27,27,107,2.088203759,0.002341165647754591
clsQDEIM,4,0.99999,24,27,27,107,2.245208905,0.00595462368192722
SOPT,4,0.99999,24,27,27,112,2.214237001,0.000862235294151665
clsSOPT,4,0.99999,24,27,27,112,2.33919078,0.000425985299930222
gappy-POD,4,0.99999,24,27,27,112,2.233434129,0.00585125174059823
clsgappy-POD,4,0.99999,24,27,27,112,2.502669638,0.8198749825458879
QDEIM,4,0.99999,24,27,27,112,2.169980732,0.003552313215451224
clsQDEIM,4,0.99999,24,27,27,112,2.279695033,0.006615356740237947
SOPT,4,0.99999,24,27,27,117,2.28660841,0.0009991975048945965
clsSOPT,4,0.99999,24,27,27,117,2.406499422,0.0001356535294725883
gappy-POD,4,0.99999,24,27,27,117,2.301806407,0.005851251740599165
clsgappy-POD,4,0.99999,24,27,27,117,2.587473815,0.8198749825459017
QDEIM,4,0.99999,24,27,27,117,2.220060667,0.003677873647435961
clsQDEIM,4,0.99999,24,27,27,117,2.342300088,0.006764300260720175
SOPT,4,0.99999,24,27,27,122,2.379548813,0.0002034404527425081
clsSOPT,4,0.99999,24,27,27,122,2.479907894,0.001289115497178004
gappy-POD,4,0.99999,24,27,27,122,2.380852209,0.005851251740598708
clsgappy-POD,4,0.99999,24,27,27,122,2.629285155,0.8198749825458925
QDEIM,4,0.99999,24,27,27,122,2.290266455,0.003849522722390074
clsQDEIM,4,0.99999,24,27,27,122,2.425071035,0.007880756490304688
SOPT,4,0.99999,24,27,27,127,2.45272419,0.0003984903066569086
clsSOPT,4,0.99999,24,27,27,127,2.565890313,0.001102005296286184
gappy-POD,4,0.99999,24,27,27,127,2.465296977,0.005851251740598226
clsgappy-POD,4,0.99999,24,27,27,127,2.731748237,0.8198749825458714
QDEIM,4,0.99999,24,27,27,127,2.362023182,0.003776693456538121
clsQDEIM,4,0.99999,24,27,27,127,2.525844234,0.008674469081893999
SOPT,4,0.99999,24,27,27,132,2.56060505,0.0002007799379517887
clsSOPT,4,0.99999,24,27,27,132,2.629780038,0.0005712541596835514
gappy-POD,4,0.99999,24,27,27,132,2.546555633,0.005851251740594943
clsgappy-POD,4,0.99999,24,27,27,132,2.79960984,0.8198749825458999
QDEIM,4,0.99999,24,27,27,132,2.414937475,0.003645288442673574
clsQDEIM,4,0.99999,24,27,27,132,2.579774487,0.008611540752356003
SOPT,4,0.99999,24,27,27,137,2.604524579,0.0004029393380382972
clsSOPT,4,0.99999,24,27,27,137,2.740404067,0.0002092163571764939
gappy-POD,4,0.99999,24,27,27,137,2.620386596,0.005851251740596341
clsgappy-POD,4,0.99999,24,27,27,137,2.872483625,0.819874982545916
QDEIM,4,0.99999,24,27,27,137,2.451040833,0.003743552590084321
clsQDEIM,4,0.99999,24,27,27,137,2.611928174,0.008546605375790155
SOPT,4,0.99999,24,27,27,142,2.686099634,0.0007472535055463113
clsSOPT,4,0.99999,24,27,27,142,2.770277808,7.713777252197449e-05
gappy-POD,4,0.99999,24,27,27,142,2.650391734,0.005851251740596123
clsgappy-POD,4,0.99999,24,27,27,142,2.962382542,0.8198749825459348
QDEIM,4,0.99999,24,27,27,142,2.526729739,0.004941505034903612
clsQDEIM,4,0.99999,24,27,27,142,2.655076215,0.008859586435090145
SOPT,5,0.999999,29,32,32,37,,
clsSOPT,5,0.999999,29,32,32,37,1.274162785,0.01046316677635824
gappy-POD,5,0.999999,29,32,32,37,1.235870847,0.0002711106263527539
clsgappy-POD,5,0.999999,29,32,32,37,,
QDEIM,5,0.999999,29,32,32,37,1.26539628,0.0036057205719677
clsQDEIM,5,0.999999,29,32,32,37,1.288970971,0.009471311547474114
SOPT,5,0.999999,29,32,32,42,1.388486371,0.006149297359191595
clsSOPT,5,0.999999,29,32,32,42,,
gappy-POD,5,0.999999,29,32,32,42,1.34251214,0.0002711106263631608
clsgappy-POD,5,0.999999,29,32,32,42,,
QDEIM,5,0.999999,29,32,32,42,1.546514887,0.01795664126753948
clsQDEIM,5,0.999999,29,32,32,42,1.381950323,0.006961808377980743
SOPT,5,0.999999,29,32,32,47,1.567672298,0.113808878113671
clsSOPT,5,0.999999,29,32,32,47,1.626550843,0.06762504718469271
gappy-POD,5,0.999999,29,32,32,47,1.421711191,0.0002711106263532748
clsgappy-POD,5,0.999999,29,32,32,47,,
QDEIM,5,0.999999,29,32,32,47,1.603628557,0.05189323374188371
clsQDEIM,5,0.999999,29,32,32,47,,
SOPT,5,0.999999,29,32,32,52,,
clsSOPT,5,0.999999,29,32,32,52,1.503772921,0.002542713591493588
gappy-POD,5,0.999999,29,32,32,52,1.525873402,0.0002711106263553103
clsgappy-POD,5,0.999999,29,32,32,52,,
QDEIM,5,0.999999,29,32,32,52,1.745996218,0.7305670185801559
clsQDEIM,5,0.999999,29,32,32,52,1.650536249,0.006046552562226887
SOPT,5,0.999999,29,32,32,57,1.957197117,2.353827037826559
clsSOPT,5,0.999999,29,32,32,57,1.578712878,0.00221047425975596
gappy-POD,5,0.999999,29,32,32,57,1.618566968,0.0002711106263559678
clsgappy-POD,5,0.999999,29,32,32,57,,
QDEIM,5,0.999999,29,32,32,57,1.842096088,1.242600883270425
clsQDEIM,5,0.999999,29,32,32,57,1.661312176,0.005755531713473768
SOPT,5,0.999999,29,32,32,62,1.708745111,0.0003528087591339076
clsSOPT,5,0.999999,29,32,32,62,1.661380973,0.001652969098732664
gappy-POD,5,0.999999,29,32,32,62,1.708691387,0.0002711106263621026
clsgappy-POD,5,0.999999,29,32,32,62,,
QDEIM,5,0.999999,29,32,32,62,,
clsQDEIM,5,0.999999,29,32,32,62,1.680282359,0.004353126774706104
SOPT,5,0.999999,29,32,32,67,1.777770605,0.0003516093639998218
clsSOPT,5,0.999999,29,32,32,67,1.755907114,0.001287984542270413
gappy-POD,5,0.999999,29,32,32,67,1.778643453,0.0002711106263556034
clsgappy-POD,5,0.999999,29,32,32,67,,
QDEIM,5,0.999999,29,32,32,67,1.917101315,0.1509666076659859
clsQDEIM,5,0.999999,29,32,32,67,1.795962202,0.004134069409289535
SOPT,5,0.999999,29,32,32,72,1.862051077,0.0001041783287920091
clsSOPT,5,0.999999,29,32,32,72,1.865661905,0.00168262190658295
gappy-POD,5,0.999999,29,32,32,72,1.875988006,0.0002711106263539398
clsgappy-POD,5,0.999999,29,32,32,72,,
QDEIM,5,0.999999,29,32,32,72,1.88863489,0.006609503313338404
clsQDEIM,5,0.999999,29,32,32,72,,
SOPT,5,0.999999,29,32,32,77,1.94246205,0.0005974399134236741
clsSOPT,5,0.999999,29,32,32,77,1.932671214,0.00157977723987794
gappy-POD,5,0.999999,29,32,32,77,1.993527535,0.0002711106263525948
clsgappy-POD,5,0.999999,29,32,32,77,,
QDEIM,5,0.999999,29,32,32,77,1.994017893,0.01914816160100561
clsQDEIM,5,0.999999,29,32,32,77,,
SOPT,5,0.999999,29,32,32,82,2.060989347,0.000928003028092969
clsSOPT,5,0.999999,29,32,32,82,2.018456633,0.001860128946127211
gappy-POD,5,0.999999,29,32,32,82,2.068760946,0.0002711106263512474
clsgappy-POD,5,0.999999,29,32,32,82,,
QDEIM,5,0.999999,29,32,32,82,2.392264189,1.001287519940618
clsQDEIM,5,0.999999,29,32,32,82,2.224083689,0.003974193364121457
SOPT,5,0.999999,29,32,32,87,2.131671517,0.001123275655024719
clsSOPT,5,0.999999,29,32,32,87,2.095709214,0.002276395172611273
gappy-POD,5,0.999999,29,32,32,87,2.131442659,0.000271110626348392
clsgappy-POD,5,0.999999,29,32,32,87,,
QDEIM,5,0.999999,29,32,32,87,2.375357046,0.07929329205671309
clsQDEIM,5,0.999999,29,32,32,87,2.226020905,0.004341237821461079
SOPT,5,0.999999,29,32,32,92,2.214941076,0.001040124681452863
clsSOPT,5,0.999999,29,32,32,92,2.183038393,0.001851477540262323
gappy-POD,5,0.999999,29,32,32,92,2.202777731,0.000271110626350123
clsgappy-POD,5,0.999999,29,32,32,92,,
QDEIM,5,0.999999,29,32,32,92,2.214267892,0.01538001438095357
clsQDEIM,5,0.999999,29,32,32,92,,
SOPT,5,0.999999,29,32,32,97,2.305429728,0.0009672166520443919
clsSOPT,5,0.999999,29,32,32,97,2.268722189,0.001474167891209647
gappy-POD,5,0.999999,29,32,32,97,2.282535763,0.0002711106263505867
clsgappy-POD,5,0.999999,29,32,32,97,,
QDEIM,5,0.999999,29,32,32,97,2.526834789,0.1652856083911323
clsQDEIM,5,0.999999,29,32,32,97,,
SOPT,5,0.999999,29,32,32,102,2.414905613,0.0005895019545043678
clsSOPT,5,0.999999,29,32,32,102,,
gappy-POD,5,0.999999,29,32,32,102,2.348593194,0.0002711106263473749
clsgappy-POD,5,0.999999,29,32,32,102,,
QDEIM,5,0.999999,29,32,32,102,2.479683746,0.02690977800748226
clsQDEIM,5,0.999999,29,32,32,102,,
SOPT,5,0.999999,29,32,32,107,2.478729521,0.0007010338857154706
clsSOPT,5,0.999999,29,32,32,107,,
gappy-POD,5,0.999999,29,32,32,107,2.424281666,0.0002711106263418016
clsgappy-POD,5,0.999999,29,32,32,107,,
QDEIM,5,0.999999,29,32,32,107,2.642458904,0.03293419501085318
clsQDEIM,5,0.999999,29,32,32,107,,
SOPT,5,0.999999,29,32,32,112,2.536721404,0.0006940581692320952
clsSOPT,5,0.999999,29,32,32,112,,
gappy-POD,5,0.999999,29,32,32,112,2.530322796,0.0002711106263414523
clsgappy-POD,5,0.999999,29,32,32,112,,
QDEIM,5,0.999999,29,32,32,112,2.629640359,0.02609526002170977
clsQDEIM,5,0.999999,29,32,32,112,2.732821925,0.003971949322057653
SOPT,5,0.999999,29,32,32,117,2.624220491,0.0007683340838283824
clsSOPT,5,0.999999,29,32,32,117,2.564629621,0.0003507972683543658
gappy-POD,5,0.999999,29,32,32,117,2.563243735,0.0002711106263439637
clsgappy-POD,5,0.999999,29,32,32,117,,
QDEIM,5,0.999999,29,32,32,117,2.756796372,0.04577360258972872
clsQDEIM,5,0.999999,29,32,32,117,,
SOPT,5,0.999999,29,32,32,122,2.706558434,0.0009371136089000638
clsSOPT,5,0.999999,29,32,32,122,2.639770964,0.0004238477063710231
gappy-POD,5,0.999999,29,32,32,122,2.617840158,0.0002711106263414347
clsgappy-POD,5,0.999999,29,32,32,122,,
QDEIM,5,0.999999,29,32,32,122,2.835153313,0.04274363517827726
clsQDEIM,5,0.999999,29,32,32,122,,
SOPT,5,0.999999,29,32,32,127,2.806360418,0.0007000182385985991
clsSOPT,5,0.999999,29,32,32,127,2.707685181,0.0006010599897442653
gappy-POD,5,0.999999,29,32,32,127,2.674386609,0.0002711106263441415
clsgappy-POD,5,0.999999,29,32,32,127,,
QDEIM,5,0.999999,29,32,32,127,3.086319322,0.03392992575858481
clsQDEIM,5,0.999999,29,32,32,127,,
SOPT,5,0.999999,29,32,32,132,2.901701171,0.0006236826766086458
clsSOPT,5,0.999999,29,32,32,132,2.812407862,0.0004291296728703922
gappy-POD,5,0.999999,29,32,32,132,2.773405591,0.0002711106263406485
clsgappy-POD,5,0.999999,29,32,32,132,,
QDEIM,5,0.999999,29,32,32,132,2.866653331,0.005991185995484872
clsQDEIM,5,0.999999,29,32,32,132,2.835287353,0.004820537119514422
SOPT,5,0.999999,29,32,32,137,2.976284196,0.0003218700102611299
clsSOPT,5,0.999999,29,32,32,137,2.863929146,0.0005641047734061325
gappy-POD,5,0.999999,29,32,32,137,2.823658281,0.0002711106263406972
clsgappy-POD,5,0.999999,29,32,32,137,,
QDEIM,5,0.999999,29,32,32,137,2.970109728,0.007291372537036042
clsQDEIM,5,0.999999,29,32,32,137,2.8899224,0.004858363550619013
SOPT,5,0.999999,29,32,32,142,3.033571462,0.0005196373396800868
clsSOPT,5,0.999999,29,32,32,142,2.950675567,0.0001526940242502405
gappy-POD,5,0.999999,29,32,32,142,2.933827355,0.0002711106263402588
clsgappy-POD,5,0.999999,29,32,32,142,,
QDEIM,5,0.999999,29,32,32,142,3.041529725,0.004496967917029909
clsQDEIM,5,0.999999,29,32,32,142,2.934838407,0.003922337874708233
SOPT,5,0.999999,29,32,32,147,3.157901448,0.000595598286790994
clsSOPT,5,0.999999,29,32,32,147,3.011528416,0.0003209452766004304
gappy-POD,5,0.999999,29,32,32,147,3.006117182,0.0002711106263420848
clsgappy-POD,5,0.999999,29,32,32,147,,
QDEIM,5,0.999999,29,32,32,147,3.386293273,0.01198794431448232
clsQDEIM,5,0.999999,29,32,32,147,3.009098897,0.003890149522850543
SOPT,6,1,34,38,37,42,1.552936476,0.00485586891654028
clsSOPT,6,1,34,38,37,42,,
gappy-POD,6,1,34,38,37,42,1.513870877,0.004830128468682005
clsgappy-POD,6,1,34,38,37,42,1.821966864,1.034592227825698
QDEIM,6,1,34,38,37,42,,
clsQDEIM,6,1,34,38,37,42,1.554356159,0.0001543671124986147
SOPT,6,1,34,38,37,47,1.6449477,0.001187247325334467
clsSOPT,6,1,34,38,37,47,1.713354705,0.0005490495012869233
gappy-POD,6,1,34,38,37,47,1.608403662,0.004830128469153012
clsgappy-POD,6,1,34,38,37,47,1.949751877,1.034592227821589
QDEIM,6,1,34,38,37,47,,
clsQDEIM,6,1,34,38,37,47,1.656234112,0.000702958992639416
SOPT,6,1,34,38,37,52,1.787538644,0.0005040159927698327
clsSOPT,6,1,34,38,37,52,1.935220465,0.0006986545147685325
gappy-POD,6,1,34,38,37,52,1.682287463,0.004830128469097849
clsgappy-POD,6,1,34,38,37,52,2.017389893,1.03459222781429
QDEIM,6,1,34,38,37,52,1.925253061,0.003814723306890174
clsQDEIM,6,1,34,38,37,52,1.769707431,0.001163525632692401
SOPT,6,1,34,38,37,57,1.856514797,0.001680835368867409
clsSOPT,6,1,34,38,37,57,2.100355682,0.002702082930752332
gappy-POD,6,1,34,38,37,57,1.781496937,0.004830128469183521
clsgappy-POD,6,1,34,38,37,57,2.138538143,1.034592227811709
QDEIM,6,1,34,38,37,57,2.051356593,0.005392183793806148
clsQDEIM,6,1,34,38,37,57,1.881517223,0.0002411335338321743
SOPT,6,1,34,38,37,62,1.925550134,0.001834727165066818
clsSOPT,6,1,34,38,37,62,2.091431136,0.0062751632689429
gappy-POD,6,1,34,38,37,62,1.881293149,0.004830128469042515
clsgappy-POD,6,1,34,38,37,62,2.269482164,1.034592227811375
QDEIM,6,1,34,38,37,62,2.623384289,1.201018815918825
clsQDEIM,6,1,34,38,37,62,1.968056486,0.003365573261136479
SOPT,6,1,34,38,37,67,2.01645387,0.002014221837034479
clsSOPT,6,1,34,38,37,67,2.613516307,0.05061471479583175
gappy-POD,6,1,34,38,37,67,1.967418867,0.004830128468986276
clsgappy-POD,6,1,34,38,37,67,2.362711478,1.034592227810017
QDEIM,6,1,34,38,37,67,2.208438183,0.00736802525522744
clsQDEIM,6,1,34,38,37,67,2.123034285,0.005677920848073151
SOPT,6,1,34,38,37,72,2.135938689,0.001684622803096545
clsSOPT,6,1,34,38,37,72,2.163123764,0.0001569861128426729
gappy-POD,6,1,34,38,37,72,2.067803745,0.00483012846905929
clsgappy-POD,6,1,34,38,37,72,2.447529222,1.034592227806856
QDEIM,6,1,34,38,37,72,2.105606603,0.003214230342915598
clsQDEIM,6,1,34,38,37,72,2.222454234,0.002258279984741381
SOPT,6,1,34,38,37,77,2.192309041,0.002823232944941652
clsSOPT,6,1,34,38,37,77,2.22039617,0.0004924778356358543
gappy-POD,6,1,34,38,37,77,2.174333585,0.004830128469121098
clsgappy-POD,6,1,34,38,37,77,2.584636033,1.034592227809114
QDEIM,6,1,34,38,37,77,2.196038981,0.004474258642406261
clsQDEIM,6,1,34,38,37,77,2.363955211,0.002576250643971612
SOPT,6,1,34,38,37,82,2.262169006,0.002589133258252102
clsSOPT,6,1,34,38,37,82,2.267406933,0.000128061627000725
gappy-POD,6,1,34,38,37,82,2.208197777,0.004830128468880346
clsgappy-POD,6,1,34,38,37,82,2.640104327,1.034592227803447
QDEIM,6,1,34,38,37,82,2.291437704,0.002296212193466505
clsQDEIM,6,1,34,38,37,82,2.443772734,0.002718625088722408
SOPT,6,1,34,38,37,87,2.344276189,0.003081212544897985
clsSOPT,6,1,34,38,37,87,2.369757632,0.0007956564319499593
gappy-POD,6,1,34,38,37,87,2.279419278,0.004830128468926395
clsgappy-POD,6,1,34,38,37,87,2.769761809,1.034592227806799
QDEIM,6,1,34,38,37,87,2.378901361,0.002451442862176359
clsQDEIM,6,1,34,38,37,87,,
SOPT,6,1,34,38,37,92,2.458932459,0.004241885959135295
clsSOPT,6,1,34,38,37,92,2.462667403,0.0007279870947296525
gappy-POD,6,1,34,38,37,92,2.368643413,0.004830128468942467
clsgappy-POD,6,1,34,38,37,92,2.861942262,1.034592227807497
QDEIM,6,1,34,38,37,92,2.458890168,0.003263382549543211
clsQDEIM,6,1,34,38,37,92,,
SOPT,6,1,34,38,37,97,2.503582779,0.004606407047927037
clsSOPT,6,1,34,38,37,97,2.539258165,0.0007792681431750336
gappy-POD,6,1,34,38,37,97,2.459609203,0.004830128468914586
clsgappy-POD,6,1,34,38,37,97,2.940459991,1.034592227810209
QDEIM,6,1,34,38,37,97,2.524431021,0.003289051283704935
clsQDEIM,6,1,34,38,37,97,2.670944436,0.001656187103198096
SOPT,6,1,34,38,37,102,2.61008391,0.004665490355080818
clsSOPT,6,1,34,38,37,102,2.612278714,0.001424350967311394
gappy-POD,6,1,34,38,37,102,2.532318818,0.004830128468722206
clsgappy-POD,6,1,34,38,37,102,3.001071406,1.03459222780579
QDEIM,6,1,34,38,37,102,2.586996014,0.00324165807312642
clsQDEIM,6,1,34,38,37,102,2.836533196,0.000611871374738717
SOPT,6,1,34,38,37,107,2.675502182,0.003234839447183575
clsSOPT,6,1,34,38,37,107,2.770749012,0.002909170608794166
gappy-POD,6,1,34,38,37,107,2.606740385,0.004830128468412328
clsgappy-POD,6,1,34,38,37,107,3.097157162,1.034592227798849
QDEIM,6,1,34,38,37,107,2.670600039,0.00311531120169192
clsQDEIM,6,1,34,38,37,107,2.861525801,0.0002747458564470948
SOPT,6,1,34,38,37,112,2.755896854,0.003148130519503098
clsSOPT,6,1,34,38,37,112,2.861123557,0.003644724046397061
gappy-POD,6,1,34,38,37,112,2.670572398,0.004830128468365424
clsgappy-POD,6,1,34,38,37,112,3.205224137,1.034592227805807
QDEIM,6,1,34,38,37,112,2.75399406,0.003171021355469642
clsQDEIM,6,1,34,38,37,112,2.865879549,0.000337906359909853
SOPT,6,1,34,38,37,117,2.835861254,0.002559841938664136
clsSOPT,6,1,34,38,37,117,3.358903927,0.2545638993084272
gappy-POD,6,1,34,38,37,117,2.745680398,0.004830128468283233
clsgappy-POD,6,1,34,38,37,117,3.301875351,1.034592227801694
QDEIM,6,1,34,38,37,117,2.856696085,0.002198941758747997
clsQDEIM,6,1,34,38,37,117,2.960096333,0.0005932663206119956
SOPT,6,1,34,38,37,122,2.924070139,0.002514364392516772
clsSOPT,6,1,34,38,37,122,,
gappy-POD,6,1,34,38,37,122,2.834626803,0.004830128468396677
clsgappy-POD,6,1,34,38,37,122,3.387432857,1.034592227813651
QDEIM,6,1,34,38,37,122,2.964465872,0.002579195888506978
clsQDEIM,6,1,34,38,37,122,3.047404465,0.0003682639911259975
SOPT,6,1,34,38,37,127,3.017038569,0.001745676756321262
clsSOPT,6,1,34,38,37,127,,
gappy-POD,6,1,34,38,37,127,2.912781619,0.004830128468461715
clsgappy-POD,6,1,34,38,37,127,3.480556127,1.034592227812505
QDEIM,6,1,34,38,37,127,3.024389322,0.003083952801304017
clsQDEIM,6,1,34,38,37,127,3.130703235,0.0003174557295964698
SOPT,6,1,34,38,37,132,3.077931591,0.001734143552049742
clsSOPT,6,1,34,38,37,132,,
gappy-POD,6,1,34,38,37,132,2.955414165,0.00483012846848884
clsgappy-POD,6,1,34,38,37,132,3.570760422,1.034592227814668
QDEIM,6,1,34,38,37,132,3.084359338,0.003235953250442231
clsQDEIM,6,1,34,38,37,132,3.166293598,0.000647295364634825
SOPT,6,1,34,38,37,137,3.153826936,0.002357439758960531
clsSOPT,6,1,34,38,37,137,,
gappy-POD,6,1,34,38,37,137,3.004482038,0.004830128468463515
clsgappy-POD,6,1,34,38,37,137,3.644753149,1.034592227813236
QDEIM,6,1,34,38,37,137,3.164366718,0.003190336006947861
clsQDEIM,6,1,34,38,37,137,3.273146587,0.001657194580576817
SOPT,6,1,34,38,37,142,3.249157232,0.002469413291515375
clsSOPT,6,1,34,38,37,142,,
gappy-POD,6,1,34,38,37,142,3.073155282,0.004830128468642701
clsgappy-POD,6,1,34,38,37,142,3.737014676,1.034592227812048
QDEIM,6,1,34,38,37,142,3.189197603,0.003221109589799518
clsQDEIM,6,1,34,38,37,142,3.370149908,0.00200865987481001
SOPT,6,1,34,38,37,147,3.30533129,0.003152399703397633
clsSOPT,6,1,34,38,37,147,,
gappy-POD,6,1,34,38,37,147,3.131028701,0.004830128468672697
clsgappy-POD,6,1,34,38,37,147,3.841864739,1.034592227809957
QDEIM,6,1,34,38,37,147,3.321292924,0.00229300254837666
clsQDEIM,6,1,34,38,37,147,3.45209154,0.001857037838303161
SOPT,6,1,34,38,37,152,3.346852639,0.003115493606875207
clsSOPT,6,1,34,38,37,152,3.728585223,0.002612690502198206
gappy-POD,6,1,34,38,37,152,3.215857974,0.004830128468745866
clsgappy-POD,6,1,34,38,37,152,3.943582129,1.034592227810522
QDEIM,6,1,34,38,37,152,3.396102188,0.002523632764666867
clsQDEIM,6,1,34,38,37,152,3.50620401,0.001303234436689954
