method,energy_frac,rwdim,rrdim,nldim,nsr,time,error
DOPT,0,0.9,4,6,6,7,0.234027938,0.01774217004611181
clsDOPT,0,0.9,4,6,6,7,0.215503384,0.01645974382916507
gappy-POD,0,0.9,4,6,6,7,0.2257119,0.01774212159226572
clsgappy-POD,0,0.9,4,6,6,7,0.239190426,0.6679591293386958
QDEIM,0,0.9,4,6,6,7,0.229859547,0.01790463729931848
clsQDEIM,0,0.9,4,6,6,7,0.22551936,0.01788114022197053
DOPT,0,0.9,4,6,6,8,0.246899365,0.0174842614143374
clsDOPT,0,0.9,4,6,6,8,0.231263915,0.01671108391510936
gappy-POD,0,0.9,4,6,6,8,0.245220326,0.01774212159226564
clsgappy-POD,0,0.9,4,6,6,8,0.2637211079999999,0.6679591293386958
QDEIM,0,0.9,4,6,6,8,0.248901011,0.0178684112187106
clsQDEIM,0,0.9,4,6,6,8,0.24802486,0.01788050983615451
DOPT,0,0.9,4,6,6,9,0.257451434,0.01754932169729365
clsDOPT,0,0.9,4,6,6,9,0.252261901,0.01703806485998431
gappy-POD,0,0.9,4,6,6,9,0.263900391,0.01774212159226575
clsgappy-POD,0,0.9,4,6,6,9,0.2816291799999999,0.6679591293386959
QDEIM,0,0.9,4,6,6,9,0.26494179,0.0178677495246643
clsQDEIM,0,0.9,4,6,6,9,0.264841194,0.01788029994584272
DOPT,0,0.9,4,6,6,10,0.280572394,0.01754262406593047
clsDOPT,0,0.9,4,6,6,10,0.263444079,0.01713614455165517
gappy-POD,0,0.9,4,6,6,10,0.280308951,0.01774212159226573
clsgappy-POD,0,0.9,4,6,6,10,0.29627507,0.6679591293386963
QDEIM,0,0.9,4,6,6,10,0.2855165559999999,0.0178454955478101
clsQDEIM,0,0.9,4,6,6,10,0.279760157,0.01787997231890717
DOPT,0,0.9,4,6,6,11,0.297435221,0.01754103920653163
clsDOPT,0,0.9,4,6,6,11,0.277309562,0.0171415233166105
gappy-POD,0,0.9,4,6,6,11,0.295865335,0.0177421215922657
clsgappy-POD,0,0.9,4,6,6,11,0.311320316,0.6679591293386958
QDEIM,0,0.9,4,6,6,11,0.298784996,0.01764812262582736
clsQDEIM,0,0.9,4,6,6,11,0.302369492,0.01815090414771297
DOPT,0,0.9,4,6,6,12,0.3073791039999999,0.01766078375844791
clsDOPT,0,0.9,4,6,6,12,0.288294984,0.01781404536322961
gappy-POD,0,0.9,4,6,6,12,0.31401564,0.01774212159226571
clsgappy-POD,0,0.9,4,6,6,12,0.329805489,0.6679591293386958
QDEIM,0,0.9,4,6,6,12,0.320439249,0.01765553128021813
clsQDEIM,0,0.9,4,6,6,12,0.312992466,0.01815254635129313
DOPT,0,0.9,4,6,6,13,0.330735725,0.01769508683997026
clsDOPT,0,0.9,4,6,6,13,0.310504951,0.01790849116042668
gappy-POD,0,0.9,4,6,6,13,0.329144519,0.01774212159226573
clsgappy-POD,0,0.9,4,6,6,13,0.360991088,0.6679591293386962
QDEIM,0,0.9,4,6,6,13,0.327360622,0.01751712353599261
clsQDEIM,0,0.9,4,6,6,13,0.326748485,0.01820088110624741
DOPT,0,0.9,4,6,6,14,0.339500334,0.01763531560313964
clsDOPT,0,0.9,4,6,6,14,0.315185128,0.01811379532958708
gappy-POD,0,0.9,4,6,6,14,0.342476379,0.01774212159226573
clsgappy-POD,0,0.9,4,6,6,14,0.366220459,0.6679591293386953
QDEIM,0,0.9,4,6,6,14,0.348328879,0.01752358595318841
clsQDEIM,0,0.9,4,6,6,14,0.345375377,0.01822119942444198
DOPT,0,0.9,4,6,6,15,0.362206069,0.01770269439001223
clsDOPT,0,0.9,4,6,6,15,0.333822981,0.01815077452311447
gappy-POD,0,0.9,4,6,6,15,0.357696692,0.01774212159226575
clsgappy-POD,0,0.9,4,6,6,15,0.391937597,0.6679591293386958
QDEIM,0,0.9,4,6,6,15,0.356989683,0.01745018223240663
clsQDEIM,0,0.9,4,6,6,15,0.364750606,0.01822624638197344
DOPT,0,0.9,4,6,6,16,0.3918150429999999,0.01775373648857074
clsDOPT,0,0.9,4,6,6,16,0.3401723689999999,0.01826668172777851
gappy-POD,0,0.9,4,6,6,16,0.376874948,0.0177421215922657
clsgappy-POD,0,0.9,4,6,6,16,0.406465273,0.6679591293386962
QDEIM,0,0.9,4,6,6,16,0.373586078,0.01745485136463807
clsQDEIM,0,0.9,4,6,6,16,0.378040573,0.01822474168056633
DOPT,0,0.9,4,6,6,17,0.388091307,0.01776475378420197
clsDOPT,0,0.9,4,6,6,17,0.349423013,0.01826833026113949
gappy-POD,0,0.9,4,6,6,17,0.393944859,0.01774212159226573
clsgappy-POD,0,0.9,4,6,6,17,0.419382756,0.6679591293386958
QDEIM,0,0.9,4,6,6,17,0.383289569,0.01736157942667862
clsQDEIM,0,0.9,4,6,6,17,0.397060134,0.01822610192471815
DOPT,0,0.9,4,6,6,18,0.4116190319999999,0.01776475815402262
clsDOPT,0,0.9,4,6,6,18,0.351216158,0.01841559756027985
gappy-POD,0,0.9,4,6,6,18,0.423329069,0.01774212159226573
clsgappy-POD,0,0.9,4,6,6,18,0.4387658250000001,0.6679591293386958
QDEIM,0,0.9,4,6,6,18,0.401856673,0.01735252946208791
clsQDEIM,0,0.9,4,6,6,18,0.432867194,0.01822519026986187
DOPT,0,0.9,4,6,6,19,0.426216262,0.01776475815402265
clsDOPT,0,0.9,4,6,6,19,0.368323641,0.01839818443307837
gappy-POD,0,0.9,4,6,6,19,0.418506356,0.01774212159226569
clsgappy-POD,0,0.9,4,6,6,19,0.464519411,0.6679591293386948
QDEIM,0,0.9,4,6,6,19,0.420424592,0.0173196825361531
clsQDEIM,0,0.9,4,6,6,19,0.4334166899999999,0.01822602777760603
DOPT,0,0.9,4,6,6,20,0.4440100259999999,0.01776475815402264
clsDOPT,0,0.9,4,6,6,20,0.3855749039999999,0.01848290418326751
gappy-POD,0,0.9,4,6,6,20,0.43370148,0.01774212159226573
clsgappy-POD,0,0.9,4,6,6,20,0.4828402869999999,0.6679591293386947
QDEIM,0,0.9,4,6,6,20,0.434913173,0.01742841346851322
clsQDEIM,0,0.9,4,6,6,20,0.450340898,0.01822541628580315
DOPT,0,0.9,4,6,6,21,0.4514658699999999,0.01776475815402264
clsDOPT,0,0.9,4,6,6,21,0.404974812,0.01841620799426028
gappy-POD,0,0.9,4,6,6,21,0.449701269,0.01774212159226573
clsgappy-POD,0,0.9,4,6,6,21,0.508130902,0.6679591293386946
QDEIM,0,0.9,4,6,6,21,0.444096906,0.01748421606104679
clsQDEIM,0,0.9,4,6,6,21,0.464901668,0.01822598376976263
DOPT,0,0.9,4,6,6,22,0.4622524459999999,0.01776475815402262
clsDOPT,0,0.9,4,6,6,22,0.422131206,0.0184594028851254
gappy-POD,0,0.9,4,6,6,22,0.4672199819999999,0.01774212159226569
clsgappy-POD,0,0.9,4,6,6,22,0.546640843,0.6679591293386955
QDEIM,0,0.9,4,6,6,22,0.467165882,0.01744917996574899
clsQDEIM,0,0.9,4,6,6,22,0.489659088,0.0182255451549734
DOPT,0,0.9,4,6,6,23,0.4808792679999999,0.01776475815402266
clsDOPT,0,0.9,4,6,6,23,0.4396377539999999,0.01847237214888306
gappy-POD,0,0.9,4,6,6,23,0.48518107,0.0177421215922657
clsgappy-POD,0,0.9,4,6,6,23,0.5371573679999999,0.6679591293386949
QDEIM,0,0.9,4,6,6,23,0.482146478,0.01744110432821199
clsQDEIM,0,0.9,4,6,6,23,0.499188756,0.01822595505865964
DOPT,0,0.9,4,6,6,24,0.499861402,0.01776475815402265
clsDOPT,0,0.9,4,6,6,24,0.4441773219999999,0.01847233416640514
gappy-POD,0,0.9,4,6,6,24,0.501742476,0.01774212159226572
clsgappy-POD,0,0.9,4,6,6,24,0.559209997,0.6679591293386958
QDEIM,0,0.9,4,6,6,24,0.495312493,0.01743475177744541
clsQDEIM,0,0.9,4,6,6,24,0.51994624,0.01822717106047241
DOPT,0,0.9,4,6,6,25,0.510001157,0.01776475815402264
clsDOPT,0,0.9,4,6,6,25,0.45530308,0.0184736498799403
gappy-POD,0,0.9,4,6,6,25,0.507113204,0.0177421215922657
clsgappy-POD,0,0.9,4,6,6,25,0.575879716,0.6679591293386958
QDEIM,0,0.9,4,6,6,25,0.5172588880000001,0.01742962402536502
clsQDEIM,0,0.9,4,6,6,25,0.534502989,0.01822812578143999
DOPT,0,0.9,4,6,6,26,0.520313645,0.01776475815402264
clsDOPT,0,0.9,4,6,6,26,0.463770008,0.01847360684742127
gappy-POD,0,0.9,4,6,6,26,0.538818375,0.01774212159226569
clsgappy-POD,0,0.9,4,6,6,26,0.587361397,0.6679591293386959
QDEIM,0,0.9,4,6,6,26,0.534205657,0.01742539801274641
clsQDEIM,0,0.9,4,6,6,26,0.552853343,0.01822779586422446
DOPT,0,0.9,4,6,6,27,0.527008954,0.01776475815402264
clsDOPT,0,0.9,4,6,6,27,0.486961655,0.01847360684742127
gappy-POD,0,0.9,4,6,6,27,0.542161683,0.01774212159226575
clsgappy-POD,0,0.9,4,6,6,27,0.609051412,0.6679591293386958
QDEIM,0,0.9,4,6,6,27,0.549546553,0.01742185510994556
clsQDEIM,0,0.9,4,6,6,27,0.5685062550000001,0.01822753881187149
DOPT,0,0.9,4,6,6,28,0.5455153749999999,0.01776475815402263
clsDOPT,0,0.9,4,6,6,28,0.4996769679999999,0.01847360684742128
gappy-POD,0,0.9,4,6,6,28,0.5584171339999999,0.01774212159226576
clsgappy-POD,0,0.9,4,6,6,28,0.6348086079999999,0.6679591293386967
QDEIM,0,0.9,4,6,6,28,0.571251104,0.01741884207689486
clsQDEIM,0,0.9,4,6,6,28,0.5860801290000001,0.01822830832662815
DOPT,0,0.9,4,6,6,29,0.563300939,0.01776475815402262
clsDOPT,0,0.9,4,6,6,29,0.514122775,0.01847360684742128
gappy-POD,0,0.9,4,6,6,29,0.6055530659999999,0.01774212159226565
clsgappy-POD,0,0.9,4,6,6,29,0.647731242,0.6679591293386958
QDEIM,0,0.9,4,6,6,29,0.583403552,0.01741624831794393
clsQDEIM,0,0.9,4,6,6,29,0.602117796,0.01823971636894121
DOPT,1,0.99,9,11,11,12,0.36717969,0.002692429096927006
clsDOPT,1,0.99,9,11,11,12,0.369985594,0.002925810218219321
gappy-POD,1,0.99,9,11,11,12,0.3626944369999999,0.00304632725592715
clsgappy-POD,1,0.99,9,11,11,12,0.409849479,0.8783155628443083
QDEIM,1,0.99,9,11,11,12,0.370976393,0.003116316203293569
clsQDEIM,1,0.99,9,11,11,12,0.3699494449999999,0.003143760243805859
DOPT,1,0.99,9,11,11,13,0.385433994,0.002673406746490264
clsDOPT,1,0.99,9,11,11,13,0.389771896,0.002950818710291415
gappy-POD,1,0.99,9,11,11,13,0.380432936,0.00304632725592719
clsgappy-POD,1,0.99,9,11,11,13,0.429478608,0.8783155628443093
QDEIM,1,0.99,9,11,11,13,0.406394908,0.003090890737025847
clsQDEIM,1,0.99,9,11,11,13,0.386835039,0.003142876589268673
DOPT,1,0.99,9,11,11,14,0.407355227,0.002676767588298085
clsDOPT,1,0.99,9,11,11,14,0.404443494,0.003020068030366362
gappy-POD,1,0.99,9,11,11,14,0.400570464,0.003046327255927012
clsgappy-POD,1,0.99,9,11,11,14,0.4615311019999999,0.8783155628443078
QDEIM,1,0.99,9,11,11,14,0.4108284529999999,0.003098737419490257
clsQDEIM,1,0.99,9,11,11,14,0.407189601,0.002995284092622649
DOPT,1,0.99,9,11,11,15,0.42095061,0.002689786152266965
clsDOPT,1,0.99,9,11,11,15,0.421528943,0.003049539714738951
gappy-POD,1,0.99,9,11,11,15,0.415800301,0.00304632725592711
clsgappy-POD,1,0.99,9,11,11,15,0.466032041,0.8783155628443082
QDEIM,1,0.99,9,11,11,15,0.421154222,0.003096481950312843
clsQDEIM,1,0.99,9,11,11,15,0.4261035,0.00298862156341488
DOPT,1,0.99,9,11,11,16,0.428876095,0.002687243139360768
clsDOPT,1,0.99,9,11,11,16,0.440463179,0.003060775939566886
gappy-POD,1,0.99,9,11,11,16,0.4344684,0.003046327255927103
clsgappy-POD,1,0.99,9,11,11,16,0.485324292,0.8783155628443094
QDEIM,1,0.99,9,11,11,16,0.441507887,0.003096133527567406
clsQDEIM,1,0.99,9,11,11,16,0.44133018,0.003014370938384485
DOPT,1,0.99,9,11,11,17,0.4497062590000001,0.00267660700104627
clsDOPT,1,0.99,9,11,11,17,0.458301989,0.003058046613635506
gappy-POD,1,0.99,9,11,11,17,0.449622486,0.003046327255927274
clsgappy-POD,1,0.99,9,11,11,17,0.516445158,0.8783155628443085
QDEIM,1,0.99,9,11,11,17,0.479574677,0.003075892046386857
clsQDEIM,1,0.99,9,11,11,17,0.450263199,0.003013941378946661
DOPT,1,0.99,9,11,11,18,0.4671689470000001,0.002679382901083806
clsDOPT,1,0.99,9,11,11,18,0.479766748,0.003015846587920344
gappy-POD,1,0.99,9,11,11,18,0.458830254,0.003046327255927149
clsgappy-POD,1,0.99,9,11,11,18,0.5268087,0.8783155628443101
QDEIM,1,0.99,9,11,11,18,0.47895007,0.00307246630178043
clsQDEIM,1,0.99,9,11,11,18,0.466831013,0.003013826173990856
DOPT,1,0.99,9,11,11,19,0.480909725,0.00268103951719931
clsDOPT,1,0.99,9,11,11,19,0.4927881650000001,0.002972269522189714
gappy-POD,1,0.99,9,11,11,19,0.4767143720000001,0.003046327255927259
clsgappy-POD,1,0.99,9,11,11,19,0.55866704,0.8783155628443092
QDEIM,1,0.99,9,11,11,19,0.501680269,0.003067002441939121
clsQDEIM,1,0.99,9,11,11,19,0.4862915369999999,0.003013694218812389
DOPT,1,0.99,9,11,11,20,0.5022922649999999,0.002692075078955908
clsDOPT,1,0.99,9,11,11,20,0.498755956,0.002978892028411703
gappy-POD,1,0.99,9,11,11,20,0.496110435,0.003046327255927172
clsgappy-POD,1,0.99,9,11,11,20,0.574402426,0.8783155628443076
QDEIM,1,0.99,9,11,11,20,0.5116051540000001,0.003059983286334612
clsQDEIM,1,0.99,9,11,11,20,0.5078642050000001,0.003013609400551235
DOPT,1,0.99,9,11,11,21,0.523047182,0.002688242437895773
clsDOPT,1,0.99,9,11,11,21,0.514406251,0.002945820968158184
gappy-POD,1,0.99,9,11,11,21,0.514373195,0.003046327255927167
clsgappy-POD,1,0.99,9,11,11,21,0.5947459270000001,0.8783155628443086
QDEIM,1,0.99,9,11,11,21,0.5344216799999999,0.003054194744130396
clsQDEIM,1,0.99,9,11,11,21,0.523709773,0.00301355029615274
DOPT,1,0.99,9,11,11,22,0.537852642,0.002755884419018151
clsDOPT,1,0.99,9,11,11,22,0.53728864,0.002945816268434783
gappy-POD,1,0.99,9,11,11,22,0.5239982909999999,0.003046327255927217
clsgappy-POD,1,0.99,9,11,11,22,0.604872766,0.8783155628443089
QDEIM,1,0.99,9,11,11,22,0.5482512470000001,0.003027844335077356
clsQDEIM,1,0.99,9,11,11,22,0.5445152640000001,0.003013506753987987
DOPT,1,0.99,9,11,11,23,0.5406650550000001,0.002763062140414063
clsDOPT,1,0.99,9,11,11,23,0.5417484840000001,0.002951047123144904
gappy-POD,1,0.99,9,11,11,23,0.56990056,0.003046327255927203
clsgappy-POD,1,0.99,9,11,11,23,0.634276458,0.8783155628443078
QDEIM,1,0.99,9,11,11,23,0.5710980879999999,0.003028161340526966
clsQDEIM,1,0.99,9,11,11,23,0.559530137,0.003013473343824743
DOPT,1,0.99,9,11,11,24,0.5565646120000001,0.002780919646883504
clsDOPT,1,0.99,9,11,11,24,0.55848929,0.0029828296635297
gappy-POD,1,0.99,9,11,11,24,0.5588990260000001,0.003046327255927243
clsgappy-POD,1,0.99,9,11,11,24,0.643339688,0.8783155628443082
QDEIM,1,0.99,9,11,11,24,0.5822402959999999,0.003022231025561812
clsQDEIM,1,0.99,9,11,11,24,0.576521354,0.003013446898259619
DOPT,1,0.99,9,11,11,25,0.579206984,0.002781830655245582
clsDOPT,1,0.99,9,11,11,25,0.610793545,0.002980779117931643
gappy-POD,1,0.99,9,11,11,25,0.575670271,0.003046327255927178
clsgappy-POD,1,0.99,9,11,11,25,0.675487257,0.8783155628443077
QDEIM,1,0.99,9,11,11,25,0.608338233,0.003020825371317535
clsQDEIM,1,0.99,9,11,11,25,0.591798665,0.003013425445377368
DOPT,1,0.99,9,11,11,26,0.595268095,0.002769155171983159
clsDOPT,1,0.99,9,11,11,26,0.5984405860000001,0.002931606325516425
gappy-POD,1,0.99,9,11,11,26,0.5928622960000001,0.003046327255927289
clsgappy-POD,1,0.99,9,11,11,26,0.685406106,0.8783155628443083
QDEIM,1,0.99,9,11,11,26,0.617767729,0.003019943732769048
clsQDEIM,1,0.99,9,11,11,26,0.611566965,0.003013437896587808
DOPT,1,0.99,9,11,11,27,0.6038315910000001,0.002769606432073226
clsDOPT,1,0.99,9,11,11,27,0.613756434,0.002951265293310404
gappy-POD,1,0.99,9,11,11,27,0.612695787,0.003046327255927181
clsgappy-POD,1,0.99,9,11,11,27,0.727098554,0.8783155628443087
QDEIM,1,0.99,9,11,11,27,0.638298426,0.003016450856950913
clsQDEIM,1,0.99,9,11,11,27,0.6576721409999999,0.003013448464423458
DOPT,1,0.99,9,11,11,28,0.6273297,0.002767301541169855
clsDOPT,1,0.99,9,11,11,28,0.6340196300000001,0.002950115085658968
gappy-POD,1,0.99,9,11,11,28,0.62309499,0.003046327255927118
clsgappy-POD,1,0.99,9,11,11,28,0.726288367,0.8783155628443082
QDEIM,1,0.99,9,11,11,28,0.6585425660000001,0.00301452801995456
clsQDEIM,1,0.99,9,11,11,28,0.647525586,0.003013457545607292
DOPT,1,0.99,9,11,11,29,0.637614981,0.002767634130439
clsDOPT,1,0.99,9,11,11,29,0.649808315,0.00292320790363949
gappy-POD,1,0.99,9,11,11,29,0.647018455,0.00304632725592721
clsgappy-POD,1,0.99,9,11,11,29,0.745423024,0.8783155628443079
QDEIM,1,0.99,9,11,11,29,0.703873636,0.003014212390775951
clsQDEIM,1,0.99,9,11,11,29,0.667602582,0.003013465432884421
DOPT,1,0.99,9,11,11,30,0.656405965,0.002767868314747392
clsDOPT,1,0.99,9,11,11,30,0.658893073,0.002923801655516782
gappy-POD,1,0.99,9,11,11,30,0.662221328,0.003046327255927258
clsgappy-POD,1,0.99,9,11,11,30,0.76836109,0.8783155628443076
QDEIM,1,0.99,9,11,11,30,0.687750592,0.003013939121575405
clsQDEIM,1,0.99,9,11,11,30,0.682618408,0.003013472346952888
DOPT,1,0.99,9,11,11,31,0.6684936939999999,0.002770663345522681
clsDOPT,1,0.99,9,11,11,31,0.6792491519999999,0.002928462866275731
gappy-POD,1,0.99,9,11,11,31,0.6870504310000001,0.003046327255927255
clsgappy-POD,1,0.99,9,11,11,31,0.7848997209999999,0.8783155628443089
QDEIM,1,0.99,9,11,11,31,0.7039597479999999,0.00301427234425545
clsQDEIM,1,0.99,9,11,11,31,0.702946125,0.003013478457321229
DOPT,1,0.99,9,11,11,32,0.6789434590000001,0.002770780991446853
clsDOPT,1,0.99,9,11,11,32,0.695386697,0.002927847608837355
gappy-POD,1,0.99,9,11,11,32,0.728189619,0.003046327255927164
clsgappy-POD,1,0.99,9,11,11,32,0.784618563,0.8783155628443089
QDEIM,1,0.99,9,11,11,32,0.7004933069999999,0.003014708080889509
clsQDEIM,1,0.99,9,11,11,32,0.720615469,0.00301346103655002
DOPT,1,0.99,9,11,11,33,0.694483439,0.002768225080099506
clsDOPT,1,0.99,9,11,11,33,0.7105131960000001,0.002929619254339843
gappy-POD,1,0.99,9,11,11,33,0.716236299,0.003046327255927076
clsgappy-POD,1,0.99,9,11,11,33,0.8105508539999999,0.8783155628443082
QDEIM,1,0.99,9,11,11,33,0.7241408410000001,0.003015112697999978
clsQDEIM,1,0.99,9,11,11,33,0.738757174,0.00301344901268894
DOPT,1,0.99,9,11,11,34,0.701783337,0.002769980726937936
clsDOPT,1,0.99,9,11,11,34,0.725815089,0.002919523684449966
gappy-POD,1,0.99,9,11,11,34,0.733649786,0.003046327255927305
clsgappy-POD,1,0.99,9,11,11,34,0.831882765,0.8783155628443085
QDEIM,1,0.99,9,11,11,34,0.7455822560000001,0.003015479918027862
clsQDEIM,1,0.99,9,11,11,34,0.7565041,0.003013440663197401
DOPT,2,0.999,14,16,16,17,0.521842367,0.0006762588691577917
clsDOPT,2,0.999,14,16,16,17,0.5094252429999999,0.0004596507266947252
gappy-POD,2,0.999,14,16,16,17,0.517091038,0.0005461213575568627
clsgappy-POD,2,0.999,14,16,16,17,0.601639251,0.954794123634691
QDEIM,2,0.999,14,16,16,17,0.547023676,0.0004809567640915723
clsQDEIM,2,0.999,14,16,16,17,0.523437299,0.0005735845428921118
DOPT,2,0.999,14,16,16,18,0.564093795,0.0004255338279389091
clsDOPT,2,0.999,14,16,16,18,0.5221618189999999,0.0004516380047003117
gappy-POD,2,0.999,14,16,16,18,0.534563117,0.0005461213575568599
clsgappy-POD,2,0.999,14,16,16,18,0.6235184279999999,0.9547941236346876
QDEIM,2,0.999,14,16,16,18,0.5728153970000001,0.000421694414678109
clsQDEIM,2,0.999,14,16,16,18,0.547812739,0.000582469751061913
DOPT,2,0.999,14,16,16,19,0.556879202,0.0005089763217865621
clsDOPT,2,0.999,14,16,16,19,0.536760173,0.0003685345404230685
gappy-POD,2,0.999,14,16,16,19,0.554626608,0.0005461213575568913
clsgappy-POD,2,0.999,14,16,16,19,0.644966874,0.9547941236346906
QDEIM,2,0.999,14,16,16,19,0.564411757,0.0004191933741973518
clsQDEIM,2,0.999,14,16,16,19,0.5544326380000001,0.0005822836334432693
DOPT,2,0.999,14,16,16,20,0.569288236,0.0004408607872224893
clsDOPT,2,0.999,14,16,16,20,0.552690005,0.0003674249955994657
gappy-POD,2,0.999,14,16,16,20,0.572044782,0.0005461213575568551
clsgappy-POD,2,0.999,14,16,16,20,0.691135967,0.9547941236346893
QDEIM,2,0.999,14,16,16,20,0.579253757,0.000414046494052279
clsQDEIM,2,0.999,14,16,16,20,0.579259635,0.0005485646938650399
DOPT,2,0.999,14,16,16,21,0.581957458,0.0003940043345359958
clsDOPT,2,0.999,14,16,16,21,0.5684311000000001,0.0003750213399541713
gappy-POD,2,0.999,14,16,16,21,0.592150323,0.0005461213575568678
clsgappy-POD,2,0.999,14,16,16,21,0.693638749,0.9547941236346918
QDEIM,2,0.999,14,16,16,21,0.604607425,0.0005059969903354115
clsQDEIM,2,0.999,14,16,16,21,0.5926459399999999,0.00054852853675977
DOPT,2,0.999,14,16,16,22,0.5967908280000001,0.0003975221851122611
clsDOPT,2,0.999,14,16,16,22,0.5877419540000001,0.000443253442419497
gappy-POD,2,0.999,14,16,16,22,0.60881614,0.0005461213575569106
clsgappy-POD,2,0.999,14,16,16,22,0.765264553,0.9547941236346937
QDEIM,2,0.999,14,16,16,22,0.6191592960000001,0.0004691674376019343
clsQDEIM,2,0.999,14,16,16,22,0.6086718879999999,0.0005484791017481522
DOPT,2,0.999,14,16,16,23,0.619562026,0.0003807564451265162
clsDOPT,2,0.999,14,16,16,23,0.6123065009999999,0.0003844602492580285
gappy-POD,2,0.999,14,16,16,23,0.619333397,0.0005461213575568954
clsgappy-POD,2,0.999,14,16,16,23,0.721238421,0.9547941236346911
QDEIM,2,0.999,14,16,16,23,0.638005164,0.0004716871541513954
clsQDEIM,2,0.999,14,16,16,23,0.625255258,0.00041596503003732
DOPT,2,0.999,14,16,16,24,0.647701669,0.000358535628811133
clsDOPT,2,0.999,14,16,16,24,0.6295127949999999,0.0003723574876453825
gappy-POD,2,0.999,14,16,16,24,0.661863052,0.0005461213575567821
clsgappy-POD,2,0.999,14,16,16,24,0.769822545,0.9547941236346883
QDEIM,2,0.999,14,16,16,24,0.653445383,0.000527591550423097
clsQDEIM,2,0.999,14,16,16,24,0.643164921,0.0003448073200818035
DOPT,2,0.999,14,16,16,25,0.668960851,0.0003544041106369237
clsDOPT,2,0.999,14,16,16,25,0.6441019690000001,0.0004022220042021678
gappy-POD,2,0.999,14,16,16,25,0.660155744,0.0005461213575569935
clsgappy-POD,2,0.999,14,16,16,25,0.762098257,0.9547941236346917
QDEIM,2,0.999,14,16,16,25,0.6714830390000001,0.0005422985889251811
clsQDEIM,2,0.999,14,16,16,25,0.657695079,0.0003507958067477337
DOPT,2,0.999,14,16,16,26,0.661249255,0.000331325081738544
clsDOPT,2,0.999,14,16,16,26,0.665611621,0.000417681266840955
gappy-POD,2,0.999,14,16,16,26,0.669623579,0.0005461213575569775
clsgappy-POD,2,0.999,14,16,16,26,0.783148775,0.9547941236346911
QDEIM,2,0.999,14,16,16,26,0.6922035049999999,0.0004940057193482177
clsQDEIM,2,0.999,14,16,16,26,0.666909341,0.0003508368484313892
DOPT,2,0.999,14,16,16,27,0.676865966,0.0003172019847412286
clsDOPT,2,0.999,14,16,16,27,0.6834000309999999,0.0003946431440343931
gappy-POD,2,0.999,14,16,16,27,0.677035379,0.0005461213575568497
clsgappy-POD,2,0.999,14,16,16,27,0.801780136,0.9547941236346913
QDEIM,2,0.999,14,16,16,27,0.707817552,0.0004086063108269238
clsQDEIM,2,0.999,14,16,16,27,0.6900219280000001,0.0003520861053168585
DOPT,2,0.999,14,16,16,28,0.6955728969999999,0.0003469747770335457
clsDOPT,2,0.999,14,16,16,28,0.6967051,0.0003879426140064094
gappy-POD,2,0.999,14,16,16,28,0.7061792840000001,0.0005461213575567785
clsgappy-POD,2,0.999,14,16,16,28,0.8313802459999999,0.9547941236346925
QDEIM,2,0.999,14,16,16,28,0.725025971,0.0004080754315817848
clsQDEIM,2,0.999,14,16,16,28,0.7091074900000001,0.0003572193373839265
DOPT,2,0.999,14,16,16,29,0.742730533,0.0003565561882681857
clsDOPT,2,0.999,14,16,16,29,0.7163885320000001,0.0003981268875834163
gappy-POD,2,0.999,14,16,16,29,0.722492308,0.0005461213575567554
clsgappy-POD,2,0.999,14,16,16,29,0.847842411,0.954794123634691
QDEIM,2,0.999,14,16,16,29,0.7473225889999999,0.0003866495661696323
clsQDEIM,2,0.999,14,16,16,29,0.723950308,0.0003940246108606709
DOPT,2,0.999,14,16,16,30,0.734545005,0.0003532386043262946
clsDOPT,2,0.999,14,16,16,30,0.7302917520000001,0.0003758755172894063
gappy-POD,2,0.999,14,16,16,30,0.7350312699999999,0.0005461213575569186
clsgappy-POD,2,0.999,14,16,16,30,0.874066761,0.9547941236346916
QDEIM,2,0.999,14,16,16,30,0.792702296,0.0003999907833908751
clsQDEIM,2,0.999,14,16,16,30,0.7425409709999999,0.0004775251769834403
DOPT,2,0.999,14,16,16,31,0.751436491,0.0003432345215437353
clsDOPT,2,0.999,14,16,16,31,0.739929976,0.000364042884693524
gappy-POD,2,0.999,14,16,16,31,0.755650135,0.0005461213575568781
clsgappy-POD,2,0.999,14,16,16,31,0.891591595,0.9547941236346906
QDEIM,2,0.999,14,16,16,31,0.786361982,0.0004042522834185273
clsQDEIM,2,0.999,14,16,16,31,0.7663413539999999,0.0005164923864700507
DOPT,2,0.999,14,16,16,32,0.7723465899999999,0.0003402595869869204
clsDOPT,2,0.999,14,16,16,32,0.7474278860000001,0.0004164659669213606
gappy-POD,2,0.999,14,16,16,32,0.775776162,0.0005461213575568236
clsgappy-POD,2,0.999,14,16,16,32,0.907401532,0.954794123634689
QDEIM,2,0.999,14,16,16,32,0.799786917,0.0004006472651053251
clsQDEIM,2,0.999,14,16,16,32,0.781028253,0.0005166465697040028
DOPT,2,0.999,14,16,16,33,0.79827311,0.0003466572444912898
clsDOPT,2,0.999,14,16,16,33,0.766489041,0.000414070708300533
gappy-POD,2,0.999,14,16,16,33,0.801338019,0.0005461213575568098
clsgappy-POD,2,0.999,14,16,16,33,0.929184492,0.9547941236346896
QDEIM,2,0.999,14,16,16,33,0.826953256,0.0004030059938024098
clsQDEIM,2,0.999,14,16,16,33,0.805098874,0.0005436034582335342
DOPT,2,0.999,14,16,16,34,0.8104103210000001,0.0003479512730713189
clsDOPT,2,0.999,14,16,16,34,0.784924315,0.0003816445907454742
gappy-POD,2,0.999,14,16,16,34,0.809213329,0.000546121357556859
clsgappy-POD,2,0.999,14,16,16,34,0.956906625,0.9547941236346911
QDEIM,2,0.999,14,16,16,34,0.842897993,0.0004289430239482723
clsQDEIM,2,0.999,14,16,16,34,0.823135972,0.0006039563368090881
DOPT,2,0.999,14,16,16,35,0.814752917,0.0003461910196908107
clsDOPT,2,0.999,14,16,16,35,0.8036067600000001,0.0003832592543251526
gappy-POD,2,0.999,14,16,16,35,0.8268471909999999,0.0005461213575569109
clsgappy-POD,2,0.999,14,16,16,35,1.017806958,0.9547941236346912
QDEIM,2,0.999,14,16,16,35,0.845568376,0.000397013434238846
clsQDEIM,2,0.999,14,16,16,35,0.834612701,0.0006609193786374139
DOPT,2,0.999,14,16,16,36,0.8237664069999999,0.0003907750522295681
clsDOPT,2,0.999,14,16,16,36,0.857100724,0.0003689758300838562
gappy-POD,2,0.999,14,16,16,36,0.8468451809999999,0.0005461213575567993
clsgappy-POD,2,0.999,14,16,16,36,0.996220703,0.9547941236346904
QDEIM,2,0.999,14,16,16,36,0.869039627,0.0003995349258043553
clsQDEIM,2,0.999,14,16,16,36,0.882728269,0.0005878162290291726
DOPT,2,0.999,14,16,16,37,0.848332333,0.0003927087567904114
clsDOPT,2,0.999,14,16,16,37,0.841133848,0.0003707534646848066
gappy-POD,2,0.999,14,16,16,37,0.866555634,0.000546121357556829
clsgappy-POD,2,0.999,14,16,16,37,1.014630512,0.954794123634693
QDEIM,2,0.999,14,16,16,37,0.886042978,0.0004046283122569723
clsQDEIM,2,0.999,14,16,16,37,0.870917181,0.0005824725225435579
DOPT,2,0.999,14,16,16,38,0.858182879,0.0003914060450323138
clsDOPT,2,0.999,14,16,16,38,0.855938587,0.0003675725438315315
gappy-POD,2,0.999,14,16,16,38,0.8792080320000001,0.0005461213575568765
clsgappy-POD,2,0.999,14,16,16,38,1.034613115,0.9547941236346935
QDEIM,2,0.999,14,16,16,38,0.90142484,0.000406649874801092
clsQDEIM,2,0.999,14,16,16,38,0.8820229669999999,0.000581036483730585
DOPT,2,0.999,14,16,16,39,0.874392865,0.0003667377006608685
clsDOPT,2,0.999,14,16,16,39,0.908672139,0.0003461481912370713
gappy-POD,2,0.999,14,16,16,39,0.892795396,0.0005461213575568427
clsgappy-POD,2,0.999,14,16,16,39,1.050420066,0.9547941236346916
QDEIM,2,0.999,14,16,16,39,0.9237658639999999,0.0004021354142268801
clsQDEIM,2,0.999,14,16,16,39,0.89856778,0.0005934437820036161
DOPT,3,0.9999,19,21,21,22,0.683497545,0.0003245161965686538
clsDOPT,3,0.9999,19,21,21,22,0.665881261,0.002117690278017271
gappy-POD,3,0.9999,19,21,21,22,0.662425251,0.000723421133643408
clsgappy-POD,3,0.9999,19,21,21,22,0.793813682,0.9413866782085152
QDEIM,3,0.9999,19,21,21,22,0.675593106,0.0002102548369490883
clsQDEIM,3,0.9999,19,21,21,22,0.6581899960000001,0.0002805267342697341
DOPT,3,0.9999,19,21,21,23,0.699008895,0.0003701191790682943
clsDOPT,3,0.9999,19,21,21,23,0.674640948,0.002767107161036534
gappy-POD,3,0.9999,19,21,21,23,0.687789429,0.0007234211336434147
clsgappy-POD,3,0.9999,19,21,21,23,0.78655846,0.9413866782085148
QDEIM,3,0.9999,19,21,21,23,0.69714483,0.0002080659983241926
clsQDEIM,3,0.9999,19,21,21,23,0.6873736890000001,0.0002650871443868377
DOPT,3,0.9999,19,21,21,24,0.7143803689999999,0.0001498793506839252
clsDOPT,3,0.9999,19,21,21,24,0.694833167,0.002127613147729386
gappy-POD,3,0.9999,19,21,21,24,0.7025713069999999,0.0007234211336434044
clsgappy-POD,3,0.9999,19,21,21,24,0.811178208,0.9413866782085121
QDEIM,3,0.9999,19,21,21,24,0.7138687930000001,0.0002180462168904639
clsQDEIM,3,0.9999,19,21,21,24,0.6934352319999999,0.0003018298154135821
DOPT,3,0.9999,19,21,21,25,0.733904374,0.0001162585406153712
clsDOPT,3,0.9999,19,21,21,25,0.708589851,0.002373411149116724
gappy-POD,3,0.9999,19,21,21,25,0.7411045979999999,0.0007234211336438717
clsgappy-POD,3,0.9999,19,21,21,25,0.835437757,0.9413866782085133
QDEIM,3,0.9999,19,21,21,25,0.7367607940000001,0.0003047137631543689
clsQDEIM,3,0.9999,19,21,21,25,0.7184496309999999,0.0002719923222623877
DOPT,3,0.9999,19,21,21,26,0.765283014,0.0001191978100572501
clsDOPT,3,0.9999,19,21,21,26,0.7391329769999999,0.001593120493002873
gappy-POD,3,0.9999,19,21,21,26,0.747036511,0.0007234211336438673
clsgappy-POD,3,0.9999,19,21,21,26,0.854612344,0.9413866782085135
QDEIM,3,0.9999,19,21,21,26,0.752966559,0.0002839328081274755
clsQDEIM,3,0.9999,19,21,21,26,0.7355382460000001,0.00029440649362357
DOPT,3,0.9999,19,21,21,27,0.8048116869999999,0.0001694438319742061
clsDOPT,3,0.9999,19,21,21,27,0.75205853,0.001247275881298291
gappy-POD,3,0.9999,19,21,21,27,0.763702126,0.0007234211336434071
clsgappy-POD,3,0.9999,19,21,21,27,0.877012532,0.9413866782085126
QDEIM,3,0.9999,19,21,21,27,0.7757681550000001,0.0003117690571829636
clsQDEIM,3,0.9999,19,21,21,27,0.75266415,0.0002795002570870127
DOPT,3,0.9999,19,21,21,28,0.821621047,0.0003250519155379729
clsDOPT,3,0.9999,19,21,21,28,0.773431766,0.0009009248060693001
gappy-POD,3,0.9999,19,21,21,28,0.76830262,0.0007234211336434352
clsgappy-POD,3,0.9999,19,21,21,28,0.90484007,0.9413866782085225
QDEIM,3,0.9999,19,21,21,28,0.785024466,0.0003191785149024583
clsQDEIM,3,0.9999,19,21,21,28,0.7869860799999999,0.0003777432678678379
DOPT,3,0.9999,19,21,21,29,0.8075806089999999,0.000563095380548564
clsDOPT,3,0.9999,19,21,21,29,0.79203318,0.0004391764634736457
gappy-POD,3,0.9999,19,21,21,29,0.786510884,0.0007234211336448237
clsgappy-POD,3,0.9999,19,21,21,29,0.923127646,0.9413866782085171
QDEIM,3,0.9999,19,21,21,29,0.8073955779999999,0.000266643081623086
clsQDEIM,3,0.9999,19,21,21,29,0.7782331659999999,0.001316702635333121
DOPT,3,0.9999,19,21,21,30,0.822336765,0.0006663634554357824
clsDOPT,3,0.9999,19,21,21,30,0.8179500820000001,0.0002052001279702301
gappy-POD,3,0.9999,19,21,21,30,0.802147446,0.0007234211336433633
clsgappy-POD,3,0.9999,19,21,21,30,0.942051347,0.9413866782085182
QDEIM,3,0.9999,19,21,21,30,0.816736492,0.0007574575960989749
clsQDEIM,3,0.9999,19,21,21,30,0.7933952950000001,0.0009664528230763005
DOPT,3,0.9999,19,21,21,31,0.834623248,0.0006665527372493055
clsDOPT,3,0.9999,19,21,21,31,0.853582078,0.0009283489166084998
gappy-POD,3,0.9999,19,21,21,31,0.820338341,0.0007234211336436164
clsgappy-POD,3,0.9999,19,21,21,31,0.970277383,0.9413866782085142
QDEIM,3,0.9999,19,21,21,31,0.821986595,0.0007146900243293877
clsQDEIM,3,0.9999,19,21,21,31,0.811442843,0.001404521850563311
DOPT,3,0.9999,19,21,21,32,0.8566359569999999,0.0004448256341175733
clsDOPT,3,0.9999,19,21,21,32,0.8502730279999999,0.0005884043785396438
gappy-POD,3,0.9999,19,21,21,32,0.836942678,0.0007234211336436266
clsgappy-POD,3,0.9999,19,21,21,32,1.020112773,0.9413866782085134
QDEIM,3,0.9999,19,21,21,32,0.842863227,0.000727635898086004
clsQDEIM,3,0.9999,19,21,21,32,0.829156478,0.001202909221483875
DOPT,3,0.9999,19,21,21,33,0.8775737640000001,0.0004431549637903159
clsDOPT,3,0.9999,19,21,21,33,0.8582218699999999,0.000213700970558831
gappy-POD,3,0.9999,19,21,21,33,0.862835519,0.0007234211336433883
clsgappy-POD,3,0.9999,19,21,21,33,0.990959872,0.9413866782085131
QDEIM,3,0.9999,19,21,21,33,0.866534267,0.0007601535148898243
clsQDEIM,3,0.9999,19,21,21,33,0.831414373,0.001210712775363345
DOPT,3,0.9999,19,21,21,34,0.8935567680000001,0.0007745932849797837
clsDOPT,3,0.9999,19,21,21,34,0.878258273,0.0001998513610704647
gappy-POD,3,0.9999,19,21,21,34,0.8754196030000001,0.0007234211336434009
clsgappy-POD,3,0.9999,19,21,21,34,1.022139616,0.9413866782085096
QDEIM,3,0.9999,19,21,21,34,0.8852832859999999,0.0006058353337778851
clsQDEIM,3,0.9999,19,21,21,34,0.851351546,0.001048642934051244
DOPT,3,0.9999,19,21,21,35,0.901720317,0.0006982988046471187
clsDOPT,3,0.9999,19,21,21,35,0.9009072929999999,0.0002288518722370215
gappy-POD,3,0.9999,19,21,21,35,0.9038317300000001,0.0007234211336429341
clsgappy-POD,3,0.9999,19,21,21,35,1.048248467,0.9413866782085116
QDEIM,3,0.9999,19,21,21,35,0.899061517,0.000605842735060017
clsQDEIM,3,0.9999,19,21,21,35,0.873735076,0.0009399422830080555
DOPT,3,0.9999,19,21,21,36,0.918197089,0.0003491526828059748
clsDOPT,3,0.9999,19,21,21,36,0.906790643,0.0008567490194818239
gappy-POD,3,0.9999,19,21,21,36,0.921396252,0.0007234211336434213
clsgappy-POD,3,0.9999,19,21,21,36,1.06531103,0.9413866782085121
QDEIM,3,0.9999,19,21,21,36,0.92039483,0.0004938148312311519
clsQDEIM,3,0.9999,19,21,21,36,0.88837449,0.0008040277377458697
DOPT,3,0.9999,19,21,21,37,0.942729575,0.0004290210837104555
clsDOPT,3,0.9999,19,21,21,37,0.9214275630000001,0.0003157921429360096
gappy-POD,3,0.9999,19,21,21,37,0.93610307,0.000723421133643842
clsgappy-POD,3,0.9999,19,21,21,37,1.093413731,0.941386678208513
QDEIM,3,0.9999,19,21,21,37,0.938345159,0.0003873209858284718
clsQDEIM,3,0.9999,19,21,21,37,0.907839312,0.0007272289628462656
DOPT,3,0.9999,19,21,21,38,0.954291479,0.00048086646626005
clsDOPT,3,0.9999,19,21,21,38,0.949102692,0.000317578711786515
gappy-POD,3,0.9999,19,21,21,38,0.950983483,0.0007234211336433769
clsgappy-POD,3,0.9999,19,21,21,38,1.105246123,0.9413866782085137
QDEIM,3,0.9999,19,21,21,38,0.950092436,0.0003680271882450591
clsQDEIM,3,0.9999,19,21,21,38,0.925191342,0.0007323500312672829
DOPT,3,0.9999,19,21,21,39,0.968824805,0.0004184547807224449
clsDOPT,3,0.9999,19,21,21,39,0.962976112,0.0003529401586429637
gappy-POD,3,0.9999,19,21,21,39,0.9682700909999999,0.0007234211336433914
clsgappy-POD,3,0.9999,19,21,21,39,1.171735698,0.9413866782085119
QDEIM,3,0.9999,19,21,21,39,0.9707265940000001,0.000360699153907191
clsQDEIM,3,0.9999,19,21,21,39,0.9414387850000001,0.001012641723639587
DOPT,3,0.9999,19,21,21,40,0.983803928,0.0004211146303487855
clsDOPT,3,0.9999,19,21,21,40,0.982998149,0.0002387420387118943
gappy-POD,3,0.9999,19,21,21,40,0.9929091880000001,0.0007234211336433864
clsgappy-POD,3,0.9999,19,21,21,40,1.147294684,0.9413866782085109
QDEIM,3,0.9999,19,21,21,40,1.001511148,0.0004530237450491496
clsQDEIM,3,0.9999,19,21,21,40,1.019020912,0.0009783755054742951
DOPT,3,0.9999,19,21,21,41,1.001664059,0.000391704477051771
clsDOPT,3,0.9999,19,21,21,41,0.9979374009999999,0.0002643778249507353
gappy-POD,3,0.9999,19,21,21,41,1.01340236,0.0007234211336433871
clsgappy-POD,3,0.9999,19,21,21,41,1.177478092,0.9413866782085087
QDEIM,3,0.9999,19,21,21,41,1.00902279,0.0004538467812482973
clsQDEIM,3,0.9999,19,21,21,41,0.98599412,0.0008759780770545247
DOPT,3,0.9999,19,21,21,42,1.012624435,0.0003615089157532914
clsDOPT,3,0.9999,19,21,21,42,1.019547709,0.0001446952023623604
gappy-POD,3,0.9999,19,21,21,42,1.027854522,0.0007234211336433924
clsgappy-POD,3,0.9999,19,21,21,42,1.193784715,0.9413866782085103
QDEIM,3,0.9999,19,21,21,42,1.030242369,0.0004662650823679082
clsQDEIM,3,0.9999,19,21,21,42,1.013154807,0.0009643977128105686
DOPT,3,0.9999,19,21,21,43,1.035286775,0.0003307410708348265
clsDOPT,3,0.9999,19,21,21,43,1.036744108,0.0001185407785466797
gappy-POD,3,0.9999,19,21,21,43,2.5142923,0.0007234211336433679
clsgappy-POD,3,0.9999,19,21,21,43,1.220620416,0.9413866782085065
QDEIM,3,0.9999,19,21,21,43,1.044048372,0.0004711202921762566
clsQDEIM,3,0.9999,19,21,21,43,1.030401473,0.0008952609360846399
DOPT,3,0.9999,19,21,21,44,1.052817459,9.214164932779836e-05
clsDOPT,3,0.9999,19,21,21,44,1.062970681,0.0001185291244628414
gappy-POD,3,0.9999,19,21,21,44,1.093761423,0.0007234211336438494
clsgappy-POD,3,0.9999,19,21,21,44,1.233482151,0.9413866782085094
QDEIM,3,0.9999,19,21,21,44,1.056231539,0.0004693414129692611
clsQDEIM,3,0.9999,19,21,21,44,1.045342629,0.0009080440173735463
DOPT,4,0.99999,24,27,27,28,0.8829493960000001,0.009618848821058368
clsDOPT,4,0.99999,24,27,27,28,0.840436815,0.004364023221950495
gappy-POD,4,0.99999,24,27,27,28,0.8652879020000001,0.00585125174061881
clsgappy-POD,4,0.99999,24,27,27,28,0.996698781,0.8198749825459798
QDEIM,4,0.99999,24,27,27,28,0.866968598,0.004440348517238708
clsQDEIM,4,0.99999,24,27,27,28,0.865906221,0.001622296175337655
DOPT,4,0.99999,24,27,27,29,0.908465277,0.005966784705567506
clsDOPT,4,0.99999,24,27,27,29,0.887077284,0.00423995997245419
gappy-POD,4,0.99999,24,27,27,29,0.874762771,0.00585125174061669
clsgappy-POD,4,0.99999,24,27,27,29,1.045329557,0.8198749825459841
QDEIM,4,0.99999,24,27,27,29,0.891079845,0.004440348517238431
clsQDEIM,4,0.99999,24,27,27,29,0.884977286,0.001554098599576388
DOPT,4,0.99999,24,27,27,30,0.927603371,0.006047329051178416
clsDOPT,4,0.99999,24,27,27,30,0.882446681,0.007503211399567628
gappy-POD,4,0.99999,24,27,27,30,0.897519823,0.005851251740617826
clsgappy-POD,4,0.99999,24,27,27,30,1.024734129,0.819874982545987
QDEIM,4,0.99999,24,27,27,30,0.905691003,0.004357652891771951
clsQDEIM,4,0.99999,24,27,27,30,0.902979044,0.0007462617203891681
DOPT,4,0.99999,24,27,27,31,0.932042947,0.00578739600209583
clsDOPT,4,0.99999,24,27,27,31,0.887272818,0.002395249581059332
gappy-POD,4,0.99999,24,27,27,31,0.925021176,0.005851251740621751
clsgappy-POD,4,0.99999,24,27,27,31,1.047675619,0.8198749825459726
QDEIM,4,0.99999,24,27,27,31,0.922703273,0.004040035904542499
clsQDEIM,4,0.99999,24,27,27,31,0.926442078,0.0007411112318872774
DOPT,4,0.99999,24,27,27,32,0.959438049,0.007887758844400851
clsDOPT,4,0.99999,24,27,27,32,0.904370765,0.002896723198490212
gappy-POD,4,0.99999,24,27,27,32,0.936364243,0.005851251740618462
clsgappy-POD,4,0.99999,24,27,27,32,1.068669531,0.8198749825459831
QDEIM,4,0.99999,24,27,27,32,0.979060398,0.003189256191765249
clsQDEIM,4,0.99999,24,27,27,32,0.946785748,0.0006832761599443719
DOPT,4,0.99999,24,27,27,33,1.007949956,0.003970050455475924
clsDOPT,4,0.99999,24,27,27,33,1.045958256,0.001469127267659388
gappy-POD,4,0.99999,24,27,27,33,0.964150175,0.005851251740619139
clsgappy-POD,4,0.99999,24,27,27,33,1.091393646,0.8198749825459305
QDEIM,4,0.99999,24,27,27,33,0.958398406,0.002130504274122336
clsQDEIM,4,0.99999,24,27,27,33,0.9674263430000001,0.0006898643925764979
DOPT,4,0.99999,24,27,27,34,0.997700499,0.003699288670619504
clsDOPT,4,0.99999,24,27,27,34,0.9422302769999999,0.003628417308530074
gappy-POD,4,0.99999,24,27,27,34,0.9654366640000001,0.005851251740616099
clsgappy-POD,4,0.99999,24,27,27,34,1.114090519,0.8198749825458953
QDEIM,4,0.99999,24,27,27,34,0.983786582,0.002410723016867433
clsQDEIM,4,0.99999,24,27,27,34,0.984873429,0.0007072743903630119
DOPT,4,0.99999,24,27,27,35,1.014188642,0.003624629141346423
clsDOPT,4,0.99999,24,27,27,35,0.967019772,0.003658220935844789
gappy-POD,4,0.99999,24,27,27,35,1.004115377,0.005851251740615685
clsgappy-POD,4,0.99999,24,27,27,35,1.123874444,0.8198749825459046
QDEIM,4,0.99999,24,27,27,35,1.003318148,0.001902122363871767
clsQDEIM,4,0.99999,24,27,27,35,1.010899358,0.002448835576583024
DOPT,4,0.99999,24,27,27,36,1.030393517,0.006266906703678461
clsDOPT,4,0.99999,24,27,27,36,0.979646443,0.003723732187893222
gappy-POD,4,0.99999,24,27,27,36,1.014647482,0.005851251740617298
clsgappy-POD,4,0.99999,24,27,27,36,1.154567999,0.8198749825459065
QDEIM,4,0.99999,24,27,27,36,1.982172589,0.002163915235180379
clsQDEIM,4,0.99999,24,27,27,36,1.634783906,0.002499033972870657
DOPT,4,0.99999,24,27,27,37,1.03512632,0.006393552410525404
clsDOPT,4,0.99999,24,27,27,37,1.004580439,0.004469992744516113
gappy-POD,4,0.99999,24,27,27,37,1.022525196,0.005851251740614496
clsgappy-POD,4,0.99999,24,27,27,37,1.161350672,0.8198749825459067
QDEIM,4,0.99999,24,27,27,37,1.04813274,0.002024658372806224
clsQDEIM,4,0.99999,24,27,27,37,1.035042482,0.002157516217952522
DOPT,4,0.99999,24,27,27,38,1.059463551,0.006408184274801745
clsDOPT,4,0.99999,24,27,27,38,1.017184168,0.003753353610997812
gappy-POD,4,0.99999,24,27,27,38,1.039231911,0.005851251740612751
clsgappy-POD,4,0.99999,24,27,27,38,1.188019765,0.8198749825458923
QDEIM,4,0.99999,24,27,27,38,1.065847087,0.001956227269848983
clsQDEIM,4,0.99999,24,27,27,38,1.058397701,0.002846921325300801
DOPT,4,0.99999,24,27,27,39,1.081870127,0.006440931382824229
clsDOPT,4,0.99999,24,27,27,39,1.026656303,0.001783400324085344
gappy-POD,4,0.99999,24,27,27,39,1.056061564,0.005851251740613221
clsgappy-POD,4,0.99999,24,27,27,39,1.204931705,0.8198749825459114
QDEIM,4,0.99999,24,27,27,39,1.077723083,0.002117617764156766
clsQDEIM,4,0.99999,24,27,27,39,1.086484008,0.003546046672283838
DOPT,4,0.99999,24,27,27,40,1.560317507,0.00643091899266934
clsDOPT,4,0.99999,24,27,27,40,1.033035824,0.001376360363880437
gappy-POD,4,0.99999,24,27,27,40,1.084425095,0.0058512517406132
clsgappy-POD,4,0.99999,24,27,27,40,1.225386095,0.8198749825458739
QDEIM,4,0.99999,24,27,27,40,1.093373531,0.002295187786122678
clsQDEIM,4,0.99999,24,27,27,40,1.09614158,0.003373460038932546
DOPT,4,0.99999,24,27,27,41,1.121496337,0.005464961121485764
clsDOPT,4,0.99999,24,27,27,41,1.047176217,0.001387413272604507
gappy-POD,4,0.99999,24,27,27,41,1.133525754,0.005851251740612928
clsgappy-POD,4,0.99999,24,27,27,41,1.251233851,0.8198749825458832
QDEIM,4,0.99999,24,27,27,41,1.107606148,0.002359617318871925
clsQDEIM,4,0.99999,24,27,27,41,1.116637487,0.003300083152962257
DOPT,4,0.99999,24,27,27,42,1.141159663,0.004617694252451909
clsDOPT,4,0.99999,24,27,27,42,1.069434044,0.001670586758667622
gappy-POD,4,0.99999,24,27,27,42,1.116759519,0.005851251740612734
clsgappy-POD,4,0.99999,24,27,27,42,1.275110064,0.8198749825458864
QDEIM,4,0.99999,24,27,27,42,1.124000232,0.002277865421693438
clsQDEIM,4,0.99999,24,27,27,42,1.121721783,0.003333296601476825
DOPT,4,0.99999,24,27,27,43,1.156393576,0.004616501248467202
clsDOPT,4,0.99999,24,27,27,43,1.098371985,0.001735456143706824
gappy-POD,4,0.99999,24,27,27,43,1.142776869,0.005851251740608512
clsgappy-POD,4,0.99999,24,27,27,43,1.81593732,0.8198749825458806
QDEIM,4,0.99999,24,27,27,43,1.14600332,0.00223342351344229
clsQDEIM,4,0.99999,24,27,27,43,1.136914521,0.003355987247232499
DOPT,4,0.99999,24,27,27,44,1.209917453,0.003978225714732006
clsDOPT,4,0.99999,24,27,27,44,1.121128654,0.00250752430183682
gappy-POD,4,0.99999,24,27,27,44,1.152115682,0.005851251740606506
clsgappy-POD,4,0.99999,24,27,27,44,1.319991889,0.8198749825458759
QDEIM,4,0.99999,24,27,27,44,1.162518212,0.00220551386976218
clsQDEIM,4,0.99999,24,27,27,44,1.160219092,0.003546651101668514
DOPT,4,0.99999,24,27,27,45,1.202293406,0.003481314390700466
clsDOPT,4,0.99999,24,27,27,45,1.136087616,0.001153096605590503
gappy-POD,4,0.99999,24,27,27,45,1.168438966,0.005851251740607777
clsgappy-POD,4,0.99999,24,27,27,45,1.330636849,0.8198749825458927
QDEIM,4,0.99999,24,27,27,45,1.18353407,0.002186363616675011
clsQDEIM,4,0.99999,24,27,27,45,1.177404415,0.003786378118139614
DOPT,4,0.99999,24,27,27,46,1.211470375,0.003470018222626071
clsDOPT,4,0.99999,24,27,27,46,1.159469498,0.0007981420092370173
gappy-POD,4,0.99999,24,27,27,46,1.230406643,0.005851251740607787
clsgappy-POD,4,0.99999,24,27,27,46,1.338375633,0.8198749825458528
QDEIM,4,0.99999,24,27,27,46,1.204351206,0.002172410347220542
clsQDEIM,4,0.99999,24,27,27,46,1.19256321,0.003574558087104156
DOPT,4,0.99999,24,27,27,47,1.22294927,0.002703816343031115
clsDOPT,4,0.99999,24,27,27,47,1.186495224,0.0009024836045484388
gappy-POD,4,0.99999,24,27,27,47,1.209079349,0.00585125174061013
clsgappy-POD,4,0.99999,24,27,27,47,1.354835622,0.8198749825458619
QDEIM,4,0.99999,24,27,27,47,1.259560899,0.002161792109669821
clsQDEIM,4,0.99999,24,27,27,47,1.201050149,0.003541134074401236
DOPT,4,0.99999,24,27,27,48,1.250278802,0.002926128525680734
clsDOPT,4,0.99999,24,27,27,48,1.209231869,0.001035156097186516
gappy-POD,4,0.99999,24,27,27,48,1.222447558,0.005851251740617818
clsgappy-POD,4,0.99999,24,27,27,48,1.3766703,0.8198749825458531
QDEIM,4,0.99999,24,27,27,48,1.231938128,0.002161350617985398
clsQDEIM,4,0.99999,24,27,27,48,1.220051645,0.00670163756694286
DOPT,4,0.99999,24,27,27,49,1.266343855,0.002302007710512879
clsDOPT,4,0.99999,24,27,27,49,1.222140038,0.001056760507075135
gappy-POD,4,0.99999,24,27,27,49,1.245619215,0.005851251740616891
clsgappy-POD,4,0.99999,24,27,27,49,1.60667856,0.819874982545845
QDEIM,4,0.99999,24,27,27,49,1.240433729,0.002160980729267998
clsQDEIM,4,0.99999,24,27,27,49,1.242179216,0.006639454980569685
DOPT,4,0.99999,24,27,27,50,1.273155794,0.002758733120302247
clsDOPT,4,0.99999,24,27,27,50,1.240061819,0.0009978337938131635
gappy-POD,4,0.99999,24,27,27,50,1.273023382,0.005851251740616688
clsgappy-POD,4,0.99999,24,27,27,50,1.42476444,0.8198749825458997
QDEIM,4,0.99999,24,27,27,50,1.258241873,0.002158894461027083
clsQDEIM,4,0.99999,24,27,27,50,1.262194051,0.006598051523306127
DOPT,5,0.999999,29,32,32,33,1.151472247,0.00119196985421974
clsDOPT,5,0.999999,29,32,32,33,,
gappy-POD,5,0.999999,29,32,32,33,1.148376747,0.0002711106263628572
clsgappy-POD,5,0.999999,29,32,32,33,,
QDEIM,5,0.999999,29,32,32,33,1.157682787,0.001461135530418972
clsQDEIM,5,0.999999,29,32,32,33,1.149256766,0.002940488626689024
DOPT,5,0.999999,29,32,32,34,1.205255714,0.0005672799677575731
clsDOPT,5,0.999999,29,32,32,34,,
gappy-POD,5,0.999999,29,32,32,34,1.166775723,0.0002711106263536021
clsgappy-POD,5,0.999999,29,32,32,34,,
QDEIM,5,0.999999,29,32,32,34,1.174572866,0.001409725429315112
clsQDEIM,5,0.999999,29,32,32,34,1.196240775,0.003301789254992354
DOPT,5,0.999999,29,32,32,35,1.221325302,0.00256169654140336
clsDOPT,5,0.999999,29,32,32,35,1.246795562,0.0004623757915276922
gappy-POD,5,0.999999,29,32,32,35,1.173638034,0.0002711106263520251
clsgappy-POD,5,0.999999,29,32,32,35,,
QDEIM,5,0.999999,29,32,32,35,1.234628785,0.003582077970011055
clsQDEIM,5,0.999999,29,32,32,35,1.180608367,0.003384038297736939
DOPT,5,0.999999,29,32,32,36,,
clsDOPT,5,0.999999,29,32,32,36,1.25211407,0.0001176527042336579
gappy-POD,5,0.999999,29,32,32,36,1.25561741,0.0002711106263593292
clsgappy-POD,5,0.999999,29,32,32,36,,
QDEIM,5,0.999999,29,32,32,36,1.231175457,0.003620539266969819
clsQDEIM,5,0.999999,29,32,32,36,1.201927846,0.003550517750188749
DOPT,5,0.999999,29,32,32,37,,
clsDOPT,5,0.999999,29,32,32,37,1.269020267,0.004220646066888824
gappy-POD,5,0.999999,29,32,32,37,1.229165978,0.0002711106263527805
clsgappy-POD,5,0.999999,29,32,32,37,,
QDEIM,5,0.999999,29,32,32,37,1.241413629,0.003605720571967935
clsQDEIM,5,0.999999,29,32,32,37,1.269102102,0.009471311547474106
DOPT,5,0.999999,29,32,32,38,,
clsDOPT,5,0.999999,29,32,32,38,1.252879591,0.003351559179709277
gappy-POD,5,0.999999,29,32,32,38,1.244594389,0.0002711106263524818
clsgappy-POD,5,0.999999,29,32,32,38,,
QDEIM,5,0.999999,29,32,32,38,1.259771648,0.003711659061295489
clsQDEIM,5,0.999999,29,32,32,38,1.284918331,0.01808490992180674
DOPT,5,0.999999,29,32,32,39,,
clsDOPT,5,0.999999,29,32,32,39,1.261556348,0.002400548385048628
gappy-POD,5,0.999999,29,32,32,39,1.252446109,0.00027111062635514
clsgappy-POD,5,0.999999,29,32,32,39,,
QDEIM,5,0.999999,29,32,32,39,1.260084999,0.001555693749431255
clsQDEIM,5,0.999999,29,32,32,39,,
DOPT,5,0.999999,29,32,32,40,,
clsDOPT,5,0.999999,29,32,32,40,1.2867012,0.001817911930925424
gappy-POD,5,0.999999,29,32,32,40,1.278381473,0.0002711106263657923
clsgappy-POD,5,0.999999,29,32,32,40,,
QDEIM,5,0.999999,29,32,32,40,1.30289807,0.009437516556721844
clsQDEIM,5,0.999999,29,32,32,40,1.391652274,0.009392579025225464
DOPT,5,0.999999,29,32,32,41,,
clsDOPT,5,0.999999,29,32,32,41,1.303067278,0.001750735998990485
gappy-POD,5,0.999999,29,32,32,41,1.29625225,0.0002711106263639654
clsgappy-POD,5,0.999999,29,32,32,41,,
QDEIM,5,0.999999,29,32,32,41,1.457893796,0.01799088278052577
clsQDEIM,5,0.999999,29,32,32,41,1.377291323,0.006779840036707407
DOPT,5,0.999999,29,32,32,42,1.37090455,0.006149297359191589
clsDOPT,5,0.999999,29,32,32,42,1.326247028,0.001778806410106856
gappy-POD,5,0.999999,29,32,32,42,1.319881133,0.0002711106263634237
clsgappy-POD,5,0.999999,29,32,32,42,,
QDEIM,5,0.999999,29,32,32,42,1.472143618,0.01795664126753971
clsQDEIM,5,0.999999,29,32,32,42,1.366450615,0.006961808377980502
DOPT,5,0.999999,29,32,32,43,1.394624429,0.006245928875522598
clsDOPT,5,0.999999,29,32,32,43,1.349381387,0.002076336468992128
gappy-POD,5,0.999999,29,32,32,43,1.333019731,0.0002711106263614244
clsgappy-POD,5,0.999999,29,32,32,43,,
QDEIM,5,0.999999,29,32,32,43,1.511620022,0.01661186340847894
clsQDEIM,5,0.999999,29,32,32,43,1.379853986,0.006991407792394936
DOPT,5,0.999999,29,32,32,44,1.396782274,0.005926262594036099
clsDOPT,5,0.999999,29,32,32,44,1.366041734,0.002612898593569603
gappy-POD,5,0.999999,29,32,32,44,1.366408918,0.0002711106263632153
clsgappy-POD,5,0.999999,29,32,32,44,,
QDEIM,5,0.999999,29,32,32,44,,
clsQDEIM,5,0.999999,29,32,32,44,1.392576134,0.007948640177373062
DOPT,5,0.999999,29,32,32,45,1.395201272,0.0058577389238912
clsDOPT,5,0.999999,29,32,32,45,1.385100102,0.002574090338671282
gappy-POD,5,0.999999,29,32,32,45,1.358111533,0.0002711106263625252
clsgappy-POD,5,0.999999,29,32,32,45,,
QDEIM,5,0.999999,29,32,32,45,1.485777752,0.05781894952322705
clsQDEIM,5,0.999999,29,32,32,45,1.483066472,0.02240159900303489
DOPT,5,0.999999,29,32,32,46,1.423093837,0.01511138026077892
clsDOPT,5,0.999999,29,32,32,46,1.408824837,0.002816430706842345
gappy-POD,5,0.999999,29,32,32,46,1.390529511,0.0002711106263576175
clsgappy-POD,5,0.999999,29,32,32,46,,
QDEIM,5,0.999999,29,32,32,46,1.496015838,0.04755757543108814
clsQDEIM,5,0.999999,29,32,32,46,,
DOPT,5,0.999999,29,32,32,47,1.56150735,0.1138088781136705
clsDOPT,5,0.999999,29,32,32,47,1.435774225,0.002335299642758527
gappy-POD,5,0.999999,29,32,32,47,1.427255793,0.0002711106263535359
clsgappy-POD,5,0.999999,29,32,32,47,,
QDEIM,5,0.999999,29,32,32,47,1.514691102,0.0518932337418836
clsQDEIM,5,0.999999,29,32,32,47,,
DOPT,5,0.999999,29,32,32,48,1.648048075,0.5130180214814899
clsDOPT,5,0.999999,29,32,32,48,1.439896196,0.001422560939691758
gappy-POD,5,0.999999,29,32,32,48,1.426072582,0.0002711106263556485
clsgappy-POD,5,0.999999,29,32,32,48,,
QDEIM,5,0.999999,29,32,32,48,1.537448376,0.01487238668324881
clsQDEIM,5,0.999999,29,32,32,48,,
DOPT,5,0.999999,29,32,32,49,1.835394947,2.967014958707789
clsDOPT,5,0.999999,29,32,32,49,1.457736536,0.0009404898867696301
gappy-POD,5,0.999999,29,32,32,49,1.437030481,0.0002711106263538977
clsgappy-POD,5,0.999999,29,32,32,49,,
QDEIM,5,0.999999,29,32,32,49,1.549228603,0.03560088762213017
clsQDEIM,5,0.999999,29,32,32,49,,
DOPT,5,0.999999,29,32,32,50,1.983522859,2.515130240055583
clsDOPT,5,0.999999,29,32,32,50,,
gappy-POD,5,0.999999,29,32,32,50,1.47354685,0.0002711106263538366
clsgappy-POD,5,0.999999,29,32,32,50,,
QDEIM,5,0.999999,29,32,32,50,1.559449255,0.03834841522380377
clsQDEIM,5,0.999999,29,32,32,50,,
DOPT,5,0.999999,29,32,32,51,,
clsDOPT,5,0.999999,29,32,32,51,,
gappy-POD,5,0.999999,29,32,32,51,1.476984652,0.0002711106263539222
clsgappy-POD,5,0.999999,29,32,32,51,,
QDEIM,5,0.999999,29,32,32,51,1.583739533,0.06571224663928855
clsQDEIM,5,0.999999,29,32,32,51,,
DOPT,5,0.999999,29,32,32,52,,
clsDOPT,5,0.999999,29,32,32,52,,
gappy-POD,5,0.999999,29,32,32,52,1.499929234,0.0002711106263561271
clsgappy-POD,5,0.999999,29,32,32,52,,
QDEIM,5,0.999999,29,32,32,52,1.722684179,0.7305670185801559
clsQDEIM,5,0.999999,29,32,32,52,1.624556965,0.006046552562226638
DOPT,5,0.999999,29,32,32,53,1.592485057,0.006422599688048394
clsDOPT,5,0.999999,29,32,32,53,,
gappy-POD,5,0.999999,29,32,32,53,1.522830855,0.0002711106263514208
clsgappy-POD,5,0.999999,29,32,32,53,,
QDEIM,5,0.999999,29,32,32,53,1.747557216,0.6105209014247078
clsQDEIM,5,0.999999,29,32,32,53,1.581144485,0.005684117194794855
DOPT,5,0.999999,29,32,32,54,1.57901011,0.006353685232072717
clsDOPT,5,0.999999,29,32,32,54,,
gappy-POD,5,0.999999,29,32,32,54,1.542274779,0.0002711106263510509
clsgappy-POD,5,0.999999,29,32,32,54,,
QDEIM,5,0.999999,29,32,32,54,1.75710219,0.9954123034348377
clsQDEIM,5,0.999999,29,32,32,54,1.59676999,0.005690769258967827
DOPT,5,0.999999,29,32,32,55,1.599923651,0.005220859136119822
clsDOPT,5,0.999999,29,32,32,55,,
gappy-POD,5,0.999999,29,32,32,55,1.559013102,0.0002711106263536665
clsgappy-POD,5,0.999999,29,32,32,55,,
QDEIM,5,0.999999,29,32,32,55,1.791232795,0.3665391068242033
clsQDEIM,5,0.999999,29,32,32,55,1.623912025,0.005733008992474313
DOPT,6,1,34,38,37,38,1.433139676,0.006723942430637347
clsDOPT,6,1,34,38,37,38,1.414308674,0.002307234504043347
gappy-POD,6,1,34,38,37,38,1.40813155,0.004830128469089714
clsgappy-POD,6,1,34,38,37,38,1.728425766,1.034592227828907
QDEIM,6,1,34,38,37,38,1.613103605,0.003802884467941288
clsQDEIM,6,1,34,38,37,38,1.473478059,0.0007952688543726228
DOPT,6,1,34,38,37,39,,
clsDOPT,6,1,34,38,37,39,1.453257056,0.003027851895844741
gappy-POD,6,1,34,38,37,39,1.417450142,0.004830128468784863
clsgappy-POD,6,1,34,38,37,39,1.758455222,1.034592227827498
QDEIM,6,1,34,38,37,39,1.645030471,0.002754233483169472
clsQDEIM,6,1,34,38,37,39,1.47370856,0.0008432806930783485
DOPT,6,1,34,38,37,40,1.53914449,0.007536591423902348
clsDOPT,6,1,34,38,37,40,1.488008233,0.002787433558625356
gappy-POD,6,1,34,38,37,40,1.44451627,0.004830128468692739
clsgappy-POD,6,1,34,38,37,40,1.741936522,1.034592227827022
QDEIM,6,1,34,38,37,40,1.746486412,0.003647739573529376
clsQDEIM,6,1,34,38,37,40,1.502195655,0.0008530482702906885
DOPT,6,1,34,38,37,41,1.569671335,0.007168207702215968
clsDOPT,6,1,34,38,37,41,1.509416085,0.00270241001260825
gappy-POD,6,1,34,38,37,41,1.464368723,0.004830128469056544
clsgappy-POD,6,1,34,38,37,41,1.795008517,1.034592227826368
QDEIM,6,1,34,38,37,41,,
clsQDEIM,6,1,34,38,37,41,1.512587419,0.0004489579230288063
DOPT,6,1,34,38,37,42,1.548103305,0.004855868916540283
clsDOPT,6,1,34,38,37,42,1.542852206,0.002694333847757826
gappy-POD,6,1,34,38,37,42,1.481047414,0.004830128468683411
clsgappy-POD,6,1,34,38,37,42,1.800150321,1.034592227825698
QDEIM,6,1,34,38,37,42,,
clsQDEIM,6,1,34,38,37,42,1.53009446,0.0001543671124991086
DOPT,6,1,34,38,37,43,1.581601787,0.0007162471247419656
clsDOPT,6,1,34,38,37,43,1.555312418,0.001317254064093363
gappy-POD,6,1,34,38,37,43,1.504350898,0.00483012846869253
clsgappy-POD,6,1,34,38,37,43,1.807424071,1.034592227825782
QDEIM,6,1,34,38,37,43,,
clsQDEIM,6,1,34,38,37,43,1.554802881,0.0001614718283050388
DOPT,6,1,34,38,37,44,1.574483479,0.000394946512669584
clsDOPT,6,1,34,38,37,44,1.573304045,0.002105187535202153
gappy-POD,6,1,34,38,37,44,1.499507934,0.004830128468698277
clsgappy-POD,6,1,34,38,37,44,1.833061462,1.034592227826396
QDEIM,6,1,34,38,37,44,,
clsQDEIM,6,1,34,38,37,44,1.565654168,9.974837016490653e-05
DOPT,6,1,34,38,37,45,1.605248785,0.002145660833286277
clsDOPT,6,1,34,38,37,45,1.597084312,0.002469350861242928
gappy-POD,6,1,34,38,37,45,1.541277021,0.004830128468950957
clsgappy-POD,6,1,34,38,37,45,1.881848195,1.03459222782819
QDEIM,6,1,34,38,37,45,,
clsQDEIM,6,1,34,38,37,45,1.575304098,0.0006474448588617101
DOPT,6,1,34,38,37,46,1.606250159,0.001788575997137043
clsDOPT,6,1,34,38,37,46,1.612872952,0.00105070940462727
gappy-POD,6,1,34,38,37,46,1.562590246,0.004830128469154923
clsgappy-POD,6,1,34,38,37,46,1.87163167,1.034592227822264
QDEIM,6,1,34,38,37,46,,
clsQDEIM,6,1,34,38,37,46,1.605839264,0.0007113936756470684
DOPT,6,1,34,38,37,47,1.639808389,0.001187247325334713
clsDOPT,6,1,34,38,37,47,1.613944378,0.000320597477264002
gappy-POD,6,1,34,38,37,47,1.575359314,0.004830128469152335
clsgappy-POD,6,1,34,38,37,47,1.888513422,1.034592227821589
QDEIM,6,1,34,38,37,47,,
clsQDEIM,6,1,34,38,37,47,1.632723578,0.0007029589926382222
DOPT,6,1,34,38,37,48,1.654380867,0.001235590019452317
clsDOPT,6,1,34,38,37,48,1.633326089,0.0001151965710126525
gappy-POD,6,1,34,38,37,48,1.569437613,0.004830128469219764
clsgappy-POD,6,1,34,38,37,48,1.933632403,1.034592227823636
QDEIM,6,1,34,38,37,48,,
clsQDEIM,6,1,34,38,37,48,1.648789177,0.00069757478028274
DOPT,6,1,34,38,37,49,1.680848836,0.001280206734641017
clsDOPT,6,1,34,38,37,49,1.665109346,0.000809466411404823
gappy-POD,6,1,34,38,37,49,1.589334351,0.004830128469235511
clsgappy-POD,6,1,34,38,37,49,1.972525714,1.034592227815136
QDEIM,6,1,34,38,37,49,,
clsQDEIM,6,1,34,38,37,49,1.683258627,0.001026821461880388
DOPT,6,1,34,38,37,50,1.731811362,0.0001914035344702273
clsDOPT,6,1,34,38,37,50,1.674072229,0.0008136647227259541
gappy-POD,6,1,34,38,37,50,1.610170175,0.004830128469235646
clsgappy-POD,6,1,34,38,37,50,1.958821031,1.034592227814835
QDEIM,6,1,34,38,37,50,,
clsQDEIM,6,1,34,38,37,50,1.708639142,0.001234415584100832
DOPT,6,1,34,38,37,51,1.719265637,0.0005308583163144831
clsDOPT,6,1,34,38,37,51,1.685462011,0.0006818160837509477
gappy-POD,6,1,34,38,37,51,1.641229036,0.004830128469081509
clsgappy-POD,6,1,34,38,37,51,1.990258225,1.034592227815119
QDEIM,6,1,34,38,37,51,1.883367601,0.003930583857400622
clsQDEIM,6,1,34,38,37,51,1.77357616,0.001240405702460674
DOPT,6,1,34,38,37,52,1.785661389,0.0005040159927698362
clsDOPT,6,1,34,38,37,52,1.733118007,0.0005413512233234019
gappy-POD,6,1,34,38,37,52,1.654138989,0.004830128469100926
clsgappy-POD,6,1,34,38,37,52,1.984416391,1.03459222781429
QDEIM,6,1,34,38,37,52,1.879684018,0.00381472330689017
clsQDEIM,6,1,34,38,37,52,1.737821316,0.001163525632692734
DOPT,6,1,34,38,37,53,1.762519659,0.0003491104888563944
clsDOPT,6,1,34,38,37,53,1.725099008,0.0003927270056707715
gappy-POD,6,1,34,38,37,53,1.672147557,0.004830128469156691
clsgappy-POD,6,1,34,38,37,53,2.0310475,1.034592227814914
QDEIM,6,1,34,38,37,53,1.906189275,0.003730069099340773
clsQDEIM,6,1,34,38,37,53,1.747680885,0.0003987999346327718
DOPT,6,1,34,38,37,54,1.780078269,0.0007481142685691922
clsDOPT,6,1,34,38,37,54,1.751896916,0.0009856508959275743
gappy-POD,6,1,34,38,37,54,1.683955748,0.004830128469164856
clsgappy-POD,6,1,34,38,37,54,2.029777608,1.03459222781271
QDEIM,6,1,34,38,37,54,1.943639105,0.003665545369784033
clsQDEIM,6,1,34,38,37,54,1.832319714,0.0003788993654820117
DOPT,6,1,34,38,37,55,1.796030053,0.0007788306072826923
clsDOPT,6,1,34,38,37,55,1.759581651,0.0008188061679263397
gappy-POD,6,1,34,38,37,55,1.700032432,0.004830128469164049
clsgappy-POD,6,1,34,38,37,55,2.052090871,1.034592227813103
QDEIM,6,1,34,38,37,55,1.992577783,0.004380631065719889
clsQDEIM,6,1,34,38,37,55,1.800948855,0.0004023561672209008
DOPT,6,1,34,38,37,56,1.821457383,0.001482925832652554
clsDOPT,6,1,34,38,37,56,1.77011257,0.002031755344134937
gappy-POD,6,1,34,38,37,56,1.730362809,0.004830128469164362
clsgappy-POD,6,1,34,38,37,56,2.063019555,1.034592227812645
QDEIM,6,1,34,38,37,56,2.025519488,0.005850418337755439
clsQDEIM,6,1,34,38,37,56,1.820999272,0.0002844479646798923
DOPT,6,1,34,38,37,57,1.843098861,0.001680835368867394
clsDOPT,6,1,34,38,37,57,1.797687626,0.001044401411745999
gappy-POD,6,1,34,38,37,57,1.7494667,0.004830128469183039
clsgappy-POD,6,1,34,38,37,57,2.107365435,1.034592227811709
QDEIM,6,1,34,38,37,57,2.025654331,0.00539218379380622
clsQDEIM,6,1,34,38,37,57,1.836461234,0.0002411335338325846
DOPT,6,1,34,38,37,58,1.853224819,0.001349180749165897
clsDOPT,6,1,34,38,37,58,1.830261457,0.0001026243068174995
gappy-POD,6,1,34,38,37,58,1.765929955,0.004830128469153527
clsgappy-POD,6,1,34,38,37,58,2.122768084,1.034592227811704
QDEIM,6,1,34,38,37,58,,
clsQDEIM,6,1,34,38,37,58,1.873097779,0.0002786921629623126
DOPT,6,1,34,38,37,59,1.877032519,0.001705342904252232
clsDOPT,6,1,34,38,37,59,1.816045439,0.0004255550210331649
gappy-POD,6,1,34,38,37,59,1.796272495,0.004830128469162765
clsgappy-POD,6,1,34,38,37,59,2.163213066,1.034592227811928
QDEIM,6,1,34,38,37,59,,
clsQDEIM,6,1,34,38,37,59,1.884700158,0.0003081334509272541
DOPT,6,1,34,38,37,60,1.871691696,0.001833133701469653
clsDOPT,6,1,34,38,37,60,1.829861431,0.0002701383903519819
gappy-POD,6,1,34,38,37,60,1.806792017,0.004830128469156376
clsgappy-POD,6,1,34,38,37,60,2.186977137,1.034592227814117
QDEIM,6,1,34,38,37,60,,
clsQDEIM,6,1,34,38,37,60,1.906039961,0.0004849313956549372
SOPT,0,0.9,4,6,6,7,0.273473613,0.01774217004611181
clsSOPT,0,0.9,4,6,6,7,0.257573962,0.01645974382916507
SOPT,0,0.9,4,6,6,8,0.298724856,0.0174842614143374
clsSOPT,0,0.9,4,6,6,8,0.279183901,0.01671108391510936
SOPT,0,0.9,4,6,6,9,0.3272841959999999,0.01754932169729365
clsSOPT,0,0.9,4,6,6,9,0.296852463,0.01703806485998431
SOPT,0,0.9,4,6,6,10,0.3305310849999999,0.01754262406593047
clsSOPT,0,0.9,4,6,6,10,0.32647324,0.01713614455165517
SOPT,0,0.9,4,6,6,11,0.356409145,0.01754103920653163
clsSOPT,0,0.9,4,6,6,11,0.334131907,0.0171415233166105
SOPT,0,0.9,4,6,6,12,0.363777915,0.01766078375844791
clsSOPT,0,0.9,4,6,6,12,0.33748136,0.01781404536322961
SOPT,0,0.9,4,6,6,13,0.39039015,0.01769508683997026
clsSOPT,0,0.9,4,6,6,13,0.358204834,0.01790849116042668
SOPT,0,0.9,4,6,6,14,0.411871643,0.01763531560313964
clsSOPT,0,0.9,4,6,6,14,0.378471641,0.01811379532958708
SOPT,0,0.9,4,6,6,15,0.447948578,0.01770269439001223
clsSOPT,0,0.9,4,6,6,15,0.407797045,0.01815077452311447
SOPT,0,0.9,4,6,6,16,0.445933831,0.01775373648857074
clsSOPT,0,0.9,4,6,6,16,0.413862811,0.01826668172777851
SOPT,0,0.9,4,6,6,17,0.467934576,0.01776475378420197
clsSOPT,0,0.9,4,6,6,17,0.430082859,0.01826833026113949
SOPT,0,0.9,4,6,6,18,0.493611613,0.01776475815402262
clsSOPT,0,0.9,4,6,6,18,0.42800171,0.01841559756027985
SOPT,0,0.9,4,6,6,19,0.5150427910000001,0.01776475815402265
clsSOPT,0,0.9,4,6,6,19,0.4445821139999999,0.01839818443307837
SOPT,0,0.9,4,6,6,20,0.5348574909999999,0.01776475815402264
clsSOPT,0,0.9,4,6,6,20,0.486662478,0.01848290418326751
SOPT,0,0.9,4,6,6,21,0.548304117,0.01776475815402264
clsSOPT,0,0.9,4,6,6,21,0.4866213229999999,0.01841620799426028
SOPT,0,0.9,4,6,6,22,0.565426892,0.01776475815402262
clsSOPT,0,0.9,4,6,6,22,0.508348177,0.0184594028851254
SOPT,0,0.9,4,6,6,23,0.584768344,0.01776475815402266
clsSOPT,0,0.9,4,6,6,23,0.548322796,0.01847237214888306
SOPT,0,0.9,4,6,6,24,0.6093900489999999,0.01776475815402265
clsSOPT,0,0.9,4,6,6,24,0.5399927280000001,0.01847233416640514
SOPT,0,0.9,4,6,6,25,0.615721466,0.01776475815402264
clsSOPT,0,0.9,4,6,6,25,0.56936516,0.0184736498799403
SOPT,0,0.9,4,6,6,26,0.6301499749999999,0.01776475815402264
clsSOPT,0,0.9,4,6,6,26,0.559536577,0.01847360684742127
SOPT,0,0.9,4,6,6,27,0.6399537399999999,0.01776475815402264
clsSOPT,0,0.9,4,6,6,27,0.588184163,0.01847360684742127
SOPT,0,0.9,4,6,6,28,0.6589196799999999,0.01776475815402263
clsSOPT,0,0.9,4,6,6,28,0.6010647,0.01847360684742128
SOPT,0,0.9,4,6,6,29,0.6915344450000001,0.01776475815402262
clsSOPT,0,0.9,4,6,6,29,0.614560301,0.01847360684742128
SOPT,1,0.99,9,11,11,12,0.444417872,0.002692429096927006
clsSOPT,1,0.99,9,11,11,12,0.438776354,0.002925810218219321
SOPT,1,0.99,9,11,11,13,0.470781247,0.002673406746490264
clsSOPT,1,0.99,9,11,11,13,0.469515601,0.002950818710291415
SOPT,1,0.99,9,11,11,14,0.4865170639999999,0.002676767588298085
clsSOPT,1,0.99,9,11,11,14,0.4849673219999999,0.003020068030366362
SOPT,1,0.99,9,11,11,15,0.516714878,0.002689786152266965
clsSOPT,1,0.99,9,11,11,15,0.5104253950000001,0.003049539714738951
SOPT,1,0.99,9,11,11,16,0.5108517929999999,0.002687243139360768
clsSOPT,1,0.99,9,11,11,16,0.5256014579999999,0.003060775939566886
SOPT,1,0.99,9,11,11,17,0.554471291,0.00267660700104627
clsSOPT,1,0.99,9,11,11,17,0.550307009,0.003058046613635506
SOPT,1,0.99,9,11,11,18,0.553640262,0.002679382901083806
clsSOPT,1,0.99,9,11,11,18,0.598899082,0.003015846587920344
SOPT,1,0.99,9,11,11,19,0.5900632720000001,0.00268103951719931
clsSOPT,1,0.99,9,11,11,19,0.581628418,0.002972269522189714
SOPT,1,0.99,9,11,11,20,0.6014468079999999,0.002692075078955908
clsSOPT,1,0.99,9,11,11,20,0.591451535,0.002978892028411703
SOPT,1,0.99,9,11,11,21,0.6370907690000001,0.002688242437895773
clsSOPT,1,0.99,9,11,11,21,0.617863918,0.002945820968158184
SOPT,1,0.99,9,11,11,22,0.6479081010000001,0.002755884419018151
clsSOPT,1,0.99,9,11,11,22,0.655165929,0.002945816268434783
SOPT,1,0.99,9,11,11,23,0.6550832019999999,0.002763062140414063
clsSOPT,1,0.99,9,11,11,23,0.6524844390000001,0.002951047123144904
SOPT,1,0.99,9,11,11,24,0.66207226,0.002780919646883504
clsSOPT,1,0.99,9,11,11,24,0.6635759029999999,0.0029828296635297
SOPT,1,0.99,9,11,11,25,0.6943287880000001,0.002781830655245582
clsSOPT,1,0.99,9,11,11,25,0.68738788,0.002980779117931643
SOPT,1,0.99,9,11,11,26,0.718704826,0.002769155171983159
clsSOPT,1,0.99,9,11,11,26,0.712470402,0.002931606325516425
SOPT,1,0.99,9,11,11,27,0.753436717,0.002769606432073226
clsSOPT,1,0.99,9,11,11,27,0.761976253,0.002951265293310404
SOPT,1,0.99,9,11,11,28,0.744932206,0.002767301541169855
clsSOPT,1,0.99,9,11,11,28,0.7673585690000001,0.002950115085658968
SOPT,1,0.99,9,11,11,29,0.763482795,0.002767634130439
clsSOPT,1,0.99,9,11,11,29,0.7864193970000001,0.00292320790363949
SOPT,1,0.99,9,11,11,30,0.778386543,0.002767868314747392
clsSOPT,1,0.99,9,11,11,30,0.78501993,0.002923801655516782
SOPT,1,0.99,9,11,11,31,0.7997068899999999,0.002770663345522681
clsSOPT,1,0.99,9,11,11,31,0.8122181500000001,0.002928462866275731
SOPT,1,0.99,9,11,11,32,0.809698145,0.002770780991446853
clsSOPT,1,0.99,9,11,11,32,0.8279543579999999,0.002927847608837355
SOPT,1,0.99,9,11,11,33,0.828904271,0.002768225080099506
clsSOPT,1,0.99,9,11,11,33,0.865457813,0.002929619254339843
SOPT,1,0.99,9,11,11,34,0.8390019559999999,0.002769980726937936
clsSOPT,1,0.99,9,11,11,34,0.866333693,0.002919523684449966
SOPT,2,0.999,14,16,16,17,0.6240249520000001,0.0006762588691577917
clsSOPT,2,0.999,14,16,16,17,0.6015978319999999,0.0004596507266947252
SOPT,2,0.999,14,16,16,18,0.6526907019999999,0.0004255338279389091
clsSOPT,2,0.999,14,16,16,18,0.6304100349999999,0.0004516380047003117
SOPT,2,0.999,14,16,16,19,0.666446784,0.0005089763217865621
clsSOPT,2,0.999,14,16,16,19,0.6536362880000001,0.0003685345404230685
SOPT,2,0.999,14,16,16,20,0.69270325,0.0004408607872224893
clsSOPT,2,0.999,14,16,16,20,0.6704391700000001,0.0003674249955994657
SOPT,2,0.999,14,16,16,21,0.696275881,0.0003940043345359958
clsSOPT,2,0.999,14,16,16,21,0.6865956980000001,0.0003750213399541713
SOPT,2,0.999,14,16,16,22,0.716650759,0.0003975221851122611
clsSOPT,2,0.999,14,16,16,22,0.714663075,0.000443253442419497
SOPT,2,0.999,14,16,16,23,0.747934514,0.0003807564451265162
clsSOPT,2,0.999,14,16,16,23,0.735198061,0.0003844602492580285
SOPT,2,0.999,14,16,16,24,0.753572313,0.000358535628811133
clsSOPT,2,0.999,14,16,16,24,0.758708154,0.0003723574876453825
SOPT,2,0.999,14,16,16,25,0.777260023,0.0003544041106369237
clsSOPT,2,0.999,14,16,16,25,0.763031802,0.0004022220042021678
SOPT,2,0.999,14,16,16,26,0.80241474,0.000331325081738544
clsSOPT,2,0.999,14,16,16,26,0.790515683,0.000417681266840955
SOPT,2,0.999,14,16,16,27,0.810208438,0.0003172019847412286
clsSOPT,2,0.999,14,16,16,27,0.812192632,0.0003946431440343931
SOPT,2,0.999,14,16,16,28,0.8263830950000001,0.0003469747770335457
clsSOPT,2,0.999,14,16,16,28,0.839930227,0.0003879426140064094
SOPT,2,0.999,14,16,16,29,0.859729052,0.0003565561882681857
clsSOPT,2,0.999,14,16,16,29,0.854724397,0.0003981268875834163
SOPT,2,0.999,14,16,16,30,0.8817062449999999,0.0003532386043262946
clsSOPT,2,0.999,14,16,16,30,0.87479799,0.0003758755172894063
SOPT,2,0.999,14,16,16,31,0.906692932,0.0003432345215437353
clsSOPT,2,0.999,14,16,16,31,0.886651012,0.000364042884693524
SOPT,2,0.999,14,16,16,32,0.929718375,0.0003402595869869204
clsSOPT,2,0.999,14,16,16,32,0.900721806,0.0004164659669213606
SOPT,2,0.999,14,16,16,33,0.949027901,0.0003466572444912898
clsSOPT,2,0.999,14,16,16,33,0.915810091,0.000414070708300533
SOPT,2,0.999,14,16,16,34,0.973178691,0.0003479512730713189
clsSOPT,2,0.999,14,16,16,34,0.9447922390000001,0.0003816445907454742
SOPT,2,0.999,14,16,16,35,0.970226205,0.0003461910196908107
clsSOPT,2,0.999,14,16,16,35,0.963514845,0.0003832592543251526
SOPT,2,0.999,14,16,16,36,0.985825573,0.0003907750522295681
clsSOPT,2,0.999,14,16,16,36,1.010602545,0.0003689758300838562
SOPT,2,0.999,14,16,16,37,1.011656909,0.0003927087567904114
clsSOPT,2,0.999,14,16,16,37,1.001463089,0.0003707534646848066
SOPT,2,0.999,14,16,16,38,1.037023683,0.0003914060450323138
clsSOPT,2,0.999,14,16,16,38,1.034742959,0.0003675725438315315
SOPT,2,0.999,14,16,16,39,1.04770399,0.0003667377006608685
clsSOPT,2,0.999,14,16,16,39,1.080923016,0.0003461481912370713
SOPT,3,0.9999,19,21,21,22,0.815864775,0.0003245161965686538
clsSOPT,3,0.9999,19,21,21,22,0.7988137110000001,0.002117690278017271
SOPT,3,0.9999,19,21,21,23,0.831452314,0.0003701191790682943
clsSOPT,3,0.9999,19,21,21,23,0.809673445,0.002767107161036534
SOPT,3,0.9999,19,21,21,24,0.857106587,0.0001498793506839252
clsSOPT,3,0.9999,19,21,21,24,0.835255898,0.002127613147729386
SOPT,3,0.9999,19,21,21,25,0.9071184130000001,0.0001162585406153712
clsSOPT,3,0.9999,19,21,21,25,0.846860528,0.002373411149116724
SOPT,3,0.9999,19,21,21,26,0.901723064,0.0001191978100572501
clsSOPT,3,0.9999,19,21,21,26,0.8746060040000001,0.001593120493002873
SOPT,3,0.9999,19,21,21,27,0.929203925,0.0001694438319742061
clsSOPT,3,0.9999,19,21,21,27,0.898414886,0.001247275881298291
SOPT,3,0.9999,19,21,21,28,0.954409225,0.0003250519155379729
clsSOPT,3,0.9999,19,21,21,28,0.920719159,0.0009009248060693001
SOPT,3,0.9999,19,21,21,29,0.9704374650000001,0.000563095380548564
clsSOPT,3,0.9999,19,21,21,29,0.9548637679999999,0.0004391764634736457
SOPT,3,0.9999,19,21,21,30,0.983039138,0.0006663634554357824
clsSOPT,3,0.9999,19,21,21,30,0.969656453,0.0002052001279702301
SOPT,3,0.9999,19,21,21,31,0.996947967,0.0006665527372493055
clsSOPT,3,0.9999,19,21,21,31,0.981276882,0.0009283489166084998
SOPT,3,0.9999,19,21,21,32,1.030650701,0.0004448256341175733
clsSOPT,3,0.9999,19,21,21,32,1.011083438,0.0005884043785396438
SOPT,3,0.9999,19,21,21,33,1.043414327,0.0004431549637903159
clsSOPT,3,0.9999,19,21,21,33,1.02648213,0.000213700970558831
SOPT,3,0.9999,19,21,21,34,1.063742258,0.0007745932849797837
clsSOPT,3,0.9999,19,21,21,34,1.05865538,0.0001998513610704647
SOPT,3,0.9999,19,21,21,35,1.079985639,0.0006982988046471187
clsSOPT,3,0.9999,19,21,21,35,1.106825211,0.0002288518722370215
SOPT,3,0.9999,19,21,21,36,1.105720259,0.0003491526828059748
clsSOPT,3,0.9999,19,21,21,36,1.085249331,0.0008567490194818239
SOPT,3,0.9999,19,21,21,37,1.130746861,0.0004290210837104555
clsSOPT,3,0.9999,19,21,21,37,1.102931467,0.0003157921429360096
SOPT,3,0.9999,19,21,21,38,1.140779162,0.00048086646626005
clsSOPT,3,0.9999,19,21,21,38,1.16792792,0.000317578711786515
SOPT,3,0.9999,19,21,21,39,1.159772847,0.0004184547807224449
clsSOPT,3,0.9999,19,21,21,39,1.140433059,0.0003529401586429637
SOPT,3,0.9999,19,21,21,40,1.186735235,0.0004211146303487855
clsSOPT,3,0.9999,19,21,21,40,1.173585586,0.0002387420387118943
SOPT,3,0.9999,19,21,21,41,1.205543709,0.000391704477051771
clsSOPT,3,0.9999,19,21,21,41,1.192547895,0.0002643778249507353
SOPT,3,0.9999,19,21,21,42,1.213792833,0.0003615089157532914
clsSOPT,3,0.9999,19,21,21,42,1.219387398,0.0001446952023623604
SOPT,3,0.9999,19,21,21,43,1.232974351,0.0003307410708348265
clsSOPT,3,0.9999,19,21,21,43,1.249351309,0.0001185407785466797
SOPT,3,0.9999,19,21,21,44,1.269281203,9.214164932779836e-05
clsSOPT,3,0.9999,19,21,21,44,1.257686026,0.0001185291244628414
SOPT,4,0.99999,24,27,27,28,1.058581328,0.009618848821058368
clsSOPT,4,0.99999,24,27,27,28,1.015828015,0.004364023221950495
SOPT,4,0.99999,24,27,27,29,1.098220403,0.005966784705567506
clsSOPT,4,0.99999,24,27,27,29,1.030128491,0.00423995997245419
SOPT,4,0.99999,24,27,27,30,1.112073038,0.006047329051178416
clsSOPT,4,0.99999,24,27,27,30,1.062442078,0.007503211399567628
SOPT,4,0.99999,24,27,27,31,1.113145076,0.00578739600209583
clsSOPT,4,0.99999,24,27,27,31,1.063464527,0.002395249581059332
SOPT,4,0.99999,24,27,27,32,1.149508225,0.007887758844400851
clsSOPT,4,0.99999,24,27,27,32,1.113476069,0.002896723198490212
SOPT,4,0.99999,24,27,27,33,1.158014038,0.003970050455475924
clsSOPT,4,0.99999,24,27,27,33,1.09238692,0.001469127267659388
SOPT,4,0.99999,24,27,27,34,1.184639949,0.003699288670619504
clsSOPT,4,0.99999,24,27,27,34,1.128269191,0.003628417308530074
SOPT,4,0.99999,24,27,27,35,1.207221493,0.003624629141346423
clsSOPT,4,0.99999,24,27,27,35,1.141822899,0.003658220935844789
SOPT,4,0.99999,24,27,27,36,1.234412261,0.006266906703678461
clsSOPT,4,0.99999,24,27,27,36,1.167345584,0.003723732187893222
SOPT,4,0.99999,24,27,27,37,1.226005577,0.006393552410525404
clsSOPT,4,0.99999,24,27,27,37,1.197336418,0.004469992744516113
SOPT,4,0.99999,24,27,27,38,1.253970011,0.006408184274801745
clsSOPT,4,0.99999,24,27,27,38,1.217147083,0.003753353610997812
SOPT,4,0.99999,24,27,27,39,1.285298989,0.006440931382824229
clsSOPT,4,0.99999,24,27,27,39,1.221546488,0.001783400324085344
SOPT,4,0.99999,24,27,27,40,1.343300698,0.00643091899266934
clsSOPT,4,0.99999,24,27,27,40,1.22113038,0.001376360363880437
SOPT,4,0.99999,24,27,27,41,1.3342269,0.005464961121485764
clsSOPT,4,0.99999,24,27,27,41,1.246968379,0.001387413272604507
SOPT,4,0.99999,24,27,27,42,1.352255278,0.004617694252451909
clsSOPT,4,0.99999,24,27,27,42,1.27301655,0.001670586758667622
SOPT,4,0.99999,24,27,27,43,1.386495363,0.004616501248467202
clsSOPT,4,0.99999,24,27,27,43,1.300118139,0.001735456143706824
SOPT,4,0.99999,24,27,27,44,1.391600534,0.003978225714732006
clsSOPT,4,0.99999,24,27,27,44,1.32909244,0.00250752430183682
SOPT,4,0.99999,24,27,27,45,1.417242175,0.003481314390700466
clsSOPT,4,0.99999,24,27,27,45,1.353415145,0.001153096605590503
SOPT,4,0.99999,24,27,27,46,1.440185466,0.003470018222626071
clsSOPT,4,0.99999,24,27,27,46,1.395211477,0.0007981420092370173
SOPT,4,0.99999,24,27,27,47,1.459737182,0.002703816343031115
clsSOPT,4,0.99999,24,27,27,47,1.426028766,0.0009024836045484388
SOPT,4,0.99999,24,27,27,48,1.483268687,0.002926128525680734
clsSOPT,4,0.99999,24,27,27,48,1.438171398,0.001035156097186516
SOPT,4,0.99999,24,27,27,49,1.510960282,0.002302007710512879
clsSOPT,4,0.99999,24,27,27,49,1.455745545,0.001056760507075135
SOPT,4,0.99999,24,27,27,50,1.517547606,0.002758733120302247
clsSOPT,4,0.99999,24,27,27,50,1.478522108,0.0009978337938131635
SOPT,5,0.999999,29,32,32,33,1.378153767,0.00119196985421974
clsSOPT,5,0.999999,29,32,32,33,,
SOPT,5,0.999999,29,32,32,34,1.471782209,0.0005672799677575731
clsSOPT,5,0.999999,29,32,32,34,,
SOPT,5,0.999999,29,32,32,35,1.454062229,0.00256169654140336
clsSOPT,5,0.999999,29,32,32,35,1.508501859,0.0004623757915276922
SOPT,5,0.999999,29,32,32,36,,
clsSOPT,5,0.999999,29,32,32,36,1.499782227,0.0001176527042336579
SOPT,5,0.999999,29,32,32,37,,
clsSOPT,5,0.999999,29,32,32,37,1.508344445,0.004220646066888824
SOPT,5,0.999999,29,32,32,38,,
clsSOPT,5,0.999999,29,32,32,38,1.469113334,0.003351559179709277
SOPT,5,0.999999,29,32,32,39,,
clsSOPT,5,0.999999,29,32,32,39,1.487514016,0.002400548385048628
SOPT,5,0.999999,29,32,32,40,,
clsSOPT,5,0.999999,29,32,32,40,1.528546271,0.001817911930925424
SOPT,5,0.999999,29,32,32,41,,
clsSOPT,5,0.999999,29,32,32,41,1.536695186,0.001750735998990485
SOPT,5,0.999999,29,32,32,42,1.641900385,0.006149297359191589
clsSOPT,5,0.999999,29,32,32,42,1.584152746,0.001778806410106856
SOPT,5,0.999999,29,32,32,43,1.660956587,0.006245928875522598
clsSOPT,5,0.999999,29,32,32,43,1.605594913,0.002076336468992128
SOPT,5,0.999999,29,32,32,44,1.65643817,0.005926262594036099
clsSOPT,5,0.999999,29,32,32,44,1.626205478,0.002612898593569603
SOPT,5,0.999999,29,32,32,45,1.716267132,0.0058577389238912
clsSOPT,5,0.999999,29,32,32,45,1.643010931,0.002574090338671282
SOPT,5,0.999999,29,32,32,46,1.726982264,0.01511138026077892
clsSOPT,5,0.999999,29,32,32,46,1.683734953,0.002816430706842345
SOPT,5,0.999999,29,32,32,47,1.855237599,0.1138088781136705
clsSOPT,5,0.999999,29,32,32,47,1.751433144,0.002335299642758527
SOPT,5,0.999999,29,32,32,48,1.974948838,0.5130180214814899
clsSOPT,5,0.999999,29,32,32,48,1.725598041,0.001422560939691758
SOPT,5,0.999999,29,32,32,49,2.196639911,2.967014958707789
clsSOPT,5,0.999999,29,32,32,49,1.730705726,0.0009404898867696301
SOPT,5,0.999999,29,32,32,50,2.37368177,2.515130240055583
clsSOPT,5,0.999999,29,32,32,50,,
SOPT,5,0.999999,29,32,32,51,,
clsSOPT,5,0.999999,29,32,32,51,,
SOPT,5,0.999999,29,32,32,52,,
clsSOPT,5,0.999999,29,32,32,52,,
SOPT,5,0.999999,29,32,32,53,1.88322021,0.006422599688048394
clsSOPT,5,0.999999,29,32,32,53,,
SOPT,5,0.999999,29,32,32,54,1.905579926,0.006353685232072717
clsSOPT,5,0.999999,29,32,32,54,,
SOPT,5,0.999999,29,32,32,55,1.925054965,0.005220859136119822
clsSOPT,5,0.999999,29,32,32,55,,
SOPT,6,1,34,38,37,38,1.703607029,0.006723942430637347
clsSOPT,6,1,34,38,37,38,1.679168788,0.002307234504043347
SOPT,6,1,34,38,37,39,,
clsSOPT,6,1,34,38,37,39,1.744501237,0.003027851895844741
SOPT,6,1,34,38,37,40,1.842898397,0.007536591423902348
clsSOPT,6,1,34,38,37,40,1.760604678,0.002787433558625356
SOPT,6,1,34,38,37,41,1.853647686,0.007168207702215968
clsSOPT,6,1,34,38,37,41,1.800617484,0.00270241001260825
SOPT,6,1,34,38,37,42,1.858209241,0.004855868916540283
clsSOPT,6,1,34,38,37,42,1.829046484,0.002694333847757826
SOPT,6,1,34,38,37,43,1.88055402,0.0007162471247419656
clsSOPT,6,1,34,38,37,43,1.857469187,0.001317254064093363
SOPT,6,1,34,38,37,44,1.873518299,0.000394946512669584
clsSOPT,6,1,34,38,37,44,1.91334134,0.002105187535202153
SOPT,6,1,34,38,37,45,1.905464466,0.002145660833286277
clsSOPT,6,1,34,38,37,45,1.921489443,0.002469350861242928
SOPT,6,1,34,38,37,46,1.917055422,0.001788575997137043
clsSOPT,6,1,34,38,37,46,1.926999573,0.00105070940462727
SOPT,6,1,34,38,37,47,1.939171752,0.001187247325334713
clsSOPT,6,1,34,38,37,47,1.921673767,0.000320597477264002
SOPT,6,1,34,38,37,48,1.958475944,0.001235590019452317
clsSOPT,6,1,34,38,37,48,1.944462334,0.0001151965710126525
SOPT,6,1,34,38,37,49,2.005257325,0.001280206734641017
clsSOPT,6,1,34,38,37,49,1.988206866,0.000809466411404823
SOPT,6,1,34,38,37,50,2.064164894,0.0001914035344702273
clsSOPT,6,1,34,38,37,50,1.9995185,0.0008136647227259541
SOPT,6,1,34,38,37,51,2.065720205,0.0005308583163144831
clsSOPT,6,1,34,38,37,51,2.021629856,0.0006818160837509477
SOPT,6,1,34,38,37,52,2.076883234,0.0005040159927698362
clsSOPT,6,1,34,38,37,52,2.033657781,0.0005413512233234019
SOPT,6,1,34,38,37,53,2.088235475,0.0003491104888563944
clsSOPT,6,1,34,38,37,53,2.047251328,0.0003927270056707715
SOPT,6,1,34,38,37,54,2.178497719,0.0007481142685691922
clsSOPT,6,1,34,38,37,54,2.06805753,0.0009856508959275743
SOPT,6,1,34,38,37,55,2.150318317,0.0007788306072826923
clsSOPT,6,1,34,38,37,55,2.106680951,0.0008188061679263397
SOPT,6,1,34,38,37,56,2.179698429,0.001482925832652554
clsSOPT,6,1,34,38,37,56,2.108106401,0.002031755344134937
SOPT,6,1,34,38,37,57,2.188956777,0.001680835368867394
clsSOPT,6,1,34,38,37,57,2.131029396,0.001044401411745999
SOPT,6,1,34,38,37,58,2.205761194,0.001349180749165897
clsSOPT,6,1,34,38,37,58,2.152639931,0.0001026243068174995
SOPT,6,1,34,38,37,59,2.23501501,0.001705342904252232
clsSOPT,6,1,34,38,37,59,2.178752514,0.0004255550210331649
SOPT,6,1,34,38,37,60,2.246013655,0.001833133701469653
clsSOPT,6,1,34,38,37,60,2.197409632,0.0002701383903519819
