method,n,energy_frac,rwdim,rrdim,nldim,nsr,time,error
clsSOPT,3,0.9999,19,21,21,22,0.673669284,0.0006200454056504281
clsQDEIM,3,0.9999,19,21,21,22,0.661167985,0.0002805267342697341
clsSOPT,3,0.9999,19,21,21,23,0.694985959,0.0001257143721545892
clsQDEIM,3,0.9999,19,21,21,23,0.705577683,0.0002650871443868377
clsSOPT,3,0.9999,19,21,21,24,0.708768859,0.0002344617278562648
clsQDEIM,3,0.9999,19,21,21,24,0.698439799,0.0003018298154135821
clsSOPT,3,0.9999,19,21,21,25,0.7265588510000001,8.740728245271699e-05
clsQDEIM,3,0.9999,19,21,21,25,0.715001754,0.0002719923222623877
clsSOPT,3,0.9999,19,21,21,26,0.766254185,0.0003100326566641313
clsQDEIM,3,0.9999,19,21,21,26,0.735024292,0.00029440649362357
clsSOPT,3,0.9999,19,21,21,27,0.760046183,0.0006616713333747841
clsQDEIM,3,0.9999,19,21,21,27,0.776002751,0.0002795002570870127
clsSOPT,3,0.9999,19,21,21,28,0.774234482,0.0003556422529761431
clsQDEIM,3,0.9999,19,21,21,28,0.760892531,0.0003777432678678379
clsSOPT,3,0.9999,19,21,21,29,0.795800823,0.0003278643324811063
clsQDEIM,3,0.9999,19,21,21,29,0.7816954570000001,0.001316702635333121
clsSOPT,3,0.9999,19,21,21,30,0.829250856,9.775598692564122e-05
clsQDEIM,3,0.9999,19,21,21,30,0.796232068,0.0009664528230763005
clsSOPT,3,0.9999,19,21,21,31,0.866826191,0.000277054563064143
clsQDEIM,3,0.9999,19,21,21,31,0.8165529540000001,0.001404521850563311
clsSOPT,3,0.9999,19,21,21,32,0.852336705,0.0003501868002110831
clsQDEIM,3,0.9999,19,21,21,32,0.8320082010000001,0.001202909221483875
clsSOPT,3,0.9999,19,21,21,33,0.875789729,0.0007668333529948192
clsQDEIM,3,0.9999,19,21,21,33,0.832465365,0.001210712775363345
clsSOPT,3,0.9999,19,21,21,34,0.896044619,0.0003606938426185864
clsQDEIM,3,0.9999,19,21,21,34,0.8499095320000001,0.001048642934051244
clsSOPT,3,0.9999,19,21,21,35,0.914807734,0.0001627889707348205
clsQDEIM,3,0.9999,19,21,21,35,0.8714054670000001,0.0009399422830080555
clsSOPT,3,0.9999,19,21,21,36,0.9344654530000001,0.0005431729922525862
clsQDEIM,3,0.9999,19,21,21,36,0.889947762,0.0008040277377458697
clsSOPT,3,0.9999,19,21,21,37,0.948705737,0.0004453769532414739
clsQDEIM,3,0.9999,19,21,21,37,0.908713255,0.0007272289628462656
clsSOPT,3,0.9999,19,21,21,38,0.9579258980000001,0.0002913274785969596
clsQDEIM,3,0.9999,19,21,21,38,0.923756375,0.0007323500312672829
clsSOPT,3,0.9999,19,21,21,39,0.983635741,0.0002823085912282974
clsQDEIM,3,0.9999,19,21,21,39,0.944780477,0.001012641723639587
clsSOPT,3,0.9999,19,21,21,40,0.995829376,0.0003973679303377867
clsQDEIM,3,0.9999,19,21,21,40,0.9728153859999999,0.0009783755054742951
clsSOPT,3,0.9999,19,21,21,41,1.014645486,0.0004062089991653304
clsQDEIM,3,0.9999,19,21,21,41,0.984762147,0.0008759780770545247
clsSOPT,3,0.9999,19,21,21,42,1.029167921,0.0004985366142249204
clsQDEIM,3,0.9999,19,21,21,42,1.009038456,0.0009643977128105686
clsSOPT,3,0.9999,19,21,21,43,1.052349394,0.0003792238343841647
clsQDEIM,3,0.9999,19,21,21,43,1.029929081,0.0008952609360846399
clsSOPT,3,0.9999,19,21,21,44,1.070722254,0.0003635897295938577
clsQDEIM,3,0.9999,19,21,21,44,1.040172579,0.0009080440173735463
clsSOPT,3,0.9999,19,21,21,45,1.084591565,0.0005689607868778021
clsQDEIM,3,0.9999,19,21,21,45,1.055600687,0.0009206730301593404
clsSOPT,3,0.9999,19,21,21,46,1.097602608,0.0005692427143931226
clsQDEIM,3,0.9999,19,21,21,46,1.075616183,0.0009431653466101934
clsSOPT,4,0.99999,24,27,27,28,0.904198339,0.003243365954231837
clsQDEIM,4,0.99999,24,27,27,28,0.867878248,0.001622296175337409
clsSOPT,4,0.99999,24,27,27,29,0.923978628,0.007157893793529565
clsQDEIM,4,0.99999,24,27,27,29,0.88498139,0.001554098599576159
clsSOPT,4,0.99999,24,27,27,30,0.931227773,0.009354252973814491
clsQDEIM,4,0.99999,24,27,27,30,0.932295751,0.0007462617203894292
clsSOPT,4,0.99999,24,27,27,31,0.945464443,0.00933448470641484
clsQDEIM,4,0.99999,24,27,27,31,0.935427461,0.0007411112318872211
clsSOPT,4,0.99999,24,27,27,32,0.9684629810000001,0.006277258813631398
clsQDEIM,4,0.99999,24,27,27,32,0.9451855,0.0006832761599441259
clsSOPT,4,0.99999,24,27,27,33,0.98958967,0.007757626800437983
clsQDEIM,4,0.99999,24,27,27,33,0.965248769,0.0006898643925763431
clsSOPT,4,0.99999,24,27,27,34,1.006419571,0.007819260633265754
clsQDEIM,4,0.99999,24,27,27,34,0.992496638,0.0007072743903630525
clsSOPT,4,0.99999,24,27,27,35,1.019772539,0.007131898528830017
clsQDEIM,4,0.99999,24,27,27,35,1.012646512,0.002448835576583428
clsSOPT,4,0.99999,24,27,27,36,1.039101121,0.007078246962283748
clsQDEIM,4,0.99999,24,27,27,36,1.029242255,0.00249903397287068
clsSOPT,4,0.99999,24,27,27,37,1.065330814,0.007052052146129609
clsQDEIM,4,0.99999,24,27,27,37,1.053282909,0.002157516217952877
clsSOPT,4,0.99999,24,27,27,38,1.077705137,0.00629756882143724
clsQDEIM,4,0.99999,24,27,27,38,1.058500433,0.002846921325300806
clsSOPT,4,0.99999,24,27,27,39,1.091906649,0.006188913991465293
clsQDEIM,4,0.99999,24,27,27,39,1.082694228,0.003546046672283614
clsSOPT,4,0.99999,24,27,27,40,1.110538604,0.006745440261783887
clsQDEIM,4,0.99999,24,27,27,40,1.100788147,0.003373460038932546
clsSOPT,4,0.99999,24,27,27,41,1.129864209,0.006574372490374824
clsQDEIM,4,0.99999,24,27,27,41,1.12115199,0.003300083152962239
clsSOPT,4,0.99999,24,27,27,42,1.146994925,0.006583075152578141
clsQDEIM,4,0.99999,24,27,27,42,1.11866023,0.003333296601476831
clsSOPT,4,0.99999,24,27,27,43,1.158100126,0.00294583450519758
clsQDEIM,4,0.99999,24,27,27,43,1.146398364,0.00335598724723252
clsSOPT,4,0.99999,24,27,27,44,1.18392671,0.002933648659053709
clsQDEIM,4,0.99999,24,27,27,44,1.157765956,0.003546651101668521
clsSOPT,4,0.99999,24,27,27,45,1.188677483,0.001103438445895745
clsQDEIM,4,0.99999,24,27,27,45,1.178480092,0.00378637811813961
clsSOPT,4,0.99999,24,27,27,46,1.202936897,0.001878168556746619
clsQDEIM,4,0.99999,24,27,27,46,1.196484081,0.003574558087104149
clsSOPT,4,0.99999,24,27,27,47,1.204574935,0.001830902077589512
clsQDEIM,4,0.99999,24,27,27,47,1.212911749,0.003541134074401199
clsSOPT,4,0.99999,24,27,27,48,1.222948509,0.001154611338945349
clsQDEIM,4,0.99999,24,27,27,48,1.220062469,0.006701637566942752
clsSOPT,4,0.99999,24,27,27,49,1.243812615,0.001747283529222272
clsQDEIM,4,0.99999,24,27,27,49,1.25050325,0.006639454980569675
clsSOPT,4,0.99999,24,27,27,50,1.272590221,0.001757851464565567
clsQDEIM,4,0.99999,24,27,27,50,1.272323754,0.00659805152330613
clsSOPT,4,0.99999,24,27,27,51,1.286774014,0.001840604629608764
clsQDEIM,4,0.99999,24,27,27,51,1.275325441,0.00662910608410323
clsSOPT,4,0.99999,24,27,27,52,1.304070568,0.0021043079561721
clsQDEIM,4,0.99999,24,27,27,52,1.298315644,0.006598576469666492
clsSOPT,5,0.999999,29,32,32,33,1.208197447,0.01262217350917999
clsQDEIM,5,0.999999,29,32,32,33,1.153389388,0.002940488626688785
clsSOPT,5,0.999999,29,32,32,34,1.21248781,0.00642141762690346
clsQDEIM,5,0.999999,29,32,32,34,1.169243024,0.003301789254992142
clsSOPT,5,0.999999,29,32,32,35,1.352901562,0.7476254671140614
clsQDEIM,5,0.999999,29,32,32,35,1.196353338,0.003384038297736579
clsSOPT,5,0.999999,29,32,32,36,1.198084106,0.007754989265094867
clsQDEIM,5,0.999999,29,32,32,36,1.207177055,0.003550517750188761
clsSOPT,5,0.999999,29,32,32,37,1.257649363,0.01046316677635824
