method,n,energy_frac,rwdim,rrdim,nldim,nsr,time,error
SOPT,0,0.9,4,6,6,11,0.6059422200000001,0.01754103920653163
clsSOPT,0,0.9,4,6,6,11,0.295310888,0.01788816208673872
QDEIM,0,0.9,4,6,6,11,0.310380254,0.01764812262582736
clsQDEIM,0,0.9,4,6,6,11,2.48798024,0.01815090414771297
SOPT,0,0.9,4,6,6,16,0.389568948,0.01775373648857074
clsSOPT,0,0.9,4,6,6,16,0.368099576,0.01797167774576809
QDEIM,0,0.9,4,6,6,16,0.3893652520000001,0.01745485136463807
clsQDEIM,0,0.9,4,6,6,16,0.388945547,0.01822474168056633
SOPT,0,0.9,4,6,6,21,0.470316962,0.01776475815402264
clsSOPT,0,0.9,4,6,6,21,0.440841257,0.01800487197267889
QDEIM,0,0.9,4,6,6,21,0.45468403,0.01748421606104679
clsQDEIM,0,0.9,4,6,6,21,0.478435858,0.01822598376976263
SOPT,0,0.9,4,6,6,26,0.533392219,0.01776475815402264
clsSOPT,0,0.9,4,6,6,26,0.489211572,0.0180048719726789
QDEIM,0,0.9,4,6,6,26,0.5495424280000001,0.01742539801274641
clsQDEIM,0,0.9,4,6,6,26,0.55940471,0.01822779586422446
SOPT,0,0.9,4,6,6,31,0.6089494529999999,0.01776475815402265
clsSOPT,0,0.9,4,6,6,31,0.578009675,0.01800487197267889
QDEIM,0,0.9,4,6,6,31,0.6393268379999999,0.01741910886350433
clsQDEIM,0,0.9,4,6,6,31,0.652890618,0.01824952545778043
SOPT,0,0.9,4,6,6,36,0.6715682070000001,0.01776475815402261
clsSOPT,0,0.9,4,6,6,36,0.612853086,0.01800487197267888
QDEIM,0,0.9,4,6,6,36,0.7230588609999999,0.01738737199144106
clsQDEIM,0,0.9,4,6,6,36,0.725023234,0.01827106937928363
SOPT,0,0.9,4,6,6,41,0.765955327,0.01776475815402263
clsSOPT,0,0.9,4,6,6,41,0.7045936749999999,0.01800487197267889
QDEIM,0,0.9,4,6,6,41,0.8085783910000001,0.01737046079510633
clsQDEIM,0,0.9,4,6,6,41,0.802666178,0.01829390242790416
SOPT,0,0.9,4,6,6,46,0.834614344,0.01776475815402264
clsSOPT,0,0.9,4,6,6,46,0.789204119,0.01800487197267888
QDEIM,0,0.9,4,6,6,46,0.8978209029999999,0.01736211322611323
clsQDEIM,0,0.9,4,6,6,46,0.898071776,0.01831931023878938
SOPT,0,0.9,4,6,6,51,0.897594168,0.01776475815402266
clsSOPT,0,0.9,4,6,6,51,0.8514558409999999,0.01800487197267886
QDEIM,0,0.9,4,6,6,51,0.984234279,0.01735134871987967
clsQDEIM,0,0.9,4,6,6,51,0.987710133,0.01834234102423214
SOPT,0,0.9,4,6,6,56,0.987622114,0.01776475815402261
clsSOPT,0,0.9,4,6,6,56,0.928206146,0.01800487197267885
QDEIM,0,0.9,4,6,6,56,1.08340656,0.01735905992024823
clsQDEIM,0,0.9,4,6,6,56,1.081092174,0.01836707570215113
SOPT,0,0.9,4,6,6,61,1.05848688,0.01776475815402266
clsSOPT,0,0.9,4,6,6,61,1.004348434,0.01800487197267886
QDEIM,0,0.9,4,6,6,61,1.183432642,0.01739807557017635
clsQDEIM,0,0.9,4,6,6,61,1.146839097,0.01841656088922758
SOPT,0,0.9,4,6,6,66,1.120645406,0.01776475815402266
clsSOPT,0,0.9,4,6,6,66,1.10069058,0.01800487197267886
QDEIM,0,0.9,4,6,6,66,1.253216662,0.01744191109123431
clsQDEIM,0,0.9,4,6,6,66,1.194356286,0.01845312296652142
SOPT,0,0.9,4,6,6,71,1.200136874,0.01776475815402266
clsSOPT,0,0.9,4,6,6,71,1.156848147,0.01800487197267886
QDEIM,0,0.9,4,6,6,71,1.351236484,0.01745177649714387
clsQDEIM,0,0.9,4,6,6,71,1.204692547,0.01847034601902081
SOPT,0,0.9,4,6,6,76,1.291873927,0.01776475815402267
clsSOPT,0,0.9,4,6,6,76,1.26144504,0.01800487197267886
QDEIM,0,0.9,4,6,6,76,1.417928562,0.01744676869502369
clsQDEIM,0,0.9,4,6,6,76,1.243974696,0.018468804661947
SOPT,0,0.9,4,6,6,81,1.354791989,0.01776475815402265
clsSOPT,0,0.9,4,6,6,81,1.347755791,0.01800487197267888
QDEIM,0,0.9,4,6,6,81,1.480654243,0.01750727401209983
clsQDEIM,0,0.9,4,6,6,81,1.266423576,0.01846781040252764
SOPT,0,0.9,4,6,6,86,1.418617191,0.01776483440640295
clsSOPT,0,0.9,4,6,6,86,1.397115908,0.01800487268350875
QDEIM,0,0.9,4,6,6,86,1.574866235,0.01751383042223571
clsQDEIM,0,0.9,4,6,6,86,1.283707572,0.01846718025300422
SOPT,0,0.9,4,6,6,91,1.465603808,0.01776483613153762
clsSOPT,0,0.9,4,6,6,91,1.440617932,0.01800487386812264
QDEIM,0,0.9,4,6,6,91,1.642067778,0.01752829247490389
clsQDEIM,0,0.9,4,6,6,91,1.283556616,0.01859962316276415
SOPT,0,0.9,4,6,6,96,1.490226229,0.01776521140701623
clsSOPT,0,0.9,4,6,6,96,1.477877224,0.01800496468422736
QDEIM,0,0.9,4,6,6,96,1.727710039,0.01756389006268766
clsQDEIM,0,0.9,4,6,6,96,1.279380088,0.01867247883709948
SOPT,0,0.9,4,6,6,101,1.520081965,0.01776536590465332
clsSOPT,0,0.9,4,6,6,101,1.549944846,0.01800498717119234
QDEIM,0,0.9,4,6,6,101,1.817158589,0.01757309734482458
clsQDEIM,0,0.9,4,6,6,101,1.303640138,0.0186780690170656
SOPT,0,0.9,4,6,6,106,3.433732602,0.01776537381817537
clsSOPT,0,0.9,4,6,6,106,1.612673918,0.01800500964318699
QDEIM,0,0.9,4,6,6,106,1.878208694,0.01757952318579537
clsQDEIM,0,0.9,4,6,6,106,1.329696539,0.01866274214383475
SOPT,0,0.9,4,6,6,111,1.604138468,0.01776397831256689
clsSOPT,0,0.9,4,6,6,111,1.611188234,0.01800503185380671
QDEIM,0,0.9,4,6,6,111,1.970179493,0.01759622720829328
clsQDEIM,0,0.9,4,6,6,111,1.363356239,0.01866435720222555
SOPT,0,0.9,4,6,6,116,1.642840212,0.01776399945541903
clsSOPT,0,0.9,4,6,6,116,1.623476535,0.01800504146364778
QDEIM,0,0.9,4,6,6,116,2.04351132,0.01762553743480921
clsQDEIM,0,0.9,4,6,6,116,1.355066472,0.01867307440480501
SOPT,0,0.9,4,6,6,121,1.705241694,0.01776345423504149
clsSOPT,0,0.9,4,6,6,121,2.652216995,0.018005069060958
QDEIM,0,0.9,4,6,6,121,3.937186829,0.01768433493324057
clsQDEIM,0,0.9,4,6,6,121,1.358983605,0.01869122894807853
SOPT,0,0.9,4,6,6,126,2.006151772,0.0177632441591169
clsSOPT,0,0.9,4,6,6,126,1.731923319,0.01800499923267495
QDEIM,0,0.9,4,6,6,126,2.246105305,0.01770010799543686
clsQDEIM,0,0.9,4,6,6,126,1.355555839,0.01876091756902082
SOPT,0,0.9,4,6,6,131,1.802676412,0.01776303432428415
clsSOPT,0,0.9,4,6,6,131,1.82526899,0.01800486468579991
QDEIM,0,0.9,4,6,6,131,2.281236266,0.01772398715286475
clsQDEIM,0,0.9,4,6,6,131,1.360047388,0.01882170698945743
SOPT,0,0.9,4,6,6,136,1.872838965,0.01776188836363379
clsSOPT,0,0.9,4,6,6,136,1.854658239,0.01800482421913981
QDEIM,0,0.9,4,6,6,136,2.340385121,0.01778152494370632
clsQDEIM,0,0.9,4,6,6,136,1.411527761,0.01882297882766097
SOPT,0,0.9,4,6,6,141,1.988092324,0.01776192918291174
clsSOPT,0,0.9,4,6,6,141,1.925214251,0.01800480142722373
QDEIM,0,0.9,4,6,6,141,2.408908426,0.01780044980768086
clsQDEIM,0,0.9,4,6,6,141,1.453855055,0.01882384633653279
SOPT,0,0.9,4,6,6,146,1.956566946,0.01776156092375714
clsSOPT,0,0.9,4,6,6,146,1.940641583,0.01800480504050817
QDEIM,0,0.9,4,6,6,146,2.477906868,0.01786590262137243
clsQDEIM,0,0.9,4,6,6,146,1.465204284,0.01882445121744068
SOPT,0,0.9,4,6,6,151,1.993002679,0.01776043103294127
clsSOPT,0,0.9,4,6,6,151,1.991981098,0.01800482085079533
QDEIM,0,0.9,4,6,6,151,2.527555673,0.01792224636269746
clsQDEIM,0,0.9,4,6,6,151,1.459239929,0.01882739242970914
SOPT,0,0.9,4,6,6,156,2.030542937,0.01776020346631576
clsSOPT,0,0.9,4,6,6,156,1.953410491,0.01800485977718973
QDEIM,0,0.9,4,6,6,156,2.614709732,0.01805445009328149
clsQDEIM,0,0.9,4,6,6,156,1.458329935,0.01883681485317912
SOPT,0,0.9,4,6,6,161,2.086313343,0.01775997647403904
clsSOPT,0,0.9,4,6,6,161,2.007200566,0.01800497893401226
QDEIM,0,0.9,4,6,6,161,5.361144341,0.01803553702921407
clsQDEIM,0,0.9,4,6,6,161,1.460645218,0.01885534817467353
SOPT,0,0.9,4,6,6,166,2.121877225,0.01775949279717042
clsSOPT,0,0.9,4,6,6,166,2.049600628,0.01800513777521537
QDEIM,0,0.9,4,6,6,166,2.72671239,0.01801242303701374
clsQDEIM,0,0.9,4,6,6,166,1.486309887,0.01887409124240002
SOPT,0,0.9,4,6,6,171,2.284529644,0.01775893982253225
clsSOPT,0,0.9,4,6,6,171,2.104097814,0.01800532288906576
QDEIM,0,0.9,4,6,6,171,2.777011449,0.01803111090979964
clsQDEIM,0,0.9,4,6,6,171,1.486331094,0.01894487673809488
SOPT,0,0.9,4,6,6,176,2.215897224,0.01775895920067289
clsSOPT,0,0.9,4,6,6,176,2.130811352,0.01800559741022154
QDEIM,0,0.9,4,6,6,176,2.826968351,0.01796885199753252
clsQDEIM,0,0.9,4,6,6,176,1.547329168,0.0189722802990442
SOPT,0,0.9,4,6,6,181,2.275244889,0.01775888500517485
clsSOPT,0,0.9,4,6,6,181,2.258494821,0.0180057539441203
QDEIM,0,0.9,4,6,6,181,2.971036662,0.01798072167825186
clsQDEIM,0,0.9,4,6,6,181,1.571084599,0.01897314412279005
SOPT,0,0.9,4,6,6,186,2.227194085,0.01775874894073575
clsSOPT,0,0.9,4,6,6,186,2.237482739,0.01800573622524737
QDEIM,0,0.9,4,6,6,186,3.014831312,0.01799827784032429
clsQDEIM,0,0.9,4,6,6,186,1.502403585,0.01897408626228481
SOPT,0,0.9,4,6,6,191,2.320820757,0.01775795408223092
clsSOPT,0,0.9,4,6,6,191,2.318047827,0.01800528627555915
QDEIM,0,0.9,4,6,6,191,3.018878705,0.01799645804046363
clsQDEIM,0,0.9,4,6,6,191,1.532796578,0.01916582450467097
SOPT,0,0.9,4,6,6,196,2.307909498,0.01775764054358374
clsSOPT,0,0.9,4,6,6,196,2.327466712,0.01800439883951464
QDEIM,0,0.9,4,6,6,196,3.075488937,0.01799573907729898
clsQDEIM,0,0.9,4,6,6,196,1.523826681,0.01934651225364631
SOPT,0,0.9,4,6,6,201,2.348638425,0.01775803882280637
clsSOPT,0,0.9,4,6,6,201,2.394618134,0.01800351823285743
QDEIM,0,0.9,4,6,6,201,3.057512183,0.0179964552541027
clsQDEIM,0,0.9,4,6,6,201,1.486666685,0.01951131280486847
SOPT,0,0.9,4,6,6,206,2.376328223,0.01775815419038901
clsSOPT,0,0.9,4,6,6,206,2.4579902,0.01799070063505628
QDEIM,0,0.9,4,6,6,206,3.085955478,0.01797704220912344
clsQDEIM,0,0.9,4,6,6,206,1.544744772,0.01944393633061831
SOPT,0,0.9,4,6,6,211,2.425595008,0.01775831941211905
clsSOPT,0,0.9,4,6,6,211,2.440654907,0.01798900840793747
QDEIM,0,0.9,4,6,6,211,3.154332307,0.01794810115474343
clsQDEIM,0,0.9,4,6,6,211,1.534759383,0.01956553997381465
SOPT,0,0.9,4,6,6,216,2.475371257,0.01775866428583755
clsSOPT,0,0.9,4,6,6,216,2.470362785,0.01798769328625346
QDEIM,0,0.9,4,6,6,216,3.213979062,0.01793253675630137
clsQDEIM,0,0.9,4,6,6,216,1.5959732,0.0196274947705813
SOPT,0,0.9,4,6,6,221,2.502259333,0.01775937630969627
clsSOPT,0,0.9,4,6,6,221,2.512684925,0.01798632786200349
QDEIM,0,0.9,4,6,6,221,3.262530602,0.01793613212416598
clsQDEIM,0,0.9,4,6,6,221,1.637660597,0.01966639268569487
SOPT,0,0.9,4,6,6,226,2.553057324,0.01776026394207824
clsSOPT,0,0.9,4,6,6,226,2.551284929,0.01798437058087863
QDEIM,0,0.9,4,6,6,226,3.304614513,0.01792567326329203
clsQDEIM,0,0.9,4,6,6,226,1.704296416,0.01959213799813223
SOPT,0,0.9,4,6,6,231,2.552166047,0.01780974359400281
clsSOPT,0,0.9,4,6,6,231,2.595614341,0.01798351387619717
QDEIM,0,0.9,4,6,6,231,3.358682729,0.01791484030126844
clsQDEIM,0,0.9,4,6,6,231,1.757088432,0.01950894431024804
SOPT,0,0.9,4,6,6,236,2.58129752,0.01786135595303831
clsSOPT,0,0.9,4,6,6,236,2.642740504,0.01798273442604303
QDEIM,0,0.9,4,6,6,236,3.403649938,0.017909595125902
clsQDEIM,0,0.9,4,6,6,236,1.827114923,0.01965438624411424
SOPT,0,0.9,4,6,6,241,3.467304916,0.01786225758342342
clsSOPT,0,0.9,4,6,6,241,2.684778627,0.01798195916794192
QDEIM,0,0.9,4,6,6,241,3.527657109,0.01789626557429019
clsQDEIM,0,0.9,4,6,6,241,1.910722447,0.01961094740422817
SOPT,0,0.9,4,6,6,246,2.638375453,0.01786386163293395
clsSOPT,0,0.9,4,6,6,246,2.723293012,0.01798229423793582
QDEIM,0,0.9,4,6,6,246,3.475564353,0.01788965446593925
clsQDEIM,0,0.9,4,6,6,246,1.996795653,0.01965056581794135
SOPT,0,0.9,4,6,6,251,2.673159947,0.01786494161280296
clsSOPT,0,0.9,4,6,6,251,2.946736792,0.01798331835501306
QDEIM,0,0.9,4,6,6,251,3.558847044,0.01786575436902628
clsQDEIM,0,0.9,4,6,6,251,3.671525819,0.01964876343899373
SOPT,0,0.9,4,6,6,256,6.133356191,0.01786600815042123
clsSOPT,0,0.9,4,6,6,256,5.143839756,0.01798399111431096
QDEIM,0,0.9,4,6,6,256,4.194999519,0.01783197836082816
clsQDEIM,0,0.9,4,6,6,256,2.866259493,0.01966420098511904
SOPT,1,0.99,9,11,11,16,0.4589294349999999,0.002687243139360768
clsSOPT,1,0.99,9,11,11,16,5.432731276,0.002768130914729884
QDEIM,1,0.99,9,11,11,16,0.4724672329999999,0.003096133527567406
clsQDEIM,1,0.99,9,11,11,16,4.31277839,0.003014370938384485
SOPT,1,0.99,9,11,11,21,0.526946036,0.002688242437895773
clsSOPT,1,0.99,9,11,11,21,0.536780087,0.002706206940237774
QDEIM,1,0.99,9,11,11,21,0.5826644050000001,0.003054194744130396
clsQDEIM,1,0.99,9,11,11,21,0.635061783,0.00301355029615274
SOPT,1,0.99,9,11,11,26,0.613028366,0.002769155171983159
clsSOPT,1,0.99,9,11,11,26,4.345021408,0.002713302089754416
QDEIM,1,0.99,9,11,11,26,0.645169002,0.003019943732769048
clsQDEIM,1,0.99,9,11,11,26,0.626155065,0.003013437896587808
SOPT,1,0.99,9,11,11,31,0.675686319,0.002770663345522681
clsSOPT,1,0.99,9,11,11,31,0.715962709,0.002721168566645765
QDEIM,1,0.99,9,11,11,31,0.74265613,0.00301427234425545
clsQDEIM,1,0.99,9,11,11,31,0.7249229319999999,0.003013478457321229
SOPT,1,0.99,9,11,11,36,0.7363200249999999,0.002767564681538257
clsSOPT,1,0.99,9,11,11,36,0.810695983,0.002750536137756677
QDEIM,1,0.99,9,11,11,36,0.7977003309999999,0.003034157724948052
clsQDEIM,1,0.99,9,11,11,36,0.805141981,0.003013430894592302
SOPT,1,0.99,9,11,11,41,0.79473538,0.002766197325720025
clsSOPT,1,0.99,9,11,11,41,0.875918817,0.002748551938762997
QDEIM,1,0.99,9,11,11,41,0.871821592,0.003086530859400251
clsQDEIM,1,0.99,9,11,11,41,0.891973117,0.003013451309995358
SOPT,1,0.99,9,11,11,46,0.8574082119999999,0.00276438311913647
clsSOPT,1,0.99,9,11,11,46,0.964652261,0.002749412315439941
QDEIM,1,0.99,9,11,11,46,0.9226873330000001,0.003090752584107016
clsQDEIM,1,0.99,9,11,11,46,0.995532183,0.003013499174950692
SOPT,1,0.99,9,11,11,51,0.882332325,0.002763939909060411
clsSOPT,1,0.99,9,11,11,51,1.05204104,0.002749725617413144
QDEIM,1,0.99,9,11,11,51,1.00854933,0.003091196637699377
clsQDEIM,1,0.99,9,11,11,51,1.040454867,0.003002694599232836
SOPT,1,0.99,9,11,11,56,0.956267716,0.002763187055294298
clsSOPT,1,0.99,9,11,11,56,1.117648349,0.002749807646709346
QDEIM,1,0.99,9,11,11,56,1.404870384,0.00309358976655045
clsQDEIM,1,0.99,9,11,11,56,1.140399624,0.002997815690914037
SOPT,1,0.99,9,11,11,61,1.031513953,0.002762886862391179
clsSOPT,1,0.99,9,11,11,61,1.140283037,0.002749810265825884
QDEIM,1,0.99,9,11,11,61,1.174335875,0.003084402521072868
clsQDEIM,1,0.99,9,11,11,61,1.240601817,0.00298232278143934
SOPT,1,0.99,9,11,11,66,1.110853528,0.002762664054109674
clsSOPT,1,0.99,9,11,11,66,1.209562958,0.002749810265825881
QDEIM,1,0.99,9,11,11,66,1.264939066,0.003093522245237722
clsQDEIM,1,0.99,9,11,11,66,1.298972431,0.002982458966319021
SOPT,1,0.99,9,11,11,71,1.217067428,0.002762363542613129
clsSOPT,1,0.99,9,11,11,71,1.275573447,0.002749810265825889
QDEIM,1,0.99,9,11,11,71,1.308674718,0.002971964736228928
clsQDEIM,1,0.99,9,11,11,71,1.385011242,0.002989250219530203
SOPT,1,0.99,9,11,11,76,1.231183689,0.002762363542613121
clsSOPT,1,0.99,9,11,11,76,1.336823523,0.00274981026582589
QDEIM,1,0.99,9,11,11,76,1.417367684,0.002977860178896254
clsQDEIM,1,0.99,9,11,11,76,1.469193425,0.002990633424566518
SOPT,1,0.99,9,11,11,81,1.327612741,0.002762363542613127
clsSOPT,1,0.99,9,11,11,81,1.416438274,0.002749810265825891
QDEIM,1,0.99,9,11,11,81,1.502251326,0.002981197310276797
clsQDEIM,1,0.99,9,11,11,81,1.542673839,0.002991228660438366
SOPT,1,0.99,9,11,11,86,1.375005665,0.002762363542613126
clsSOPT,1,0.99,9,11,11,86,1.484853297,0.002749810265825883
QDEIM,1,0.99,9,11,11,86,1.570113177,0.002980815932075458
clsQDEIM,1,0.99,9,11,11,86,1.619422641,0.003007336344577926
SOPT,1,0.99,9,11,11,91,1.469781425,0.002762363542613146
clsSOPT,1,0.99,9,11,11,91,1.556949883,0.002749810265825885
QDEIM,1,0.99,9,11,11,91,1.627538682,0.002985574847832231
clsQDEIM,1,0.99,9,11,11,91,1.701814619,0.003008057380502068
SOPT,1,0.99,9,11,11,96,1.534728069,0.002762363542613127
clsSOPT,1,0.99,9,11,11,96,1.647151235,0.002749810265825887
QDEIM,1,0.99,9,11,11,96,1.709855377,0.002982502310486314
clsQDEIM,1,0.99,9,11,11,96,1.781469108,0.003012675849312643
SOPT,1,0.99,9,11,11,101,1.569734642,0.002762363542613137
clsSOPT,1,0.99,9,11,11,101,1.722990626,0.002749810265825887
QDEIM,1,0.99,9,11,11,101,1.791660311,0.002941421185862486
clsQDEIM,1,0.99,9,11,11,101,1.854223278,0.003016742993379745
SOPT,1,0.99,9,11,11,106,1.654850051,0.002762363542613113
clsSOPT,1,0.99,9,11,11,106,1.7575243,0.002749810265825887
QDEIM,1,0.99,9,11,11,106,1.858827568,0.002884335881863953
clsQDEIM,1,0.99,9,11,11,106,1.892233813,0.003016931454969661
SOPT,1,0.99,9,11,11,111,1.70203663,0.002762363542613134
clsSOPT,1,0.99,9,11,11,111,1.875478526,0.002749810265825886
QDEIM,1,0.99,9,11,11,111,1.924760126,0.00288061614255167
clsQDEIM,1,0.99,9,11,11,111,1.982806472,0.003016634930012518
SOPT,1,0.99,9,11,11,116,1.750228863,0.002762363542613141
clsSOPT,1,0.99,9,11,11,116,1.961282892,0.002749810265825888
QDEIM,1,0.99,9,11,11,116,1.910820193,0.002876825297071449
clsQDEIM,1,0.99,9,11,11,116,1.992671603,0.003018367362334231
SOPT,1,0.99,9,11,11,121,1.831601188,0.002762363542613129
clsSOPT,1,0.99,9,11,11,121,2.026772512,0.002749810265825888
QDEIM,1,0.99,9,11,11,121,1.968555496,0.002876991863942007
clsQDEIM,1,0.99,9,11,11,121,2.011854351,0.003017892187356732
SOPT,1,0.99,9,11,11,126,1.912777439,0.002762363542613127
clsSOPT,1,0.99,9,11,11,126,2.079283661,0.002749823354171605
QDEIM,1,0.99,9,11,11,126,2.005280199,0.002877577792811962
clsQDEIM,1,0.99,9,11,11,126,2.036292707,0.003017496486948585
SOPT,1,0.99,9,11,11,131,1.970546438,0.002762363542613125
clsSOPT,1,0.99,9,11,11,131,2.088628172,0.002749943227569551
QDEIM,1,0.99,9,11,11,131,2.05463548,0.00287373409002646
clsQDEIM,1,0.99,9,11,11,131,2.031112354,0.003017155593180012
SOPT,1,0.99,9,11,11,136,1.996218829,0.002762602293844395
clsSOPT,1,0.99,9,11,11,136,2.141715259,0.00275003967010069
QDEIM,1,0.99,9,11,11,136,2.114398733,0.002870852538747409
clsQDEIM,1,0.99,9,11,11,136,2.063158778,0.003016761805514715
SOPT,1,0.99,9,11,11,141,2.057289414,0.002760546222144564
clsSOPT,1,0.99,9,11,11,141,2.158331471,0.002750108951939141
QDEIM,1,0.99,9,11,11,141,2.174575424,0.002891876712176915
clsQDEIM,1,0.99,9,11,11,141,2.104835953,0.003016240066021267
SOPT,1,0.99,9,11,11,146,2.087790437,0.002760171062316721
clsSOPT,1,0.99,9,11,11,146,2.214397364,0.002749431539301841
QDEIM,1,0.99,9,11,11,146,2.245269391,0.002896901580152811
clsQDEIM,1,0.99,9,11,11,146,2.092498567,0.003015538652929093
SOPT,1,0.99,9,11,11,151,2.13626672,0.002759699428405823
clsSOPT,1,0.99,9,11,11,151,2.294571813,0.002748516247850312
QDEIM,1,0.99,9,11,11,151,2.318116372,0.002898178791303967
clsQDEIM,1,0.99,9,11,11,151,2.135332494,0.003015051305534643
SOPT,1,0.99,9,11,11,156,2.177392257,0.00275801207577226
clsSOPT,1,0.99,9,11,11,156,2.356236205,0.00274744316297677
QDEIM,1,0.99,9,11,11,156,2.395659291,0.002899964960520323
clsQDEIM,1,0.99,9,11,11,156,2.20024231,0.003013462513796763
SOPT,1,0.99,9,11,11,161,2.242502138,0.002757555759058952
clsSOPT,1,0.99,9,11,11,161,2.45472648,0.002747003947178756
QDEIM,1,0.99,9,11,11,161,2.464866899,0.002900518024770632
clsQDEIM,1,0.99,9,11,11,161,2.245434801,0.003047734687378705
SOPT,1,0.99,9,11,11,166,2.30036406,0.00275666717370657
clsSOPT,1,0.99,9,11,11,166,2.511802899,0.00274615027633658
QDEIM,1,0.99,9,11,11,166,2.515424125,0.002903179732357278
clsQDEIM,1,0.99,9,11,11,166,2.971849349,0.003047590758717296
SOPT,1,0.99,9,11,11,171,2.320526011,0.002756939346557886
clsSOPT,1,0.99,9,11,11,171,2.569963513,0.002745303203387471
QDEIM,1,0.99,9,11,11,171,5.551783715,0.002918764737727323
clsQDEIM,1,0.99,9,11,11,171,2.3033493,0.003047317774541942
SOPT,1,0.99,9,11,11,176,5.488452692,0.002756851354079951
clsSOPT,1,0.99,9,11,11,176,2.639277253,0.002744405632833125
QDEIM,1,0.99,9,11,11,176,2.609561547,0.002921341535558326
clsQDEIM,1,0.99,9,11,11,176,2.331265987,0.003050117899172914
SOPT,1,0.99,9,11,11,181,2.402949741,0.002755436061323897
clsSOPT,1,0.99,9,11,11,181,2.705355036,0.002743805529598363
QDEIM,1,0.99,9,11,11,181,2.637923174,0.002923531535225811
clsQDEIM,1,0.99,9,11,11,181,2.406743053,0.003048660544766401
SOPT,1,0.99,9,11,11,186,2.456731337,0.002754555171123635
clsSOPT,1,0.99,9,11,11,186,2.768805363,0.002743015523297992
QDEIM,1,0.99,9,11,11,186,2.674138517,0.002923324351755888
clsQDEIM,1,0.99,9,11,11,186,2.392989838,0.003048183631709479
SOPT,1,0.99,9,11,11,191,2.505952376,0.002754466790158448
clsSOPT,1,0.99,9,11,11,191,2.794694174,0.002742422181974506
QDEIM,1,0.99,9,11,11,191,2.702597023,0.00292268124508173
clsQDEIM,1,0.99,9,11,11,191,2.440438,0.003053285399878064
SOPT,1,0.99,9,11,11,196,2.54710048,0.002752524079998308
clsSOPT,1,0.99,9,11,11,196,2.834477195,0.002741058476693145
QDEIM,1,0.99,9,11,11,196,2.733773742,0.002921461619714292
clsQDEIM,1,0.99,9,11,11,196,2.451397335,0.003053215857397628
SOPT,1,0.99,9,11,11,201,2.602140254,0.002751675766862609
clsSOPT,1,0.99,9,11,11,201,2.839925352,0.002739908743025933
QDEIM,1,0.99,9,11,11,201,2.766239276,0.002916558384659188
clsQDEIM,1,0.99,9,11,11,201,2.442647417,0.003052370802405109
SOPT,1,0.99,9,11,11,206,2.636179762,0.00275083599351502
clsSOPT,1,0.99,9,11,11,206,2.843956166,0.002739215560764259
QDEIM,1,0.99,9,11,11,206,2.783866955,0.002918463778797884
clsQDEIM,1,0.99,9,11,11,206,2.486159747,0.003051281394951563
SOPT,1,0.99,9,11,11,211,2.72881753,0.002750985518325671
clsSOPT,1,0.99,9,11,11,211,2.85053109,0.002738334334332113
QDEIM,1,0.99,9,11,11,211,2.83057992,0.002919903228800025
clsQDEIM,1,0.99,9,11,11,211,2.500588594,0.003056154513092678
SOPT,1,0.99,9,11,11,216,2.714748233,0.002732829972506073
clsSOPT,1,0.99,9,11,11,216,2.882429505,0.002738458631267439
QDEIM,1,0.99,9,11,11,216,2.837180617,0.002920188455924714
clsQDEIM,1,0.99,9,11,11,216,2.527899689,0.003054084257538475
SOPT,1,0.99,9,11,11,221,2.753269772,0.002733136595870724
clsSOPT,1,0.99,9,11,11,221,2.942798746,0.002737914042776582
QDEIM,1,0.99,9,11,11,221,2.845085918,0.002919758790584343
clsQDEIM,1,0.99,9,11,11,221,2.575761299,0.003056230444454532
SOPT,1,0.99,9,11,11,226,2.774352919,0.002733090246882067
clsSOPT,1,0.99,9,11,11,226,3.01050185,0.002736581445678809
QDEIM,1,0.99,9,11,11,226,2.850324861,0.002921059192931264
clsQDEIM,1,0.99,9,11,11,226,2.598142842,0.003056189621151115
SOPT,1,0.99,9,11,11,231,2.847043172,0.002780576974496185
clsSOPT,1,0.99,9,11,11,231,3.015696873,0.002735238406509594
QDEIM,1,0.99,9,11,11,231,2.9360248,0.002929501116800968
clsQDEIM,1,0.99,9,11,11,231,2.631837532,0.003037037312975507
SOPT,1,0.99,9,11,11,236,2.886804854,0.002773164662228698
clsSOPT,1,0.99,9,11,11,236,3.046717896,0.0027347000716665
QDEIM,1,0.99,9,11,11,236,2.967897303,0.002937294634188252
clsQDEIM,1,0.99,9,11,11,236,2.657250361,0.002958572987118342
SOPT,1,0.99,9,11,11,241,2.968930509,0.002766627941840316
clsSOPT,1,0.99,9,11,11,241,3.114979046,0.0027333925823197
QDEIM,1,0.99,9,11,11,241,3.060100041,0.002935083227456969
clsQDEIM,1,0.99,9,11,11,241,2.69534729,0.002956320195043426
SOPT,1,0.99,9,11,11,246,3.784222073,0.002767812665419515
clsSOPT,1,0.99,9,11,11,246,3.176141046,0.002731056537873028
QDEIM,1,0.99,9,11,11,246,3.079840393,0.002931351885956641
clsQDEIM,1,0.99,9,11,11,246,2.708784252,0.002958014740858743
SOPT,1,0.99,9,11,11,251,3.081113181,0.00276813920870296
clsSOPT,1,0.99,9,11,11,251,3.19788612,0.002731176307764444
QDEIM,1,0.99,9,11,11,251,3.108605943,0.002926559960840189
clsQDEIM,1,0.99,9,11,11,251,2.774263525,0.002920618457005406
SOPT,1,0.99,9,11,11,256,3.04241419,0.002768531963032356
clsSOPT,1,0.99,9,11,11,256,3.233677893,0.002730727984607585
QDEIM,1,0.99,9,11,11,256,3.124007913,0.0029256881039396
clsQDEIM,1,0.99,9,11,11,256,2.857471585,0.002911087490654078
SOPT,1,0.99,9,11,11,261,3.096881374,0.002768443759414588
clsSOPT,1,0.99,9,11,11,261,3.284823813,0.002730773817394649
QDEIM,1,0.99,9,11,11,261,3.210105811,0.002927687550897706
clsQDEIM,1,0.99,9,11,11,261,2.940407181,0.002914767104069463
SOPT,2,0.999,14,16,16,21,0.6039115589999999,0.0003940043345359958
clsSOPT,2,0.999,14,16,16,21,0.5958671320000001,0.0005274779932426677
QDEIM,2,0.999,14,16,16,21,0.610070437,0.0005059969903354115
clsQDEIM,2,0.999,14,16,16,21,0.601039732,0.00054852853675977
SOPT,2,0.999,14,16,16,26,0.6707343109999999,0.000331325081738544
clsSOPT,2,0.999,14,16,16,26,0.7049315190000001,0.0004276167940072525
QDEIM,2,0.999,14,16,16,26,0.7017993339999999,0.0004940057193482177
clsQDEIM,2,0.999,14,16,16,26,0.694582634,0.0003508368484313892
SOPT,2,0.999,14,16,16,31,0.767782628,0.0003432345215437353
clsSOPT,2,0.999,14,16,16,31,0.783522417,0.0003521655122422933
QDEIM,2,0.999,14,16,16,31,0.793478177,0.0004042522834185273
clsQDEIM,2,0.999,14,16,16,31,0.783775228,0.0005164923864700507
SOPT,2,0.999,14,16,16,36,0.835855978,0.0003907750522295681
clsSOPT,2,0.999,14,16,16,36,0.8789108280000001,0.0003292019234643637
QDEIM,2,0.999,14,16,16,36,0.8935315,0.0003995349258043553
clsQDEIM,2,0.999,14,16,16,36,0.867435548,0.0005878162290291726
SOPT,2,0.999,14,16,16,41,0.961398759,0.0003663469996775722
clsSOPT,2,0.999,14,16,16,41,0.993135914,0.0003259658282820523
QDEIM,2,0.999,14,16,16,41,0.978169734,0.000386766407457193
clsQDEIM,2,0.999,14,16,16,41,0.985435693,0.0005707232425348684
SOPT,2,0.999,14,16,16,46,0.995321655,0.0003790499231812515
clsSOPT,2,0.999,14,16,16,46,1.048703737,0.000306843692320963
QDEIM,2,0.999,14,16,16,46,1.067367195,0.0003238961866188048
clsQDEIM,2,0.999,14,16,16,46,1.049525523,0.00052782564327353
SOPT,2,0.999,14,16,16,51,1.243726024,0.0004002360312256052
clsSOPT,2,0.999,14,16,16,51,1.122526462,0.0003036151122064802
QDEIM,2,0.999,14,16,16,51,1.149940092,0.0003338800803828514
clsQDEIM,2,0.999,14,16,16,51,1.119234048,0.0005001266220353526
SOPT,2,0.999,14,16,16,56,1.160957737,0.0003389787603865808
clsSOPT,2,0.999,14,16,16,56,1.212433658,0.0003025617796824243
QDEIM,2,0.999,14,16,16,56,1.203701497,0.0003224339870005559
clsQDEIM,2,0.999,14,16,16,56,1.208639912,0.0004410262881258409
SOPT,2,0.999,14,16,16,61,1.239400046,0.0003325461707682512
clsSOPT,2,0.999,14,16,16,61,1.307242862,0.0003199650411957024
QDEIM,2,0.999,14,16,16,61,1.306524079,0.0003190756107595935
clsQDEIM,2,0.999,14,16,16,61,1.291635299,0.0004916823061148944
SOPT,2,0.999,14,16,16,66,1.30813304,0.0003236472940537145
clsSOPT,2,0.999,14,16,16,66,1.419973892,0.0003126366691733656
QDEIM,2,0.999,14,16,16,66,1.382356357,0.0003431429358165897
clsQDEIM,2,0.999,14,16,16,66,1.35122894,0.0005412425042971487
SOPT,2,0.999,14,16,16,71,1.398445926,0.0003315679979883024
clsSOPT,2,0.999,14,16,16,71,1.506617502,0.0003103737364919249
QDEIM,2,0.999,14,16,16,71,3.125559272,0.0003504931468926169
clsQDEIM,2,0.999,14,16,16,71,2.392404952,0.0004602725958946944
SOPT,2,0.999,14,16,16,76,1.601844473,0.0003315185997576022
clsSOPT,2,0.999,14,16,16,76,1.606103883,0.0003071194444848057
QDEIM,2,0.999,14,16,16,76,1.773971983,0.00034447008146631
clsQDEIM,2,0.999,14,16,16,76,3.032108205,0.0004617168269994433
SOPT,2,0.999,14,16,16,81,1.460007731,0.0003314681335242055
clsSOPT,2,0.999,14,16,16,81,2.495074242,0.0003234421344492531
QDEIM,2,0.999,14,16,16,81,1.618659642,0.000352032193174769
clsQDEIM,2,0.999,14,16,16,81,1.840130737,0.0004582688909243512
SOPT,2,0.999,14,16,16,86,2.467680448,0.0003314681335241593
clsSOPT,2,0.999,14,16,16,86,4.074720232,0.0003271107654470768
QDEIM,2,0.999,14,16,16,86,1.705234526,0.0003534055058445362
clsQDEIM,2,0.999,14,16,16,86,2.027359893,0.000451543170414875
SOPT,2,0.999,14,16,16,91,1.623668899,0.0003314681335242083
clsSOPT,2,0.999,14,16,16,91,1.726610313,0.0003340368380212093
QDEIM,2,0.999,14,16,16,91,1.791999662,0.0003542279421528636
clsQDEIM,2,0.999,14,16,16,91,1.717159393,0.000447872488270306
SOPT,2,0.999,14,16,16,96,1.691197519,0.0003314681335242106
clsSOPT,2,0.999,14,16,16,96,1.789760666,0.000334744211703724
QDEIM,2,0.999,14,16,16,96,1.853630438,0.0003648198579753504
clsQDEIM,2,0.999,14,16,16,96,1.778394757,0.0004526401360134376
SOPT,2,0.999,14,16,16,101,1.743934966,0.0003314681335242086
clsSOPT,2,0.999,14,16,16,101,1.855362279,0.0003336563608147047
QDEIM,2,0.999,14,16,16,101,1.93628257,0.000396992475444049
clsQDEIM,2,0.999,14,16,16,101,1.882326833,0.0004430589855198895
SOPT,2,0.999,14,16,16,106,1.806104553,0.0003314681335241634
clsSOPT,2,0.999,14,16,16,106,1.909255743,0.0003337454112561029
QDEIM,2,0.999,14,16,16,106,1.99084829,0.000397084682893435
clsQDEIM,2,0.999,14,16,16,106,1.927572728,0.0004407435598447953
SOPT,2,0.999,14,16,16,111,1.87296584,0.0003314681335242133
clsSOPT,2,0.999,14,16,16,111,1.937609328,0.0003337710599507512
QDEIM,2,0.999,14,16,16,111,2.07832823,0.0003984887893325805
clsQDEIM,2,0.999,14,16,16,111,1.991673213,0.0004092596671333276
SOPT,2,0.999,14,16,16,116,1.951800819,0.0003314681335241083
clsSOPT,2,0.999,14,16,16,116,1.984044643,0.0003337710599507446
QDEIM,2,0.999,14,16,16,116,2.184524465,0.0003874267197013497
clsQDEIM,2,0.999,14,16,16,116,2.066755109,0.0004009682780776265
SOPT,2,0.999,14,16,16,121,2.01086651,0.0003314681335242096
clsSOPT,2,0.999,14,16,16,121,2.056743733,0.0003337710599507576
QDEIM,2,0.999,14,16,16,121,2.220565799,0.0003870638306255047
clsQDEIM,2,0.999,14,16,16,121,2.137483638,0.0004047497843217594
SOPT,2,0.999,14,16,16,126,2.081921941,0.0003314681335242105
clsSOPT,2,0.999,14,16,16,126,2.108061531,0.0003337710599507512
QDEIM,2,0.999,14,16,16,126,2.282949273,0.0003883986827133171
clsQDEIM,2,0.999,14,16,16,126,2.175376788,0.0003628176527417429
SOPT,2,0.999,14,16,16,131,2.136104102,0.0003314681335242055
clsSOPT,2,0.999,14,16,16,131,2.182115138,0.0003337710599507558
QDEIM,2,0.999,14,16,16,131,2.35749661,0.0003913906203202772
clsQDEIM,2,0.999,14,16,16,131,2.238112467,0.0003606515753374444
SOPT,2,0.999,14,16,16,136,2.213189386,0.0003314681335242007
clsSOPT,2,0.999,14,16,16,136,2.274392365,0.0003337710599507519
QDEIM,2,0.999,14,16,16,136,2.406650452,0.0004018230062925012
clsQDEIM,2,0.999,14,16,16,136,2.298614954,0.000357544863088795
SOPT,2,0.999,14,16,16,141,2.299614632,0.0003314681335242049
clsSOPT,2,0.999,14,16,16,141,2.340121574,0.0003337710599507544
QDEIM,2,0.999,14,16,16,141,2.471847489,0.0004056998815522705
clsQDEIM,2,0.999,14,16,16,141,2.374828835,0.000353393326287981
SOPT,2,0.999,14,16,16,146,2.35379383,0.0003314660213891917
clsSOPT,2,0.999,14,16,16,146,2.412129035,0.0003337710599507469
QDEIM,2,0.999,14,16,16,146,2.484461663,0.0004117104113094581
clsQDEIM,2,0.999,14,16,16,146,2.399027766,0.0003546186446374989
SOPT,2,0.999,14,16,16,151,2.400471653,0.0003314544266485778
clsSOPT,2,0.999,14,16,16,151,2.48304367,0.0003337710599507517
QDEIM,2,0.999,14,16,16,151,2.512393307,0.0004214853051475002
clsQDEIM,2,0.999,14,16,16,151,2.465531637,0.0003614749245008785
SOPT,2,0.999,14,16,16,156,2.441505006,0.0003314425145039372
clsSOPT,2,0.999,14,16,16,156,2.522414531,0.0003337710599507454
QDEIM,2,0.999,14,16,16,156,2.582024969,0.0004326644759758302
clsQDEIM,2,0.999,14,16,16,156,2.536219963,0.0003783015693308007
SOPT,2,0.999,14,16,16,161,2.432943273,0.0003314307455094532
clsSOPT,2,0.999,14,16,16,161,2.609562217,0.0003337710599507495
QDEIM,2,0.999,14,16,16,161,2.653640735,0.0004152681371600854
clsQDEIM,2,0.999,14,16,16,161,2.627107139,0.0003877716464645571
SOPT,2,0.999,14,16,16,166,2.999330795,0.0003315436709389915
clsSOPT,2,0.999,14,16,16,166,2.730044899,0.0003337710599507473
QDEIM,2,0.999,14,16,16,166,2.714991541,0.0004194483809135734
clsQDEIM,2,0.999,14,16,16,166,3.720035109,0.0004037234511863853
SOPT,2,0.999,14,16,16,171,2.582408514,0.0003316609632947623
clsSOPT,2,0.999,14,16,16,171,2.803264425,0.0003337710599507506
QDEIM,2,0.999,14,16,16,171,2.744458793,0.0004203735758077506
clsQDEIM,2,0.999,14,16,16,171,2.748392985,0.0003879264326852404
SOPT,2,0.999,14,16,16,176,2.630743554,0.0003319391069603796
clsSOPT,2,0.999,14,16,16,176,2.81579472,0.0003338665719140145
QDEIM,2,0.999,14,16,16,176,2.807654057,0.000419264846315017
clsQDEIM,2,0.999,14,16,16,176,2.801195295,0.0003845317317743001
SOPT,2,0.999,14,16,16,181,2.697866828,0.0003320835637939986
clsSOPT,2,0.999,14,16,16,181,2.841602488,0.0003340131991307978
QDEIM,2,0.999,14,16,16,181,2.870308692,0.0004134647848342992
clsQDEIM,2,0.999,14,16,16,181,2.891997389,0.0003972069478493123
SOPT,2,0.999,14,16,16,186,2.764290146,0.0003328392771918548
clsSOPT,2,0.999,14,16,16,186,2.923340979,0.0003341565553520305
QDEIM,2,0.999,14,16,16,186,2.89052635,0.0003948883250640041
clsQDEIM,2,0.999,14,16,16,186,2.943896647,0.0003967172999849427
SOPT,2,0.999,14,16,16,191,2.79471277,0.0003331288697205267
clsSOPT,2,0.999,14,16,16,191,3.024615862,0.0003342768570953835
QDEIM,2,0.999,14,16,16,191,2.965061614,0.0004134470471099295
clsQDEIM,2,0.999,14,16,16,191,3.030720069,0.0003928735422764617
SOPT,2,0.999,14,16,16,196,2.86168643,0.0003332951876397705
clsSOPT,2,0.999,14,16,16,196,3.072918634,0.0003344995847273097
QDEIM,2,0.999,14,16,16,196,3.050539895,0.0004095773370119096
clsQDEIM,2,0.999,14,16,16,196,3.093136164,0.0004010949414901169
SOPT,2,0.999,14,16,16,201,2.897943407,0.000333641233170709
clsSOPT,2,0.999,14,16,16,201,3.161676079,0.0003349003193681449
QDEIM,2,0.999,14,16,16,201,3.109206484,0.0004126598272515934
clsQDEIM,2,0.999,14,16,16,201,3.165805162,0.0004087537601494408
SOPT,2,0.999,14,16,16,206,2.929735848,0.000333892941192369
clsSOPT,2,0.999,14,16,16,206,3.202498359,0.0003352876317750211
QDEIM,2,0.999,14,16,16,206,3.148657942,0.0004000244849158987
clsQDEIM,2,0.999,14,16,16,206,3.212174573,0.0004369282989377844
SOPT,2,0.999,14,16,16,211,2.947486598,0.0003340788225974294
clsSOPT,2,0.999,14,16,16,211,3.269815178,0.0003356696713525697
QDEIM,2,0.999,14,16,16,211,3.207959511,0.0004047799303044565
clsQDEIM,2,0.999,14,16,16,211,3.301888349,0.0004476735263478087
SOPT,2,0.999,14,16,16,216,3.00199477,0.0003344545892481431
clsSOPT,2,0.999,14,16,16,216,3.348373238,0.0003360360161112415
QDEIM,2,0.999,14,16,16,216,3.203742828,0.0004086732332773213
clsQDEIM,2,0.999,14,16,16,216,3.435366324,0.0004418378648560513
SOPT,2,0.999,14,16,16,221,3.056001787,0.0003349147477217693
clsSOPT,2,0.999,14,16,16,221,3.362133419,0.0003364756100386908
QDEIM,2,0.999,14,16,16,221,4.007235229,0.0004117620656155176
clsQDEIM,2,0.999,14,16,16,221,3.557352624,0.0004252905414208095
SOPT,2,0.999,14,16,16,226,4.064176459,0.0003351295771283109
clsSOPT,2,0.999,14,16,16,226,3.391113073,0.0003363381434502972
QDEIM,2,0.999,14,16,16,226,3.270021927,0.0004118309930963811
clsQDEIM,2,0.999,14,16,16,226,3.490618266,0.0004022620347900971
SOPT,2,0.999,14,16,16,231,3.148819205,0.0003354866668562431
clsSOPT,2,0.999,14,16,16,231,3.434000602,0.0003366905914263749
QDEIM,2,0.999,14,16,16,231,3.331674262,0.000365300381495676
clsQDEIM,2,0.999,14,16,16,231,3.564975924,0.000396856217322905
SOPT,2,0.999,14,16,16,236,3.19643208,0.0003358432774384925
clsSOPT,2,0.999,14,16,16,236,3.4819328,0.0003370466062799104
QDEIM,2,0.999,14,16,16,236,3.391199563,0.0003701634910494309
clsQDEIM,2,0.999,14,16,16,236,3.670049805,0.0004020424495630048
SOPT,2,0.999,14,16,16,241,3.227834235,0.0003361949853277292
clsSOPT,2,0.999,14,16,16,241,3.518647929,0.0003375263823007772
QDEIM,2,0.999,14,16,16,241,3.550797514,0.0003773742182552676
clsQDEIM,2,0.999,14,16,16,241,3.737283128,0.0004004320735687694
SOPT,2,0.999,14,16,16,246,3.231298971,0.0003364382737580757
clsSOPT,2,0.999,14,16,16,246,3.559683305,0.0003380380766846274
QDEIM,2,0.999,14,16,16,246,3.503367256,0.0003747013455045553
clsQDEIM,2,0.999,14,16,16,246,3.82159533,0.00039911768683446
SOPT,2,0.999,14,16,16,251,3.253244851,0.0003368287339236886
clsSOPT,2,0.999,14,16,16,251,3.556585019,0.0003386186010678784
QDEIM,2,0.999,14,16,16,251,3.562627524,0.0003810633006303602
clsQDEIM,2,0.999,14,16,16,251,3.863717296,0.0003968325737382811
SOPT,2,0.999,14,16,16,256,4.514916483,0.0003369509062941109
clsSOPT,2,0.999,14,16,16,256,3.633294766,0.0003391964264862169
QDEIM,2,0.999,14,16,16,256,3.611358704,0.0003787452922140825
clsQDEIM,2,0.999,14,16,16,256,3.940713754,0.0003890933809896921
SOPT,2,0.999,14,16,16,261,3.292493789,0.0003370379167359109
clsSOPT,2,0.999,14,16,16,261,3.563877905,0.0003396342918483882
QDEIM,2,0.999,14,16,16,261,3.687461826,0.0003800976823508848
clsQDEIM,2,0.999,14,16,16,261,3.981392053,0.0003880262753484032
SOPT,2,0.999,14,16,16,266,3.344561035,0.0003378599632292588
clsSOPT,2,0.999,14,16,16,266,3.624611406,0.0003399773309916884
QDEIM,2,0.999,14,16,16,266,3.743043354,0.0003776175430991763
clsQDEIM,2,0.999,14,16,16,266,5.088116182,0.0003900614173767599
SOPT,3,0.9999,19,21,21,26,0.779643014,0.0001191978100572501
clsSOPT,3,0.9999,19,21,21,26,1.647990003,0.0003100326566641313
QDEIM,3,0.9999,19,21,21,26,0.856094422,0.0002839328081274755
clsQDEIM,3,0.9999,19,21,21,26,0.743759019,0.00029440649362357
SOPT,3,0.9999,19,21,21,31,0.856722776,0.0006665527372493055
clsSOPT,3,0.9999,19,21,21,31,0.855049612,0.000277054563064143
QDEIM,3,0.9999,19,21,21,31,1.300783477,0.0007146900243293877
clsQDEIM,3,0.9999,19,21,21,31,0.831327745,0.001404521850563311
SOPT,3,0.9999,19,21,21,36,0.932325953,0.0003491526828059748
clsSOPT,3,0.9999,19,21,21,36,0.947629787,0.0005431729922525862
QDEIM,3,0.9999,19,21,21,36,0.93720191,0.0004938148312311519
clsQDEIM,3,0.9999,19,21,21,36,0.899421409,0.0008040277377458697
SOPT,3,0.9999,19,21,21,41,1.029325249,0.000391704477051771
clsSOPT,3,0.9999,19,21,21,41,1.027415885,0.0004062089991653304
QDEIM,3,0.9999,19,21,21,41,1.024143946,0.0004538467812482973
clsQDEIM,3,0.9999,19,21,21,41,1.007609331,0.0008759780770545247
SOPT,3,0.9999,19,21,21,46,1.091069452,9.483098478546131e-05
clsSOPT,3,0.9999,19,21,21,46,1.126039337,0.0005692427143931226
QDEIM,3,0.9999,19,21,21,46,1.11055938,0.0004523664656913839
clsQDEIM,3,0.9999,19,21,21,46,1.091169906,0.0009431653466101934
SOPT,3,0.9999,19,21,21,51,1.177717922,0.0001275541314282762
clsSOPT,3,0.9999,19,21,21,51,1.191146421,0.0003823222153909672
QDEIM,3,0.9999,19,21,21,51,1.205944833,0.0005169363837072338
clsQDEIM,3,0.9999,19,21,21,51,1.194579551,0.001151165428556786
SOPT,3,0.9999,19,21,21,56,1.265016247,0.0001035989957716561
clsSOPT,3,0.9999,19,21,21,56,1.274122441,0.00054629936495744
QDEIM,3,0.9999,19,21,21,56,1.285000709,0.0005851852949320644
clsQDEIM,3,0.9999,19,21,21,56,1.261829222,0.001373076426819123
SOPT,3,0.9999,19,21,21,61,1.361733948,0.0002160646370502662
clsSOPT,3,0.9999,19,21,21,61,1.375884706,0.0005697817189493371
QDEIM,3,0.9999,19,21,21,61,1.386124048,0.0006313809992749165
clsQDEIM,3,0.9999,19,21,21,61,1.348803239,0.0008896437521369944
SOPT,3,0.9999,19,21,21,66,1.427420193,0.0003588630051430592
clsSOPT,3,0.9999,19,21,21,66,1.446265433,0.0004116854630722505
QDEIM,3,0.9999,19,21,21,66,1.485115485,0.0002134094068738129
clsQDEIM,3,0.9999,19,21,21,66,1.427797459,0.0008058869019232118
SOPT,3,0.9999,19,21,21,71,1.514679458,0.000243610695968845
clsSOPT,3,0.9999,19,21,21,71,1.535617075,0.0004759556631366843
QDEIM,3,0.9999,19,21,21,71,1.558525974,0.0002899612159615341
clsQDEIM,3,0.9999,19,21,21,71,1.505687595,0.0006846526704352587
SOPT,3,0.9999,19,21,21,76,1.575217986,0.0002493341932578119
clsSOPT,3,0.9999,19,21,21,76,1.643751404,0.0005550380956531788
QDEIM,3,0.9999,19,21,21,76,1.610138158,0.0002713223438913925
clsQDEIM,3,0.9999,19,21,21,76,1.602179,0.001114845372269772
SOPT,3,0.9999,19,21,21,81,1.641327564,0.0002127570146686308
clsSOPT,3,0.9999,19,21,21,81,1.702765554,0.0005252724021338655
QDEIM,3,0.9999,19,21,21,81,1.683089322,0.0003885624668800481
clsQDEIM,3,0.9999,19,21,21,81,1.668467167,0.001117077115196457
SOPT,3,0.9999,19,21,21,86,1.703948074,0.0001715622043726401
clsSOPT,3,0.9999,19,21,21,86,1.788877859,0.0005871641715201707
QDEIM,3,0.9999,19,21,21,86,1.715114325,0.0004125742332355845
clsQDEIM,3,0.9999,19,21,21,86,1.761378773,0.001032500503577692
SOPT,3,0.9999,19,21,21,91,1.766257946,0.0001718468235094696
clsSOPT,3,0.9999,19,21,21,91,1.868481475,0.0006073472859668928
QDEIM,3,0.9999,19,21,21,91,1.778374088,0.0004317404361356047
clsQDEIM,3,0.9999,19,21,21,91,1.828399705,0.001033466754510472
SOPT,3,0.9999,19,21,21,96,1.833682227,0.00017077713323641
clsSOPT,3,0.9999,19,21,21,96,1.95378587,0.0005833162338669771
QDEIM,3,0.9999,19,21,21,96,1.86078489,0.000449091239820328
clsQDEIM,3,0.9999,19,21,21,96,1.919068816,0.001074746215099967
SOPT,3,0.9999,19,21,21,101,1.916122674,0.0001707771332366175
clsSOPT,3,0.9999,19,21,21,101,2.037614613,0.0004663248771541289
QDEIM,3,0.9999,19,21,21,101,1.928569599,0.0003444458098388372
clsQDEIM,3,0.9999,19,21,21,101,2.14373406,0.001104271489463032
SOPT,3,0.9999,19,21,21,106,1.994073183,0.0001707771332366215
clsSOPT,3,0.9999,19,21,21,106,2.123827125,0.0004540393344821273
QDEIM,3,0.9999,19,21,21,106,2.005607795,0.0003175935865118204
clsQDEIM,3,0.9999,19,21,21,106,2.064936477,0.001110790027197792
SOPT,3,0.9999,19,21,21,111,2.050302393,0.0001707771332366242
clsSOPT,3,0.9999,19,21,21,111,2.198870576,0.0005707826754639701
QDEIM,3,0.9999,19,21,21,111,2.036456407,0.0001547089043343372
clsQDEIM,3,0.9999,19,21,21,111,2.137745193,0.001297035042268672
SOPT,3,0.9999,19,21,21,116,2.148967617,0.0001707771332366259
clsSOPT,3,0.9999,19,21,21,116,2.277688322,0.0003237552192584985
QDEIM,3,0.9999,19,21,21,116,2.065925099,0.0005495379554749195
clsQDEIM,3,0.9999,19,21,21,116,2.180907994,0.00131009518807093
SOPT,3,0.9999,19,21,21,121,2.189779269,0.0001707771332366207
clsSOPT,3,0.9999,19,21,21,121,2.340853841,0.00033055700094205
QDEIM,3,0.9999,19,21,21,121,2.134472055,0.000181941123614464
clsQDEIM,3,0.9999,19,21,21,121,2.28707737,0.001312001485787576
SOPT,3,0.9999,19,21,21,126,2.255055271,0.0001707771332366138
clsSOPT,3,0.9999,19,21,21,126,2.424688666,0.0003428697258948196
QDEIM,3,0.9999,19,21,21,126,2.21521701,8.816874431021036e-05
clsQDEIM,3,0.9999,19,21,21,126,2.338008311,0.001336501964496911
SOPT,3,0.9999,19,21,21,131,2.76348445,0.0001707771332366223
clsSOPT,3,0.9999,19,21,21,131,4.236029105,0.0003436518207088391
QDEIM,3,0.9999,19,21,21,131,4.987039077,0.0001309800825379987
clsQDEIM,3,0.9999,19,21,21,131,2.396162182,0.001333825427324282
SOPT,3,0.9999,19,21,21,136,2.417815932,0.0001707771332366151
clsSOPT,3,0.9999,19,21,21,136,3.319047899,0.0003217303305935821
QDEIM,3,0.9999,19,21,21,136,2.356479478,0.0001626844045082633
clsQDEIM,3,0.9999,19,21,21,136,2.856272298,0.001319805355192574
SOPT,3,0.9999,19,21,21,141,2.548828246,0.000170777133236619
clsSOPT,3,0.9999,19,21,21,141,2.656057759,0.0004350255958605032
QDEIM,3,0.9999,19,21,21,141,2.404673929,0.0003502707576347014
clsQDEIM,3,0.9999,19,21,21,141,2.518582085,0.001273606474564894
SOPT,3,0.9999,19,21,21,146,2.541010968,0.0001707771332366195
clsSOPT,3,0.9999,19,21,21,146,2.712537901,0.0003481293530754241
QDEIM,3,0.9999,19,21,21,146,2.476084863,0.0004332548915826835
clsQDEIM,3,0.9999,19,21,21,146,2.581420344,0.001294754659299384
SOPT,3,0.9999,19,21,21,151,2.634731746,0.000170777133236623
clsSOPT,3,0.9999,19,21,21,151,2.796856534,0.000279174774992698
QDEIM,3,0.9999,19,21,21,151,2.561142704,0.0005190654671437075
clsQDEIM,3,0.9999,19,21,21,151,2.657170997,0.001272992864341154
SOPT,3,0.9999,19,21,21,156,2.701965484,0.0001707771332366221
clsSOPT,3,0.9999,19,21,21,156,2.904358366,0.0002782176056878311
QDEIM,3,0.9999,19,21,21,156,2.64821279,0.00053175357108218
clsQDEIM,3,0.9999,19,21,21,156,2.701938121,0.001267015639589396
SOPT,3,0.9999,19,21,21,161,2.768896531,0.0001685365243363389
clsSOPT,3,0.9999,19,21,21,161,2.913050532,0.0002928901963791611
QDEIM,3,0.9999,19,21,21,161,2.691815007,0.0005797177286366527
clsQDEIM,3,0.9999,19,21,21,161,2.755729791,0.001238236402268488
SOPT,3,0.9999,19,21,21,166,2.925714241,0.0001672386485756531
clsSOPT,3,0.9999,19,21,21,166,2.95559793,0.0002753728669788603
QDEIM,3,0.9999,19,21,21,166,2.757714869,9.372363018030227e-05
clsQDEIM,3,0.9999,19,21,21,166,2.79669278,0.001157835764243196
SOPT,3,0.9999,19,21,21,171,2.910193334,0.0001674200338501344
clsSOPT,3,0.9999,19,21,21,171,3.010409558,0.0002046528360710854
QDEIM,3,0.9999,19,21,21,171,2.827010072,8.824199733258383e-05
clsQDEIM,3,0.9999,19,21,21,171,2.854040147,0.001200043803510926
SOPT,3,0.9999,19,21,21,176,2.946929371,0.0001660824218747698
clsSOPT,3,0.9999,19,21,21,176,3.067225389,0.0002009871362187641
QDEIM,3,0.9999,19,21,21,176,2.890849608,0.0001029319496594994
clsQDEIM,3,0.9999,19,21,21,176,2.908628572,0.001106410751629161
SOPT,3,0.9999,19,21,21,181,3.032666064,0.0001648178291316032
clsSOPT,3,0.9999,19,21,21,181,3.145204217,0.0001526781482517966
QDEIM,3,0.9999,19,21,21,181,2.988470375,0.0001333204202063756
clsQDEIM,3,0.9999,19,21,21,181,2.986943808,0.001029060535157502
SOPT,3,0.9999,19,21,21,186,3.088031159,0.000166207788382378
clsSOPT,3,0.9999,19,21,21,186,3.186307178,0.0001541089059546754
QDEIM,3,0.9999,19,21,21,186,3.057695199,8.267730262906487e-05
clsQDEIM,3,0.9999,19,21,21,186,2.994210553,0.001088161864082293
SOPT,3,0.9999,19,21,21,191,3.114260083,0.0001698007678855151
clsSOPT,3,0.9999,19,21,21,191,3.232649374,0.0001551411083666708
QDEIM,3,0.9999,19,21,21,191,3.09184996,9.484522611143661e-05
clsQDEIM,3,0.9999,19,21,21,191,3.066215592,0.001091145029287128
SOPT,3,0.9999,19,21,21,196,3.127413052,0.0001720027210564973
clsSOPT,3,0.9999,19,21,21,196,3.319982549,0.0001553457026375033
QDEIM,3,0.9999,19,21,21,196,3.188876921,9.445776328357235e-05
clsQDEIM,3,0.9999,19,21,21,196,3.115908698,0.001132028043182723
SOPT,3,0.9999,19,21,21,201,3.206987592,0.0001722085315152244
clsSOPT,3,0.9999,19,21,21,201,3.397809282,0.0001553457026373004
QDEIM,3,0.9999,19,21,21,201,3.225687603,0.0001084355762669676
clsQDEIM,3,0.9999,19,21,21,201,3.183059124,0.001119296289252403
SOPT,3,0.9999,19,21,21,206,3.254448031,0.0001715206679643625
clsSOPT,3,0.9999,19,21,21,206,3.435668872,0.0001553457026374943
QDEIM,3,0.9999,19,21,21,206,3.28609884,0.0002165926984072943
clsQDEIM,3,0.9999,19,21,21,206,3.238850964,0.001204890193517837
SOPT,3,0.9999,19,21,21,211,3.321860573,0.0001700060565570162
clsSOPT,3,0.9999,19,21,21,211,3.484797603,0.0001553457026373017
QDEIM,3,0.9999,19,21,21,211,3.341549064,0.0002432560581264012
clsQDEIM,3,0.9999,19,21,21,211,3.284708545,0.001319520358174427
SOPT,3,0.9999,19,21,21,216,3.321230219,0.0001693511048638209
clsSOPT,3,0.9999,19,21,21,216,3.557924454,0.0001553457026377137
QDEIM,3,0.9999,19,21,21,216,3.384617379,0.0002906555333568656
clsQDEIM,3,0.9999,19,21,21,216,3.352352488,0.001304922976762539
SOPT,3,0.9999,19,21,21,221,3.370691947,0.0001690896675037053
clsSOPT,3,0.9999,19,21,21,221,3.593294895,0.0001553457026375072
QDEIM,3,0.9999,19,21,21,221,3.464486919,0.0002981572436235996
clsQDEIM,3,0.9999,19,21,21,221,3.417868392,0.001277820448478037
SOPT,3,0.9999,19,21,21,226,3.397050203,0.0001698511876899529
clsSOPT,3,0.9999,19,21,21,226,3.666650827,0.0001553457026375052
QDEIM,3,0.9999,19,21,21,226,3.735120108,0.0002012521030800854
clsQDEIM,3,0.9999,19,21,21,226,3.955089765,0.001263690360765103
SOPT,3,0.9999,19,21,21,231,3.48841003,0.0001646224818341929
clsSOPT,3,0.9999,19,21,21,231,3.763673817,0.0001553457026375038
QDEIM,3,0.9999,19,21,21,231,3.830951667,0.0001458362820899943
clsQDEIM,3,0.9999,19,21,21,231,4.332078245,0.001265866729990748
SOPT,3,0.9999,19,21,21,236,3.613529351,0.0001703707265368579
clsSOPT,3,0.9999,19,21,21,236,3.831519413,0.0001553457026373056
QDEIM,3,0.9999,19,21,21,236,3.578230379,0.0001496840373895068
clsQDEIM,3,0.9999,19,21,21,236,3.650503071,0.001323915289183253
SOPT,3,0.9999,19,21,21,241,3.644202309,0.0001036814213183786
clsSOPT,3,0.9999,19,21,21,241,3.903969644,0.0001553457026375044
QDEIM,3,0.9999,19,21,21,241,3.637180332,0.0001114015760982701
clsQDEIM,3,0.9999,19,21,21,241,3.676897671,0.001338435564418646
SOPT,3,0.9999,19,21,21,246,3.682285827,0.0002429874683761135
clsSOPT,3,0.9999,19,21,21,246,3.972155805,0.0001553457026375068
QDEIM,3,0.9999,19,21,21,246,3.931008695,8.313722028099031e-05
clsQDEIM,3,0.9999,19,21,21,246,3.711819325,0.001315229368716894
SOPT,3,0.9999,19,21,21,251,4.481420896,0.0001980065990010424
clsSOPT,3,0.9999,19,21,21,251,4.002972286,0.0001553457026373138
QDEIM,3,0.9999,19,21,21,251,3.838486184,0.0002642866103055945
clsQDEIM,3,0.9999,19,21,21,251,4.686839317,0.001280388313878504
SOPT,3,0.9999,19,21,21,256,4.217904733,0.0001307813518270637
clsSOPT,3,0.9999,19,21,21,256,5.489963477,0.0001553457026375052
QDEIM,3,0.9999,19,21,21,256,3.968543148,0.0002430500498236052
clsQDEIM,3,0.9999,19,21,21,256,4.413259094,0.00118849565793259
SOPT,3,0.9999,19,21,21,261,4.261262897,0.0002426991433708032
clsSOPT,3,0.9999,19,21,21,261,4.206493839,0.0001557929774400882
QDEIM,3,0.9999,19,21,21,261,4.248750039,0.0002406762013095103
clsQDEIM,3,0.9999,19,21,21,261,3.952089492,0.001228972558764884
SOPT,3,0.9999,19,21,21,266,7.300234382,0.0002594937167412627
clsSOPT,3,0.9999,19,21,21,266,4.241595397,0.000157785759722023
QDEIM,3,0.9999,19,21,21,266,3.865821686,0.0002720258040878853
clsQDEIM,3,0.9999,19,21,21,266,3.910345927,0.001210699038186948
SOPT,3,0.9999,19,21,21,271,4.033708318,0.0002234396756527172
clsSOPT,3,0.9999,19,21,21,271,4.367656977,0.0001588823407156026
QDEIM,3,0.9999,19,21,21,271,3.909723217,0.0002600118985718572
clsQDEIM,3,0.9999,19,21,21,271,3.930241206,0.001166556394752409
SOPT,4,0.99999,24,27,27,32,0.99326561,0.007887758844400851
clsSOPT,4,0.99999,24,27,27,32,0.978868784,0.006277258813631401
QDEIM,4,0.99999,24,27,27,32,0.9586568,0.003189256191765249
clsQDEIM,4,0.99999,24,27,27,32,0.952693911,0.0006832761599443719
SOPT,4,0.99999,24,27,27,37,1.049595709,0.006393552410525404
clsSOPT,4,0.99999,24,27,27,37,1.062848816,0.00705205214612985
QDEIM,4,0.99999,24,27,27,37,1.057709675,0.002024658372806224
clsQDEIM,4,0.99999,24,27,27,37,1.059085988,0.002157516217952522
SOPT,4,0.99999,24,27,27,42,1.152006635,0.004617694252451909
clsSOPT,4,0.99999,24,27,27,42,1.153225807,0.006583075152578373
QDEIM,4,0.99999,24,27,27,42,1.144254415,0.002277865421693438
clsQDEIM,4,0.99999,24,27,27,42,1.136358665,0.003333296601476825
SOPT,4,0.99999,24,27,27,47,1.246816425,0.002703816343031115
clsSOPT,4,0.99999,24,27,27,47,1.232447805,0.001830902077589511
QDEIM,4,0.99999,24,27,27,47,1.250026211,0.002161792109669821
clsQDEIM,4,0.99999,24,27,27,47,1.217865601,0.003541134074401236
SOPT,4,0.99999,24,27,27,52,1.322030646,0.002066639355926609
clsSOPT,4,0.99999,24,27,27,52,1.32486415,0.002104307956172101
QDEIM,4,0.99999,24,27,27,52,1.322022662,0.002060686762822572
clsQDEIM,4,0.99999,24,27,27,52,1.322074574,0.006598576469666492
SOPT,4,0.99999,24,27,27,57,1.40228267,0.002171942609143301
clsSOPT,4,0.99999,24,27,27,57,1.416889848,0.001393644263559461
QDEIM,4,0.99999,24,27,27,57,1.405623421,0.002674558255530122
clsQDEIM,4,0.99999,24,27,27,57,1.394791659,0.001812784784037722
SOPT,4,0.99999,24,27,27,62,1.497754916,0.002365740000794347
clsSOPT,4,0.99999,24,27,27,62,1.527413734,0.001103418543389189
QDEIM,4,0.99999,24,27,27,62,1.503874133,0.002349872528688075
clsQDEIM,4,0.99999,24,27,27,62,1.512001969,0.003921589147117182
SOPT,4,0.99999,24,27,27,67,1.592531219,0.002019412036646073
clsSOPT,4,0.99999,24,27,27,67,1.583970455,0.0007728094411330749
QDEIM,4,0.99999,24,27,27,67,1.552369726,0.002237808175828756
clsQDEIM,4,0.99999,24,27,27,67,1.579423714,0.003897240190853294
SOPT,4,0.99999,24,27,27,72,1.662340537,0.001383310135153922
clsSOPT,4,0.99999,24,27,27,72,1.675557106,9.765475811914467e-05
QDEIM,4,0.99999,24,27,27,72,1.625201555,0.002346191564565485
clsQDEIM,4,0.99999,24,27,27,72,1.674897445,0.003700897514800231
SOPT,4,0.99999,24,27,27,77,1.751841145,0.001870044883029166
clsSOPT,4,0.99999,24,27,27,77,1.747925703,0.0004511652082500602
QDEIM,4,0.99999,24,27,27,77,1.69954894,0.001964250817863333
clsQDEIM,4,0.99999,24,27,27,77,1.7576254,0.003574486317996244
SOPT,4,0.99999,24,27,27,82,1.838612283,0.001369420632442646
clsSOPT,4,0.99999,24,27,27,82,1.837928472,0.0003284916019467486
QDEIM,4,0.99999,24,27,27,82,1.762002392,0.001860179727535764
clsQDEIM,4,0.99999,24,27,27,82,1.82493223,0.003735277727619162
SOPT,4,0.99999,24,27,27,87,1.879724919,0.001131763722366952
clsSOPT,4,0.99999,24,27,27,87,1.928773055,0.001924003659141748
QDEIM,4,0.99999,24,27,27,87,1.843694532,0.002292083692188011
clsQDEIM,4,0.99999,24,27,27,87,1.911361524,0.004434763906305883
SOPT,4,0.99999,24,27,27,92,1.970424158,0.001779189193286656
clsSOPT,4,0.99999,24,27,27,92,2.99495817,0.001076574751141793
QDEIM,4,0.99999,24,27,27,92,4.009783704,0.002413896350075039
clsQDEIM,4,0.99999,24,27,27,92,1.993539464,0.005550937899032151
SOPT,4,0.99999,24,27,27,97,2.032692695,0.001544440409131028
clsSOPT,4,0.99999,24,27,27,97,2.088226142,0.0004287051686798417
QDEIM,4,0.99999,24,27,27,97,1.995628005,0.002207102576734191
clsQDEIM,4,0.99999,24,27,27,97,2.059000894,0.00586995088756071
SOPT,4,0.99999,24,27,27,102,2.099666909,0.001276814919934021
clsSOPT,4,0.99999,24,27,27,102,2.166520008,0.0002626003303448649
QDEIM,4,0.99999,24,27,27,102,2.039330745,0.002284995810965547
clsQDEIM,4,0.99999,24,27,27,102,2.13934676,0.005888714088602775
SOPT,4,0.99999,24,27,27,107,2.154984065,0.001099219151333771
clsSOPT,4,0.99999,24,27,27,107,2.24641616,0.0005692147000707753
QDEIM,4,0.99999,24,27,27,107,2.095095515,0.002341165647755033
clsQDEIM,4,0.99999,24,27,27,107,2.240977651,0.005954623681927219
SOPT,4,0.99999,24,27,27,112,2.207887579,0.000862235294151665
clsSOPT,4,0.99999,24,27,27,112,2.328825992,0.0004259852999302244
QDEIM,4,0.99999,24,27,27,112,2.170601739,0.003552313215451224
clsQDEIM,4,0.99999,24,27,27,112,2.283466695,0.006615356740237947
SOPT,4,0.99999,24,27,27,117,2.280797668,0.0009991975048945941
clsSOPT,4,0.99999,24,27,27,117,2.397198036,0.0001356535294725821
QDEIM,4,0.99999,24,27,27,117,2.220446938,0.003677873647435966
clsQDEIM,4,0.99999,24,27,27,117,2.345850595,0.006764300260720185
SOPT,4,0.99999,24,27,27,122,2.396004857,0.0002034404527425007
clsSOPT,4,0.99999,24,27,27,122,2.482063698,0.001289115497178011
QDEIM,4,0.99999,24,27,27,122,2.291805881,0.00384952272239008
clsQDEIM,4,0.99999,24,27,27,122,2.417057325,0.007880756490304472
SOPT,4,0.99999,24,27,27,127,2.439353445,0.0003984903066571283
clsSOPT,4,0.99999,24,27,27,127,2.919616127,0.001102005296286299
QDEIM,4,0.99999,24,27,27,127,2.363998365,0.003776693456538123
clsQDEIM,4,0.99999,24,27,27,127,2.926523651,0.008674469081894003
SOPT,4,0.99999,24,27,27,132,4.013591405,0.0002007799379517891
clsSOPT,4,0.99999,24,27,27,132,2.633742164,0.000571254159683553
QDEIM,4,0.99999,24,27,27,132,2.472807201,0.003645288442673576
clsQDEIM,4,0.99999,24,27,27,132,2.569905524,0.008611540752355535
SOPT,4,0.99999,24,27,27,137,2.598965324,0.0004029393380382983
clsSOPT,4,0.99999,24,27,27,137,2.701009156,0.000209216357176603
QDEIM,4,0.99999,24,27,27,137,2.451859405,0.003743552590084338
clsQDEIM,4,0.99999,24,27,27,137,2.59492126,0.008546605375790158
SOPT,4,0.99999,24,27,27,142,2.850703173,0.0007472535055460789
clsSOPT,4,0.99999,24,27,27,142,5.531559376,7.713777252197806e-05
QDEIM,4,0.99999,24,27,27,142,2.814156171,0.004941505034903632
clsQDEIM,4,0.99999,24,27,27,142,2.717318369,0.008859586435090145
SOPT,4,0.99999,24,27,27,147,2.731466311,0.000384940628375855
clsSOPT,4,0.99999,24,27,27,147,2.845726946,0.0001957055088472077
QDEIM,4,0.99999,24,27,27,147,2.625195762,0.004916183548691087
clsQDEIM,4,0.99999,24,27,27,147,2.729550313,0.008120671638230652
SOPT,4,0.99999,24,27,27,152,2.785114035,3.813496529821889e-05
clsSOPT,4,0.99999,24,27,27,152,2.926005475,0.0002090315199725425
QDEIM,4,0.99999,24,27,27,152,2.691370914,0.00497668992493683
clsQDEIM,4,0.99999,24,27,27,152,2.78824819,0.008365149808458998
SOPT,4,0.99999,24,27,27,157,2.8837437,0.0001851434526796355
clsSOPT,4,0.99999,24,27,27,157,2.986081939,0.000293771891674889
QDEIM,4,0.99999,24,27,27,157,3.03004895,0.005017041927582054
clsQDEIM,4,0.99999,24,27,27,157,2.840184401,0.008041561259553973
SOPT,4,0.99999,24,27,27,162,3.054624654,0.0004130791698651187
clsSOPT,4,0.99999,24,27,27,162,3.115071948,0.0005905162246279678
QDEIM,4,0.99999,24,27,27,162,2.836473227,0.006716537069149125
clsQDEIM,4,0.99999,24,27,27,162,2.932005105,0.01062615788469494
SOPT,4,0.99999,24,27,27,167,3.029791129,0.0003594852740475169
clsSOPT,4,0.99999,24,27,27,167,3.163358991,0.0008269679641862038
QDEIM,4,0.99999,24,27,27,167,2.84844167,0.006548639941442181
clsQDEIM,4,0.99999,24,27,27,167,3.05369183,0.01127501980676918
SOPT,4,0.99999,24,27,27,172,3.133856899,8.725096051881815e-05
clsSOPT,4,0.99999,24,27,27,172,3.259945263,0.0006738271074501452
QDEIM,4,0.99999,24,27,27,172,2.932678378,0.006799123076195119
clsQDEIM,4,0.99999,24,27,27,172,3.970048187,0.01124674943922937
SOPT,4,0.99999,24,27,27,177,3.217232704,0.0002133718468191765
clsSOPT,4,0.99999,24,27,27,177,3.273300662,0.0004228170543696103
QDEIM,4,0.99999,24,27,27,177,2.987572535,0.006822450469615104
clsQDEIM,4,0.99999,24,27,27,177,3.125279924,0.01129679289721885
SOPT,4,0.99999,24,27,27,182,3.25949526,5.155100082924634e-05
clsSOPT,4,0.99999,24,27,27,182,3.374403605,0.0004713819810933357
QDEIM,4,0.99999,24,27,27,182,3.016686048,0.006974700304400402
clsQDEIM,4,0.99999,24,27,27,182,3.192488648,0.01130504606021958
SOPT,4,0.99999,24,27,27,187,4.725015643,0.0003369763057186773
clsSOPT,4,0.99999,24,27,27,187,3.430690653,0.0003702415784428527
QDEIM,4,0.99999,24,27,27,187,3.100284918,0.00682994166962792
clsQDEIM,4,0.99999,24,27,27,187,3.251029253,0.009291942925405075
SOPT,4,0.99999,24,27,27,192,3.407340302,0.0005109642108021134
clsSOPT,4,0.99999,24,27,27,192,3.476280026,0.0005342999528145292
QDEIM,4,0.99999,24,27,27,192,3.19702727,0.006852256135984774
clsQDEIM,4,0.99999,24,27,27,192,3.341628874,0.008295730530531967
SOPT,4,0.99999,24,27,27,197,3.440549338,0.000679793308463405
clsSOPT,4,0.99999,24,27,27,197,3.539142371,0.000395944569768327
QDEIM,4,0.99999,24,27,27,197,3.272368439,0.006710215083637327
clsQDEIM,4,0.99999,24,27,27,197,3.412011182,0.008520972926114255
SOPT,4,0.99999,24,27,27,202,3.541531774,0.0008008844596479486
clsSOPT,4,0.99999,24,27,27,202,3.621705275,0.0001353078757533791
QDEIM,4,0.99999,24,27,27,202,3.347166121,0.001325616142241856
clsQDEIM,4,0.99999,24,27,27,202,3.504813698,0.008926129512025479
SOPT,4,0.99999,24,27,27,207,3.599430389,0.0008672091826763414
clsSOPT,4,0.99999,24,27,27,207,3.681870814,4.911996462294305e-05
QDEIM,4,0.99999,24,27,27,207,3.377979492,0.001344978292056859
clsQDEIM,4,0.99999,24,27,27,207,3.575021904,0.008933456051555426
SOPT,4,0.99999,24,27,27,212,3.714255165,0.0008672091826763464
clsSOPT,4,0.99999,24,27,27,212,3.748660191,0.0003761733402095192
QDEIM,4,0.99999,24,27,27,212,3.421203045,0.002972000266626587
clsQDEIM,4,0.99999,24,27,27,212,3.674061324,0.008864479113296232
SOPT,4,0.99999,24,27,27,217,3.740670847,0.0008672091826761203
clsSOPT,4,0.99999,24,27,27,217,3.825761129,0.0003575890215231223
QDEIM,4,0.99999,24,27,27,217,3.524279432,0.003728518995052765
clsQDEIM,4,0.99999,24,27,27,217,3.726944987,0.008831093668568544
SOPT,4,0.99999,24,27,27,222,3.807148232,0.0008672091826763448
clsSOPT,4,0.99999,24,27,27,222,4.069067028,0.0005158062118928614
QDEIM,4,0.99999,24,27,27,222,3.596402739,0.003410663071023176
clsQDEIM,4,0.99999,24,27,27,222,3.807609285,0.008825453632405689
SOPT,4,0.99999,24,27,27,227,3.880472286,0.000867209182676128
clsSOPT,4,0.99999,24,27,27,227,4.050130756,0.000649875912319971
QDEIM,4,0.99999,24,27,27,227,4.190661743,0.003369550102710957
clsQDEIM,4,0.99999,24,27,27,227,3.848770552,0.008681178321844356
SOPT,4,0.99999,24,27,27,232,3.949340102,0.0008672091826758803
clsSOPT,4,0.99999,24,27,27,232,4.042459011,0.0008719459588333718
QDEIM,4,0.99999,24,27,27,232,3.701143939,0.003222137966420365
clsQDEIM,4,0.99999,24,27,27,232,3.944077679,0.008379472715542525
SOPT,4,0.99999,24,27,27,237,3.985582948,0.0008672091826761321
clsSOPT,4,0.99999,24,27,27,237,4.120023401,0.0004545176690593472
QDEIM,4,0.99999,24,27,27,237,3.787351656,0.00347941503960593
clsQDEIM,4,0.99999,24,27,27,237,3.982859204,0.008026021320176603
SOPT,4,0.99999,24,27,27,242,4.072452909,0.0008672091826758871
clsSOPT,4,0.99999,24,27,27,242,4.104820375,0.0004739478349982029
QDEIM,4,0.99999,24,27,27,242,3.83221156,0.00348129073697904
clsQDEIM,4,0.99999,24,27,27,242,4.116611749,0.007502069218400022
SOPT,4,0.99999,24,27,27,247,4.154749811,0.0008672091826758778
clsSOPT,4,0.99999,24,27,27,247,4.184938744,0.0006168894737626359
QDEIM,4,0.99999,24,27,27,247,3.870725021,0.004816231216097274
clsQDEIM,4,0.99999,24,27,27,247,4.089709499,0.007665884627462474
SOPT,4,0.99999,24,27,27,252,4.165824718,0.0008672091826761271
clsSOPT,4,0.99999,24,27,27,252,4.269607599,0.0002590364247886884
QDEIM,4,0.99999,24,27,27,252,3.923353245,0.004785252285203797
clsQDEIM,4,0.99999,24,27,27,252,4.139887616,0.007572690893019276
SOPT,4,0.99999,24,27,27,257,4.247782302,0.0008672091826756552
clsSOPT,4,0.99999,24,27,27,257,4.325519194,0.0003556168423802686
QDEIM,4,0.99999,24,27,27,257,3.981959558,0.005400832005697942
clsQDEIM,4,0.99999,24,27,27,257,5.372323975,0.007598081451075894
SOPT,4,0.99999,24,27,27,262,4.332472223,0.0008672091826763472
clsSOPT,4,0.99999,24,27,27,262,4.379711452,0.0006117156225064088
QDEIM,4,0.99999,24,27,27,262,4.672474755,0.005924610256020651
clsQDEIM,4,0.99999,24,27,27,262,7.464049174,0.007588392802768469
SOPT,4,0.99999,24,27,27,267,4.455328172,0.0008672091826761355
clsSOPT,4,0.99999,24,27,27,267,4.497796944,0.0003726928219636074
QDEIM,4,0.99999,24,27,27,267,4.094151963,0.00604257034166764
clsQDEIM,4,0.99999,24,27,27,267,4.250915199,0.007570031082177147
SOPT,4,0.99999,24,27,27,272,4.49871566,0.0008952024469996911
clsSOPT,4,0.99999,24,27,27,272,4.533289029000001,0.000222746309221529
QDEIM,4,0.99999,24,27,27,272,4.147658918999999,0.006043343263545743
clsQDEIM,4,0.99999,24,27,27,272,4.261687236,0.007594896579527722
SOPT,4,0.99999,24,27,27,277,4.524823877,0.0008134541325010836
clsSOPT,4,0.99999,24,27,27,277,4.624758784,0.0001733744859253207
QDEIM,4,0.99999,24,27,27,277,4.164842186,0.006304697875643436
clsQDEIM,4,0.99999,24,27,27,277,4.353385628,0.007567121506648979
SOPT,5,0.999999,29,32,32,37,,
clsSOPT,5,0.999999,29,32,32,37,1.268717081,0.01046316677635836
QDEIM,5,0.999999,29,32,32,37,1.249949654,0.003605720571967935
clsQDEIM,5,0.999999,29,32,32,37,1.283760599,0.009471311547474106
SOPT,5,0.999999,29,32,32,42,1.390544959,0.006149297359191589
clsSOPT,5,0.999999,29,32,32,42,,
QDEIM,5,0.999999,29,32,32,42,1.486201047,0.01795664126753971
clsQDEIM,5,0.999999,29,32,32,42,1.378362054,0.006961808377980502
SOPT,5,0.999999,29,32,32,47,1.562220251,0.1138088781136705
clsSOPT,5,0.999999,29,32,32,47,1.63053807,0.0676250471846868
QDEIM,5,0.999999,29,32,32,47,1.535061037,0.0518932337418836
clsQDEIM,5,0.999999,29,32,32,47,,
SOPT,5,0.999999,29,32,32,52,,
clsSOPT,5,0.999999,29,32,32,52,1.505650246,0.002542713591493357
QDEIM,5,0.999999,29,32,32,52,1.738857218,0.7305670185801559
clsQDEIM,5,0.999999,29,32,32,52,1.65099066,0.006046552562226638
SOPT,5,0.999999,29,32,32,57,1.964661341,2.353827037826559
clsSOPT,5,0.999999,29,32,32,57,1.583628592,0.00221047425975596
QDEIM,5,0.999999,29,32,32,57,1.841540293,1.242600883270425
clsQDEIM,5,0.999999,29,32,32,57,1.66685753,0.005755531713473546
SOPT,5,0.999999,29,32,32,62,1.709810546,0.0003528087591338019
clsSOPT,5,0.999999,29,32,32,62,1.660676227,0.001652969098732901
QDEIM,5,0.999999,29,32,32,62,,
clsQDEIM,5,0.999999,29,32,32,62,1.675217292,0.004353126774706225
SOPT,5,0.999999,29,32,32,67,1.776897395,0.0003516093639998222
clsSOPT,5,0.999999,29,32,32,67,1.762903106,0.001287984542270416
QDEIM,5,0.999999,29,32,32,67,1.91927327,0.1509666076659855
clsQDEIM,5,0.999999,29,32,32,67,1.798948126,0.004134069409290002
SOPT,5,0.999999,29,32,32,72,1.84434443,0.0001041783287920148
clsSOPT,5,0.999999,29,32,32,72,1.860453961,0.001682621906582953
QDEIM,5,0.999999,29,32,32,72,1.880562253,0.006609503313338392
clsQDEIM,5,0.999999,29,32,32,72,,
SOPT,5,0.999999,29,32,32,77,1.951106312,0.0005974399134239054
clsSOPT,5,0.999999,29,32,32,77,1.927706081,0.001579777239878061
QDEIM,5,0.999999,29,32,32,77,2.05055087,0.0191481616010056
clsQDEIM,5,0.999999,29,32,32,77,,
SOPT,5,0.999999,29,32,32,82,2.029944825,0.0009280030280929758
clsSOPT,5,0.999999,29,32,32,82,2.018945083,0.001860128946127222
QDEIM,5,0.999999,29,32,32,82,2.419769196,1.001287519940617
clsQDEIM,5,0.999999,29,32,32,82,2.225369269,0.003974193364122423
SOPT,5,0.999999,29,32,32,87,2.145277312,0.001123275655024722
clsSOPT,5,0.999999,29,32,32,87,2.087819131,0.002276395172611022
QDEIM,5,0.999999,29,32,32,87,2.373579646,0.07929329205671287
clsQDEIM,5,0.999999,29,32,32,87,2.226060014,0.004341237821461216
SOPT,5,0.999999,29,32,32,92,2.195287728,0.001040124681452628
clsSOPT,5,0.999999,29,32,32,92,2.168893513,0.001851477540262565
QDEIM,5,0.999999,29,32,32,92,2.218259916,0.01538001438095357
clsQDEIM,5,0.999999,29,32,32,92,,
SOPT,5,0.999999,29,32,32,97,2.317912341,0.0009672166520443947
clsSOPT,5,0.999999,29,32,32,97,2.272530868,0.001474167891209642
