method,energy_frac,rwdim,rrdim,nldim,nsr,time,error
SOPT,0,0.9,4,6,6,10,0.282030005,0.01754262406593047
clsSOPT,0,0.9,4,6,6,10,0.281211499,0.0182159703882934
gappy-POD,0,0.9,4,6,6,10,0.289992383,0.01774212159226573
clsgappy-POD,0,0.9,4,6,6,10,0.304700233,1.375912702186771
QDEIM,0,0.9,4,6,6,10,0.281347897,0.0178454955478101
clsQDEIM,0,0.9,4,6,6,10,0.279471197,0.01695684766683763
SOPT,0,0.9,4,6,6,20,0.4531326919999999,0.01776475815402264
clsSOPT,0,0.9,4,6,6,20,0.4605012589999999,0.01821597038829341
gappy-POD,0,0.9,4,6,6,20,0.451435077,0.01774212159226573
clsgappy-POD,0,0.9,4,6,6,20,0.5055113999999999,1.375912702186757
QDEIM,0,0.9,4,6,6,20,0.444244267,0.01742841346851322
clsQDEIM,0,0.9,4,6,6,20,0.454698316,0.01720555725818722
SOPT,0,0.9,4,6,6,30,0.585718355,0.01776475815402265
clsSOPT,0,0.9,4,6,6,30,0.6136376130000001,0.01821597038829341
gappy-POD,0,0.9,4,6,6,30,0.6032810479999999,0.01774212159226573
clsgappy-POD,0,0.9,4,6,6,30,0.683706688,1.375912702186746
QDEIM,0,0.9,4,6,6,30,0.6120364380000001,0.01741399201298576
clsQDEIM,0,0.9,4,6,6,30,0.599149413,0.01709331631237557
SOPT,0,0.9,4,6,6,40,0.738653008,0.01776475815402265
clsSOPT,0,0.9,4,6,6,40,0.779724266,0.01821597038829343
gappy-POD,0,0.9,4,6,6,40,0.764322885,0.01774212159226574
clsgappy-POD,0,0.9,4,6,6,40,0.853857445,1.375912702186766
QDEIM,0,0.9,4,6,6,40,0.79892211,0.0173725189426331
clsQDEIM,0,0.9,4,6,6,40,0.770242203,0.01710920656312056
SOPT,0,0.9,4,6,6,50,0.8766410689999999,0.01776475815402266
clsSOPT,0,0.9,4,6,6,50,0.926852249,0.01821597038829339
gappy-POD,0,0.9,4,6,6,50,0.907847005,0.01774290340648678
clsgappy-POD,0,0.9,4,6,6,50,1.060731807,1.443581955855513
QDEIM,0,0.9,4,6,6,50,0.969687845,0.01735321371047383
clsQDEIM,0,0.9,4,6,6,50,0.933151065,0.01733608462218476
SOPT,0,0.9,4,6,6,60,1.045491167,0.01776475815402266
clsSOPT,0,0.9,4,6,6,60,1.096942416,0.01821597038829338
gappy-POD,0,0.9,4,6,6,60,1.079615242,0.01774095719613508
clsgappy-POD,0,0.9,4,6,6,60,1.213445816,1.46761428045667
QDEIM,0,0.9,4,6,6,60,1.145261075,0.01738707420865765
clsQDEIM,0,0.9,4,6,6,60,1.079055093,0.01716521255125861
SOPT,0,0.9,4,6,6,70,1.181641754,0.01776475815402266
clsSOPT,0,0.9,4,6,6,70,1.283061322,0.0182159703882934
gappy-POD,0,0.9,4,6,6,70,1.250616098,0.01774091450518719
clsgappy-POD,0,0.9,4,6,6,70,1.367510604,1.49768396964476
QDEIM,0,0.9,4,6,6,70,1.340141648,0.01745298479371689
clsQDEIM,0,0.9,4,6,6,70,1.191263331,0.01722138800767333
SOPT,0,0.9,4,6,6,80,1.337765826,0.01776475815402265
clsSOPT,0,0.9,4,6,6,80,1.378384259,0.01821597036304116
gappy-POD,0,0.9,4,6,6,80,1.407922733,0.01774012383648598
clsgappy-POD,0,0.9,4,6,6,80,1.529285494,1.512245790858632
QDEIM,0,0.9,4,6,6,80,1.476556198,0.01749717534051856
clsQDEIM,0,0.9,4,6,6,80,1.323620197,0.01728280689013809
SOPT,0,0.9,4,6,6,90,1.456515368,0.0177648357865286
clsSOPT,0,0.9,4,6,6,90,1.507100689,0.01798533856954301
gappy-POD,0,0.9,4,6,6,90,1.556985959,0.01773929257742515
clsgappy-POD,0,0.9,4,6,6,90,1.64626462,1.512769008926943
QDEIM,0,0.9,4,6,6,90,1.645962349,0.01751453467486563
clsQDEIM,0,0.9,4,6,6,90,1.482262057,0.0172350611695144
SOPT,0,0.9,4,6,6,100,1.51635013,0.0177653643214599
clsSOPT,0,0.9,4,6,6,100,1.666407195,0.01779249557755806
gappy-POD,0,0.9,4,6,6,100,1.679014235,0.01771287197887435
clsgappy-POD,0,0.9,4,6,6,100,1.768413172,1.533055526988634
QDEIM,0,0.9,4,6,6,100,1.791819657,0.01757106390985176
clsQDEIM,0,0.9,4,6,6,100,1.663844774,0.01721661737736332
SOPT,0,0.9,4,6,6,110,1.625368784,0.01776425792286128
clsSOPT,0,0.9,4,6,6,110,1.768068762,0.0177483630193918
gappy-POD,0,0.9,4,6,6,110,1.835939153,0.01767828266610787
clsgappy-POD,0,0.9,4,6,6,110,2.22391442,1.207508502719687
QDEIM,0,0.9,4,6,6,110,1.981594637,0.01759289224392053
clsQDEIM,0,0.9,4,6,6,110,1.813415693,0.01728288087776736
SOPT,0,0.9,4,6,6,120,1.690308102,0.01776373297979693
clsSOPT,0,0.9,4,6,6,120,1.899023508,0.01785701511630516
gappy-POD,0,0.9,4,6,6,120,1.942939799,0.01767112908207834
clsgappy-POD,0,0.9,4,6,6,120,2.46864242,1.118877146401355
QDEIM,0,0.9,4,6,6,120,2.166361528,0.0176597835665267
clsQDEIM,0,0.9,4,6,6,120,1.958241128,0.01735322870600421
SOPT,0,0.9,4,6,6,130,1.807240501,0.01776331234866171
clsSOPT,0,0.9,4,6,6,130,2.009222637,0.01789383459266003
gappy-POD,0,0.9,4,6,6,130,2.096344191,0.0176582078985482
clsgappy-POD,0,0.9,4,6,6,130,2.607427392,1.499977664245957
QDEIM,0,0.9,4,6,6,130,2.294916427,0.01771953183329297
clsQDEIM,0,0.9,4,6,6,130,2.132122211,0.01744494624433613
SOPT,0,0.9,4,6,6,140,1.935675747,0.01776192102522243
clsSOPT,0,0.9,4,6,6,140,2.15211513,0.01789655675296902
gappy-POD,0,0.9,4,6,6,140,2.206295982,0.01764896063881623
clsgappy-POD,0,0.9,4,6,6,140,2.813272223,1.476625991041077
QDEIM,0,0.9,4,6,6,140,2.411176234,0.01779297468256128
clsQDEIM,0,0.9,4,6,6,140,2.306691657,0.01770978240485358
SOPT,0,0.9,4,6,6,150,2.010543586,0.01776070211528082
clsSOPT,0,0.9,4,6,6,150,2.279160505,0.01791905885513688
gappy-POD,0,0.9,4,6,6,150,2.301393905,0.01765075016974182
clsgappy-POD,0,0.9,4,6,6,150,2.983470416,1.520750512323787
QDEIM,0,0.9,4,6,6,150,2.573273162,0.01785854059901462
clsQDEIM,0,0.9,4,6,6,150,2.377416262,0.01784409580881232
SOPT,0,0.9,4,6,6,160,2.085299662,0.01776024643636692
clsSOPT,0,0.9,4,6,6,160,2.404499166,0.01793249276007278
gappy-POD,0,0.9,4,6,6,160,2.423497587,0.01764709701224992
clsgappy-POD,0,0.9,4,6,6,160,,
QDEIM,0,0.9,4,6,6,160,2.70052056,0.01803828212707835
clsQDEIM,0,0.9,4,6,6,160,2.521091007,0.01778371575602932
SOPT,0,0.9,4,6,6,170,2.203434844,0.01775893594005565
clsSOPT,0,0.9,4,6,6,170,2.546291979,0.01791897735783309
gappy-POD,0,0.9,4,6,6,170,2.535059881,0.01782335565334433
clsgappy-POD,0,0.9,4,6,6,170,,
QDEIM,0,0.9,4,6,6,170,2.80255772,0.0180282247732146
clsQDEIM,0,0.9,4,6,6,170,2.631067946,0.01771442204952511
SOPT,0,0.9,4,6,6,180,2.246572504,0.01775891229103383
clsSOPT,0,0.9,4,6,6,180,2.653972356,0.01795162598739291
gappy-POD,0,0.9,4,6,6,180,2.649897182,0.01782559433484218
clsgappy-POD,0,0.9,4,6,6,180,,
QDEIM,0,0.9,4,6,6,180,2.937321318,0.01798426432435901
clsQDEIM,0,0.9,4,6,6,180,2.688706382,0.0176247515726397
SOPT,0,0.9,4,6,6,190,2.27393086,0.01775811244831104
clsSOPT,0,0.9,4,6,6,190,2.783277912,0.01795613823970195
gappy-POD,0,0.9,4,6,6,190,2.721590558,0.01782299946579328
clsgappy-POD,0,0.9,4,6,6,190,,
QDEIM,0,0.9,4,6,6,190,3.009577796,0.01799662904890654
clsQDEIM,0,0.9,4,6,6,190,2.832137147,0.0177819403284805
SOPT,0,0.9,4,6,6,200,2.360089353,0.01775795929374441
clsSOPT,0,0.9,4,6,6,200,2.9092027,0.01795897763887784
gappy-POD,0,0.9,4,6,6,200,2.837274875,0.01781149073357512
clsgappy-POD,0,0.9,4,6,6,200,,
QDEIM,0,0.9,4,6,6,200,3.124713721,0.01799631814884889
clsQDEIM,0,0.9,4,6,6,200,2.945453561,0.01780202701839483
SOPT,0,0.9,4,6,6,210,2.462297105,0.01775825022398721
clsSOPT,0,0.9,4,6,6,210,3.043343868,0.01798142543551058
gappy-POD,0,0.9,4,6,6,210,2.956103192,0.01781009363881201
clsgappy-POD,0,0.9,4,6,6,210,,
QDEIM,0,0.9,4,6,6,210,3.19389731,0.01794717744359628
clsQDEIM,0,0.9,4,6,6,210,3.042018817,0.01783808969719259
SOPT,0,0.9,4,6,6,220,2.531693455,0.01775921605599012
clsSOPT,0,0.9,4,6,6,220,3.177243685,0.01797974059566547
gappy-POD,0,0.9,4,6,6,220,3.054827512,0.01774111179389825
clsgappy-POD,0,0.9,4,6,6,220,,
QDEIM,0,0.9,4,6,6,220,3.304848595,0.01793549911257441
clsQDEIM,0,0.9,4,6,6,220,3.146298429,0.01788373321402229
SOPT,0,0.9,4,6,6,230,2.589622451,0.01776125896769216
clsSOPT,0,0.9,4,6,6,230,3.280153,0.01797697028422309
gappy-POD,0,0.9,4,6,6,230,3.145115388,0.01776565512523412
clsgappy-POD,0,0.9,4,6,6,230,,
QDEIM,0,0.9,4,6,6,230,3.392757856,0.01791447598539674
clsQDEIM,0,0.9,4,6,6,230,3.280186112,0.01787878247384195
SOPT,1,0.99,9,11,11,10,,
clsSOPT,1,0.99,9,11,11,10,,
gappy-POD,1,0.99,9,11,11,10,,
clsgappy-POD,1,0.99,9,11,11,10,,
QDEIM,1,0.99,9,11,11,10,,
clsQDEIM,1,0.99,9,11,11,10,,
SOPT,1,0.99,9,11,11,20,0.5081563290000001,0.002692075078955908
clsSOPT,1,0.99,9,11,11,20,0.516791388,0.00284804465425728
gappy-POD,1,0.99,9,11,11,20,0.511882774,0.003046327255927172
clsgappy-POD,1,0.99,9,11,11,20,0.619406176,1.306586424452258
QDEIM,1,0.99,9,11,11,20,0.529123452,0.003059983286334612
clsQDEIM,1,0.99,9,11,11,20,0.5271174740000001,0.002774538128471536
SOPT,1,0.99,9,11,11,30,0.6659719160000001,0.002767868314747392
clsSOPT,1,0.99,9,11,11,30,0.6829721769999999,0.002848044654257318
gappy-POD,1,0.99,9,11,11,30,0.674179254,0.003046327255927258
clsgappy-POD,1,0.99,9,11,11,30,0.833437782,1.306586424452264
QDEIM,1,0.99,9,11,11,30,0.7117788150000001,0.003013939121575405
clsQDEIM,1,0.99,9,11,11,30,0.715143459,0.002897250522256632
SOPT,1,0.99,9,11,11,40,0.77656506,0.00276616806578165
clsSOPT,1,0.99,9,11,11,40,0.852330311,0.002848044654257315
gappy-POD,1,0.99,9,11,11,40,0.863110172,0.003046327255927183
clsgappy-POD,1,0.99,9,11,11,40,1.096896609,1.306586424452263
QDEIM,1,0.99,9,11,11,40,0.8548323879999999,0.003085399891238639
clsQDEIM,1,0.99,9,11,11,40,0.852082514,0.00294301863225928
SOPT,1,0.99,9,11,11,50,0.869981233,0.00276393183882457
clsSOPT,1,0.99,9,11,11,50,1.020884151,0.002848044654257295
gappy-POD,1,0.99,9,11,11,50,1.023354596,0.003046327255927184
clsgappy-POD,1,0.99,9,11,11,50,1.258575239,1.306586424452271
QDEIM,1,0.99,9,11,11,50,1.002222141,0.003090435925060057
clsQDEIM,1,0.99,9,11,11,50,1.010406006,0.002808967888455175
SOPT,1,0.99,9,11,11,60,1.0182091,0.002762886443798687
clsSOPT,1,0.99,9,11,11,60,1.183521144,0.002848044654257292
gappy-POD,1,0.99,9,11,11,60,1.185550633,0.003046327255927137
clsgappy-POD,1,0.99,9,11,11,60,1.477327216,1.306586424452271
QDEIM,1,0.99,9,11,11,60,1.14375212,0.003086412370348194
clsQDEIM,1,0.99,9,11,11,60,1.195311814,0.002776716319554404
SOPT,1,0.99,9,11,11,70,1.161993129,0.002762363542613127
clsSOPT,1,0.99,9,11,11,70,1.341007207,0.002848044654257328
gappy-POD,1,0.99,9,11,11,70,1.348341301,0.003046327255927258
clsgappy-POD,1,0.99,9,11,11,70,1.680839497,1.306586424452283
QDEIM,1,0.99,9,11,11,70,1.311753293,0.003017559570383643
clsQDEIM,1,0.99,9,11,11,70,1.343488302,0.002786887446747622
SOPT,1,0.99,9,11,11,80,1.29477885,0.002762363542613115
clsSOPT,1,0.99,9,11,11,80,1.513280459,0.00287147960913975
gappy-POD,1,0.99,9,11,11,80,1.486268858,0.00304632725592728
clsgappy-POD,1,0.99,9,11,11,80,1.868584728,1.306586424452267
QDEIM,1,0.99,9,11,11,80,1.499755869,0.002981119611145155
clsQDEIM,1,0.99,9,11,11,80,1.507003269,0.002809374713379617
SOPT,1,0.99,9,11,11,90,1.447638797,0.002762363542613118
clsSOPT,1,0.99,9,11,11,90,1.684825553,0.002794826816791639
gappy-POD,1,0.99,9,11,11,90,1.622217485,0.003046061074300224
clsgappy-POD,1,0.99,9,11,11,90,1.97003721,1.328039514811929
QDEIM,1,0.99,9,11,11,90,1.633957312,0.002985716792251994
clsQDEIM,1,0.99,9,11,11,90,1.666103872,0.002780810693908513
SOPT,1,0.99,9,11,11,100,1.556741111,0.002762363542613121
clsSOPT,1,0.99,9,11,11,100,1.797444316,0.002739274169118574
gappy-POD,1,0.99,9,11,11,100,1.796604613,0.003031699848491157
clsgappy-POD,1,0.99,9,11,11,100,2.165201697,1.325101180497939
QDEIM,1,0.99,9,11,11,100,1.777269947,0.002929190291731372
clsQDEIM,1,0.99,9,11,11,100,1.82805496,0.002779085735609403
SOPT,1,0.99,9,11,11,110,1.697105832,0.002762363542613121
clsSOPT,1,0.99,9,11,11,110,1.904769058,0.002763828760287371
gappy-POD,1,0.99,9,11,11,110,1.932697455,0.003020851941969067
clsgappy-POD,1,0.99,9,11,11,110,2.339009368,1.325295446485822
QDEIM,1,0.99,9,11,11,110,1.921066938,0.00288177857517199
clsQDEIM,1,0.99,9,11,11,110,1.938777647,0.00277844479367204
SOPT,1,0.99,9,11,11,120,1.828590503,0.002762363542613124
clsSOPT,1,0.99,9,11,11,120,2.011671191,0.002729542374364252
gappy-POD,1,0.99,9,11,11,120,2.098734737,0.0030132105965079
clsgappy-POD,1,0.99,9,11,11,120,2.582472684,1.325986669647761
QDEIM,1,0.99,9,11,11,120,1.952900826,0.002876854341748902
clsQDEIM,1,0.99,9,11,11,120,2.052324646,0.00277936860193398
SOPT,1,0.99,9,11,11,130,1.984116586,0.002762363542613125
clsSOPT,1,0.99,9,11,11,130,2.112950244,0.002746182045938596
gappy-POD,1,0.99,9,11,11,130,2.215439265,0.003009696197021298
clsgappy-POD,1,0.99,9,11,11,130,2.732229668,1.325878713702502
QDEIM,1,0.99,9,11,11,130,2.073055609,0.002879187557808927
clsQDEIM,1,0.99,9,11,11,130,2.191576468,0.002782126953772223
SOPT,1,0.99,9,11,11,140,2.081696204,0.002762607934785474
clsSOPT,1,0.99,9,11,11,140,2.201876393,0.0027651225615431
gappy-POD,1,0.99,9,11,11,140,2.390701059,0.003002917435964377
clsgappy-POD,1,0.99,9,11,11,140,2.94876693,1.325750540349252
QDEIM,1,0.99,9,11,11,140,2.196179488,0.002883731064705497
clsQDEIM,1,0.99,9,11,11,140,2.340596303,0.002789296907948305
SOPT,1,0.99,9,11,11,150,2.153505615,0.002759691695340291
clsSOPT,1,0.99,9,11,11,150,2.257205351,0.0027481798117364
gappy-POD,1,0.99,9,11,11,150,2.546571626,0.002998122515563145
clsgappy-POD,1,0.99,9,11,11,150,3.118196271,1.325566315384173
QDEIM,1,0.99,9,11,11,150,2.322026884,0.002897977723763021
clsQDEIM,1,0.99,9,11,11,150,2.429100376,0.002750548451975348
SOPT,1,0.99,9,11,11,160,2.27147639,0.002757548184960297
clsSOPT,1,0.99,9,11,11,160,2.357752343,0.002760163157623759
gappy-POD,1,0.99,9,11,11,160,2.671483059,0.002993923308056956
clsgappy-POD,1,0.99,9,11,11,160,3.285288171,1.325608620000588
QDEIM,1,0.99,9,11,11,160,2.449741788,0.002900413487088829
clsQDEIM,1,0.99,9,11,11,160,2.556850758,0.002724636812113135
SOPT,1,0.99,9,11,11,170,2.334230369,0.002756937505378254
clsSOPT,1,0.99,9,11,11,170,2.444726729,0.002767914450477588
gappy-POD,1,0.99,9,11,11,170,2.825487537,0.002989710742292656
clsgappy-POD,1,0.99,9,11,11,170,3.456880234,1.324968858052096
QDEIM,1,0.99,9,11,11,170,2.578961279,0.002910337457579345
clsQDEIM,1,0.99,9,11,11,170,2.661176105,0.002727214821851789
SOPT,1,0.99,9,11,11,180,2.42367727,0.002755788934982364
clsSOPT,1,0.99,9,11,11,180,2.471448232,0.002794072635969238
gappy-POD,1,0.99,9,11,11,180,2.837611033,0.002969368510277721
clsgappy-POD,1,0.99,9,11,11,180,3.655977715,1.326749661049458
QDEIM,1,0.99,9,11,11,180,2.640251527,0.002923984923407465
clsQDEIM,1,0.99,9,11,11,180,2.778621028,0.002729480103626602
SOPT,1,0.99,9,11,11,190,2.513120132,0.00275455287804544
clsSOPT,1,0.99,9,11,11,190,2.578336975,0.002758068161417674
gappy-POD,1,0.99,9,11,11,190,2.940564804,0.002949580007117452
clsgappy-POD,1,0.99,9,11,11,190,3.76960994,1.326617710447813
QDEIM,1,0.99,9,11,11,190,2.723286325,0.002922712907743892
clsQDEIM,1,0.99,9,11,11,190,2.850398623,0.002729438661896298
SOPT,1,0.99,9,11,11,200,2.65334278,0.002751676426929285
clsSOPT,1,0.99,9,11,11,200,2.650190933,0.002771716194017314
gappy-POD,1,0.99,9,11,11,200,3.065651804,0.002940133446910858
clsgappy-POD,1,0.99,9,11,11,200,3.96642051,1.325884716946101
QDEIM,1,0.99,9,11,11,200,2.770717736,0.002916005842158113
clsQDEIM,1,0.99,9,11,11,200,2.872494616,0.002730040800245623
SOPT,1,0.99,9,11,11,210,2.714665057,0.002750986251645822
clsSOPT,1,0.99,9,11,11,210,2.682544231,0.002789190703891395
gappy-POD,1,0.99,9,11,11,210,3.088266768,0.002916623801164851
clsgappy-POD,1,0.99,9,11,11,210,4.047795899,1.325548115606847
QDEIM,1,0.99,9,11,11,210,2.863384612,0.002919799423186049
clsQDEIM,1,0.99,9,11,11,210,2.977257437,0.00273030817574409
SOPT,1,0.99,9,11,11,220,2.775970929,0.002733142084177647
clsSOPT,1,0.99,9,11,11,220,2.788622752,0.002779895634583817
gappy-POD,1,0.99,9,11,11,220,3.194225747,0.002932579206689643
clsgappy-POD,1,0.99,9,11,11,220,4.235469617,1.324948196647552
QDEIM,1,0.99,9,11,11,220,2.861608332,0.002919839754435479
clsQDEIM,1,0.99,9,11,11,220,2.937694019,0.002732345041238401
SOPT,1,0.99,9,11,11,230,2.861909874,0.002780771675577212
clsSOPT,1,0.99,9,11,11,230,2.878077133,0.002776336494597187
gappy-POD,1,0.99,9,11,11,230,3.274030145,0.002902459142465183
clsgappy-POD,1,0.99,9,11,11,230,4.35543561,1.324364433553232
QDEIM,1,0.99,9,11,11,230,2.928637446,0.00293007997948636
clsQDEIM,1,0.99,9,11,11,230,2.939153239,0.002734118978714626
SOPT,2,0.999,14,16,16,10,,
clsSOPT,2,0.999,14,16,16,10,,
gappy-POD,2,0.999,14,16,16,10,,
clsgappy-POD,2,0.999,14,16,16,10,,
QDEIM,2,0.999,14,16,16,10,,
clsQDEIM,2,0.999,14,16,16,10,,
SOPT,2,0.999,14,16,16,20,0.5752623610000001,0.0004408607872224893
clsSOPT,2,0.999,14,16,16,20,0.560193876,0.0007258784299336203
gappy-POD,2,0.999,14,16,16,20,0.58223961,0.0005461213575568551
clsgappy-POD,2,0.999,14,16,16,20,0.714343663,1.762097233824998
QDEIM,2,0.999,14,16,16,20,0.595151468,0.000414046494052279
clsQDEIM,2,0.999,14,16,16,20,0.5721154289999999,0.0004123180224484596
SOPT,2,0.999,14,16,16,30,0.7551596810000001,0.0003532386043262946
clsSOPT,2,0.999,14,16,16,30,0.737598922,0.0003307699157490042
gappy-POD,2,0.999,14,16,16,30,0.7533782849999999,0.0005461213575569186
clsgappy-POD,2,0.999,14,16,16,30,0.959394321,1.762097233824385
QDEIM,2,0.999,14,16,16,30,0.7807206759999999,0.0003999907833908751
clsQDEIM,2,0.999,14,16,16,30,0.734912443,0.0004757152534711682
SOPT,2,0.999,14,16,16,40,0.903825242,0.0003712231571476677
clsSOPT,2,0.999,14,16,16,40,0.900715152,0.0003406008801825007
gappy-POD,2,0.999,14,16,16,40,0.9349497959999999,0.0005461213575568803
clsgappy-POD,2,0.999,14,16,16,40,1.174812304,1.76209723382412
QDEIM,2,0.999,14,16,16,40,0.9548960359999999,0.0003985905163868862
clsQDEIM,2,0.999,14,16,16,40,0.964052904,0.000427827995328491
SOPT,2,0.999,14,16,16,50,1.069634374,0.0003806604244259491
clsSOPT,2,0.999,14,16,16,50,1.05619828,0.0003406008801825621
gappy-POD,2,0.999,14,16,16,50,1.11533556,0.0005461213575568771
clsgappy-POD,2,0.999,14,16,16,50,1.408859265,1.762097233824407
QDEIM,2,0.999,14,16,16,50,1.141135791,0.0003338622886140358
clsQDEIM,2,0.999,14,16,16,50,1.054023851,0.0005472186299687444
SOPT,2,0.999,14,16,16,60,1.224921076,0.0003367428136758387
clsSOPT,2,0.999,14,16,16,60,1.204407887,0.0003406008801824934
gappy-POD,2,0.999,14,16,16,60,1.285979787,0.0005461213575569282
clsgappy-POD,2,0.999,14,16,16,60,1.641088217,1.762097233825596
QDEIM,2,0.999,14,16,16,60,1.287547504,0.0003208874011861121
clsQDEIM,2,0.999,14,16,16,60,1.226468812,0.0006207554093243885
SOPT,2,0.999,14,16,16,70,1.359683172,0.0003306472778370795
clsSOPT,2,0.999,14,16,16,70,1.369326289,0.0003406008801824931
gappy-POD,2,0.999,14,16,16,70,1.446920487,0.0005461213575568805
clsgappy-POD,2,0.999,14,16,16,70,1.865991529,1.762097233824655
QDEIM,2,0.999,14,16,16,70,1.464354897,0.0003505010239603043
clsQDEIM,2,0.999,14,16,16,70,1.410111331,0.0006419040372099355
SOPT,2,0.999,14,16,16,80,1.44604596,0.0003314752479493345
clsSOPT,2,0.999,14,16,16,80,1.540069183,0.0003406008801824856
gappy-POD,2,0.999,14,16,16,80,1.638213388,0.0005461213575568151
clsgappy-POD,2,0.999,14,16,16,80,2.071365264,1.762097233824319
QDEIM,2,0.999,14,16,16,80,1.598157873,0.0003464006798493619
clsQDEIM,2,0.999,14,16,16,80,1.564361324,0.0005783211742165204
SOPT,2,0.999,14,16,16,90,1.647470209,0.0003314681335242119
clsSOPT,2,0.999,14,16,16,90,1.683174633,0.0003406008801824921
gappy-POD,2,0.999,14,16,16,90,1.794669866,0.0005461213575568736
clsgappy-POD,2,0.999,14,16,16,90,2.237079202,1.762097233824822
QDEIM,2,0.999,14,16,16,90,1.777018506,0.0003564398198825749
clsQDEIM,2,0.999,14,16,16,90,1.701344187,0.0006127422353938356
SOPT,2,0.999,14,16,16,100,1.742286123,0.0003314681335242036
clsSOPT,2,0.999,14,16,16,100,1.83951708,0.0003418002189940461
gappy-POD,2,0.999,14,16,16,100,1.932349966,0.0005461213575568207
clsgappy-POD,2,0.999,14,16,16,100,2.456562468,1.76209723382438
QDEIM,2,0.999,14,16,16,100,1.916223582,0.0003962418107204935
clsQDEIM,2,0.999,14,16,16,100,1.837792738,0.0004948425021489206
SOPT,2,0.999,14,16,16,110,1.879467513,0.0003314681335241135
clsSOPT,2,0.999,14,16,16,110,2.00256401,0.0002817711839226489
gappy-POD,2,0.999,14,16,16,110,2.061651272,0.0005461213575567529
clsgappy-POD,2,0.999,14,16,16,110,2.672334385,1.762097233824334
QDEIM,2,0.999,14,16,16,110,2.059712641,0.000398456732422697
clsQDEIM,2,0.999,14,16,16,110,1.990613004,0.0005142342122984393
SOPT,2,0.999,14,16,16,120,2.024980689,0.0003314681335242019
clsSOPT,2,0.999,14,16,16,120,2.15735679,0.0002871269315668213
gappy-POD,2,0.999,14,16,16,120,2.217283067,0.0005461213575567698
clsgappy-POD,2,0.999,14,16,16,120,2.810582004,1.762097233824433
QDEIM,2,0.999,14,16,16,120,2.192511649,0.0003870401167011795
clsQDEIM,2,0.999,14,16,16,120,2.133809098,0.0005888977703166219
SOPT,2,0.999,14,16,16,130,2.117353446,0.0003314681335242053
clsSOPT,2,0.999,14,16,16,130,2.263826288,0.0003110283498344998
gappy-POD,2,0.999,14,16,16,130,2.42255977,0.0005448743620106212
clsgappy-POD,2,0.999,14,16,16,130,2.746442074,1.368614809536471
QDEIM,2,0.999,14,16,16,130,2.379978231,0.0003904308489497377
clsQDEIM,2,0.999,14,16,16,130,2.248438665,0.0006130033502105459
SOPT,2,0.999,14,16,16,140,2.33999317,0.0003314681335241999
clsSOPT,2,0.999,14,16,16,140,2.390951017,0.0002875278873652203
gappy-POD,2,0.999,14,16,16,140,2.551189177,0.000510233840133084
clsgappy-POD,2,0.999,14,16,16,140,2.93351367,1.369006372089423
QDEIM,2,0.999,14,16,16,140,2.469802672,0.0004070206880475279
clsQDEIM,2,0.999,14,16,16,140,2.363521702,0.0007847817130810101
SOPT,2,0.999,14,16,16,150,2.40264674,0.0003314564596478678
clsSOPT,2,0.999,14,16,16,150,2.489150059,0.0002899387837508406
gappy-POD,2,0.999,14,16,16,150,2.718227354,0.0005033983659641724
clsgappy-POD,2,0.999,14,16,16,150,3.25864299,1.374690612581197
QDEIM,2,0.999,14,16,16,150,2.555677484,0.0004195946792211273
clsQDEIM,2,0.999,14,16,16,150,2.485534483,0.0007208623815344709
SOPT,2,0.999,14,16,16,160,2.467254575,0.0003314327657850942
clsSOPT,2,0.999,14,16,16,160,2.663910856,0.0002829529036279256
gappy-POD,2,0.999,14,16,16,160,2.880975709,0.0005000484505076125
clsgappy-POD,2,0.999,14,16,16,160,3.290461776,1.377070326321584
QDEIM,2,0.999,14,16,16,160,2.642257459,0.0004148298601832533
clsQDEIM,2,0.999,14,16,16,160,2.60357613,0.0007711549187129784
SOPT,2,0.999,14,16,16,170,2.590874925,0.0003316706979820713
clsSOPT,2,0.999,14,16,16,170,2.723978637,0.0002843418443804005
gappy-POD,2,0.999,14,16,16,170,2.984646321,0.0004958592278450101
clsgappy-POD,2,0.999,14,16,16,170,3.612409225,1.379490989006402
QDEIM,2,0.999,14,16,16,170,2.810861768,0.0004207535679314856
clsQDEIM,2,0.999,14,16,16,170,2.695821304,0.0006524970227536077
SOPT,2,0.999,14,16,16,180,2.708492815,0.0003321014438527531
clsSOPT,2,0.999,14,16,16,180,2.801732943,0.0002735986033835666
gappy-POD,2,0.999,14,16,16,180,3.125438751,0.0004956513901947978
clsgappy-POD,2,0.999,14,16,16,180,3.765570299,1.37948015496806
QDEIM,2,0.999,14,16,16,180,2.890603847,0.0004143561287391647
clsQDEIM,2,0.999,14,16,16,180,2.801069193,0.000629264474572135
SOPT,2,0.999,14,16,16,190,2.845002214,0.0003330085746809992
clsSOPT,2,0.999,14,16,16,190,2.941812095,0.0002717636219937247
gappy-POD,2,0.999,14,16,16,190,3.222789543,0.0005014934331521204
clsgappy-POD,2,0.999,14,16,16,190,,
QDEIM,2,0.999,14,16,16,190,2.983793109,0.0004152938448889279
clsQDEIM,2,0.999,14,16,16,190,2.917584657,0.0007104695464547283
SOPT,2,0.999,14,16,16,200,2.931114513,0.0003335327538806837
clsSOPT,2,0.999,14,16,16,200,3.054222738,0.000272927168135348
gappy-POD,2,0.999,14,16,16,200,3.355592972,0.0004963240320747754
clsgappy-POD,2,0.999,14,16,16,200,,
QDEIM,2,0.999,14,16,16,200,3.112275177,0.0004111791548709163
clsQDEIM,2,0.999,14,16,16,200,3.043126688,0.0007277543309932228
SOPT,2,0.999,14,16,16,210,2.990850963,0.0003340931900224833
clsSOPT,2,0.999,14,16,16,210,3.046255927,0.0002758369490603719
gappy-POD,2,0.999,14,16,16,210,3.495653588,0.0005097859647513272
clsgappy-POD,2,0.999,14,16,16,210,,
QDEIM,2,0.999,14,16,16,210,3.215267426,0.0004041674280753192
clsQDEIM,2,0.999,14,16,16,210,3.1949175,0.0006398349036772182
SOPT,2,0.999,14,16,16,220,3.07495898,0.0003348488837780237
clsSOPT,2,0.999,14,16,16,220,3.08333324,0.0002851254125148552
gappy-POD,2,0.999,14,16,16,220,3.619661428,0.0005159275906896776
clsgappy-POD,2,0.999,14,16,16,220,,
QDEIM,2,0.999,14,16,16,220,3.275656573,0.0004112844061487633
clsQDEIM,2,0.999,14,16,16,220,3.335944953,0.0005667230577153316
SOPT,2,0.999,14,16,16,230,3.179522102,0.0003354933456456631
clsSOPT,2,0.999,14,16,16,230,3.143662245,0.000286534929332252
gappy-POD,2,0.999,14,16,16,230,3.731505921,0.0005128961223462055
clsgappy-POD,2,0.999,14,16,16,230,4.337067248,1.366027682638794
QDEIM,2,0.999,14,16,16,230,3.368335942,0.000364125075611362
clsQDEIM,2,0.999,14,16,16,230,3.455620217,0.000551351537642683
SOPT,3,0.9999,19,21,21,10,,
clsSOPT,3,0.9999,19,21,21,10,,
gappy-POD,3,0.9999,19,21,21,10,,
clsgappy-POD,3,0.9999,19,21,21,10,,
QDEIM,3,0.9999,19,21,21,10,,
clsQDEIM,3,0.9999,19,21,21,10,,
SOPT,3,0.9999,19,21,21,20,,
clsSOPT,3,0.9999,19,21,21,20,,
gappy-POD,3,0.9999,19,21,21,20,,
clsgappy-POD,3,0.9999,19,21,21,20,,
QDEIM,3,0.9999,19,21,21,20,,
clsQDEIM,3,0.9999,19,21,21,20,,
SOPT,3,0.9999,19,21,21,30,0.840845714,0.0006663634554357824
clsSOPT,3,0.9999,19,21,21,30,0.806363931,0.0002691829621827405
gappy-POD,3,0.9999,19,21,21,30,0.824404195,0.0007234211336433633
clsgappy-POD,3,0.9999,19,21,21,30,1.083451459,1.468764362347856
QDEIM,3,0.9999,19,21,21,30,0.872019986,0.0007574575960989749
clsQDEIM,3,0.9999,19,21,21,30,0.8071055500000001,0.002167914747243514
SOPT,3,0.9999,19,21,21,40,1.00732125,0.0004211146303487855
clsSOPT,3,0.9999,19,21,21,40,0.9971620919999999,0.0003596340923340943
gappy-POD,3,0.9999,19,21,21,40,1.059848759,0.0007234211336433864
clsgappy-POD,3,0.9999,19,21,21,40,1.32624584,1.468764362347936
QDEIM,3,0.9999,19,21,21,40,1.007784461,0.0004530237450491496
clsQDEIM,3,0.9999,19,21,21,40,0.985239369,0.00175553923807829
SOPT,3,0.9999,19,21,21,50,1.16007798,0.0001846893422573292
clsSOPT,3,0.9999,19,21,21,50,1.166101352,0.0002293538282877496
gappy-POD,3,0.9999,19,21,21,50,1.168919069,0.000723421133643384
clsgappy-POD,3,0.9999,19,21,21,50,1.566491312,1.468764362347931
QDEIM,3,0.9999,19,21,21,50,1.190038346,0.0004939882846468402
clsQDEIM,3,0.9999,19,21,21,50,1.138447494,0.00156887643235174
SOPT,3,0.9999,19,21,21,60,1.351263936,9.534461468574565e-05
clsSOPT,3,0.9999,19,21,21,60,1.332114735,7.428097493692499e-05
gappy-POD,3,0.9999,19,21,21,60,1.349128289,0.0007234211336433711
clsgappy-POD,3,0.9999,19,21,21,60,1.827703019,1.468764362347882
QDEIM,3,0.9999,19,21,21,60,1.369600928,0.0006348619368355222
clsQDEIM,3,0.9999,19,21,21,60,1.326677796,0.001750532093797223
SOPT,3,0.9999,19,21,21,70,1.515346399,0.0002049966006566228
clsSOPT,3,0.9999,19,21,21,70,1.472662143,0.0004946855137111941
gappy-POD,3,0.9999,19,21,21,70,1.593515173,0.0007234211336438627
clsgappy-POD,3,0.9999,19,21,21,70,2.025598016,1.468764362347897
QDEIM,3,0.9999,19,21,21,70,2.263199929,0.0001957629587891608
clsQDEIM,3,0.9999,19,21,21,70,1.50947169,0.001672968808573936
SOPT,3,0.9999,19,21,21,80,1.627647938,0.0002214751772831399
clsSOPT,3,0.9999,19,21,21,80,1.645496813,0.0004946855137111938
gappy-POD,3,0.9999,19,21,21,80,1.711529154,0.0007234211336433983
clsgappy-POD,3,0.9999,19,21,21,80,2.240432245,1.468764362347881
QDEIM,3,0.9999,19,21,21,80,1.669876469,0.0003268155810340519
clsQDEIM,3,0.9999,19,21,21,80,1.690279932,0.001138276202708706
SOPT,3,0.9999,19,21,21,90,1.797699755,0.0001714763596391705
clsSOPT,3,0.9999,19,21,21,90,1.770960231,0.0004946855137111985
gappy-POD,3,0.9999,19,21,21,90,1.830960408,0.0007234211336429043
clsgappy-POD,3,0.9999,19,21,21,90,5.616148781,1.468764362347905
QDEIM,3,0.9999,19,21,21,90,1.785525178,0.000433260943844219
clsQDEIM,3,0.9999,19,21,21,90,1.868215458,0.001375159284607311
SOPT,3,0.9999,19,21,21,100,1.924234994,0.0001707771332366253
clsSOPT,3,0.9999,19,21,21,100,1.911940004,0.0004946855137111994
gappy-POD,3,0.9999,19,21,21,100,1.982552854,0.000723421133642947
clsgappy-POD,3,0.9999,19,21,21,100,2.667133689,1.468764362347942
QDEIM,3,0.9999,19,21,21,100,1.925581831,0.0003238118282945361
clsQDEIM,3,0.9999,19,21,21,100,2.004407034,0.001399273696949208
SOPT,3,0.9999,19,21,21,110,2.059016852,0.0001707771332366166
clsSOPT,3,0.9999,19,21,21,110,2.077897267,0.0004946855137111965
gappy-POD,3,0.9999,19,21,21,110,2.14533009,0.0007234211336428945
clsgappy-POD,3,0.9999,19,21,21,110,2.918491853,1.468764362347967
QDEIM,3,0.9999,19,21,21,110,2.03710624,0.000156777680133722
clsQDEIM,3,0.9999,19,21,21,110,2.123790817,0.001714650884926044
SOPT,3,0.9999,19,21,21,120,2.199835172,0.0001707771332366143
clsSOPT,3,0.9999,19,21,21,120,2.184586618,0.0004946855137111956
gappy-POD,3,0.9999,19,21,21,120,2.319531275,0.0007234211336429184
clsgappy-POD,3,0.9999,19,21,21,120,3.075685287,1.468764362347883
QDEIM,3,0.9999,19,21,21,120,2.117752093,0.0002335697658644731
clsQDEIM,3,0.9999,19,21,21,120,2.274755563,0.001490025121993902
SOPT,3,0.9999,19,21,21,130,2.34736722,0.00017077713323662
clsSOPT,3,0.9999,19,21,21,130,2.377112906,0.0004946855137111961
gappy-POD,3,0.9999,19,21,21,130,2.457097797,0.0007234211336431489
clsgappy-POD,3,0.9999,19,21,21,130,3.264351491,1.468764362347867
QDEIM,3,0.9999,19,21,21,130,2.289647687,0.0001308682395538206
clsQDEIM,3,0.9999,19,21,21,130,2.40752399,0.001412325352423235
SOPT,3,0.9999,19,21,21,140,2.482172302,0.0001707771332366194
clsSOPT,3,0.9999,19,21,21,140,2.512360981,9.18549601803645e-05
gappy-POD,3,0.9999,19,21,21,140,4.572401423000001,0.0007234211336429293
clsgappy-POD,3,0.9999,19,21,21,140,3.454805184,1.468764362347867
QDEIM,3,0.9999,19,21,21,140,2.409167691,0.0002621606637736693
clsQDEIM,3,0.9999,19,21,21,140,2.552532923,0.001363678492516111
SOPT,3,0.9999,19,21,21,150,2.670216463,0.0001707771332366203
clsSOPT,3,0.9999,19,21,21,150,2.640412435,8.326291974699698e-05
gappy-POD,3,0.9999,19,21,21,150,2.730170461,0.0007234211336433624
clsgappy-POD,3,0.9999,19,21,21,150,3.623471235,1.468764362347867
QDEIM,3,0.9999,19,21,21,150,2.578959903,0.0005041928584546718
clsQDEIM,3,0.9999,19,21,21,150,2.6888996,0.001299277072873954
SOPT,3,0.9999,19,21,21,160,2.817083782,0.0001691748787279574
clsSOPT,3,0.9999,19,21,21,160,2.786985422,0.000259056295486218
gappy-POD,3,0.9999,19,21,21,160,2.880829964,0.000723421133643396
clsgappy-POD,3,0.9999,19,21,21,160,3.823070788,1.468764362347828
QDEIM,3,0.9999,19,21,21,160,2.706688919,0.0005806260880487234
clsQDEIM,3,0.9999,19,21,21,160,2.804725527,0.001341704805312264
SOPT,3,0.9999,19,21,21,170,2.894540946,0.0001673178616177876
clsSOPT,3,0.9999,19,21,21,170,2.939940993,0.0001532563806230486
gappy-POD,3,0.9999,19,21,21,170,3.061242608,0.0007299570996402736
clsgappy-POD,3,0.9999,19,21,21,170,,
QDEIM,3,0.9999,19,21,21,170,2.867096033,8.782446895206908e-05
clsQDEIM,3,0.9999,19,21,21,170,2.934321118,0.001165116654746775
SOPT,3,0.9999,19,21,21,180,3.859747207,0.0001654452886711848
clsSOPT,3,0.9999,19,21,21,180,2.986113937,0.000103037284711534
gappy-POD,3,0.9999,19,21,21,180,3.16282731,0.001230755085954856
clsgappy-POD,3,0.9999,19,21,21,180,4.065149825,1.403038668926145
QDEIM,3,0.9999,19,21,21,180,2.987155449,0.0001065908117977967
clsQDEIM,3,0.9999,19,21,21,180,3.085237961,0.0008665114723548352
SOPT,3,0.9999,19,21,21,190,3.155772439,0.0001687476321117028
clsSOPT,3,0.9999,19,21,21,190,3.09239166,0.0002559365214340973
gappy-POD,3,0.9999,19,21,21,190,3.288467693,0.001303895986212424
clsgappy-POD,3,0.9999,19,21,21,190,4.152087523,1.389687296578294
QDEIM,3,0.9999,19,21,21,190,3.112994962,9.271045541947761e-05
clsQDEIM,3,0.9999,19,21,21,190,3.224011916,0.001077877521575026
SOPT,3,0.9999,19,21,21,200,3.215130087,0.0001721544158252944
clsSOPT,3,0.9999,19,21,21,200,3.799076107,0.0001125404603451919
gappy-POD,3,0.9999,19,21,21,200,4.548504483,0.001346206925005426
clsgappy-POD,3,0.9999,19,21,21,200,4.949500393,1.390253183327728
QDEIM,3,0.9999,19,21,21,200,3.242069722,0.0001105611654754339
clsQDEIM,3,0.9999,19,21,21,200,3.345976181,0.001203831408014347
SOPT,3,0.9999,19,21,21,210,3.315241731,0.0001704009839639071
clsSOPT,3,0.9999,19,21,21,210,3.272245917,7.988460284317188e-05
gappy-POD,3,0.9999,19,21,21,210,5.287218977,0.001388115583210555
clsgappy-POD,3,0.9999,19,21,21,210,5.308158206,1.387997513478272
QDEIM,3,0.9999,19,21,21,210,3.356156425,0.000237532890603012
clsQDEIM,3,0.9999,19,21,21,210,3.49181254,0.001664885421708548
SOPT,3,0.9999,19,21,21,220,3.402744612,0.0001684266575208693
clsSOPT,3,0.9999,19,21,21,220,3.358864981,9.594903213916961e-05
gappy-POD,3,0.9999,19,21,21,220,3.701600619,0.001281239851588372
clsgappy-POD,3,0.9999,19,21,21,220,5.06572946,1.388230710232857
QDEIM,3,0.9999,19,21,21,220,3.537122503,0.0003024922004157618
clsQDEIM,3,0.9999,19,21,21,220,3.588798792,0.001756120376788581
SOPT,3,0.9999,19,21,21,230,3.560291791,0.0001393467121163647
clsSOPT,3,0.9999,19,21,21,230,3.443399207,0.0001009472946225323
gappy-POD,3,0.9999,19,21,21,230,4.404935893,0.001241733144321263
clsgappy-POD,3,0.9999,19,21,21,230,5.301656716,1.387073557039654
QDEIM,3,0.9999,19,21,21,230,3.609284355,0.0001459014315083493
clsQDEIM,3,0.9999,19,21,21,230,3.737265664,0.001760768253414364
SOPT,4,0.99999,24,27,27,10,,
clsSOPT,4,0.99999,24,27,27,10,,
gappy-POD,4,0.99999,24,27,27,10,,
clsgappy-POD,4,0.99999,24,27,27,10,,
QDEIM,4,0.99999,24,27,27,10,,
clsQDEIM,4,0.99999,24,27,27,10,,
SOPT,4,0.99999,24,27,27,20,,
clsSOPT,4,0.99999,24,27,27,20,,
gappy-POD,4,0.99999,24,27,27,20,,
clsgappy-POD,4,0.99999,24,27,27,20,,
QDEIM,4,0.99999,24,27,27,20,,
clsQDEIM,4,0.99999,24,27,27,20,,
SOPT,4,0.99999,24,27,27,30,0.939460013,0.006047329051178412
clsSOPT,4,0.99999,24,27,27,30,0.9543143160000001,0.01567488432292811
gappy-POD,4,0.99999,24,27,27,30,0.9560571920000001,0.005851251740617265
clsgappy-POD,4,0.99999,24,27,27,30,,
QDEIM,4,0.99999,24,27,27,30,0.921044638,0.004357652891771955
clsQDEIM,4,0.99999,24,27,27,30,0.940567127,0.003341397949828135
SOPT,4,0.99999,24,27,27,40,1.112764921,0.00643091899266957
clsSOPT,4,0.99999,24,27,27,40,1.121659377,0.002360379629857423
gappy-POD,4,0.99999,24,27,27,40,1.093053221,0.005851251740613672
clsgappy-POD,4,0.99999,24,27,27,40,,
QDEIM,4,0.99999,24,27,27,40,1.112189404,0.0022951877861227
clsQDEIM,4,0.99999,24,27,27,40,1.084173487,0.0009902916118089487
SOPT,4,0.99999,24,27,27,50,1.288702889,0.00275873312030225
clsSOPT,4,0.99999,24,27,27,50,1.282524163,0.003573729236322948
gappy-POD,4,0.99999,24,27,27,50,1.278056059,0.005851251740617143
clsgappy-POD,4,0.99999,24,27,27,50,,
QDEIM,4,0.99999,24,27,27,50,1.286601197,0.002158894461027083
clsQDEIM,4,0.99999,24,27,27,50,1.277126144,0.002172428891972299
SOPT,4,0.99999,24,27,27,60,1.470264949,0.002305448226361225
clsSOPT,4,0.99999,24,27,27,60,1.467484592,0.002757299201185723
gappy-POD,4,0.99999,24,27,27,60,1.454546491,0.005851251740605266
clsgappy-POD,4,0.99999,24,27,27,60,,
QDEIM,4,0.99999,24,27,27,60,1.481075033,0.002349649341340302
clsQDEIM,4,0.99999,24,27,27,60,1.397582251,0.000533434942370837
SOPT,4,0.99999,24,27,27,70,1.623566081,0.002143027813652782
clsSOPT,4,0.99999,24,27,27,70,1.622677884,0.002839079329179612
gappy-POD,4,0.99999,24,27,27,70,1.641220049,0.005851251740602118
clsgappy-POD,4,0.99999,24,27,27,70,,
QDEIM,4,0.99999,24,27,27,70,1.615833405,0.002228466517883394
clsQDEIM,4,0.99999,24,27,27,70,1.556425913,0.0005567263353248027
SOPT,4,0.99999,24,27,27,80,1.819147025,0.001455746170744066
clsSOPT,4,0.99999,24,27,27,80,1.791996678,0.0002241805741211694
gappy-POD,4,0.99999,24,27,27,80,1.839129794,0.005851251740600386
clsgappy-POD,4,0.99999,24,27,27,80,,
QDEIM,4,0.99999,24,27,27,80,1.754231724,0.001895537848495887
clsQDEIM,4,0.99999,24,27,27,80,1.749027636,0.002551928197563062
SOPT,4,0.99999,24,27,27,90,1.93816076,0.001133329324134674
clsSOPT,4,0.99999,24,27,27,90,1.967740679,0.0008702799135273491
gappy-POD,4,0.99999,24,27,27,90,1.959243128,0.005851251740602604
clsgappy-POD,4,0.99999,24,27,27,90,,
QDEIM,4,0.99999,24,27,27,90,1.880222865,0.00214740181782054
clsQDEIM,4,0.99999,24,27,27,90,1.894265136,0.004463520837358911
SOPT,4,0.99999,24,27,27,100,2.102454383,0.001306270505002274
clsSOPT,4,0.99999,24,27,27,100,2.089917222,0.001127046657067092
gappy-POD,4,0.99999,24,27,27,100,2.111627629,0.005851251740602951
clsgappy-POD,4,0.99999,24,27,27,100,,
QDEIM,4,0.99999,24,27,27,100,2.035476047,0.002213134279109693
clsQDEIM,4,0.99999,24,27,27,100,2.060442812,0.003732308494543318
SOPT,4,0.99999,24,27,27,110,2.242693956,0.0009874126655320416
clsSOPT,4,0.99999,24,27,27,110,2.217964445,0.00106387882028998
gappy-POD,4,0.99999,24,27,27,110,2.219990505,0.005851251740598969
clsgappy-POD,4,0.99999,24,27,27,110,,
QDEIM,4,0.99999,24,27,27,110,2.166571874,0.003467690284058044
clsQDEIM,4,0.99999,24,27,27,110,2.2075215,0.003725865596481398
SOPT,4,0.99999,24,27,27,120,2.370357144,0.0004825828067736646
clsSOPT,4,0.99999,24,27,27,120,2.413053809,0.00129796922876851
gappy-POD,4,0.99999,24,27,27,120,2.364000852,0.005851251740598688
clsgappy-POD,4,0.99999,24,27,27,120,,
QDEIM,4,0.99999,24,27,27,120,2.271632289,0.003797956556246326
clsQDEIM,4,0.99999,24,27,27,120,2.407237269,0.003449863706682916
SOPT,4,0.99999,24,27,27,130,2.504700163,0.0001423673888952938
clsSOPT,4,0.99999,24,27,27,130,2.522987464,0.001297969228768282
gappy-POD,4,0.99999,24,27,27,130,2.52635261,0.005851251740597268
clsgappy-POD,4,0.99999,24,27,27,130,,
QDEIM,4,0.99999,24,27,27,130,2.390141189,0.003707912984065188
clsQDEIM,4,0.99999,24,27,27,130,2.528018348,0.003490846896116757
SOPT,4,0.99999,24,27,27,140,2.667388853,0.0008915425671492243
clsSOPT,4,0.99999,24,27,27,140,2.608877635,0.001297969228768276
gappy-POD,4,0.99999,24,27,27,140,2.640548662,0.00585125174059377
clsgappy-POD,4,0.99999,24,27,27,140,,
QDEIM,4,0.99999,24,27,27,140,2.522876107,0.004795120862402053
clsQDEIM,4,0.99999,24,27,27,140,2.691223735,0.003473647378223888
SOPT,4,0.99999,24,27,27,150,2.79879308,0.0001796847272622446
clsSOPT,4,0.99999,24,27,27,150,2.77091471,0.001297969228768282
gappy-POD,4,0.99999,24,27,27,150,2.799778779,0.005851251740594227
clsgappy-POD,4,0.99999,24,27,27,150,,
QDEIM,4,0.99999,24,27,27,150,2.678190376,0.004898103730564652
clsQDEIM,4,0.99999,24,27,27,150,2.78793506,0.004464326824475864
SOPT,4,0.99999,24,27,27,160,2.964161824,0.0002517642990394314
clsSOPT,4,0.99999,24,27,27,160,2.94412266,0.00129796922876828
gappy-POD,4,0.99999,24,27,27,160,2.973550591,0.005851251740593427
clsgappy-POD,4,0.99999,24,27,27,160,,
QDEIM,4,0.99999,24,27,27,160,2.849388829,0.00671223829147964
clsQDEIM,4,0.99999,24,27,27,160,2.942519163,0.004790010494161679
SOPT,4,0.99999,24,27,27,170,3.092756968,0.0001307000289781726
clsSOPT,4,0.99999,24,27,27,170,3.076080472,0.001297969228768279
gappy-POD,4,0.99999,24,27,27,170,3.091923167,0.005851251740591558
clsgappy-POD,4,0.99999,24,27,27,170,,
QDEIM,4,0.99999,24,27,27,170,2.918309299,0.00681291443326003
clsQDEIM,4,0.99999,24,27,27,170,3.095966895,0.00501347410342656
SOPT,4,0.99999,24,27,27,180,3.25994004,7.265673676663845e-05
clsSOPT,4,0.99999,24,27,27,180,3.247783931,0.001297969228768278
gappy-POD,4,0.99999,24,27,27,180,3.243123951,0.005851251740591279
clsgappy-POD,4,0.99999,24,27,27,180,,
QDEIM,4,0.99999,24,27,27,180,3.051680389,0.006862710882296964
clsQDEIM,4,0.99999,24,27,27,180,3.225530649,0.004631652817733089
SOPT,4,0.99999,24,27,27,190,3.408903269,0.0003865161227822669
clsSOPT,4,0.99999,24,27,27,190,3.311169965,0.00128660452611978
gappy-POD,4,0.99999,24,27,27,190,3.364578679,0.005851251740591766
clsgappy-POD,4,0.99999,24,27,27,190,,
QDEIM,4,0.99999,24,27,27,190,4.145610762,0.006796536360812499
clsQDEIM,4,0.99999,24,27,27,190,3.711558538,0.005076132313835091
SOPT,4,0.99999,24,27,27,200,3.875967741,0.0007528137293083083
clsSOPT,4,0.99999,24,27,27,200,3.539584075,0.001075232374300685
gappy-POD,4,0.99999,24,27,27,200,3.572358606,0.005851251740593174
clsgappy-POD,4,0.99999,24,27,27,200,,
QDEIM,4,0.99999,24,27,27,200,3.331212606,0.001293595350815123
clsQDEIM,4,0.99999,24,27,27,200,3.474903286,0.004935345926815423
SOPT,4,0.99999,24,27,27,210,3.685553171,0.0008672091826758864
clsSOPT,4,0.99999,24,27,27,210,3.551062711,0.002946745617848728
gappy-POD,4,0.99999,24,27,27,210,3.642123259,0.005851251740593659
clsgappy-POD,4,0.99999,24,27,27,210,,
QDEIM,4,0.99999,24,27,27,210,3.421181867,0.0015667404884035
clsQDEIM,4,0.99999,24,27,27,210,3.665875909,0.005073484193539573
SOPT,4,0.99999,24,27,27,220,3.820551267,0.0008672091826761289
clsSOPT,4,0.99999,24,27,27,220,3.644904932,0.001845801924007488
gappy-POD,4,0.99999,24,27,27,220,3.749086546,0.005859004914810567
clsgappy-POD,4,0.99999,24,27,27,220,4.615212365,1.457476602346441
QDEIM,4,0.99999,24,27,27,220,3.583653799,0.003584800019929515
clsQDEIM,4,0.99999,24,27,27,220,3.772401985,0.005253390606954353
SOPT,4,0.99999,24,27,27,230,3.978662393,0.0008672091826763444
clsSOPT,4,0.99999,24,27,27,230,3.75561076,0.001566506799794106
gappy-POD,4,0.99999,24,27,27,230,3.895626042,0.006699581448156583
clsgappy-POD,4,0.99999,24,27,27,230,4.531012577,1.416023311883792
QDEIM,4,0.99999,24,27,27,230,3.696390518,0.003331527257986161
clsQDEIM,4,0.99999,24,27,27,230,3.892760698,0.005277556659254157
SOPT,5,0.999999,29,32,32,10,,
clsSOPT,5,0.999999,29,32,32,10,,
gappy-POD,5,0.999999,29,32,32,10,,
clsgappy-POD,5,0.999999,29,32,32,10,,
QDEIM,5,0.999999,29,32,32,10,,
clsQDEIM,5,0.999999,29,32,32,10,,
SOPT,5,0.999999,29,32,32,20,,
clsSOPT,5,0.999999,29,32,32,20,,
gappy-POD,5,0.999999,29,32,32,20,,
clsgappy-POD,5,0.999999,29,32,32,20,,
QDEIM,5,0.999999,29,32,32,20,,
clsQDEIM,5,0.999999,29,32,32,20,,
SOPT,5,0.999999,29,32,32,30,,
clsSOPT,5,0.999999,29,32,32,30,,
gappy-POD,5,0.999999,29,32,32,30,,
clsgappy-POD,5,0.999999,29,32,32,30,,
QDEIM,5,0.999999,29,32,32,30,,
clsQDEIM,5,0.999999,29,32,32,30,,
SOPT,5,0.999999,29,32,32,40,,
clsSOPT,5,0.999999,29,32,32,40,,
gappy-POD,5,0.999999,29,32,32,40,1.305276011,0.0002711106263654777
clsgappy-POD,5,0.999999,29,32,32,40,,
QDEIM,5,0.999999,29,32,32,40,1.359619231,0.009437516556721844
clsQDEIM,5,0.999999,29,32,32,40,1.261968229,0.003930360679780613
SOPT,5,0.999999,29,32,32,50,2.033288323,2.515130240055586
clsSOPT,5,0.999999,29,32,32,50,1.482107979,0.0006169072662632262
gappy-POD,5,0.999999,29,32,32,50,1.496844559,0.0002711106263540397
clsgappy-POD,5,0.999999,29,32,32,50,,
QDEIM,5,0.999999,29,32,32,50,1.585906706,0.03834841522380378
clsQDEIM,5,0.999999,29,32,32,50,1.714097277,0.05239548657601239
SOPT,5,0.999999,29,32,32,60,1.698746258,0.0004872255519881381
clsSOPT,5,0.999999,29,32,32,60,1.648275505,0.001249866204607958
gappy-POD,5,0.999999,29,32,32,60,1.698835723,0.0002711106263620883
clsgappy-POD,5,0.999999,29,32,32,60,,
QDEIM,5,0.999999,29,32,32,60,,
clsQDEIM,5,0.999999,29,32,32,60,2.163476874,0.1145749236449176
SOPT,5,0.999999,29,32,32,70,1.837303322,9.027997941894138e-05
clsSOPT,5,0.999999,29,32,32,70,,
gappy-POD,5,0.999999,29,32,32,70,1.83647879,0.0002711106263517775
clsgappy-POD,5,0.999999,29,32,32,70,,
QDEIM,5,0.999999,29,32,32,70,1.851682652,0.008496658308826606
clsQDEIM,5,0.999999,29,32,32,70,1.922078118,0.001813588848578143
SOPT,5,0.999999,29,32,32,80,2.015327086,0.0007812613092507446
clsSOPT,5,0.999999,29,32,32,80,,
gappy-POD,5,0.999999,29,32,32,80,2.040260173,0.0002711106263503723
clsgappy-POD,5,0.999999,29,32,32,80,,
QDEIM,5,0.999999,29,32,32,80,2.428938312,0.9844212401967846
clsQDEIM,5,0.999999,29,32,32,80,2.135743452,0.004580768381201928
SOPT,5,0.999999,29,32,32,90,2.202867901,0.001041040397987744
clsSOPT,5,0.999999,29,32,32,90,2.200276345,0.0006288000580528287
gappy-POD,5,0.999999,29,32,32,90,2.181174634,0.0002711106263466198
clsgappy-POD,5,0.999999,29,32,32,90,,
QDEIM,5,0.999999,29,32,32,90,2.350714509,0.03778185459285505
clsQDEIM,5,0.999999,29,32,32,90,2.488432305,0.004404025062037022
SOPT,5,0.999999,29,32,32,100,2.362522685,0.001023042494523223
clsSOPT,5,0.999999,29,32,32,100,2.417750279,0.001417399185220297
gappy-POD,5,0.999999,29,32,32,100,2.31460325,0.0002711106263463478
clsgappy-POD,5,0.999999,29,32,32,100,,
QDEIM,5,0.999999,29,32,32,100,2.628576132,0.09531200562149152
clsQDEIM,5,0.999999,29,32,32,100,,
SOPT,5,0.999999,29,32,32,110,2.530315327,0.0006214644109386263
clsSOPT,5,0.999999,29,32,32,110,,
gappy-POD,5,0.999999,29,32,32,110,2.486370076,0.0002711106263416706
clsgappy-POD,5,0.999999,29,32,32,110,,
QDEIM,5,0.999999,29,32,32,110,2.677497876,0.03289645666897586
clsQDEIM,5,0.999999,29,32,32,110,,
SOPT,5,0.999999,29,32,32,120,2.679313491,0.0009824851075984694
clsSOPT,5,0.999999,29,32,32,120,,
gappy-POD,5,0.999999,29,32,32,120,2.61100904,0.0002711106263435478
clsgappy-POD,5,0.999999,29,32,32,120,,
QDEIM,5,0.999999,29,32,32,120,2.833950129,0.04488318728020528
clsQDEIM,5,0.999999,29,32,32,120,,
SOPT,5,0.999999,29,32,32,130,2.842465918,0.0004670128359040159
clsSOPT,5,0.999999,29,32,32,130,,
gappy-POD,5,0.999999,29,32,32,130,2.748043477,0.0002711106263435297
clsgappy-POD,5,0.999999,29,32,32,130,,
QDEIM,5,0.999999,29,32,32,130,3.5155905,1.980299859757869
clsQDEIM,5,0.999999,29,32,32,130,,
SOPT,5,0.999999,29,32,32,140,3.013364226,0.000469179556299133
clsSOPT,5,0.999999,29,32,32,140,,
gappy-POD,5,0.999999,29,32,32,140,2.949642496,0.0002711106263401794
clsgappy-POD,5,0.999999,29,32,32,140,,
QDEIM,5,0.999999,29,32,32,140,3.051776208,0.005559009420660036
clsQDEIM,5,0.999999,29,32,32,140,,
SOPT,5,0.999999,29,32,32,150,3.191880952,0.0009215060637088572
clsSOPT,5,0.999999,29,32,32,150,,
gappy-POD,5,0.999999,29,32,32,150,3.06558715,0.0002711106263406293
clsgappy-POD,5,0.999999,29,32,32,150,,
QDEIM,5,0.999999,29,32,32,150,3.695193691,0.05226778861551636
clsQDEIM,5,0.999999,29,32,32,150,,
SOPT,5,0.999999,29,32,32,160,3.374785221,0.0007992803146980551
clsSOPT,5,0.999999,29,32,32,160,,
gappy-POD,5,0.999999,29,32,32,160,3.20056933,0.0002711106263403252
clsgappy-POD,5,0.999999,29,32,32,160,,
QDEIM,5,0.999999,29,32,32,160,,
clsQDEIM,5,0.999999,29,32,32,160,,
SOPT,5,0.999999,29,32,32,170,3.580361455,0.0009936062505411759
clsSOPT,5,0.999999,29,32,32,170,,
gappy-POD,5,0.999999,29,32,32,170,3.392233192,0.0002711106263423826
clsgappy-POD,5,0.999999,29,32,32,170,,
QDEIM,5,0.999999,29,32,32,170,,
clsQDEIM,5,0.999999,29,32,32,170,,
SOPT,5,0.999999,29,32,32,180,3.706532636,0.0004385716283266496
clsSOPT,5,0.999999,29,32,32,180,,
gappy-POD,5,0.999999,29,32,32,180,3.488283493,0.0002711106263419198
clsgappy-POD,5,0.999999,29,32,32,180,,
QDEIM,5,0.999999,29,32,32,180,,
clsQDEIM,5,0.999999,29,32,32,180,,
SOPT,5,0.999999,29,32,32,190,3.923497365,0.0006169894392174289
clsSOPT,5,0.999999,29,32,32,190,,
gappy-POD,5,0.999999,29,32,32,190,3.614193061,0.0002711106263415646
clsgappy-POD,5,0.999999,29,32,32,190,,
QDEIM,5,0.999999,29,32,32,190,,
clsQDEIM,5,0.999999,29,32,32,190,,
SOPT,5,0.999999,29,32,32,200,4.106890216,0.0004246447419393422
clsSOPT,5,0.999999,29,32,32,200,3.92744304,0.000804331882607943
gappy-POD,5,0.999999,29,32,32,200,3.789673126,0.0002711106263454876
clsgappy-POD,5,0.999999,29,32,32,200,,
QDEIM,5,0.999999,29,32,32,200,,
clsQDEIM,5,0.999999,29,32,32,200,,
SOPT,5,0.999999,29,32,32,210,4.136374332,0.0005864730048383228
clsSOPT,5,0.999999,29,32,32,210,3.937375467,0.001924107104414452
gappy-POD,5,0.999999,29,32,32,210,3.922894019,0.0002711106263441241
clsgappy-POD,5,0.999999,29,32,32,210,,
QDEIM,5,0.999999,29,32,32,210,,
clsQDEIM,5,0.999999,29,32,32,210,,
SOPT,5,0.999999,29,32,32,220,4.302179251,0.0008375934764908666
clsSOPT,5,0.999999,29,32,32,220,4.054238604,0.001603087597921536
gappy-POD,5,0.999999,29,32,32,220,4.011291159,0.0002711106263459471
clsgappy-POD,5,0.999999,29,32,32,220,,
QDEIM,5,0.999999,29,32,32,220,,
clsQDEIM,5,0.999999,29,32,32,220,,
SOPT,5,0.999999,29,32,32,230,4.870360685,0.0009050658207693677
clsSOPT,5,0.999999,29,32,32,230,4.156132187,0.002898694199387339
gappy-POD,5,0.999999,29,32,32,230,4.103231932,0.0002711106263450896
clsgappy-POD,5,0.999999,29,32,32,230,,
QDEIM,5,0.999999,29,32,32,230,,
clsQDEIM,5,0.999999,29,32,32,230,,
SOPT,6,1,34,38,37,10,,
clsSOPT,6,1,34,38,37,10,,
gappy-POD,6,1,34,38,37,10,,
clsgappy-POD,6,1,34,38,37,10,,
QDEIM,6,1,34,38,37,10,,
clsQDEIM,6,1,34,38,37,10,,
SOPT,6,1,34,38,37,20,,
clsSOPT,6,1,34,38,37,20,,
gappy-POD,6,1,34,38,37,20,,
clsgappy-POD,6,1,34,38,37,20,,
QDEIM,6,1,34,38,37,20,,
clsQDEIM,6,1,34,38,37,20,,
SOPT,6,1,34,38,37,30,,
clsSOPT,6,1,34,38,37,30,,
gappy-POD,6,1,34,38,37,30,,
clsgappy-POD,6,1,34,38,37,30,,
QDEIM,6,1,34,38,37,30,,
clsQDEIM,6,1,34,38,37,30,,
SOPT,6,1,34,38,37,40,1.552282045,0.007536591423902562
clsSOPT,6,1,34,38,37,40,,
gappy-POD,6,1,34,38,37,40,1.456362291,0.004830128468693778
clsgappy-POD,6,1,34,38,37,40,,
QDEIM,6,1,34,38,37,40,1.792775258,0.003647739573528779
clsQDEIM,6,1,34,38,37,40,,
SOPT,6,1,34,38,37,50,1.757059412,0.0001914035344702201
clsSOPT,6,1,34,38,37,50,,
gappy-POD,6,1,34,38,37,50,1.637383046,0.004830128469235903
clsgappy-POD,6,1,34,38,37,50,,
QDEIM,6,1,34,38,37,50,,
clsQDEIM,6,1,34,38,37,50,1.700194466,0.01362725993632502
SOPT,6,1,34,38,37,60,1.893063297,0.001833133701469644
clsSOPT,6,1,34,38,37,60,1.891831612,0.0003430148878123182
gappy-POD,6,1,34,38,37,60,1.837427796,0.004830128469156593
clsgappy-POD,6,1,34,38,37,60,,
QDEIM,6,1,34,38,37,60,,
clsQDEIM,6,1,34,38,37,60,1.867118884,0.01196504011447403
SOPT,6,1,34,38,37,70,2.070777835,0.00208546132869013
clsSOPT,6,1,34,38,37,70,2.102593989,0.001740583142405133
gappy-POD,6,1,34,38,37,70,2.033343507,0.004830128469012518
clsgappy-POD,6,1,34,38,37,70,,
QDEIM,6,1,34,38,37,70,2.243916513,0.00330394097433789
clsQDEIM,6,1,34,38,37,70,,
SOPT,6,1,34,38,37,80,2.246553838,0.002244181912236993
clsSOPT,6,1,34,38,37,80,2.303533836,0.0001784667857747305
gappy-POD,6,1,34,38,37,80,2.227089841,0.004830128468895425
clsgappy-POD,6,1,34,38,37,80,,
QDEIM,6,1,34,38,37,80,2.243162152,0.002747385077844859
clsQDEIM,6,1,34,38,37,80,,
SOPT,6,1,34,38,37,90,2.416849943,0.003197343531960395
clsSOPT,6,1,34,38,37,90,2.448116263,0.001965029067137846
gappy-POD,6,1,34,38,37,90,2.341654027,0.004830128468959522
clsgappy-POD,6,1,34,38,37,90,,
QDEIM,6,1,34,38,37,90,2.415938113,0.003008349183349314
clsQDEIM,6,1,34,38,37,90,,
SOPT,6,1,34,38,37,100,2.596840321,0.004602969140410153
clsSOPT,6,1,34,38,37,100,2.70257757,0.001895349491950403
gappy-POD,6,1,34,38,37,100,2.500102928,0.004830128468856168
clsgappy-POD,6,1,34,38,37,100,,
QDEIM,6,1,34,38,37,100,2.598858167,0.003153444301052149
clsQDEIM,6,1,34,38,37,100,,
SOPT,6,1,34,38,37,110,2.75219648,0.003345648878133198
clsSOPT,6,1,34,38,37,110,2.737880408,0.002628084273388341
gappy-POD,6,1,34,38,37,110,2.63671355,0.004830128468409577
clsgappy-POD,6,1,34,38,37,110,,
QDEIM,6,1,34,38,37,110,2.764044845,0.003104573689738423
clsQDEIM,6,1,34,38,37,110,3.463198872,1.91724184301681
SOPT,6,1,34,38,37,120,2.873682623,0.002282240083746963
clsSOPT,6,1,34,38,37,120,2.919484085,0.001097181083807412
gappy-POD,6,1,34,38,37,120,2.792864329,0.004830128468392403
clsgappy-POD,6,1,34,38,37,120,,
QDEIM,6,1,34,38,37,120,2.904509371,0.002533251778059149
clsQDEIM,6,1,34,38,37,120,,
SOPT,6,1,34,38,37,130,3.047636744,0.001303083864962932
clsSOPT,6,1,34,38,37,130,3.000596252,0.00111565821647948
gappy-POD,6,1,34,38,37,130,2.944381083,0.004830128468475131
clsgappy-POD,6,1,34,38,37,130,,
QDEIM,6,1,34,38,37,130,3.09053428,0.003190620588554563
clsQDEIM,6,1,34,38,37,130,3.853980658,6.779848601232714
SOPT,6,1,34,38,37,140,3.253587108,0.002799493767059016
clsSOPT,6,1,34,38,37,140,3.093909932,0.001115658216479485
gappy-POD,6,1,34,38,37,140,3.058138379,0.004830128468595977
clsgappy-POD,6,1,34,38,37,140,,
QDEIM,6,1,34,38,37,140,3.180865813,0.003230518802075792
clsQDEIM,6,1,34,38,37,140,3.853281877,1.379823872048817
SOPT,6,1,34,38,37,150,3.361838989,0.003091795294799971
clsSOPT,6,1,34,38,37,150,3.243452656,0.001115658216479701
gappy-POD,6,1,34,38,37,150,3.191486502,0.004830128468818518
clsgappy-POD,6,1,34,38,37,150,,
QDEIM,6,1,34,38,37,150,3.365022734,0.002498907678474447
clsQDEIM,6,1,34,38,37,150,4.483946725,2.826438919976265
SOPT,6,1,34,38,37,160,3.582210616,0.003959362683951129
clsSOPT,6,1,34,38,37,160,3.443435302,0.001115658216479706
gappy-POD,6,1,34,38,37,160,3.370433846,0.004830128468736454
clsgappy-POD,6,1,34,38,37,160,,
QDEIM,6,1,34,38,37,160,3.501240385,0.002479054214458168
clsQDEIM,6,1,34,38,37,160,,
SOPT,6,1,34,38,37,170,3.678384075,0.003993889138626726
clsSOPT,6,1,34,38,37,170,3.612873245,0.001115658216479712
gappy-POD,6,1,34,38,37,170,3.447734133,0.004830128468643536
clsgappy-POD,6,1,34,38,37,170,,
QDEIM,6,1,34,38,37,170,3.608515851,0.003322487810757219
clsQDEIM,6,1,34,38,37,170,,
SOPT,6,1,34,38,37,180,3.747286581,0.00346500663895703
clsSOPT,6,1,34,38,37,180,3.737905966,0.001115658216479475
gappy-POD,6,1,34,38,37,180,3.596019492,0.004830128468425346
clsgappy-POD,6,1,34,38,37,180,,
QDEIM,6,1,34,38,37,180,3.75256563,0.003908543615851829
clsQDEIM,6,1,34,38,37,180,5.203537172,6.12921942182573
SOPT,6,1,34,38,37,190,3.901067496,0.003438401664731765
clsSOPT,6,1,34,38,37,190,3.884478416,0.0006286769771669261
gappy-POD,6,1,34,38,37,190,3.694119388,0.004830128468373628
clsgappy-POD,6,1,34,38,37,190,,
QDEIM,6,1,34,38,37,190,3.902411706,0.0008356278883074109
clsQDEIM,6,1,34,38,37,190,4.040663331,0.009011302429620628
SOPT,6,1,34,38,37,200,4.091782283,0.002951943723462309
clsSOPT,6,1,34,38,37,200,4.062672561,0.00112342938438034
gappy-POD,6,1,34,38,37,200,3.853343574,0.004830128468359688
clsgappy-POD,6,1,34,38,37,200,,
QDEIM,6,1,34,38,37,200,3.969880032,0.0005150000269124467
clsQDEIM,6,1,34,38,37,200,4.124800231,0.001437635804090698
SOPT,6,1,34,38,37,210,4.190889674,0.002089849737005127
clsSOPT,6,1,34,38,37,210,4.155887683,0.0002275346489800967
gappy-POD,6,1,34,38,37,210,3.971718338,0.004830128468284576
clsgappy-POD,6,1,34,38,37,210,,
QDEIM,6,1,34,38,37,210,4.134111415,0.0005649622416102091
clsQDEIM,6,1,34,38,37,210,4.327242897,0.00252772212579217
SOPT,6,1,34,38,37,220,4.337522075,0.002294033463522606
clsSOPT,6,1,34,38,37,220,4.320820705,0.00055429985179191
gappy-POD,6,1,34,38,37,220,4.076664704,0.004830128468166809
clsgappy-POD,6,1,34,38,37,220,,
QDEIM,6,1,34,38,37,220,4.26910012,0.0007237983760610575
clsQDEIM,6,1,34,38,37,220,4.406358255,0.001920081725309874
SOPT,6,1,34,38,37,230,4.495793243,0.00189572078249161
clsSOPT,6,1,34,38,37,230,4.511523985,0.0005875328446989609
gappy-POD,6,1,34,38,37,230,4.244073662,0.00483012846818002
clsgappy-POD,6,1,34,38,37,230,,
QDEIM,6,1,34,38,37,230,4.330468661,0.002509631070416346
clsQDEIM,6,1,34,38,37,230,4.494618689,0.001519515282997284
