Options used:
   --mesh ../data/beam-quad.mesh
   --refine-serial 2
   --refine-parallel 0
   --order 2
   --ode-solver 14
   --t-final 2
   --time-step 0.01
   --viscosity 0.01
   --shear-modulus 0.25
   --bulk-modulus 5
   --adaptive-lin-rtol
   --visualization
   --no-visit-datafiles
   --visualization-steps 1
   --nset 2
   --no-offline
   --online
   --no-merge
   --no-qdeim
   --no-sopt
   --nsr -1
   --rxdim 36
   --rvdim 75
   --hdim 1
   --id 0
   --hyperreduce
   --not-xbase-only
   --velocity-ic
   --scaling 1
   --eqp
   --no-sample-mesh
   --no-preceqp
   --tol-nnls 1e-14
   --max-nnls 0
   --n-time-windows 0
Number of velocity/deformation unknowns: 1170
initial elastic energy (EE) = 8.68126e-18
initial kinetic energy (KE) = 0.000318121
initial   total energy (TE) = 0.000318121
Opening file: basisV.000000
reduced V dim = 75
Opening file: basisX.000000
reduced X dim = 36
Opening file: basisH.000000
reduced H dim = 1
Opening file: basis0_X_snapshot.000000
Opening file: basis1_X_snapshot.000000
NNLSSolver init on rank 0 out of 1 processes
0 0 30150 2048 0 1.025371696354997e+00 2.135784707354307e+01
1 1 30150 2048 1 1.025443255731968e+00 1.999562636877848e+01
2 2 30150 2048 2 9.617657679582292e-01 1.860210803795919e+01
3 3 30150 2048 3 7.855805772962329e-01 1.715212841017081e+01
4 4 30150 2048 4 6.508312318663441e-01 1.581750800994557e+01
5 5 30150 2048 5 6.508560031494938e-01 1.557435454875483e+01
6 6 30150 2048 6 6.508119633207213e-01 1.538250884541965e+01
7 7 30150 2048 7 6.353728485998156e-01 1.519726393232847e+01
8 8 30150 2048 8 6.353728251525975e-01 1.489977737239518e+01
9 9 30150 2048 9 6.280293376658981e-01 1.443002447592880e+01
10 10 30150 2048 10 6.272363125230290e-01 1.415959776795054e+01
11 11 30150 2048 11 6.426413635108130e-01 1.390390750354905e+01
12 12 30150 2048 12 6.443879953412704e-01 1.369242991000374e+01
13 13 30150 2048 13 5.401336078168177e-01 1.330725915889828e+01
14 14 30150 2048 14 5.401297073709432e-01 1.305485004631605e+01
15 15 30150 2048 15 4.826963424415736e-01 1.257906060348825e+01
16 16 30150 2048 16 4.826849629811455e-01 1.249379079264959e+01
17 17 30150 2048 17 4.826716711961320e-01 1.238140906794078e+01
18 18 30150 2048 18 4.823697228331599e-01 1.221344960576165e+01
19 19 30150 2048 19 4.556256609250330e-01 1.200648423005568e+01
20 20 30150 2048 20 4.556295843814574e-01 1.190871575410117e+01
21 21 30150 2048 21 4.556304336085647e-01 1.175602152325451e+01
22 22 30150 2048 22 4.438172784983334e-01 1.165252672436678e+01
23 23 30150 2048 23 4.446864828558624e-01 1.149181770957761e+01
24 24 30150 2048 24 4.447613346323211e-01 1.135002200095351e+01
25 25 30150 2048 25 4.473717346569365e-01 1.125761497163838e+01
26 26 30150 2048 26 4.490074300332469e-01 1.102581067951968e+01
27 27 30150 2048 27 4.489624324469494e-01 1.092903933834357e+01
28 28 30150 2048 28 4.476664447133355e-01 1.087519465293233e+01
29 29 30150 2048 29 4.476759284872879e-01 1.073989090386654e+01
30 30 30150 2048 30 4.112533202332722e-01 1.059292007847581e+01
31 31 30150 2048 31 4.112158437077375e-01 1.052940353017319e+01
32 32 30150 2048 32 3.716770759531627e-01 1.044388263060679e+01
33 33 30150 2048 33 3.734151632913202e-01 1.032445671209453e+01
34 34 30150 2048 34 3.734692552912066e-01 1.025305348787790e+01
35 35 30150 2048 35 3.734529779894328e-01 1.019714873269967e+01
36 36 30150 2048 36 3.734547471071366e-01 1.010140844076304e+01
37 37 30150 2048 37 3.734711509715040e-01 1.003126376399708e+01
38 38 30150 2048 38 3.736953511854094e-01 9.951002853384868e+00
39 39 30150 2048 39 3.734523304817118e-01 9.869166978801019e+00
40 40 30150 2048 40 3.734545415139867e-01 9.782397539595690e+00
41 41 30150 2048 41 3.734509920449806e-01 9.738356541236589e+00
42 42 30150 2048 42 3.745705433686886e-01 9.612920677922530e+00
43 43 30150 2048 43 3.746244209997052e-01 9.547393611165788e+00
44 44 30150 2048 44 3.746638359271204e-01 9.509405367195448e+00
45 45 30150 2048 45 3.746606264088158e-01 9.451060615287902e+00
46 46 30150 2048 46 3.557368116685550e-01 9.356217584343851e+00
47 47 30150 2048 47 3.558921939425076e-01 9.215884953236555e+00
48 48 30150 2048 48 3.563473301355573e-01 9.187927756497315e+00
49 49 30150 2048 49 3.563432797429841e-01 9.163858349788990e+00
50 50 30150 2048 50 3.563498937459222e-01 9.106761776292455e+00
51 51 30150 2048 51 3.532808486713458e-01 9.067743833200531e+00
52 52 30150 2048 52 3.510048644817946e-01 8.967883686832398e+00
53 53 30150 2048 53 3.510074513838984e-01 8.936716570350987e+00
54 54 30150 2048 54 3.510071641896428e-01 8.860483008267005e+00
55 55 30150 2048 55 3.510065634159617e-01 8.826240766677390e+00
56 56 30150 2048 56 3.510045422955632e-01 8.787257383780886e+00
57 57 30150 2048 57 3.362937145220266e-01 8.750065510761219e+00
58 58 30150 2048 58 3.362821772779415e-01 8.686230238862519e+00
59 59 30150 2048 59 3.319064640589972e-01 8.646162839489087e+00
60 60 30150 2048 60 3.319293061612351e-01 8.578397023012350e+00
61 61 30150 2048 61 3.319292631745677e-01 8.541638512290984e+00
62 62 30150 2048 62 3.319081580891323e-01 8.505447904485722e+00
63 63 30150 2048 63 3.318913064020398e-01 8.464981707540598e+00
64 64 30150 2048 64 3.315048076437844e-01 8.400479501611967e+00
65 65 30150 2048 65 3.307539677719102e-01 8.316410156677410e+00
66 66 30150 2048 66 3.296416236754092e-01 8.239471236897380e+00
67 67 30150 2048 67 3.299790234271704e-01 8.194157907499983e+00
68 68 30150 2048 68 3.298748983791491e-01 8.175289229415901e+00
69 69 30150 2048 69 3.298806001531849e-01 8.150755840098713e+00
70 70 30150 2048 70 3.170422561220934e-01 8.085430494807955e+00
71 71 30150 2048 71 3.170459803774927e-01 8.052585379912024e+00
72 72 30150 2048 72 3.170684757088114e-01 8.021169019608472e+00
73 73 30150 2048 73 3.169893356595944e-01 7.960330567970144e+00
74 74 30150 2048 74 3.113645688740955e-01 7.915907572503253e+00
75 75 30150 2048 75 3.113639116089664e-01 7.854879452988221e+00
76 76 30150 2048 76 3.112253660880163e-01 7.792353315422373e+00
77 77 30150 2048 77 3.122026157948961e-01 7.758169618076256e+00
78 78 30150 2048 78 3.122156426781346e-01 7.702132453563824e+00
79 79 30150 2048 79 3.122205755168974e-01 7.646030318685539e+00
80 80 30150 2048 80 3.122188880730486e-01 7.591280611314966e+00
81 81 30150 2048 81 3.122189239514294e-01 7.570629591743424e+00
82 82 30150 2048 82 3.122188921890464e-01 7.515362055386886e+00
83 83 30150 2048 83 3.144433359562432e-01 7.486191738987059e+00
84 84 30150 2048 84 3.145047340925889e-01 7.449252669288831e+00
85 85 30150 2048 85 3.145444280031028e-01 7.394351569617244e+00
86 86 30150 2048 86 3.145357029633110e-01 7.334363398652194e+00
87 87 30150 2048 87 3.145605939110142e-01 7.270603021538194e+00
88 88 30150 2048 88 3.145608831531110e-01 7.238614296978151e+00
89 89 30150 2048 89 3.145536980372451e-01 7.183851372710504e+00
90 90 30150 2048 90 3.145521756399124e-01 7.129852256852748e+00
91 91 30150 2048 91 3.146167361551052e-01 7.104834684504994e+00
92 92 30150 2048 92 3.146156682572833e-01 7.073032722458946e+00
93 93 30150 2048 93 3.146147763280480e-01 7.025410776448045e+00
94 94 30150 2048 94 3.163853369948858e-01 6.958445507885941e+00
95 95 30150 2048 95 3.163919668994957e-01 6.918349190987780e+00
96 96 30150 2048 96 3.163974604007147e-01 6.849093396356397e+00
97 97 30150 2048 97 3.166402856239042e-01 6.791782397163794e+00
98 98 30150 2048 98 3.166388742986094e-01 6.747961990391774e+00
99 99 30150 2048 99 3.166364443814896e-01 6.714104011938733e+00
100 100 30150 2048 100 3.166360752067880e-01 6.681345395647710e+00
101 101 30150 2048 101 3.166365427582591e-01 6.666241150957763e+00
102 102 30150 2048 102 3.167060900909160e-01 6.613548478836706e+00
103 103 30150 2048 103 3.167033695825419e-01 6.545666944042589e+00
104 104 30150 2048 104 3.167911327698743e-01 6.500694407937103e+00
105 105 30150 2048 105 3.167937765129447e-01 6.470044966412201e+00
106 106 30150 2048 106 3.167412734109769e-01 6.416128589368777e+00
107 107 30150 2048 107 3.168180760061719e-01 6.353408662965789e+00
108 108 30150 2048 108 3.158341774242903e-01 6.264468056007623e+00
109 109 30150 2048 109 3.158363718419911e-01 6.241907728398266e+00
110 110 30150 2048 110 3.158483643918740e-01 6.189268198362581e+00
111 111 30150 2048 111 3.158467828476118e-01 6.163076537118554e+00
112 112 30150 2048 112 3.159726949267264e-01 6.134536629364158e+00
113 113 30150 2048 113 3.163782746633866e-01 6.099680995581842e+00
114 114 30150 2048 114 3.160571756245527e-01 6.040803993318749e+00
115 115 30150 2048 115 3.160574422492745e-01 6.013406843769464e+00
116 116 30150 2048 116 3.160894281393399e-01 5.964068386712729e+00
117 117 30150 2048 117 3.161063293634367e-01 5.928854593010401e+00
118 118 30150 2048 118 3.161100626267240e-01 5.899528613746844e+00
119 119 30150 2048 119 3.161103278748072e-01 5.865298952940301e+00
120 120 30150 2048 120 3.161082826817195e-01 5.849801866760002e+00
121 121 30150 2048 121 3.161071091612803e-01 5.821969018424391e+00
122 122 30150 2048 122 3.064286995590708e-01 5.679697083762860e+00
123 123 30150 2048 123 3.064279618182000e-01 5.642742723442518e+00
124 124 30150 2048 124 3.063780057264364e-01 5.608447334927592e+00
125 125 30150 2048 125 3.063181139931370e-01 5.541988184618257e+00
126 126 30150 2048 126 3.062939547107880e-01 5.512364515934081e+00
127 127 30150 2048 127 3.063024172851729e-01 5.464104854131625e+00
128 128 30150 2048 128 3.063040858867585e-01 5.439248453143676e+00
129 129 30150 2048 129 3.062609016929122e-01 5.380037274054881e+00
130 130 30150 2048 130 3.062962355285189e-01 5.354553255111044e+00
131 131 30150 2048 131 3.062950841039089e-01 5.325808772132238e+00
132 132 30150 2048 132 3.062948902702186e-01 5.295453535307783e+00
133 133 30150 2048 133 3.058887830974066e-01 5.247013651975255e+00
134 134 30150 2048 134 3.057547199786932e-01 5.215638859670622e+00
135 135 30150 2048 135 3.058397400040222e-01 5.187425740963014e+00
136 136 30150 2048 136 3.058306715007192e-01 5.172843699253558e+00
137 137 30150 2048 137 3.058254050659708e-01 5.162848730831303e+00
138 138 30150 2048 138 3.057951442650474e-01 5.135384840812423e+00
139 139 30150 2048 139 3.057952194454609e-01 5.110215197231843e+00
140 140 30150 2048 140 3.057954246287608e-01 5.084977504420466e+00
141 141 30150 2048 141 3.057897433505710e-01 5.059825527774238e+00
142 142 30150 2048 142 3.057776824497795e-01 5.038120115638516e+00
143 143 30150 2048 143 3.058159182293560e-01 5.014677307843112e+00
144 144 30150 2048 144 3.058467678244183e-01 4.991779107280792e+00
145 145 30150 2048 145 3.058490888024641e-01 4.967538102591845e+00
146 146 30150 2048 146 3.058480802332783e-01 4.943159304342542e+00
147 147 30150 2048 147 3.058419413766727e-01 4.918380423028323e+00
148 148 30150 2048 148 3.058466070348315e-01 4.894934011388288e+00
149 149 30150 2048 149 3.057912620721057e-01 4.868352394231142e+00
150 150 30150 2048 150 3.057874071023793e-01 4.843473666196362e+00
151 151 30150 2048 151 3.057897591689843e-01 4.819946248006424e+00
152 152 30150 2048 152 3.057897847837996e-01 4.795492930201707e+00
153 153 30150 2048 153 3.051008283019408e-01 4.762034096444490e+00
154 154 30150 2048 154 3.051215255815359e-01 4.739362976201742e+00
155 155 30150 2048 155 3.051188689617403e-01 4.695075036681214e+00
156 156 30150 2048 156 3.050613962044555e-01 4.656381640411600e+00
157 157 30150 2048 157 3.050833439169005e-01 4.634982432766588e+00
158 158 30150 2048 158 3.050829859607099e-01 4.609436153883157e+00
159 159 30150 2048 159 3.050695131981004e-01 4.593571235262187e+00
160 160 30150 2048 160 3.050681520403927e-01 4.569033459858288e+00
161 161 30150 2048 161 3.050398193552638e-01 4.527904461979525e+00
162 162 30150 2048 162 3.050273527617626e-01 4.504131735579652e+00
163 163 30150 2048 163 3.051393440132180e-01 4.456653624007336e+00
164 164 30150 2048 164 2.226530957412854e-01 4.391455442470472e+00
165 165 30150 2048 165 2.226528490862450e-01 4.367147423755785e+00
166 166 30150 2048 166 2.226535379012292e-01 4.351073630890768e+00
167 167 30150 2048 167 2.226536070654086e-01 4.331234690721971e+00
168 168 30150 2048 168 2.226730665660531e-01 4.287758555292519e+00
169 169 30150 2048 169 2.226736426250809e-01 4.272319493195169e+00
170 170 30150 2048 170 2.232541080997724e-01 4.190001156951031e+00
171 171 30150 2048 171 2.235134249240264e-01 4.174998173173421e+00
172 172 30150 2048 172 2.236227018831161e-01 4.154425251173500e+00
173 173 30150 2048 173 2.242671164810264e-01 4.132279774575719e+00
174 174 30150 2048 174 2.242323497658329e-01 4.087442278896440e+00
175 175 30150 2048 175 2.242334974547801e-01 4.030913978548443e+00
176 176 30150 2048 176 2.256135551043243e-01 3.999169770995957e+00
177 177 30150 2048 177 2.256102900262256e-01 3.977731561888445e+00
178 178 30150 2048 178 2.256221424329063e-01 3.960931760048428e+00
179 179 30150 2048 179 2.252003513381841e-01 3.904646758573797e+00
180 180 30150 2048 180 2.249209663070888e-01 3.880489499970943e+00
181 181 30150 2048 181 2.249173732084594e-01 3.865486008616836e+00
182 182 30150 2048 182 2.252324478733318e-01 3.840915782569729e+00
183 183 30150 2048 183 2.252094687071561e-01 3.818696197941644e+00
184 184 30150 2048 184 2.252087269828295e-01 3.805514078943209e+00
185 185 30150 2048 185 2.253667810831723e-01 3.781934920191224e+00
186 186 30150 2048 186 2.200640806973773e-01 3.762151860788899e+00
187 187 30150 2048 187 2.200191667574603e-01 3.749586660583875e+00
188 188 30150 2048 188 2.192603445042005e-01 3.712203977397114e+00
189 189 30150 2048 189 2.192533008189977e-01 3.687774545096453e+00
190 190 30150 2048 190 2.191765984243719e-01 3.667644829196861e+00
191 191 30150 2048 191 2.191764670659318e-01 3.657741415767973e+00
192 192 30150 2048 192 2.191666797522684e-01 3.637682977638974e+00
193 193 30150 2048 193 2.191354580308579e-01 3.615113319730207e+00
194 194 30150 2048 194 2.191183114906665e-01 3.584863707221686e+00
195 195 30150 2048 195 2.191206324124054e-01 3.574289591858181e+00
196 196 30150 2048 196 2.190737479602037e-01 3.560827100797776e+00
197 197 30150 2048 197 2.189585478280832e-01 3.523593230835540e+00
198 198 30150 2048 198 2.189616878863061e-01 3.504730225069347e+00
199 199 30150 2048 199 2.189703433672720e-01 3.485086880185757e+00
200 200 30150 2048 200 2.189776378700287e-01 3.431302513496682e+00
201 201 30150 2048 201 2.189717159907452e-01 3.417818064408762e+00
202 202 30150 2048 202 2.190262534750363e-01 3.394371053655244e+00
203 203 30150 2048 203 2.190306295793977e-01 3.383124947004598e+00
204 204 30150 2048 204 2.187064816423650e-01 3.372290452272586e+00
205 205 30150 2048 205 2.187099167016864e-01 3.336743977212444e+00
206 206 30150 2048 206 2.187087337858389e-01 3.326320083477608e+00
207 207 30150 2048 207 2.187081123275074e-01 3.306762550974376e+00
208 208 30150 2048 208 2.187060744833032e-01 3.296219337108026e+00
209 209 30150 2048 209 2.187069469103583e-01 3.285676050821026e+00
210 210 30150 2048 210 2.186721008535626e-01 3.267128678265716e+00
211 211 30150 2048 211 2.187374745791052e-01 3.257188714553923e+00
212 212 30150 2048 212 2.187384182275013e-01 3.247026136817635e+00
213 213 30150 2048 213 2.187886736282462e-01 3.219410238358218e+00
214 214 30150 2048 214 2.187897394020916e-01 3.209640298633185e+00
215 215 30150 2048 215 2.188462199601573e-01 3.188778490692590e+00
216 216 30150 2048 216 2.188411729016267e-01 3.177226937317243e+00
217 217 30150 2048 217 2.188152302675004e-01 3.167376393972498e+00
218 218 30150 2048 218 2.187776207286286e-01 3.139247444778827e+00
219 219 30150 2048 219 2.187580879739137e-01 3.127226714801722e+00
220 220 30150 2048 220 2.187690588954667e-01 3.094964823992208e+00
221 221 30150 2048 221 2.187690688808780e-01 3.075391936967196e+00
222 222 30150 2048 222 2.187141569658509e-01 3.041271200767602e+00
223 223 30150 2048 223 2.187378410671597e-01 3.023150177212663e+00
224 224 30150 2048 224 2.187173003220724e-01 3.004146144170088e+00
225 225 30150 2048 225 2.188196943601310e-01 2.963066222581972e+00
226 226 30150 2048 226 2.184234588718773e-01 2.940765773703797e+00
227 227 30150 2048 227 2.257886127326837e-01 2.917290967884466e+00
228 228 30150 2048 228 2.258062324708988e-01 2.900256129166300e+00
229 229 30150 2048 229 2.258064034974643e-01 2.890491233876534e+00
230 230 30150 2048 230 2.260412439822090e-01 2.881926191474553e+00
231 231 30150 2048 231 2.252389009853603e-01 2.868112028234759e+00
232 232 30150 2048 232 2.254052659655989e-01 2.818752054918203e+00
233 233 30150 2048 233 2.253995594044490e-01 2.786353976555898e+00
234 234 30150 2048 234 2.254113743196002e-01 2.776925784789475e+00
235 235 30150 2048 235 2.243530064412456e-01 2.760417031665109e+00
236 236 30150 2048 236 2.252072127217358e-01 2.703526032842879e+00
237 237 30150 2048 237 2.249100255086817e-01 2.689961955448226e+00
238 238 30150 2048 238 2.249101402700061e-01 2.658423113889401e+00
239 239 30150 2048 239 2.252331973513112e-01 2.649477841777002e+00
240 240 30150 2048 240 2.250982119859715e-01 2.640577635722212e+00
241 241 30150 2048 241 2.277482294619053e-01 2.632347210650443e+00
242 242 30150 2048 242 2.277459920957326e-01 2.616115489210929e+00
243 243 30150 2048 243 2.277503009473663e-01 2.600069727876700e+00
244 244 30150 2048 244 2.274994466302795e-01 2.573995115558157e+00
245 245 30150 2048 245 2.273626639402440e-01 2.556643531290407e+00
246 246 30150 2048 246 2.273624797924179e-01 2.545462617775403e+00
247 247 30150 2048 247 2.273646589734917e-01 2.526928106114377e+00
248 248 30150 2048 248 2.273843874777241e-01 2.511618511679893e+00
249 249 30150 2048 249 2.273861610916089e-01 2.496227102711420e+00
250 250 30150 2048 250 2.273677442393291e-01 2.483138009627659e+00
251 251 30150 2048 251 2.020871099812892e-01 2.469759246493139e+00
252 252 30150 2048 252 2.024524831372459e-01 2.439103003533900e+00
253 253 30150 2048 253 2.030377615021781e-01 2.422192122830254e+00
254 254 30150 2048 254 2.029218614798320e-01 2.404666780440277e+00
255 255 30150 2048 255 2.029225323812625e-01 2.397038307615225e+00
256 256 30150 2048 256 2.029261220465208e-01 2.376603942628351e+00
257 257 30150 2048 257 2.029213371913941e-01 2.361479236673243e+00
258 258 30150 2048 258 2.032774937037529e-01 2.321684471986861e+00
259 259 30150 2048 259 2.031001342298210e-01 2.314229276434711e+00
260 260 30150 2048 260 2.031561714979527e-01 2.308799815630357e+00
261 261 30150 2048 261 2.031365009573488e-01 2.285356774507564e+00
262 262 30150 2048 262 2.031345958132190e-01 2.272425693480953e+00
263 263 30150 2048 263 2.031358082453412e-01 2.248250042605672e+00
264 264 30150 2048 264 1.746094643216243e-01 2.215081187709163e+00
265 265 30150 2048 265 1.745027051974116e-01 2.201685862778180e+00
266 266 30150 2048 266 1.744927928221092e-01 2.195636211161327e+00
267 267 30150 2048 267 1.743569732737299e-01 2.186588264589141e+00
268 268 30150 2048 268 1.743499846424073e-01 2.155006018532985e+00
269 269 30150 2048 269 1.743492216612670e-01 2.143901868968273e+00
270 270 30150 2048 270 1.743488451156678e-01 2.129817707728748e+00
271 271 30150 2048 271 1.743464437274085e-01 2.123645529590212e+00
272 272 30150 2048 272 1.749079675266146e-01 2.104441722252357e+00
273 273 30150 2048 273 1.749268346567739e-01 2.084033902891786e+00
274 274 30150 2048 274 1.737398499775534e-01 2.023270969553156e+00
275 275 30150 2048 275 1.737249896669326e-01 2.008582823283878e+00
276 276 30150 2048 276 1.737651375248920e-01 1.988748522386322e+00
277 277 30150 2048 277 1.736675363905653e-01 1.982944081079280e+00
278 278 30150 2048 278 1.736619521798485e-01 1.973369098446357e+00
279 279 30150 2048 279 1.736610974912161e-01 1.948453488157420e+00
280 280 30150 2048 280 1.736630308361064e-01 1.938148099754564e+00
281 281 30150 2048 281 1.738401656646048e-01 1.914597663459341e+00
282 282 30150 2048 282 1.738382523438381e-01 1.897788121205974e+00
283 283 30150 2048 283 1.738050228488811e-01 1.887904296897956e+00
284 284 30150 2048 284 1.737915265214885e-01 1.874438360342580e+00
285 285 30150 2048 285 1.739178911627888e-01 1.869598246882579e+00
286 286 30150 2048 286 1.737131325565575e-01 1.859521356164847e+00
287 287 30150 2048 287 1.738567911804957e-01 1.848274425582245e+00
288 288 30150 2048 288 1.738605203783882e-01 1.842960041491035e+00
289 289 30150 2048 289 1.739308343148075e-01 1.822656676487360e+00
290 290 30150 2048 290 1.738478410867525e-01 1.808935069677637e+00
291 291 30150 2048 291 1.736440871535551e-01 1.800106828258083e+00
292 292 30150 2048 292 1.736540390880226e-01 1.793709544514953e+00
293 293 30150 2048 293 1.731946850332977e-01 1.776837990025234e+00
294 294 30150 2048 294 1.737526449583680e-01 1.767896378352991e+00
295 295 30150 2048 295 1.737106168361374e-01 1.757252922563197e+00
296 296 30150 2048 296 1.737367752148243e-01 1.746465049970280e+00
297 297 30150 2048 297 1.737389668482049e-01 1.735011737703670e+00
298 298 30150 2048 298 1.737418617016509e-01 1.725513747043959e+00
299 299 30150 2048 299 1.737230295923249e-01 1.715498400998590e+00
300 300 30150 2048 300 1.735723235704087e-01 1.712307805804019e+00
301 301 30150 2048 301 1.742303714418299e-01 1.699240342599864e+00
302 302 30150 2048 302 1.742715704248531e-01 1.683359616234488e+00
303 303 30150 2048 303 1.743715923576047e-01 1.665844497519102e+00
304 304 30150 2048 304 1.742540854592615e-01 1.660867937361087e+00
305 305 30150 2048 305 1.742286552763410e-01 1.651320773697372e+00
306 306 30150 2048 306 1.742366202390835e-01 1.631191405212167e+00
307 307 30150 2048 307 1.742486234912552e-01 1.613709784371666e+00
308 308 30150 2048 308 1.742530496506616e-01 1.598901940917686e+00
309 309 30150 2048 309 1.743518312708572e-01 1.588319377090610e+00
310 310 30150 2048 310 1.308963476536298e-01 1.561877973016317e+00
311 311 30150 2048 311 1.308730621516065e-01 1.549344044666487e+00
312 312 30150 2048 312 1.308897490768415e-01 1.538603693120221e+00
313 313 30150 2048 313 1.263517042931077e-01 1.522652454856124e+00
314 314 30150 2048 314 1.242920680486854e-01 1.508099409440011e+00
315 315 30150 2048 315 1.244253783133665e-01 1.499906035001671e+00
316 316 30150 2048 316 1.244824611977580e-01 1.488923972094726e+00
317 317 30150 2048 317 1.228509492711673e-01 1.436088212965547e+00
318 318 30150 2048 318 1.228346130333939e-01 1.433120078373272e+00
319 319 30150 2048 319 1.228032520040400e-01 1.427570217351523e+00
320 320 30150 2048 320 1.231251215028863e-01 1.413172095201449e+00
321 321 30150 2048 321 1.231655997553901e-01 1.409215956664304e+00
322 322 30150 2048 322 1.227249260730834e-01 1.391943600213986e+00
323 323 30150 2048 323 1.225438105316371e-01 1.385466318453465e+00
324 324 30150 2048 324 1.224526304098056e-01 1.378824873475308e+00
325 325 30150 2048 325 1.224646843611024e-01 1.375184424587524e+00
326 326 30150 2048 326 1.224566085979692e-01 1.369435198055722e+00
327 328 30150 2048 326 1.173205730661345e-01 1.303691786538620e+00
328 329 30150 2048 327 1.153435838229066e-01 1.293310763871924e+00
329 330 30150 2048 328 1.155585711564149e-01 1.282369993301936e+00
330 331 30150 2048 329 1.155824930163004e-01 1.279124874040752e+00
331 332 30150 2048 330 1.156910866305539e-01 1.273481891674513e+00
332 333 30150 2048 331 1.154646409718198e-01 1.267001823426678e+00
333 334 30150 2048 332 1.154317259010780e-01 1.262595734497081e+00
334 335 30150 2048 333 1.154246000697130e-01 1.255552456087764e+00
335 336 30150 2048 334 1.154041432737283e-01 1.251475277566683e+00
336 337 30150 2048 335 1.154027560484735e-01 1.243326574608829e+00
337 338 30150 2048 336 1.153899740346856e-01 1.238212774478499e+00
338 339 30150 2048 337 1.153578931551884e-01 1.233129639840747e+00
339 340 30150 2048 338 1.152170004647055e-01 1.222916481401484e+00
340 341 30150 2048 339 1.152013538332875e-01 1.208160351348890e+00
341 342 30150 2048 340 1.152319175084490e-01 1.205490228435570e+00
342 343 30150 2048 341 1.150007394173792e-01 1.192826771686605e+00
343 344 30150 2048 342 1.151083130896975e-01 1.187430690199865e+00
344 345 30150 2048 343 1.120711982177271e-01 1.159659963821660e+00
345 346 30150 2048 344 1.120728808063021e-01 1.157689160311680e+00
346 347 30150 2048 345 1.120729504376678e-01 1.152788720196797e+00
347 348 30150 2048 346 1.120434177681665e-01 1.147420116524291e+00
348 349 30150 2048 347 1.115008467093262e-01 1.131473206567127e+00
349 350 30150 2048 348 1.115026200630996e-01 1.129179291524706e+00
350 351 30150 2048 349 1.114651176200952e-01 1.126682597360314e+00
351 352 30150 2048 350 1.114627519610358e-01 1.122195174962190e+00
352 353 30150 2048 351 1.114527330523196e-01 1.117954254230008e+00
353 354 30150 2048 352 1.113078844418552e-01 1.111552140555775e+00
354 355 30150 2048 353 1.114509498360429e-01 1.103956946861876e+00
355 356 30150 2048 354 1.115187421394819e-01 1.100525001682583e+00
356 357 30150 2048 355 1.115270090485425e-01 1.096607563314093e+00
357 358 30150 2048 356 1.115225633150944e-01 1.092473177294907e+00
358 359 30150 2048 357 1.115475667279427e-01 1.085507582946210e+00
359 360 30150 2048 358 1.110712709901667e-01 1.080532063446330e+00
360 361 30150 2048 359 1.111033365753283e-01 1.078605301979879e+00
361 362 30150 2048 360 1.034491370788970e-01 1.019102566984765e+00
362 363 30150 2048 361 1.034720927843456e-01 1.013692501875966e+00
363 364 30150 2048 362 1.032124349890818e-01 9.991899508968374e-01
364 365 30150 2048 363 1.030975113275222e-01 9.961122605100893e-01
365 366 30150 2048 364 1.031382811883606e-01 9.919352760761219e-01
366 367 30150 2048 365 1.004708901965572e-01 9.870401617823056e-01
367 368 30150 2048 366 1.013769742184585e-01 9.858038965738654e-01
368 369 30150 2048 367 1.013556736081880e-01 9.826140437043532e-01
369 370 30150 2048 368 1.013572571563240e-01 9.808349442895238e-01
370 371 30150 2048 369 1.013482688822436e-01 9.791463499677251e-01
371 372 30150 2048 370 1.013468511773426e-01 9.777258923562572e-01
372 373 30150 2048 371 1.013489251260497e-01 9.755665610554971e-01
373 374 30150 2048 372 1.013322205737108e-01 9.712403236756940e-01
374 375 30150 2048 373 1.013501377824424e-01 9.700272914576773e-01
375 376 30150 2048 374 1.013597559875581e-01 9.603030465528889e-01
376 377 30150 2048 375 9.653592282379071e-02 9.013059875581253e-01
377 378 30150 2048 376 9.653657323722499e-02 8.962491407016351e-01
378 379 30150 2048 377 9.650927922715150e-02 8.935191397052465e-01
379 380 30150 2048 378 9.653788370493897e-02 8.852967426911628e-01
380 381 30150 2048 379 9.653681977441733e-02 8.832630059422736e-01
381 382 30150 2048 380 9.652193769798297e-02 8.781238357831708e-01
382 383 30150 2048 381 9.653277839254684e-02 8.767884624705186e-01
383 384 30150 2048 382 9.649836932179884e-02 8.689893807951301e-01
384 385 30150 2048 383 9.651137240615873e-02 8.645278801975622e-01
385 386 30150 2048 384 9.650885167874794e-02 8.624763843367925e-01
386 387 30150 2048 385 9.650990643461609e-02 8.600558479486269e-01
387 388 30150 2048 386 9.696545637583047e-02 8.379452373280706e-01
388 390 30150 2048 386 9.742273347967501e-02 8.265331725206068e-01
389 391 30150 2048 387 9.742119897192662e-02 8.239037421173324e-01
390 392 30150 2048 388 9.728258081397954e-02 8.183490712515674e-01
391 393 30150 2048 389 9.286474718940228e-02 8.102037108829814e-01
392 394 30150 2048 390 9.287990531054206e-02 8.079641649142919e-01
393 395 30150 2048 391 9.289725809670536e-02 8.053861663038231e-01
394 396 30150 2048 392 9.289206923506226e-02 8.021538939098491e-01
395 397 30150 2048 393 9.289218274811374e-02 8.007841640866215e-01
396 398 30150 2048 394 9.282259176003772e-02 7.977823633986610e-01
397 399 30150 2048 395 9.837328430211585e-02 7.876637928926155e-01
398 400 30150 2048 396 9.843980495325826e-02 7.860536110945362e-01
399 401 30150 2048 397 9.870406335473471e-02 7.788303112770926e-01
400 402 30150 2048 398 9.839580889712957e-02 7.744289960999382e-01
401 403 30150 2048 399 9.840215663836503e-02 7.726829830637815e-01
402 404 30150 2048 400 9.852291436364725e-02 7.716613365542188e-01
403 405 30150 2048 401 9.853318527515609e-02 7.695956616477542e-01
404 406 30150 2048 402 9.728349925448973e-02 7.655599966969677e-01
405 407 30150 2048 403 9.711514393000584e-02 7.536483977314997e-01
406 408 30150 2048 404 9.648323237539164e-02 7.434112092110855e-01
407 409 30150 2048 405 9.638176533200658e-02 7.413086685770653e-01
408 410 30150 2048 406 8.531383829214498e-02 6.660846300682457e-01
409 412 30150 2048 406 8.487144591730270e-02 6.633098353176169e-01
410 413 30150 2048 407 8.486957793649044e-02 6.593171891418145e-01
411 414 30150 2048 408 8.487666379432425e-02 6.542642304393064e-01
412 415 30150 2048 409 8.487754488788229e-02 6.523434500517364e-01
413 416 30150 2048 410 8.487989509536241e-02 6.513308624253181e-01
414 417 30150 2048 411 7.895305768722273e-02 6.372075760861400e-01
415 418 30150 2048 412 7.895740813458553e-02 6.361752918197953e-01
416 419 30150 2048 413 7.864591749925173e-02 6.152084653802442e-01
417 420 30150 2048 414 7.865774885189518e-02 6.142683409581535e-01
418 421 30150 2048 415 7.865700779893474e-02 6.125220212353090e-01
419 422 30150 2048 416 7.877319664118283e-02 5.999638292980947e-01
420 423 30150 2048 417 7.886540537547818e-02 5.968576334316660e-01
421 424 30150 2048 418 7.886549430482610e-02 5.952916551348566e-01
422 425 30150 2048 419 7.885941401758086e-02 5.941932297066825e-01
423 426 30150 2048 420 7.898384233581704e-02 5.917146467187293e-01
424 427 30150 2048 421 7.918935550712491e-02 5.905028103234365e-01
425 428 30150 2048 422 7.900648741559679e-02 5.856876269804115e-01
426 429 30150 2048 423 7.898260509282871e-02 5.848013390658261e-01
427 430 30150 2048 424 7.904393227764983e-02 5.798342956379422e-01
428 431 30150 2048 425 7.903436338473292e-02 5.790799675137320e-01
429 432 30150 2048 426 7.903987642671277e-02 5.779231925056928e-01
430 433 30150 2048 427 7.892306404384665e-02 5.712120327737912e-01
431 434 30150 2048 428 7.817424042252687e-02 5.429371926053100e-01
432 436 30150 2048 428 7.812093071057251e-02 5.404520435330302e-01
433 437 30150 2048 429 7.809997701655651e-02 5.378505513831082e-01
434 438 30150 2048 430 7.807815327894199e-02 5.364702446475079e-01
435 439 30150 2048 431 7.815502232719691e-02 5.329266856368304e-01
436 440 30150 2048 432 7.785518378671327e-02 5.308410613557994e-01
437 441 30150 2048 433 7.785696584682281e-02 5.303176631538341e-01
438 442 30150 2048 434 7.785447634404015e-02 5.291002027209164e-01
439 443 30150 2048 435 7.791379561697991e-02 5.285206864273756e-01
440 444 30150 2048 436 7.790054084388849e-02 5.264070560785670e-01
441 445 30150 2048 437 7.756938671119792e-02 5.239816529774586e-01
442 446 30150 2048 438 7.713930376353831e-02 5.116190654399130e-01
443 447 30150 2048 439 7.713858789361699e-02 5.105341275045090e-01
444 448 30150 2048 440 7.715003776293169e-02 5.092808249448504e-01
445 449 30150 2048 441 7.722836070552098e-02 5.071426501336744e-01
446 450 30150 2048 442 7.754446719472924e-02 5.060616915066941e-01
447 451 30150 2048 443 7.754746199696912e-02 5.052223549486191e-01
448 452 30150 2048 444 7.884803332935134e-02 4.518843664739237e-01
449 453 30150 2048 445 7.887318205593266e-02 4.512151208026806e-01
450 454 30150 2048 446 7.892260338791331e-02 4.495890154370720e-01
451 455 30150 2048 447 7.893491400330366e-02 4.489706345343678e-01
452 456 30150 2048 448 7.893166010599688e-02 4.478013959839820e-01
453 457 30150 2048 449 7.901752189141138e-02 4.466258141297469e-01
454 458 30150 2048 450 7.898265647840355e-02 4.443960512358345e-01
455 459 30150 2048 451 7.893899489443450e-02 4.428280905432282e-01
456 460 30150 2048 452 7.880896227439815e-02 3.982359329129579e-01
457 461 30150 2048 453 7.835503354934711e-02 3.970321689945365e-01
458 462 30150 2048 454 7.838235782767899e-02 3.962718903591844e-01
459 463 30150 2048 455 7.839009462605719e-02 3.956861553016533e-01
460 464 30150 2048 456 7.839566857249954e-02 3.943088709737959e-01
461 465 30150 2048 457 7.795505695474093e-02 3.933077346942700e-01
462 466 30150 2048 458 7.795665033854095e-02 3.926916287983597e-01
463 467 30150 2048 459 7.791140099655521e-02 3.906669053380737e-01
464 468 30150 2048 460 7.783023441863249e-02 3.898572221372242e-01
465 469 30150 2048 461 7.785998339919692e-02 3.882272992808517e-01
466 470 30150 2048 462 7.787399201469235e-02 3.877749209316926e-01
467 471 30150 2048 463 7.787997379167677e-02 3.872977215136068e-01
468 472 30150 2048 464 7.783284952125817e-02 3.867792326539692e-01
469 473 30150 2048 465 7.776216506546679e-02 3.835916979274862e-01
470 474 30150 2048 466 7.769902315136246e-02 3.821820643760220e-01
471 475 30150 2048 467 7.641020083676131e-02 3.782207594954504e-01
472 476 30150 2048 468 7.626665775654154e-02 3.777284245464437e-01
473 477 30150 2048 469 7.628093704455514e-02 3.767546438145692e-01
474 478 30150 2048 470 7.628343334178497e-02 3.763146446990064e-01
475 479 30150 2048 471 7.538583058889754e-02 3.742947062912993e-01
476 480 30150 2048 472 7.539262940093705e-02 3.739764765167000e-01
477 482 30150 2048 472 7.596430358023169e-02 3.691287697876118e-01
478 483 30150 2048 473 7.588984837523573e-02 3.684939631384227e-01
479 484 30150 2048 474 7.580267117743442e-02 3.671664135822656e-01
480 485 30150 2048 475 7.532547728984799e-02 3.654609304188467e-01
481 486 30150 2048 476 7.556425385472403e-02 3.628878580110018e-01
482 487 30150 2048 477 7.549834772330706e-02 3.594287558880794e-01
483 488 30150 2048 478 7.533856677393788e-02 3.589186141540799e-01
484 489 30150 2048 479 7.477831466453556e-02 3.570802380240004e-01
485 490 30150 2048 480 7.484752806195476e-02 3.559552782613580e-01
486 491 30150 2048 481 7.487553581283170e-02 3.538038968447753e-01
487 492 30150 2048 482 7.627007583607642e-02 3.396012018375066e-01
488 493 30150 2048 483 7.626748068356727e-02 3.388880074840179e-01
489 494 30150 2048 484 7.635921416777448e-02 3.375037551735954e-01
490 495 30150 2048 485 7.637260787343626e-02 3.370003707085087e-01
491 496 30150 2048 486 7.587566232805032e-02 3.361121179816819e-01
492 497 30150 2048 487 7.587700962660830e-02 3.358027081375679e-01
493 498 30150 2048 488 7.613795970582866e-02 3.346800769858950e-01
494 499 30150 2048 489 7.619889838911814e-02 3.339413626024924e-01
495 500 30150 2048 490 7.615599949039714e-02 3.321762279265426e-01
496 501 30150 2048 491 5.794971571289557e-02 3.226911424896572e-01
497 502 30150 2048 492 5.793005617663700e-02 3.216477646772005e-01
498 503 30150 2048 493 5.822516623597942e-02 3.181010848127301e-01
499 504 30150 2048 494 5.818511380891775e-02 3.173478689747135e-01
500 505 30150 2048 495 5.813174442907974e-02 3.168229380404203e-01
501 506 30150 2048 496 6.182600126501749e-02 2.979956342888165e-01
502 507 30150 2048 497 6.212965179387687e-02 2.967084226997486e-01
503 508 30150 2048 498 6.266733674953462e-02 2.951214972695434e-01
504 509 30150 2048 499 5.969754490149667e-02 2.918127744766180e-01
505 510 30150 2048 500 5.952221536833718e-02 2.871017546480346e-01
506 511 30150 2048 501 5.951922261919077e-02 2.855163531798995e-01
507 512 30150 2048 502 5.953830715947480e-02 2.849903535451371e-01
508 513 30150 2048 503 5.938037512601345e-02 2.838066691988352e-01
509 514 30150 2048 504 5.934889304836356e-02 2.819601329819640e-01
510 515 30150 2048 505 5.892795169957235e-02 2.815584879977645e-01
511 516 30150 2048 506 5.887339229878803e-02 2.803263094726172e-01
512 517 30150 2048 507 5.884058027604112e-02 2.793900117167205e-01
513 518 30150 2048 508 5.882939005145703e-02 2.785622240354222e-01
514 519 30150 2048 509 5.881600886162976e-02 2.780374682553278e-01
515 520 30150 2048 510 5.881986016973362e-02 2.776187944924030e-01
516 521 30150 2048 511 5.881111036588026e-02 2.772755942911430e-01
517 522 30150 2048 512 5.881487881827108e-02 2.769785968549489e-01
518 523 30150 2048 513 5.680833494904104e-02 2.482145138670031e-01
519 524 30150 2048 514 5.763055724223368e-02 2.451873125711817e-01
520 525 30150 2048 515 5.770294703411546e-02 2.448296315298978e-01
521 526 30150 2048 516 5.768997589421367e-02 2.445966458119907e-01
522 527 30150 2048 517 5.772592852699364e-02 2.441909021607347e-01
523 528 30150 2048 518 5.777678348846806e-02 2.433686285331442e-01
524 529 30150 2048 519 5.449003764639501e-02 2.406422615843667e-01
525 530 30150 2048 520 5.445377900833420e-02 2.392572508944759e-01
526 531 30150 2048 521 5.444769680642311e-02 2.387615484399415e-01
527 532 30150 2048 522 5.444415759482658e-02 2.380008246174721e-01
