method,t,energy_frac,rxdim,rvdim,nldim,nqp,time,err_x,err_v
EQP,1.0,0.9,1,2,198,202,2048,0.025672,7.19825e-05,0.144835
SOPT,1.0,0.9,1,2,3,30,288,0.0811607,0.00131945,0.287995
gappy-POD,1.0,0.9,1,2,3,30,198,0.0577496,0.00179837,0.287995
QDEIM,1.0,0.9,1,2,3,30,198,0.0575937,0.00179837,0.287995
SOPT,1.0,0.9,1,2,3,60,531,0.144008,0.000826481,0.287995
gappy-POD,1.0,0.9,1,2,3,60,378,0.103763,0.00164827,0.287995
QDEIM,1.0,0.9,1,2,3,60,351,0.0972427,0.00164827,0.287995
SOPT,1.0,0.9,1,2,3,90,765,0.205162,0.000543157,0.287995
gappy-POD,1.0,0.9,1,2,3,90,558,0.151092,0.00132824,0.287995
QDEIM,1.0,0.9,1,2,3,90,504,0.136455,0.00132824,0.287995
SOPT,1.0,0.9,1,2,3,120,801,0.213742,0.00047432,0.287995
gappy-POD,1.0,0.9,1,2,3,120,684,0.186488,0.00102487,0.287995
QDEIM,1.0,0.9,1,2,3,120,639,0.17117,0.00102487,0.287995
SOPT,1.0,0.9,1,2,3,150,891,0.237274,0.000336968,0.287995
gappy-POD,1.0,0.9,1,2,3,150,720,0.191902,0.000995595,0.287995
QDEIM,1.0,0.9,1,2,3,150,747,0.200025,0.000995595,0.287995
SOPT,1.0,0.9,1,2,3,180,945,0.25142,0.000234097,0.287995
gappy-POD,1.0,0.9,1,2,3,180,765,0.203087,0.000904727,0.287995
QDEIM,1.0,0.9,1,2,3,180,774,0.204762,0.000904727,0.287995
SOPT,1.0,0.9,1,2,3,210,999,0.266038,0.000177589,0.287995
gappy-POD,1.0,0.9,1,2,3,210,828,0.219524,0.000691334,0.287995
QDEIM,1.0,0.9,1,2,3,210,828,0.218684,0.000691334,0.287995
SOPT,1.0,0.9,1,2,3,240,1044,0.275552,0.000121815,0.287995
gappy-POD,1.0,0.9,1,2,3,240,855,0.226757,0.000612371,0.287995
QDEIM,1.0,0.9,1,2,3,240,864,0.230013,0.000612371,0.287995
SOPT,1.0,0.9,1,2,3,270,1080,0.285814,8.13371e-05,0.287995
gappy-POD,1.0,0.9,1,2,3,270,882,0.234391,0.000506346,0.287995
QDEIM,1.0,0.9,1,2,3,270,909,0.24518,0.000506346,0.287995
SOPT,1.0,0.9,1,2,3,300,1143,0.301821,7.68344e-05,0.287995
gappy-POD,1.0,0.9,1,2,3,300,918,0.244432,0.00044017,0.287995
QDEIM,1.0,0.9,1,2,3,300,954,0.254771,0.00044017,0.287995
SOPT,1.0,0.9,1,2,3,330,1152,0.302895,8.30217e-05,0.287995
gappy-POD,1.0,0.9,1,2,3,330,954,0.251977,0.000404821,0.287995
QDEIM,1.0,0.9,1,2,3,330,954,0.254521,0.000404821,0.287995
SOPT,1.0,0.9,1,2,3,360,1152,0.304824,8.30217e-05,0.287995
gappy-POD,1.0,0.9,1,2,3,360,990,0.26205,0.000332561,0.287995
QDEIM,1.0,0.9,1,2,3,360,981,0.263217,0.000332561,0.287995
SOPT,1.0,0.9,1,2,3,390,1152,0.304886,8.30217e-05,0.287995
gappy-POD,1.0,0.9,1,2,3,390,1143,0.302492,7.59315e-05,0.287995
QDEIM,1.0,0.9,1,2,3,390,1080,0.287073,7.59315e-05,0.287995
SOPT,1.0,0.9,1,2,3,420,1152,0.30589,8.30217e-05,0.287995
gappy-POD,1.0,0.9,1,2,3,420,1152,0.305063,8.30217e-05,0.287995
QDEIM,1.0,0.9,1,2,3,420,1116,0.298123,8.30217e-05,0.287995
SOPT,1.0,0.9,1,2,3,450,1152,0.303684,8.30217e-05,0.287995
gappy-POD,1.0,0.9,1,2,3,450,1152,0.305699,8.30217e-05,0.287995
QDEIM,1.0,0.9,1,2,3,450,1116,0.297379,8.30217e-05,0.287995
SOPT,1.0,0.9,1,2,3,480,1152,0.304287,8.30217e-05,0.287995
gappy-POD,1.0,0.9,1,2,3,480,1152,0.305248,8.30217e-05,0.287995
QDEIM,1.0,0.9,1,2,3,480,1134,0.304455,8.30217e-05,0.287995
SOPT,1.0,0.9,1,2,3,510,1152,0.30498,8.30217e-05,0.287995
gappy-POD,1.0,0.9,1,2,3,510,1152,0.306813,8.30217e-05,0.287995
QDEIM,1.0,0.9,1,2,3,510,1134,0.30174,8.30217e-05,0.287995
SOPT,1.0,0.9,1,2,3,540,1152,0.303625,8.30217e-05,0.287995
gappy-POD,1.0,0.9,1,2,3,540,1152,0.316207,8.30217e-05,0.287995
QDEIM,1.0,0.9,1,2,3,540,1152,0.305413,8.30217e-05,0.287995
SOPT,1.0,0.9,1,2,3,570,1152,0.307416,8.30217e-05,0.287995
gappy-POD,1.0,0.9,1,2,3,570,1152,0.310009,8.30217e-05,0.287995
QDEIM,1.0,0.9,1,2,3,570,1152,0.306137,8.30217e-05,0.287995
SOPT,1.0,0.9,1,2,3,600,1152,0.304826,8.30217e-05,0.287995
gappy-POD,1.0,0.9,1,2,3,600,1152,0.305194,8.30217e-05,0.287995
QDEIM,1.0,0.9,1,2,3,600,1152,0.306505,8.30217e-05,0.287995
SOPT,1.0,0.9,1,2,3,630,1152,0.302876,8.30217e-05,0.287995
gappy-POD,1.0,0.9,1,2,3,630,1152,0.307832,8.30217e-05,0.287995
QDEIM,1.0,0.9,1,2,3,630,1152,0.309369,8.30217e-05,0.287995
SOPT,1.0,0.9,1,2,3,660,1152,0.305542,8.30217e-05,0.287995
gappy-POD,1.0,0.9,1,2,3,660,1152,0.305658,8.30217e-05,0.287995
QDEIM,1.0,0.9,1,2,3,660,1152,0.306187,8.30217e-05,0.287995
SOPT,1.0,0.9,1,2,3,690,1152,0.306788,8.30217e-05,0.287995
gappy-POD,1.0,0.9,1,2,3,690,1152,0.312461,8.30217e-05,0.287995
QDEIM,1.0,0.9,1,2,3,690,1152,0.304514,8.30217e-05,0.287995
SOPT,1.0,0.9,1,2,3,720,1152,0.307952,8.30217e-05,0.287995
gappy-POD,1.0,0.9,1,2,3,720,1152,0.305391,8.30217e-05,0.287995
QDEIM,1.0,0.9,1,2,3,720,1152,0.30815,8.30217e-05,0.287995
SOPT,1.0,0.9,1,2,3,750,1152,0.303796,8.30217e-05,0.287995
gappy-POD,1.0,0.9,1,2,3,750,1152,0.307513,8.30217e-05,0.287995
QDEIM,1.0,0.9,1,2,3,750,1152,0.306947,8.30217e-05,0.287995
SOPT,1.0,0.9,1,2,3,780,1152,0.304831,8.30217e-05,0.287995
gappy-POD,1.0,0.9,1,2,3,780,1152,0.304824,8.30217e-05,0.287995
QDEIM,1.0,0.9,1,2,3,780,1152,0.307788,8.30217e-05,0.287995
SOPT,1.0,0.9,1,2,3,810,1152,0.305841,8.30217e-05,0.287995
gappy-POD,1.0,0.9,1,2,3,810,1152,0.304471,8.30217e-05,0.287995
QDEIM,1.0,0.9,1,2,3,810,1152,0.306347,8.30217e-05,0.287995
SOPT,1.0,0.9,1,2,3,840,1152,0.304585,8.30217e-05,0.287995
gappy-POD,1.0,0.9,1,2,3,840,1152,0.30542,8.30217e-05,0.287995
QDEIM,1.0,0.9,1,2,3,840,1152,0.309826,8.30217e-05,0.287995
SOPT,1.0,0.9,1,2,3,870,1152,0.30443,8.30217e-05,0.287995
gappy-POD,1.0,0.9,1,2,3,870,1152,0.306053,8.30217e-05,0.287995
QDEIM,1.0,0.9,1,2,3,870,1152,0.306575,8.30217e-05,0.287995
SOPT,1.0,0.9,1,2,3,900,1152,0.306227,8.30217e-05,0.287995
gappy-POD,1.0,0.9,1,2,3,900,1152,0.307957,8.30217e-05,0.287995
QDEIM,1.0,0.9,1,2,3,900,1152,0.307235,8.30217e-05,0.287995
SOPT,1.0,0.9,1,2,3,930,1152,0.303921,8.30217e-05,0.287995
gappy-POD,1.0,0.9,1,2,3,930,1152,0.305757,8.30217e-05,0.287995
QDEIM,1.0,0.9,1,2,3,930,1152,0.309181,8.30217e-05,0.287995
SOPT,1.0,0.9,1,2,3,960,1152,0.304784,8.30217e-05,0.287995
gappy-POD,1.0,0.9,1,2,3,960,1152,0.304474,8.30217e-05,0.287995
QDEIM,1.0,0.9,1,2,3,960,1152,0.303737,8.30217e-05,0.287995
SOPT,1.0,0.9,1,2,3,990,1152,0.306429,8.30217e-05,0.287995
gappy-POD,1.0,0.9,1,2,3,990,1152,0.306406,8.30217e-05,0.287995
QDEIM,1.0,0.9,1,2,3,990,1152,0.306036,8.30217e-05,0.287995
SOPT,1.0,0.9,1,2,3,1020,1152,0.302866,8.30217e-05,0.287995
gappy-POD,1.0,0.9,1,2,3,1020,1152,0.304545,8.30217e-05,0.287995
QDEIM,1.0,0.9,1,2,3,1020,1152,0.308688,8.30217e-05,0.287995
SOPT,1.0,0.9,1,2,3,1050,1152,0.305658,8.30217e-05,0.287995
gappy-POD,1.0,0.9,1,2,3,1050,1152,0.308663,8.30217e-05,0.287995
QDEIM,1.0,0.9,1,2,3,1050,1152,0.306695,8.30217e-05,0.287995
SOPT,1.0,0.9,1,2,3,1080,1152,0.307877,8.30217e-05,0.287995
gappy-POD,1.0,0.9,1,2,3,1080,1152,0.30345,8.30217e-05,0.287995
QDEIM,1.0,0.9,1,2,3,1080,1152,0.305278,8.30217e-05,0.287995
SOPT,1.0,0.9,1,2,3,1110,1152,0.307592,8.30217e-05,0.287995
gappy-POD,1.0,0.9,1,2,3,1110,1152,0.305193,8.30217e-05,0.287995
QDEIM,1.0,0.9,1,2,3,1110,1152,0.302721,8.30217e-05,0.287995
SOPT,1.0,0.9,1,2,3,1140,1152,0.302687,8.30217e-05,0.287995
gappy-POD,1.0,0.9,1,2,3,1140,1152,0.306255,8.30217e-05,0.287995
QDEIM,1.0,0.9,1,2,3,1140,1152,0.303328,8.30217e-05,0.287995
SOPT,1.0,0.9,1,2,3,1170,1152,0.304546,8.30217e-05,0.287995
gappy-POD,1.0,0.9,1,2,3,1170,1152,0.306418,8.30217e-05,0.287995
QDEIM,1.0,0.9,1,2,3,1170,1152,0.303548,8.30217e-05,0.287995
SOPT,1.0,0.9,1,2,3,1200,0,,,
gappy-POD,1.0,0.9,1,2,3,1200,0,,,
QDEIM,1.0,0.9,1,2,3,1200,0,,,
EQP,1.0,0.99,2,4,363,404,2048,0.0483557,0.000102599,0.137697
SOPT,1.0,0.99,2,4,6,30,333,0.0930895,0.00100576,0.287869
gappy-POD,1.0,0.99,2,4,6,30,171,0.0500161,0.00172903,0.287869
QDEIM,1.0,0.99,2,4,6,30,216,0.063924,0.00172903,0.287869
SOPT,1.0,0.99,2,4,6,60,540,0.146733,0.000481983,0.287869
gappy-POD,1.0,0.99,2,4,6,60,315,0.0878112,0.00158192,0.287869
QDEIM,1.0,0.99,2,4,6,60,369,0.102026,0.00158192,0.287869
SOPT,1.0,0.99,2,4,6,90,693,0.184147,0.000340343,0.287869
gappy-POD,1.0,0.99,2,4,6,90,441,0.119969,0.00141293,0.287869
QDEIM,1.0,0.99,2,4,6,90,486,0.132089,0.00141293,0.287869
SOPT,1.0,0.99,2,4,6,120,756,0.200657,0.000318383,0.287869
gappy-POD,1.0,0.99,2,4,6,120,576,0.154752,0.00122989,0.287869
QDEIM,1.0,0.99,2,4,6,120,864,0.230949,0.00122989,0.287869
SOPT,1.0,0.99,2,4,6,150,828,0.221463,0.000273206,0.287869
gappy-POD,1.0,0.99,2,4,6,150,693,0.186594,0.000989257,0.287869
QDEIM,1.0,0.99,2,4,6,150,891,0.235862,0.000989257,0.287869
SOPT,1.0,0.99,2,4,6,180,891,0.235207,0.000247495,0.287869
gappy-POD,1.0,0.99,2,4,6,180,792,0.210401,0.000808229,0.287869
QDEIM,1.0,0.99,2,4,6,180,909,0.23916,0.000808229,0.287869
SOPT,1.0,0.99,2,4,6,210,981,0.261639,0.000203911,0.287869
gappy-POD,1.0,0.99,2,4,6,210,864,0.230554,0.000644049,0.287869
QDEIM,1.0,0.99,2,4,6,210,990,0.260733,0.000644049,0.287869
SOPT,1.0,0.99,2,4,6,240,1017,0.269111,0.000201795,0.287869
gappy-POD,1.0,0.99,2,4,6,240,954,0.251451,0.000410961,0.287869
QDEIM,1.0,0.99,2,4,6,240,1026,0.271728,0.000410961,0.287869
SOPT,1.0,0.99,2,4,6,270,1080,0.293943,0.0002063,0.287869
gappy-POD,1.0,0.99,2,4,6,270,1008,0.26505,0.00029281,0.287869
QDEIM,1.0,0.99,2,4,6,270,1026,0.270085,0.00029281,0.287869
SOPT,1.0,0.99,2,4,6,300,1125,0.299011,0.000218323,0.287869
gappy-POD,1.0,0.99,2,4,6,300,1071,0.279611,0.000211063,0.287869
QDEIM,1.0,0.99,2,4,6,300,1026,0.273256,0.000211063,0.287869
SOPT,1.0,0.99,2,4,6,330,1152,0.304488,0.000224496,0.287869
gappy-POD,1.0,0.99,2,4,6,330,1098,0.289613,0.000201467,0.287869
QDEIM,1.0,0.99,2,4,6,330,1026,0.269032,0.000201467,0.287869
SOPT,1.0,0.99,2,4,6,360,1152,0.300979,0.000224496,0.287869
gappy-POD,1.0,0.99,2,4,6,360,1134,0.297409,0.000214903,0.287869
QDEIM,1.0,0.99,2,4,6,360,1026,0.268043,0.000214903,0.287869
SOPT,1.0,0.99,2,4,6,390,1152,0.303323,0.000224496,0.287869
gappy-POD,1.0,0.99,2,4,6,390,1152,0.300721,0.000224496,0.287869
QDEIM,1.0,0.99,2,4,6,390,1044,0.274546,0.000224496,0.287869
SOPT,1.0,0.99,2,4,6,420,1152,0.300587,0.000224496,0.287869
gappy-POD,1.0,0.99,2,4,6,420,1152,0.305859,0.000224496,0.287869
QDEIM,1.0,0.99,2,4,6,420,1116,0.291126,0.000224496,0.287869
SOPT,1.0,0.99,2,4,6,450,1152,0.299906,0.000224496,0.287869
gappy-POD,1.0,0.99,2,4,6,450,1152,0.299815,0.000224496,0.287869
QDEIM,1.0,0.99,2,4,6,450,1152,0.299582,0.000224496,0.287869
SOPT,1.0,0.99,2,4,6,480,1152,0.301355,0.000224496,0.287869
gappy-POD,1.0,0.99,2,4,6,480,1152,0.300114,0.000224496,0.287869
QDEIM,1.0,0.99,2,4,6,480,1152,0.303033,0.000224496,0.287869
SOPT,1.0,0.99,2,4,6,510,1152,0.299677,0.000224496,0.287869
gappy-POD,1.0,0.99,2,4,6,510,1152,0.29978,0.000224496,0.287869
QDEIM,1.0,0.99,2,4,6,510,1152,0.302344,0.000224496,0.287869
SOPT,1.0,0.99,2,4,6,540,1152,0.30013,0.000224496,0.287869
gappy-POD,1.0,0.99,2,4,6,540,1152,0.300275,0.000224496,0.287869
QDEIM,1.0,0.99,2,4,6,540,1152,0.301946,0.000224496,0.287869
SOPT,1.0,0.99,2,4,6,570,1152,0.301643,0.000224496,0.287869
gappy-POD,1.0,0.99,2,4,6,570,1152,0.302443,0.000224496,0.287869
QDEIM,1.0,0.99,2,4,6,570,1152,0.301637,0.000224496,0.287869
SOPT,1.0,0.99,2,4,6,600,1152,0.299624,0.000224496,0.287869
gappy-POD,1.0,0.99,2,4,6,600,1152,0.299021,0.000224496,0.287869
QDEIM,1.0,0.99,2,4,6,600,1152,0.301334,0.000224496,0.287869
SOPT,1.0,0.99,2,4,6,630,1152,0.299639,0.000224496,0.287869
gappy-POD,1.0,0.99,2,4,6,630,1152,0.300496,0.000224496,0.287869
QDEIM,1.0,0.99,2,4,6,630,1152,0.301757,0.000224496,0.287869
SOPT,1.0,0.99,2,4,6,660,1152,0.302889,0.000224496,0.287869
gappy-POD,1.0,0.99,2,4,6,660,1152,0.2996,0.000224496,0.287869
QDEIM,1.0,0.99,2,4,6,660,1152,0.301719,0.000224496,0.287869
SOPT,1.0,0.99,2,4,6,690,1152,0.302445,0.000224496,0.287869
gappy-POD,1.0,0.99,2,4,6,690,1152,0.302861,0.000224496,0.287869
QDEIM,1.0,0.99,2,4,6,690,1152,0.306512,0.000224496,0.287869
SOPT,1.0,0.99,2,4,6,720,1152,0.298913,0.000224496,0.287869
gappy-POD,1.0,0.99,2,4,6,720,1152,0.303185,0.000224496,0.287869
QDEIM,1.0,0.99,2,4,6,720,1152,0.301916,0.000224496,0.287869
SOPT,1.0,0.99,2,4,6,750,1152,0.302001,0.000224496,0.287869
gappy-POD,1.0,0.99,2,4,6,750,1152,0.298869,0.000224496,0.287869
QDEIM,1.0,0.99,2,4,6,750,1152,0.301705,0.000224496,0.287869
SOPT,1.0,0.99,2,4,6,780,1152,0.300121,0.000224496,0.287869
gappy-POD,1.0,0.99,2,4,6,780,1152,0.300413,0.000224496,0.287869
QDEIM,1.0,0.99,2,4,6,780,1152,0.299275,0.000224496,0.287869
SOPT,1.0,0.99,2,4,6,810,1152,0.324643,0.000224496,0.287869
gappy-POD,1.0,0.99,2,4,6,810,1152,0.302483,0.000224496,0.287869
QDEIM,1.0,0.99,2,4,6,810,1152,0.303936,0.000224496,0.287869
SOPT,1.0,0.99,2,4,6,840,1152,0.300731,0.000224496,0.287869
gappy-POD,1.0,0.99,2,4,6,840,1152,0.30584,0.000224496,0.287869
QDEIM,1.0,0.99,2,4,6,840,1152,0.306621,0.000224496,0.287869
SOPT,1.0,0.99,2,4,6,870,1152,0.301288,0.000224496,0.287869
gappy-POD,1.0,0.99,2,4,6,870,1152,0.302067,0.000224496,0.287869
QDEIM,1.0,0.99,2,4,6,870,1152,0.305453,0.000224496,0.287869
SOPT,1.0,0.99,2,4,6,900,1152,0.300611,0.000224496,0.287869
gappy-POD,1.0,0.99,2,4,6,900,1152,0.305809,0.000224496,0.287869
QDEIM,1.0,0.99,2,4,6,900,1152,0.301432,0.000224496,0.287869
SOPT,1.0,0.99,2,4,6,930,1152,0.306629,0.000224496,0.287869
gappy-POD,1.0,0.99,2,4,6,930,1152,0.302416,0.000224496,0.287869
QDEIM,1.0,0.99,2,4,6,930,1152,0.304728,0.000224496,0.287869
SOPT,1.0,0.99,2,4,6,960,1152,0.304033,0.000224496,0.287869
gappy-POD,1.0,0.99,2,4,6,960,1152,0.305424,0.000224496,0.287869
QDEIM,1.0,0.99,2,4,6,960,1152,0.304645,0.000224496,0.287869
SOPT,1.0,0.99,2,4,6,990,1152,0.305275,0.000224496,0.287869
gappy-POD,1.0,0.99,2,4,6,990,1152,0.302378,0.000224496,0.287869
QDEIM,1.0,0.99,2,4,6,990,1152,0.304346,0.000224496,0.287869
SOPT,1.0,0.99,2,4,6,1020,1152,0.302938,0.000224496,0.287869
gappy-POD,1.0,0.99,2,4,6,1020,1152,0.301841,0.000224496,0.287869
QDEIM,1.0,0.99,2,4,6,1020,1152,0.307944,0.000224496,0.287869
SOPT,1.0,0.99,2,4,6,1050,1152,0.303296,0.000224496,0.287869
gappy-POD,1.0,0.99,2,4,6,1050,1152,0.303899,0.000224496,0.287869
QDEIM,1.0,0.99,2,4,6,1050,1152,0.302257,0.000224496,0.287869
SOPT,1.0,0.99,2,4,6,1080,1152,0.304424,0.000224496,0.287869
gappy-POD,1.0,0.99,2,4,6,1080,1152,0.301192,0.000224496,0.287869
QDEIM,1.0,0.99,2,4,6,1080,1152,0.302378,0.000224496,0.287869
SOPT,1.0,0.99,2,4,6,1110,1152,0.304988,0.000224496,0.287869
gappy-POD,1.0,0.99,2,4,6,1110,1152,0.304192,0.000224496,0.287869
QDEIM,1.0,0.99,2,4,6,1110,1152,0.307085,0.000224496,0.287869
SOPT,1.0,0.99,2,4,6,1140,1152,0.306245,0.000224496,0.287869
gappy-POD,1.0,0.99,2,4,6,1140,1152,0.300454,0.000224496,0.287869
QDEIM,1.0,0.99,2,4,6,1140,1152,0.299787,0.000224496,0.287869
SOPT,1.0,0.99,2,4,6,1170,1152,0.301057,0.000224496,0.287869
gappy-POD,1.0,0.99,2,4,6,1170,1152,0.30094,0.000224496,0.287869
QDEIM,1.0,0.99,2,4,6,1170,1152,0.299987,0.000224496,0.287869
SOPT,1.0,0.99,2,4,6,1200,0,,,
gappy-POD,1.0,0.99,2,4,6,1200,0,,,
QDEIM,1.0,0.99,2,4,6,1200,0,,,
EQP,1.0,0.999,4,8,653,808,2048,0.0883895,2.0997e-05,0.0948746
SOPT,1.0,0.999,4,8,13,30,306,0.0848647,0.00135121,0.28793
gappy-POD,1.0,0.999,4,8,13,30,207,0.0599588,0.00157068,0.28793
QDEIM,1.0,0.999,4,8,13,30,198,0.0577809,0.00157068,0.28793
SOPT,1.0,0.999,4,8,13,60,459,0.123404,0.000949323,0.28793
gappy-POD,1.0,0.999,4,8,13,60,288,0.0809894,0.00148717,0.28793
QDEIM,1.0,0.999,4,8,13,60,270,0.0754742,0.00148717,0.28793
SOPT,1.0,0.999,4,8,13,90,621,0.16707,0.000609516,0.28793
gappy-POD,1.0,0.999,4,8,13,90,378,0.103902,0.00136747,0.28793
QDEIM,1.0,0.999,4,8,13,90,297,0.0828328,0.00136747,0.28793
SOPT,1.0,0.999,4,8,13,120,855,0.225069,0.000349242,0.28793
gappy-POD,1.0,0.999,4,8,13,120,459,0.124225,0.00121871,0.28793
QDEIM,1.0,0.999,4,8,13,120,387,0.105514,0.00121871,0.28793
SOPT,1.0,0.999,4,8,13,150,918,0.242507,0.000295365,0.28793
gappy-POD,1.0,0.999,4,8,13,150,558,0.152297,0.00102493,0.28793
QDEIM,1.0,0.999,4,8,13,150,396,0.108714,0.00102493,0.28793
SOPT,1.0,0.999,4,8,13,180,990,0.25991,0.000271578,0.28793
gappy-POD,1.0,0.999,4,8,13,180,630,0.167505,0.000899381,0.28793
QDEIM,1.0,0.999,4,8,13,180,450,0.12241,0.000899381,0.28793
SOPT,1.0,0.999,4,8,13,210,1053,0.276792,0.00024462,0.28793
gappy-POD,1.0,0.999,4,8,13,210,756,0.200852,0.000595613,0.28793
QDEIM,1.0,0.999,4,8,13,210,531,0.144767,0.000595613,0.28793
SOPT,1.0,0.999,4,8,13,240,1107,0.289727,0.000215213,0.28793
gappy-POD,1.0,0.999,4,8,13,240,819,0.217772,0.000475176,0.28793
QDEIM,1.0,0.999,4,8,13,240,684,0.18335,0.000475176,0.28793
SOPT,1.0,0.999,4,8,13,270,1134,0.297865,0.000221457,0.28793
gappy-POD,1.0,0.999,4,8,13,270,891,0.234071,0.000360119,0.28793
QDEIM,1.0,0.999,4,8,13,270,756,0.20027,0.000360119,0.28793
SOPT,1.0,0.999,4,8,13,300,1152,0.302161,0.000228461,0.28793
gappy-POD,1.0,0.999,4,8,13,300,1008,0.269197,0.00022609,0.28793
QDEIM,1.0,0.999,4,8,13,300,828,0.218281,0.00022609,0.28793
SOPT,1.0,0.999,4,8,13,330,1152,0.302538,0.000228461,0.28793
gappy-POD,1.0,0.999,4,8,13,330,1080,0.28359,0.000210488,0.28793
QDEIM,1.0,0.999,4,8,13,330,927,0.246289,0.000210488,0.28793
SOPT,1.0,0.999,4,8,13,360,1152,0.301661,0.000228461,0.28793
gappy-POD,1.0,0.999,4,8,13,360,1116,0.295536,0.000216887,0.28793
QDEIM,1.0,0.999,4,8,13,360,963,0.253096,0.000216887,0.28793
SOPT,1.0,0.999,4,8,13,390,1152,0.304994,0.000228461,0.28793
gappy-POD,1.0,0.999,4,8,13,390,1152,0.304588,0.000228461,0.28793
QDEIM,1.0,0.999,4,8,13,390,1026,0.272356,0.000228461,0.28793
SOPT,1.0,0.999,4,8,13,420,1152,0.304997,0.000228461,0.28793
gappy-POD,1.0,0.999,4,8,13,420,1152,0.304951,0.000228461,0.28793
QDEIM,1.0,0.999,4,8,13,420,1071,0.282433,0.000228461,0.28793
SOPT,1.0,0.999,4,8,13,450,1152,0.304994,0.000228461,0.28793
gappy-POD,1.0,0.999,4,8,13,450,1152,0.302275,0.000228461,0.28793
QDEIM,1.0,0.999,4,8,13,450,1116,0.294968,0.000228461,0.28793
SOPT,1.0,0.999,4,8,13,480,1152,0.308128,0.000228461,0.28793
gappy-POD,1.0,0.999,4,8,13,480,1152,0.303799,0.000228461,0.28793
QDEIM,1.0,0.999,4,8,13,480,1152,0.307424,0.000228461,0.28793
SOPT,1.0,0.999,4,8,13,510,1152,0.303545,0.000228461,0.28793
gappy-POD,1.0,0.999,4,8,13,510,1152,0.304402,0.000228461,0.28793
QDEIM,1.0,0.999,4,8,13,510,1152,0.305632,0.000228461,0.28793
SOPT,1.0,0.999,4,8,13,540,1152,0.303557,0.000228461,0.28793
gappy-POD,1.0,0.999,4,8,13,540,1152,0.303988,0.000228461,0.28793
QDEIM,1.0,0.999,4,8,13,540,1152,0.303914,0.000228461,0.28793
SOPT,1.0,0.999,4,8,13,570,1152,0.30466,0.000228461,0.28793
gappy-POD,1.0,0.999,4,8,13,570,1152,0.303207,0.000228461,0.28793
QDEIM,1.0,0.999,4,8,13,570,1152,0.304149,0.000228461,0.28793
SOPT,1.0,0.999,4,8,13,600,1152,0.304264,0.000228461,0.28793
gappy-POD,1.0,0.999,4,8,13,600,1152,0.302431,0.000228461,0.28793
QDEIM,1.0,0.999,4,8,13,600,1152,0.305267,0.000228461,0.28793
SOPT,1.0,0.999,4,8,13,630,1152,0.304781,0.000228461,0.28793
gappy-POD,1.0,0.999,4,8,13,630,1152,0.30344,0.000228461,0.28793
QDEIM,1.0,0.999,4,8,13,630,1152,0.302973,0.000228461,0.28793
SOPT,1.0,0.999,4,8,13,660,1152,0.303503,0.000228461,0.28793
gappy-POD,1.0,0.999,4,8,13,660,1152,0.30047,0.000228461,0.28793
QDEIM,1.0,0.999,4,8,13,660,1152,0.300785,0.000228461,0.28793
SOPT,1.0,0.999,4,8,13,690,1152,0.301903,0.000228461,0.28793
gappy-POD,1.0,0.999,4,8,13,690,1152,0.302493,0.000228461,0.28793
QDEIM,1.0,0.999,4,8,13,690,1152,0.303544,0.000228461,0.28793
SOPT,1.0,0.999,4,8,13,720,1152,0.304708,0.000228461,0.28793
gappy-POD,1.0,0.999,4,8,13,720,1152,0.30316,0.000228461,0.28793
QDEIM,1.0,0.999,4,8,13,720,1152,0.300974,0.000228461,0.28793
SOPT,1.0,0.999,4,8,13,750,1152,0.300494,0.000228461,0.28793
gappy-POD,1.0,0.999,4,8,13,750,1152,0.300443,0.000228461,0.28793
QDEIM,1.0,0.999,4,8,13,750,1152,0.303243,0.000228461,0.28793
SOPT,1.0,0.999,4,8,13,780,1152,0.303184,0.000228461,0.28793
gappy-POD,1.0,0.999,4,8,13,780,1152,0.303615,0.000228461,0.28793
QDEIM,1.0,0.999,4,8,13,780,1152,0.303916,0.000228461,0.28793
SOPT,1.0,0.999,4,8,13,810,1152,0.300462,0.000228461,0.28793
gappy-POD,1.0,0.999,4,8,13,810,1152,0.301361,0.000228461,0.28793
QDEIM,1.0,0.999,4,8,13,810,1152,0.303813,0.000228461,0.28793
SOPT,1.0,0.999,4,8,13,840,1152,0.302866,0.000228461,0.28793
gappy-POD,1.0,0.999,4,8,13,840,1152,0.30533,0.000228461,0.28793
QDEIM,1.0,0.999,4,8,13,840,1152,0.301209,0.000228461,0.28793
SOPT,1.0,0.999,4,8,13,870,1152,0.302241,0.000228461,0.28793
gappy-POD,1.0,0.999,4,8,13,870,1152,0.302111,0.000228461,0.28793
QDEIM,1.0,0.999,4,8,13,870,1152,0.302024,0.000228461,0.28793
SOPT,1.0,0.999,4,8,13,900,1152,0.303161,0.000228461,0.28793
gappy-POD,1.0,0.999,4,8,13,900,1152,0.303348,0.000228461,0.28793
QDEIM,1.0,0.999,4,8,13,900,1152,0.300298,0.000228461,0.28793
SOPT,1.0,0.999,4,8,13,930,1152,0.300173,0.000228461,0.28793
gappy-POD,1.0,0.999,4,8,13,930,1152,0.301687,0.000228461,0.28793
QDEIM,1.0,0.999,4,8,13,930,1152,0.303562,0.000228461,0.28793
SOPT,1.0,0.999,4,8,13,960,1152,0.304411,0.000228461,0.28793
gappy-POD,1.0,0.999,4,8,13,960,1152,0.305008,0.000228461,0.28793
QDEIM,1.0,0.999,4,8,13,960,1152,0.30463,0.000228461,0.28793
SOPT,1.0,0.999,4,8,13,990,1152,0.303149,0.000228461,0.28793
gappy-POD,1.0,0.999,4,8,13,990,1152,0.301248,0.000228461,0.28793
QDEIM,1.0,0.999,4,8,13,990,1152,0.303609,0.000228461,0.28793
SOPT,1.0,0.999,4,8,13,1020,1152,0.301231,0.000228461,0.28793
gappy-POD,1.0,0.999,4,8,13,1020,1152,0.300818,0.000228461,0.28793
QDEIM,1.0,0.999,4,8,13,1020,1152,0.303736,0.000228461,0.28793
SOPT,1.0,0.999,4,8,13,1050,1152,0.301326,0.000228461,0.28793
gappy-POD,1.0,0.999,4,8,13,1050,1152,0.301639,0.000228461,0.28793
QDEIM,1.0,0.999,4,8,13,1050,1152,0.301645,0.000228461,0.28793
SOPT,1.0,0.999,4,8,13,1080,1152,0.304348,0.000228461,0.28793
gappy-POD,1.0,0.999,4,8,13,1080,1152,0.301881,0.000228461,0.28793
QDEIM,1.0,0.999,4,8,13,1080,1152,0.302618,0.000228461,0.28793
SOPT,1.0,0.999,4,8,13,1110,1152,0.306665,0.000228461,0.28793
gappy-POD,1.0,0.999,4,8,13,1110,1152,0.300595,0.000228461,0.28793
QDEIM,1.0,0.999,4,8,13,1110,1152,0.30294,0.000228461,0.28793
SOPT,1.0,0.999,4,8,13,1140,1152,0.304784,0.000228461,0.28793
gappy-POD,1.0,0.999,4,8,13,1140,1152,0.303259,0.000228461,0.28793
QDEIM,1.0,0.999,4,8,13,1140,1152,0.304331,0.000228461,0.28793
SOPT,1.0,0.999,4,8,13,1170,1152,0.303725,0.000228461,0.28793
gappy-POD,1.0,0.999,4,8,13,1170,1152,0.302023,0.000228461,0.28793
QDEIM,1.0,0.999,4,8,13,1170,1152,0.302495,0.000228461,0.28793
SOPT,1.0,0.999,4,8,13,1200,0,,,
gappy-POD,1.0,0.999,4,8,13,1200,0,,,
QDEIM,1.0,0.999,4,8,13,1200,0,,,
EQP,1.0,0.9999,5,15,831,1515,2048,0.131364,8.61921e-06,0.0323375
SOPT,1.0,0.9999,5,15,20,30,243,0.0693291,0.00137011,0.288366
gappy-POD,1.0,0.9999,5,15,20,30,189,0.0548936,0.00160794,0.288366
QDEIM,1.0,0.9999,5,15,20,30,189,0.0566061,0.00160794,0.288366
SOPT,1.0,0.9999,5,15,20,60,486,0.132625,0.000732422,0.288366
gappy-POD,1.0,0.9999,5,15,20,60,288,0.0800911,0.00142965,0.288366
QDEIM,1.0,0.9999,5,15,20,60,288,0.0817173,0.00142965,0.288366
SOPT,1.0,0.9999,5,15,20,90,630,0.169169,0.000577969,0.288366
gappy-POD,1.0,0.9999,5,15,20,90,360,0.100543,0.00131605,0.288366
QDEIM,1.0,0.9999,5,15,20,90,315,0.0882909,0.00131605,0.288366
SOPT,1.0,0.9999,5,15,20,120,693,0.184204,0.000518343,0.288366
gappy-POD,1.0,0.9999,5,15,20,120,450,0.121811,0.00107146,0.288366
QDEIM,1.0,0.9999,5,15,20,120,360,0.0997809,0.00107146,0.288366
SOPT,1.0,0.9999,5,15,20,150,738,0.197458,0.000489816,0.288366
gappy-POD,1.0,0.9999,5,15,20,150,504,0.136144,0.00099181,0.288366
QDEIM,1.0,0.9999,5,15,20,150,405,0.110829,0.00099181,0.288366
SOPT,1.0,0.9999,5,15,20,180,792,0.208921,0.000435671,0.288366
gappy-POD,1.0,0.9999,5,15,20,180,594,0.161151,0.000756758,0.288366
QDEIM,1.0,0.9999,5,15,20,180,486,0.131854,0.000756758,0.288366
SOPT,1.0,0.9999,5,15,20,210,846,0.223191,0.00029662,0.288366
gappy-POD,1.0,0.9999,5,15,20,210,729,0.194888,0.000461323,0.288366
QDEIM,1.0,0.9999,5,15,20,210,549,0.147347,0.000461323,0.288366
SOPT,1.0,0.9999,5,15,20,240,927,0.247722,0.000234184,0.288366
gappy-POD,1.0,0.9999,5,15,20,240,792,0.209794,0.000404138,0.288366
QDEIM,1.0,0.9999,5,15,20,240,675,0.181588,0.000404138,0.288366
SOPT,1.0,0.9999,5,15,20,270,1008,0.265563,0.000221194,0.288366
gappy-POD,1.0,0.9999,5,15,20,270,873,0.230409,0.000300106,0.288366
QDEIM,1.0,0.9999,5,15,20,270,765,0.204606,0.000300106,0.288366
SOPT,1.0,0.9999,5,15,20,300,1035,0.273155,0.000220602,0.288366
gappy-POD,1.0,0.9999,5,15,20,300,900,0.239458,0.000280654,0.288366
QDEIM,1.0,0.9999,5,15,20,300,837,0.222143,0.000280654,0.288366
SOPT,1.0,0.9999,5,15,20,330,1044,0.27497,0.000220601,0.288366
gappy-POD,1.0,0.9999,5,15,20,330,972,0.260121,0.00023544,0.288366
QDEIM,1.0,0.9999,5,15,20,330,864,0.227144,0.00023544,0.288366
SOPT,1.0,0.9999,5,15,20,360,1107,0.291335,0.000218312,0.288366
gappy-POD,1.0,0.9999,5,15,20,360,1035,0.274468,0.00021348,0.288366
QDEIM,1.0,0.9999,5,15,20,360,927,0.24331,0.00021348,0.288366
SOPT,1.0,0.9999,5,15,20,390,1134,0.297364,0.000222079,0.288366
gappy-POD,1.0,0.9999,5,15,20,390,1089,0.286425,0.00021445,0.288366
QDEIM,1.0,0.9999,5,15,20,390,936,0.248165,0.00021445,0.288366
SOPT,1.0,0.9999,5,15,20,420,1134,0.293455,0.000222079,0.288366
gappy-POD,1.0,0.9999,5,15,20,420,1134,0.296197,0.000225187,0.288366
QDEIM,1.0,0.9999,5,15,20,420,990,0.25991,0.000225187,0.288366
SOPT,1.0,0.9999,5,15,20,450,1143,0.301941,0.000225132,0.288366
gappy-POD,1.0,0.9999,5,15,20,450,1152,0.304049,0.000229164,0.288366
QDEIM,1.0,0.9999,5,15,20,450,1017,0.269091,0.000229164,0.288366
SOPT,1.0,0.9999,5,15,20,480,1152,0.301045,0.000229164,0.288366
gappy-POD,1.0,0.9999,5,15,20,480,1152,0.301681,0.000229164,0.288366
QDEIM,1.0,0.9999,5,15,20,480,1071,0.283059,0.000229164,0.288366
SOPT,1.0,0.9999,5,15,20,510,1152,0.304874,0.000229164,0.288366
gappy-POD,1.0,0.9999,5,15,20,510,1152,0.308112,0.000229164,0.288366
QDEIM,1.0,0.9999,5,15,20,510,1098,0.292455,0.000229164,0.288366
SOPT,1.0,0.9999,5,15,20,540,1152,0.307588,0.000229164,0.288366
gappy-POD,1.0,0.9999,5,15,20,540,1152,0.305307,0.000229164,0.288366
QDEIM,1.0,0.9999,5,15,20,540,1116,0.294779,0.000229164,0.288366
SOPT,1.0,0.9999,5,15,20,570,1152,0.30581,0.000229164,0.288366
gappy-POD,1.0,0.9999,5,15,20,570,1152,0.307005,0.000229164,0.288366
QDEIM,1.0,0.9999,5,15,20,570,1152,0.30401,0.000229164,0.288366
SOPT,1.0,0.9999,5,15,20,600,1152,0.306548,0.000229164,0.288366
gappy-POD,1.0,0.9999,5,15,20,600,1152,0.307061,0.000229164,0.288366
QDEIM,1.0,0.9999,5,15,20,600,1152,0.304329,0.000229164,0.288366
SOPT,1.0,0.9999,5,15,20,630,1152,0.30334,0.000229164,0.288366
gappy-POD,1.0,0.9999,5,15,20,630,1152,0.302986,0.000229164,0.288366
QDEIM,1.0,0.9999,5,15,20,630,1152,0.305129,0.000229164,0.288366
SOPT,1.0,0.9999,5,15,20,660,1152,0.30548,0.000229164,0.288366
gappy-POD,1.0,0.9999,5,15,20,660,1152,0.306114,0.000229164,0.288366
QDEIM,1.0,0.9999,5,15,20,660,1152,0.303979,0.000229164,0.288366
SOPT,1.0,0.9999,5,15,20,690,1152,0.306256,0.000229164,0.288366
gappy-POD,1.0,0.9999,5,15,20,690,1152,0.307525,0.000229164,0.288366
QDEIM,1.0,0.9999,5,15,20,690,1152,0.306321,0.000229164,0.288366
SOPT,1.0,0.9999,5,15,20,720,1152,0.30591,0.000229164,0.288366
gappy-POD,1.0,0.9999,5,15,20,720,1152,0.304319,0.000229164,0.288366
QDEIM,1.0,0.9999,5,15,20,720,1152,0.304506,0.000229164,0.288366
SOPT,1.0,0.9999,5,15,20,750,1152,0.3125,0.000229164,0.288366
gappy-POD,1.0,0.9999,5,15,20,750,1152,0.304816,0.000229164,0.288366
QDEIM,1.0,0.9999,5,15,20,750,1152,0.307825,0.000229164,0.288366
SOPT,1.0,0.9999,5,15,20,780,1152,0.304379,0.000229164,0.288366
gappy-POD,1.0,0.9999,5,15,20,780,1152,0.308553,0.000229164,0.288366
QDEIM,1.0,0.9999,5,15,20,780,1152,0.305323,0.000229164,0.288366
SOPT,1.0,0.9999,5,15,20,810,1152,0.301846,0.000229164,0.288366
gappy-POD,1.0,0.9999,5,15,20,810,1152,0.30191,0.000229164,0.288366
QDEIM,1.0,0.9999,5,15,20,810,1152,0.301889,0.000229164,0.288366
SOPT,1.0,0.9999,5,15,20,840,1152,0.301717,0.000229164,0.288366
gappy-POD,1.0,0.9999,5,15,20,840,1152,0.303914,0.000229164,0.288366
QDEIM,1.0,0.9999,5,15,20,840,1152,0.303766,0.000229164,0.288366
SOPT,1.0,0.9999,5,15,20,870,1152,0.303566,0.000229164,0.288366
gappy-POD,1.0,0.9999,5,15,20,870,1152,0.301869,0.000229164,0.288366
QDEIM,1.0,0.9999,5,15,20,870,1152,0.301678,0.000229164,0.288366
SOPT,1.0,0.9999,5,15,20,900,1152,0.303399,0.000229164,0.288366
gappy-POD,1.0,0.9999,5,15,20,900,1152,0.306381,0.000229164,0.288366
QDEIM,1.0,0.9999,5,15,20,900,1152,0.30481,0.000229164,0.288366
SOPT,1.0,0.9999,5,15,20,930,1152,0.305217,0.000229164,0.288366
gappy-POD,1.0,0.9999,5,15,20,930,1152,0.305755,0.000229164,0.288366
QDEIM,1.0,0.9999,5,15,20,930,1152,0.304004,0.000229164,0.288366
SOPT,1.0,0.9999,5,15,20,960,1152,0.308091,0.000229164,0.288366
gappy-POD,1.0,0.9999,5,15,20,960,1152,0.305409,0.000229164,0.288366
QDEIM,1.0,0.9999,5,15,20,960,1152,0.308369,0.000229164,0.288366
SOPT,1.0,0.9999,5,15,20,990,1152,0.304474,0.000229164,0.288366
gappy-POD,1.0,0.9999,5,15,20,990,1152,0.301413,0.000229164,0.288366
QDEIM,1.0,0.9999,5,15,20,990,1152,0.305835,0.000229164,0.288366
SOPT,1.0,0.9999,5,15,20,1020,1152,0.301343,0.000229164,0.288366
gappy-POD,1.0,0.9999,5,15,20,1020,1152,0.303402,0.000229164,0.288366
QDEIM,1.0,0.9999,5,15,20,1020,1152,0.310957,0.000229164,0.288366
SOPT,1.0,0.9999,5,15,20,1050,1152,0.302892,0.000229164,0.288366
gappy-POD,1.0,0.9999,5,15,20,1050,1152,0.309762,0.000229164,0.288366
QDEIM,1.0,0.9999,5,15,20,1050,1152,0.30704,0.000229164,0.288366
SOPT,1.0,0.9999,5,15,20,1080,1152,0.306043,0.000229164,0.288366
gappy-POD,1.0,0.9999,5,15,20,1080,1152,0.303432,0.000229164,0.288366
QDEIM,1.0,0.9999,5,15,20,1080,1152,0.306682,0.000229164,0.288366
SOPT,1.0,0.9999,5,15,20,1110,1152,0.304291,0.000229164,0.288366
gappy-POD,1.0,0.9999,5,15,20,1110,1152,0.304652,0.000229164,0.288366
QDEIM,1.0,0.9999,5,15,20,1110,1152,0.307342,0.000229164,0.288366
SOPT,1.0,0.9999,5,15,20,1140,1152,0.303122,0.000229164,0.288366
gappy-POD,1.0,0.9999,5,15,20,1140,1152,0.308558,0.000229164,0.288366
QDEIM,1.0,0.9999,5,15,20,1140,1152,0.305186,0.000229164,0.288366
SOPT,1.0,0.9999,5,15,20,1170,1152,0.304826,0.000229164,0.288366
gappy-POD,1.0,0.9999,5,15,20,1170,1152,0.305823,0.000229164,0.288366
QDEIM,1.0,0.9999,5,15,20,1170,1152,0.30254,0.000229164,0.288366
SOPT,1.0,0.9999,5,15,20,1200,0,,,
gappy-POD,1.0,0.9999,5,15,20,1200,0,,,
QDEIM,1.0,0.9999,5,15,20,1200,0,,,
EQP,1.0,0.99999,8,22,1150,2222,2048,0.220066,2.59099e-06,0.0309559
SOPT,1.0,0.99999,8,22,25,30,261,0.0746867,0.00134618,0.288327
gappy-POD,1.0,0.99999,8,22,25,30,198,0.0581548,0.00156699,0.288327
QDEIM,1.0,0.99999,8,22,25,30,279,0.0788458,0.00156699,0.288327
SOPT,1.0,0.99999,8,22,25,60,378,0.104912,0.00105434,0.288327
gappy-POD,1.0,0.99999,8,22,25,60,315,0.0888361,0.00126172,0.288327
QDEIM,1.0,0.99999,8,22,25,60,351,0.0979717,0.00126172,0.288327
SOPT,1.0,0.99999,8,22,25,90,549,0.148118,0.000763005,0.288327
gappy-POD,1.0,0.99999,8,22,25,90,333,0.0933611,0.00127438,0.288327
QDEIM,1.0,0.99999,8,22,25,90,387,0.10685,0.00127438,0.288327
SOPT,1.0,0.99999,8,22,25,120,621,0.167209,0.000636411,0.288327
gappy-POD,1.0,0.99999,8,22,25,120,450,0.125032,0.000936509,0.288327
QDEIM,1.0,0.99999,8,22,25,120,441,0.121703,0.000936509,0.288327
SOPT,1.0,0.99999,8,22,25,150,711,0.189361,0.000456006,0.288327
gappy-POD,1.0,0.99999,8,22,25,150,504,0.137703,0.000844643,0.288327
QDEIM,1.0,0.99999,8,22,25,150,450,0.122568,0.000844643,0.288327
SOPT,1.0,0.99999,8,22,25,180,792,0.211705,0.000387723,0.288327
gappy-POD,1.0,0.99999,8,22,25,180,549,0.148404,0.000830919,0.288327
QDEIM,1.0,0.99999,8,22,25,180,477,0.129939,0.000830919,0.288327
SOPT,1.0,0.99999,8,22,25,210,873,0.234639,0.000294739,0.288327
gappy-POD,1.0,0.99999,8,22,25,210,603,0.163553,0.000731571,0.288327
QDEIM,1.0,0.99999,8,22,25,210,477,0.130753,0.000731571,0.288327
SOPT,1.0,0.99999,8,22,25,240,945,0.254187,0.000237681,0.288327
gappy-POD,1.0,0.99999,8,22,25,240,738,0.197421,0.000432809,0.288327
QDEIM,1.0,0.99999,8,22,25,240,477,0.129852,0.000432809,0.288327
SOPT,1.0,0.99999,8,22,25,270,990,0.262663,0.000224956,0.288327
gappy-POD,1.0,0.99999,8,22,25,270,765,0.208448,0.000428065,0.288327
QDEIM,1.0,0.99999,8,22,25,270,495,0.133397,0.000428065,0.288327
SOPT,1.0,0.99999,8,22,25,300,1053,0.281624,0.000219039,0.288327
gappy-POD,1.0,0.99999,8,22,25,300,828,0.22059,0.000335328,0.288327
QDEIM,1.0,0.99999,8,22,25,300,549,0.147101,0.000335328,0.288327
SOPT,1.0,0.99999,8,22,25,330,1107,0.292208,0.000221215,0.288327
gappy-POD,1.0,0.99999,8,22,25,330,882,0.236571,0.000293203,0.288327
QDEIM,1.0,0.99999,8,22,25,330,657,0.175683,0.000293203,0.288327
SOPT,1.0,0.99999,8,22,25,360,1125,0.296941,0.0002251,0.288327
gappy-POD,1.0,0.99999,8,22,25,360,918,0.247766,0.000282884,0.288327
QDEIM,1.0,0.99999,8,22,25,360,675,0.181367,0.000282884,0.288327
SOPT,1.0,0.99999,8,22,25,390,1134,0.299201,0.0002251,0.288327
gappy-POD,1.0,0.99999,8,22,25,390,954,0.256137,0.000264869,0.288327
QDEIM,1.0,0.99999,8,22,25,390,783,0.207858,0.000264869,0.288327
SOPT,1.0,0.99999,8,22,25,420,1143,0.300731,0.000228047,0.288327
gappy-POD,1.0,0.99999,8,22,25,420,1008,0.265375,0.000223774,0.288327
QDEIM,1.0,0.99999,8,22,25,420,873,0.232287,0.000223774,0.288327
SOPT,1.0,0.99999,8,22,25,450,1143,0.301234,0.000228047,0.288327
gappy-POD,1.0,0.99999,8,22,25,450,1035,0.271452,0.000216934,0.288327
QDEIM,1.0,0.99999,8,22,25,450,927,0.249089,0.000216934,0.288327
SOPT,1.0,0.99999,8,22,25,480,1152,0.303756,0.000229121,0.288327
gappy-POD,1.0,0.99999,8,22,25,480,1089,0.287559,0.00021449,0.288327
QDEIM,1.0,0.99999,8,22,25,480,945,0.249701,0.00021449,0.288327
SOPT,1.0,0.99999,8,22,25,510,1152,0.301495,0.000229121,0.288327
gappy-POD,1.0,0.99999,8,22,25,510,1143,0.302446,0.000227331,0.288327
QDEIM,1.0,0.99999,8,22,25,510,1008,0.27112,0.000227331,0.288327
SOPT,1.0,0.99999,8,22,25,540,1152,0.305498,0.000229121,0.288327
gappy-POD,1.0,0.99999,8,22,25,540,1152,0.300455,0.000229121,0.288327
QDEIM,1.0,0.99999,8,22,25,540,1035,0.272728,0.000229121,0.288327
SOPT,1.0,0.99999,8,22,25,570,1152,0.307002,0.000229121,0.288327
gappy-POD,1.0,0.99999,8,22,25,570,1152,0.306714,0.000229121,0.288327
QDEIM,1.0,0.99999,8,22,25,570,1080,0.283985,0.000229121,0.288327
SOPT,1.0,0.99999,8,22,25,600,1152,0.308589,0.000229121,0.288327
gappy-POD,1.0,0.99999,8,22,25,600,1152,0.305201,0.000229121,0.288327
QDEIM,1.0,0.99999,8,22,25,600,1116,0.302124,0.000229121,0.288327
SOPT,1.0,0.99999,8,22,25,630,1152,0.306256,0.000229121,0.288327
gappy-POD,1.0,0.99999,8,22,25,630,1152,0.303848,0.000229121,0.288327
QDEIM,1.0,0.99999,8,22,25,630,1143,0.302522,0.000229121,0.288327
SOPT,1.0,0.99999,8,22,25,660,1152,0.303281,0.000229121,0.288327
gappy-POD,1.0,0.99999,8,22,25,660,1152,0.303368,0.000229121,0.288327
QDEIM,1.0,0.99999,8,22,25,660,1143,0.301955,0.000229121,0.288327
SOPT,1.0,0.99999,8,22,25,690,1152,0.306844,0.000229121,0.288327
gappy-POD,1.0,0.99999,8,22,25,690,1152,0.301659,0.000229121,0.288327
QDEIM,1.0,0.99999,8,22,25,690,1152,0.303106,0.000229121,0.288327
SOPT,1.0,0.99999,8,22,25,720,1152,0.305489,0.000229121,0.288327
gappy-POD,1.0,0.99999,8,22,25,720,1152,0.304284,0.000229121,0.288327
QDEIM,1.0,0.99999,8,22,25,720,1152,0.301743,0.000229121,0.288327
SOPT,1.0,0.99999,8,22,25,750,1152,0.3037,0.000229121,0.288327
gappy-POD,1.0,0.99999,8,22,25,750,1152,0.306949,0.000229121,0.288327
QDEIM,1.0,0.99999,8,22,25,750,1152,0.300941,0.000229121,0.288327
SOPT,1.0,0.99999,8,22,25,780,1152,0.304042,0.000229121,0.288327
gappy-POD,1.0,0.99999,8,22,25,780,1152,0.307076,0.000229121,0.288327
QDEIM,1.0,0.99999,8,22,25,780,1152,0.303236,0.000229121,0.288327
SOPT,1.0,0.99999,8,22,25,810,1152,0.304865,0.000229121,0.288327
gappy-POD,1.0,0.99999,8,22,25,810,1152,0.309267,0.000229121,0.288327
QDEIM,1.0,0.99999,8,22,25,810,1152,0.3035,0.000229121,0.288327
SOPT,1.0,0.99999,8,22,25,840,1152,0.304281,0.000229121,0.288327
gappy-POD,1.0,0.99999,8,22,25,840,1152,0.305194,0.000229121,0.288327
QDEIM,1.0,0.99999,8,22,25,840,1152,0.306783,0.000229121,0.288327
SOPT,1.0,0.99999,8,22,25,870,1152,0.305419,0.000229121,0.288327
gappy-POD,1.0,0.99999,8,22,25,870,1152,0.303696,0.000229121,0.288327
QDEIM,1.0,0.99999,8,22,25,870,1152,0.307117,0.000229121,0.288327
SOPT,1.0,0.99999,8,22,25,900,1152,0.30635,0.000229121,0.288327
gappy-POD,1.0,0.99999,8,22,25,900,1152,0.30488,0.000229121,0.288327
QDEIM,1.0,0.99999,8,22,25,900,1152,0.303538,0.000229121,0.288327
SOPT,1.0,0.99999,8,22,25,930,1152,0.302431,0.000229121,0.288327
gappy-POD,1.0,0.99999,8,22,25,930,1152,0.308173,0.000229121,0.288327
QDEIM,1.0,0.99999,8,22,25,930,1152,0.304238,0.000229121,0.288327
SOPT,1.0,0.99999,8,22,25,960,1152,0.307707,0.000229121,0.288327
gappy-POD,1.0,0.99999,8,22,25,960,1152,0.305625,0.000229121,0.288327
QDEIM,1.0,0.99999,8,22,25,960,1152,0.302521,0.000229121,0.288327
SOPT,1.0,0.99999,8,22,25,990,1152,0.308917,0.000229121,0.288327
gappy-POD,1.0,0.99999,8,22,25,990,1152,0.304113,0.000229121,0.288327
QDEIM,1.0,0.99999,8,22,25,990,1152,0.304071,0.000229121,0.288327
SOPT,1.0,0.99999,8,22,25,1020,1152,0.3081,0.000229121,0.288327
gappy-POD,1.0,0.99999,8,22,25,1020,1152,0.304394,0.000229121,0.288327
QDEIM,1.0,0.99999,8,22,25,1020,1152,0.301328,0.000229121,0.288327
SOPT,1.0,0.99999,8,22,25,1050,1152,0.308826,0.000229121,0.288327
gappy-POD,1.0,0.99999,8,22,25,1050,1152,0.304254,0.000229121,0.288327
QDEIM,1.0,0.99999,8,22,25,1050,1152,0.302869,0.000229121,0.288327
SOPT,1.0,0.99999,8,22,25,1080,1152,0.305947,0.000229121,0.288327
gappy-POD,1.0,0.99999,8,22,25,1080,1152,0.304614,0.000229121,0.288327
QDEIM,1.0,0.99999,8,22,25,1080,1152,0.302595,0.000229121,0.288327
SOPT,1.0,0.99999,8,22,25,1110,1152,0.309075,0.000229121,0.288327
gappy-POD,1.0,0.99999,8,22,25,1110,1152,0.309284,0.000229121,0.288327
QDEIM,1.0,0.99999,8,22,25,1110,1152,0.303892,0.000229121,0.288327
SOPT,1.0,0.99999,8,22,25,1140,1152,0.311717,0.000229121,0.288327
gappy-POD,1.0,0.99999,8,22,25,1140,1152,0.303166,0.000229121,0.288327
QDEIM,1.0,0.99999,8,22,25,1140,1152,0.304648,0.000229121,0.288327
SOPT,1.0,0.99999,8,22,25,1170,1152,0.310618,0.000229121,0.288327
gappy-POD,1.0,0.99999,8,22,25,1170,1152,0.307482,0.000229121,0.288327
QDEIM,1.0,0.99999,8,22,25,1170,1152,0.303418,0.000229121,0.288327
SOPT,1.0,0.99999,8,22,25,1200,0,,,
gappy-POD,1.0,0.99999,8,22,25,1200,0,,,
QDEIM,1.0,0.99999,8,22,25,1200,0,,,
EQP,1.0,0.999999,14,26,1239,2626,2048,0.260154,9.09022e-07,0.0239165
SOPT,1.0,0.999999,14,26,29,30,234,0.0679741,0.00140978,0.288315
gappy-POD,1.0,0.999999,14,26,29,30,207,0.061477,0.00150804,0.288315
QDEIM,1.0,0.999999,14,26,29,30,207,0.0611388,0.00150804,0.288315
SOPT,1.0,0.999999,14,26,29,60,324,0.0914646,0.00116272,0.288315
gappy-POD,1.0,0.999999,14,26,29,60,306,0.0875119,0.00132529,0.288315
QDEIM,1.0,0.999999,14,26,29,60,405,0.112722,0.00132529,0.288315
SOPT,1.0,0.999999,14,26,29,90,432,0.120388,0.000865428,0.288315
gappy-POD,1.0,0.999999,14,26,29,90,342,0.0977154,0.00126078,0.288315
QDEIM,1.0,0.999999,14,26,29,90,423,0.118817,0.00126078,0.288315
SOPT,1.0,0.999999,14,26,29,120,567,0.157229,0.000574306,0.288315
gappy-POD,1.0,0.999999,14,26,29,120,396,0.110832,0.0011407,0.288315
QDEIM,1.0,0.999999,14,26,29,120,477,0.132397,0.0011407,0.288315
SOPT,1.0,0.999999,14,26,29,150,675,0.18368,0.000432844,0.288315
gappy-POD,1.0,0.999999,14,26,29,150,477,0.132538,0.000912304,0.288315
QDEIM,1.0,0.999999,14,26,29,150,477,0.132304,0.000912304,0.288315
SOPT,1.0,0.999999,14,26,29,180,783,0.214271,0.000347531,0.288315
gappy-POD,1.0,0.999999,14,26,29,180,513,0.142582,0.00084323,0.288315
QDEIM,1.0,0.999999,14,26,29,180,639,0.174019,0.00084323,0.288315
SOPT,1.0,0.999999,14,26,29,210,864,0.2351,0.000275791,0.288315
gappy-POD,1.0,0.999999,14,26,29,210,576,0.157989,0.000752263,0.288315
QDEIM,1.0,0.999999,14,26,29,210,693,0.18658,0.000752263,0.288315
SOPT,1.0,0.999999,14,26,29,240,954,0.254804,0.000236452,0.288315
gappy-POD,1.0,0.999999,14,26,29,240,621,0.168802,0.000706361,0.288315
QDEIM,1.0,0.999999,14,26,29,240,702,0.190201,0.000706361,0.288315
SOPT,1.0,0.999999,14,26,29,270,990,0.265114,0.000224354,0.288315
gappy-POD,1.0,0.999999,14,26,29,270,720,0.195801,0.000473877,0.288315
QDEIM,1.0,0.999999,14,26,29,270,720,0.1969,0.000473877,0.288315
SOPT,1.0,0.999999,14,26,29,300,1008,0.272533,0.000220702,0.288315
gappy-POD,1.0,0.999999,14,26,29,300,756,0.206396,0.000432078,0.288315
QDEIM,1.0,0.999999,14,26,29,300,747,0.201169,0.000432078,0.288315
SOPT,1.0,0.999999,14,26,29,330,1053,0.281,0.000216202,0.288315
gappy-POD,1.0,0.999999,14,26,29,330,828,0.224386,0.000359388,0.288315
QDEIM,1.0,0.999999,14,26,29,330,774,0.209794,0.000359388,0.288315
SOPT,1.0,0.999999,14,26,29,360,1071,0.286296,0.000217096,0.288315
gappy-POD,1.0,0.999999,14,26,29,360,882,0.23472,0.000313195,0.288315
QDEIM,1.0,0.999999,14,26,29,360,783,0.212489,0.000313195,0.288315
SOPT,1.0,0.999999,14,26,29,390,1098,0.292126,0.000217933,0.288315
gappy-POD,1.0,0.999999,14,26,29,390,909,0.24479,0.000288609,0.288315
QDEIM,1.0,0.999999,14,26,29,390,801,0.215349,0.000288609,0.288315
SOPT,1.0,0.999999,14,26,29,420,1116,0.301047,0.000219842,0.288315
gappy-POD,1.0,0.999999,14,26,29,420,945,0.251901,0.000276314,0.288315
QDEIM,1.0,0.999999,14,26,29,420,864,0.23337,0.000276314,0.288315
SOPT,1.0,0.999999,14,26,29,450,1134,0.300996,0.000222676,0.288315
gappy-POD,1.0,0.999999,14,26,29,450,981,0.261476,0.000258733,0.288315
QDEIM,1.0,0.999999,14,26,29,450,927,0.246587,0.000258733,0.288315
SOPT,1.0,0.999999,14,26,29,480,1152,0.305862,0.000229129,0.288315
gappy-POD,1.0,0.999999,14,26,29,480,1026,0.27844,0.000220295,0.288315
QDEIM,1.0,0.999999,14,26,29,480,927,0.247832,0.000220295,0.288315
SOPT,1.0,0.999999,14,26,29,510,1152,0.305937,0.000229129,0.288315
gappy-POD,1.0,0.999999,14,26,29,510,1053,0.280964,0.000216284,0.288315
QDEIM,1.0,0.999999,14,26,29,510,990,0.26343,0.000216284,0.288315
SOPT,1.0,0.999999,14,26,29,540,1152,0.305546,0.000229129,0.288315
gappy-POD,1.0,0.999999,14,26,29,540,1116,0.298211,0.000222655,0.288315
QDEIM,1.0,0.999999,14,26,29,540,1053,0.280566,0.000222655,0.288315
SOPT,1.0,0.999999,14,26,29,570,1152,0.308603,0.000229129,0.288315
gappy-POD,1.0,0.999999,14,26,29,570,1134,0.30382,0.000225357,0.288315
QDEIM,1.0,0.999999,14,26,29,570,1071,0.286613,0.000225357,0.288315
SOPT,1.0,0.999999,14,26,29,600,1152,0.306503,0.000229129,0.288315
gappy-POD,1.0,0.999999,14,26,29,600,1143,0.300298,0.000227345,0.288315
QDEIM,1.0,0.999999,14,26,29,600,1098,0.296893,0.000227345,0.288315
SOPT,1.0,0.999999,14,26,29,630,1152,0.307264,0.000229129,0.288315
gappy-POD,1.0,0.999999,14,26,29,630,1152,0.306386,0.000229129,0.288315
QDEIM,1.0,0.999999,14,26,29,630,1152,0.304594,0.000229129,0.288315
SOPT,1.0,0.999999,14,26,29,660,1152,0.30445,0.000229129,0.288315
gappy-POD,1.0,0.999999,14,26,29,660,1152,0.305312,0.000229129,0.288315
QDEIM,1.0,0.999999,14,26,29,660,1152,0.307244,0.000229129,0.288315
SOPT,1.0,0.999999,14,26,29,690,1152,0.309033,0.000229129,0.288315
gappy-POD,1.0,0.999999,14,26,29,690,1152,0.308998,0.000229129,0.288315
QDEIM,1.0,0.999999,14,26,29,690,1152,0.31032,0.000229129,0.288315
SOPT,1.0,0.999999,14,26,29,720,1152,0.311115,0.000229129,0.288315
gappy-POD,1.0,0.999999,14,26,29,720,1152,0.303574,0.000229129,0.288315
QDEIM,1.0,0.999999,14,26,29,720,1152,0.305127,0.000229129,0.288315
SOPT,1.0,0.999999,14,26,29,750,1152,0.304296,0.000229129,0.288315
gappy-POD,1.0,0.999999,14,26,29,750,1152,0.307575,0.000229129,0.288315
QDEIM,1.0,0.999999,14,26,29,750,1152,0.306064,0.000229129,0.288315
SOPT,1.0,0.999999,14,26,29,780,1152,0.31113,0.000229129,0.288315
gappy-POD,1.0,0.999999,14,26,29,780,1152,0.304242,0.000229129,0.288315
QDEIM,1.0,0.999999,14,26,29,780,1152,0.302521,0.000229129,0.288315
SOPT,1.0,0.999999,14,26,29,810,1152,0.306511,0.000229129,0.288315
gappy-POD,1.0,0.999999,14,26,29,810,1152,0.305422,0.000229129,0.288315
QDEIM,1.0,0.999999,14,26,29,810,1152,0.307732,0.000229129,0.288315
SOPT,1.0,0.999999,14,26,29,840,1152,0.306037,0.000229129,0.288315
gappy-POD,1.0,0.999999,14,26,29,840,1152,0.305327,0.000229129,0.288315
QDEIM,1.0,0.999999,14,26,29,840,1152,0.311397,0.000229129,0.288315
SOPT,1.0,0.999999,14,26,29,870,1152,0.309092,0.000229129,0.288315
gappy-POD,1.0,0.999999,14,26,29,870,1152,0.306836,0.000229129,0.288315
QDEIM,1.0,0.999999,14,26,29,870,1152,0.306153,0.000229129,0.288315
SOPT,1.0,0.999999,14,26,29,900,1152,0.311018,0.000229129,0.288315
gappy-POD,1.0,0.999999,14,26,29,900,1152,0.30933,0.000229129,0.288315
QDEIM,1.0,0.999999,14,26,29,900,1152,0.307617,0.000229129,0.288315
SOPT,1.0,0.999999,14,26,29,930,1152,0.315082,0.000229129,0.288315
gappy-POD,1.0,0.999999,14,26,29,930,1152,0.309378,0.000229129,0.288315
QDEIM,1.0,0.999999,14,26,29,930,1152,0.307784,0.000229129,0.288315
SOPT,1.0,0.999999,14,26,29,960,1152,0.308502,0.000229129,0.288315
gappy-POD,1.0,0.999999,14,26,29,960,1152,0.310298,0.000229129,0.288315
QDEIM,1.0,0.999999,14,26,29,960,1152,0.306597,0.000229129,0.288315
SOPT,1.0,0.999999,14,26,29,990,1152,0.314036,0.000229129,0.288315
gappy-POD,1.0,0.999999,14,26,29,990,1152,0.304176,0.000229129,0.288315
QDEIM,1.0,0.999999,14,26,29,990,1152,0.306392,0.000229129,0.288315
SOPT,1.0,0.999999,14,26,29,1020,1152,0.304982,0.000229129,0.288315
gappy-POD,1.0,0.999999,14,26,29,1020,1152,0.308308,0.000229129,0.288315
QDEIM,1.0,0.999999,14,26,29,1020,1152,0.305306,0.000229129,0.288315
SOPT,1.0,0.999999,14,26,29,1050,1152,0.307253,0.000229129,0.288315
gappy-POD,1.0,0.999999,14,26,29,1050,1152,0.309587,0.000229129,0.288315
QDEIM,1.0,0.999999,14,26,29,1050,1152,0.307812,0.000229129,0.288315
SOPT,1.0,0.999999,14,26,29,1080,1152,0.306446,0.000229129,0.288315
gappy-POD,1.0,0.999999,14,26,29,1080,1152,0.306914,0.000229129,0.288315
QDEIM,1.0,0.999999,14,26,29,1080,1152,0.306934,0.000229129,0.288315
SOPT,1.0,0.999999,14,26,29,1110,1152,0.307341,0.000229129,0.288315
gappy-POD,1.0,0.999999,14,26,29,1110,1152,0.306224,0.000229129,0.288315
QDEIM,1.0,0.999999,14,26,29,1110,1152,0.308136,0.000229129,0.288315
SOPT,1.0,0.999999,14,26,29,1140,1152,0.306145,0.000229129,0.288315
gappy-POD,1.0,0.999999,14,26,29,1140,1152,0.305353,0.000229129,0.288315
QDEIM,1.0,0.999999,14,26,29,1140,1152,0.306549,0.000229129,0.288315
SOPT,1.0,0.999999,14,26,29,1170,1152,0.304243,0.000229129,0.288315
gappy-POD,1.0,0.999999,14,26,29,1170,1152,0.304527,0.000229129,0.288315
QDEIM,1.0,0.999999,14,26,29,1170,1152,0.306892,0.000229129,0.288315
SOPT,1.0,0.999999,14,26,29,1200,0,,,
gappy-POD,1.0,0.999999,14,26,29,1200,0,,,
QDEIM,1.0,0.999999,14,26,29,1200,0,,,
EQP,1.0,0.9999999,21,30,1520,3030,2048,0.447176,2.32894e-07,0.00382753
SOPT,1.0,0.9999999,21,30,32,30,0,,,
gappy-POD,1.0,0.9999999,21,30,32,30,0,,,
QDEIM,1.0,0.9999999,21,30,32,30,0,,,
SOPT,1.0,0.9999999,21,30,32,60,351,0.100716,0.00111691,0.288337
gappy-POD,1.0,0.9999999,21,30,32,60,288,0.0831243,0.00131574,0.288337
QDEIM,1.0,0.9999999,21,30,32,60,387,0.108976,0.00131574,0.288337
SOPT,1.0,0.9999999,21,30,32,90,468,0.129324,0.000835684,0.288337
gappy-POD,1.0,0.9999999,21,30,32,90,342,0.0963895,0.00123084,0.288337
QDEIM,1.0,0.9999999,21,30,32,90,405,0.112726,0.00123084,0.288337
SOPT,1.0,0.9999999,21,30,32,120,558,0.153995,0.000652375,0.288337
gappy-POD,1.0,0.9999999,21,30,32,120,387,0.107447,0.0011327,0.288337
QDEIM,1.0,0.9999999,21,30,32,120,423,0.117569,0.0011327,0.288337
SOPT,1.0,0.9999999,21,30,32,150,639,0.176583,0.000536543,0.288337
gappy-POD,1.0,0.9999999,21,30,32,150,459,0.12612,0.000941211,0.288337
QDEIM,1.0,0.9999999,21,30,32,150,459,0.127201,0.000941211,0.288337
SOPT,1.0,0.9999999,21,30,32,180,729,0.197266,0.00045009,0.288337
gappy-POD,1.0,0.9999999,21,30,32,180,513,0.141811,0.000848326,0.288337
QDEIM,1.0,0.9999999,21,30,32,180,486,0.133972,0.000848326,0.288337
SOPT,1.0,0.9999999,21,30,32,210,774,0.210128,0.000417229,0.288337
gappy-POD,1.0,0.9999999,21,30,32,210,540,0.147523,0.00082782,0.288337
QDEIM,1.0,0.9999999,21,30,32,210,567,0.154307,0.00082782,0.288337
SOPT,1.0,0.9999999,21,30,32,240,837,0.225252,0.000341685,0.288337
gappy-POD,1.0,0.9999999,21,30,32,240,594,0.163858,0.000751749,0.288337
QDEIM,1.0,0.9999999,21,30,32,240,585,0.162273,0.000751749,0.288337
SOPT,1.0,0.9999999,21,30,32,270,918,0.246486,0.000279753,0.288337
gappy-POD,1.0,0.9999999,21,30,32,270,666,0.180739,0.000588812,0.288337
QDEIM,1.0,0.9999999,21,30,32,270,630,0.170739,0.000588812,0.288337
SOPT,1.0,0.9999999,21,30,32,300,990,0.264653,0.000233461,0.288337
gappy-POD,1.0,0.9999999,21,30,32,300,738,0.202216,0.000465403,0.288337
QDEIM,1.0,0.9999999,21,30,32,300,684,0.185001,0.000465403,0.288337
SOPT,1.0,0.9999999,21,30,32,330,1026,0.276262,0.000220234,0.288337
gappy-POD,1.0,0.9999999,21,30,32,330,792,0.215639,0.000406093,0.288337
QDEIM,1.0,0.9999999,21,30,32,330,720,0.194194,0.000406093,0.288337
SOPT,1.0,0.9999999,21,30,32,360,1071,0.285748,0.000217655,0.288337
gappy-POD,1.0,0.9999999,21,30,32,360,846,0.227561,0.000356379,0.288337
QDEIM,1.0,0.9999999,21,30,32,360,792,0.214297,0.000356379,0.288337
SOPT,1.0,0.9999999,21,30,32,390,1098,0.292034,0.000218113,0.288337
gappy-POD,1.0,0.9999999,21,30,32,390,909,0.244,0.000310896,0.288337
QDEIM,1.0,0.9999999,21,30,32,390,882,0.235427,0.000310896,0.288337
SOPT,1.0,0.9999999,21,30,32,420,1116,0.297567,0.000223557,0.288337
gappy-POD,1.0,0.9999999,21,30,32,420,936,0.250131,0.000292829,0.288337
QDEIM,1.0,0.9999999,21,30,32,420,918,0.246936,0.000292829,0.288337
SOPT,1.0,0.9999999,21,30,32,450,1134,0.301809,0.000226731,0.288337
gappy-POD,1.0,0.9999999,21,30,32,450,981,0.261366,0.000251346,0.288337
QDEIM,1.0,0.9999999,21,30,32,450,963,0.26093,0.000251346,0.288337
SOPT,1.0,0.9999999,21,30,32,480,1152,0.309089,0.000229199,0.288337
gappy-POD,1.0,0.9999999,21,30,32,480,990,0.266083,0.000245361,0.288337
QDEIM,1.0,0.9999999,21,30,32,480,972,0.260011,0.000245361,0.288337
SOPT,1.0,0.9999999,21,30,32,510,1152,0.306275,0.000229199,0.288337
gappy-POD,1.0,0.9999999,21,30,32,510,1053,0.28035,0.000219623,0.288337
QDEIM,1.0,0.9999999,21,30,32,510,1026,0.277925,0.000219623,0.288337
SOPT,1.0,0.9999999,21,30,32,540,1152,0.311576,0.000229199,0.288337
gappy-POD,1.0,0.9999999,21,30,32,540,1080,0.288691,0.000217514,0.288337
QDEIM,1.0,0.9999999,21,30,32,540,1035,0.278043,0.000217514,0.288337
SOPT,1.0,0.9999999,21,30,32,570,1152,0.307215,0.000229199,0.288337
gappy-POD,1.0,0.9999999,21,30,32,570,1125,0.299459,0.000224433,0.288337
QDEIM,1.0,0.9999999,21,30,32,570,1062,0.284149,0.000224433,0.288337
SOPT,1.0,0.9999999,21,30,32,600,1152,0.306494,0.000229199,0.288337
gappy-POD,1.0,0.9999999,21,30,32,600,1143,0.307724,0.000227448,0.288337
QDEIM,1.0,0.9999999,21,30,32,600,1116,0.297152,0.000227448,0.288337
SOPT,1.0,0.9999999,21,30,32,630,1152,0.308066,0.000229199,0.288337
gappy-POD,1.0,0.9999999,21,30,32,630,1152,0.308389,0.000229199,0.288337
QDEIM,1.0,0.9999999,21,30,32,630,1143,0.307923,0.000229199,0.288337
SOPT,1.0,0.9999999,21,30,32,660,1152,0.308771,0.000229199,0.288337
gappy-POD,1.0,0.9999999,21,30,32,660,1152,0.308784,0.000229199,0.288337
QDEIM,1.0,0.9999999,21,30,32,660,1143,0.308583,0.000229199,0.288337
SOPT,1.0,0.9999999,21,30,32,690,1152,0.305694,0.000229199,0.288337
gappy-POD,1.0,0.9999999,21,30,32,690,1152,0.306609,0.000229199,0.288337
QDEIM,1.0,0.9999999,21,30,32,690,1152,0.308418,0.000229199,0.288337
SOPT,1.0,0.9999999,21,30,32,720,1152,0.306382,0.000229199,0.288337
gappy-POD,1.0,0.9999999,21,30,32,720,1152,0.310766,0.000229199,0.288337
QDEIM,1.0,0.9999999,21,30,32,720,1152,0.312574,0.000229199,0.288337
SOPT,1.0,0.9999999,21,30,32,750,1152,0.308429,0.000229199,0.288337
gappy-POD,1.0,0.9999999,21,30,32,750,1152,0.310239,0.000229199,0.288337
QDEIM,1.0,0.9999999,21,30,32,750,1152,0.310488,0.000229199,0.288337
SOPT,1.0,0.9999999,21,30,32,780,1152,0.309713,0.000229199,0.288337
gappy-POD,1.0,0.9999999,21,30,32,780,1152,0.309621,0.000229199,0.288337
QDEIM,1.0,0.9999999,21,30,32,780,1152,0.313652,0.000229199,0.288337
SOPT,1.0,0.9999999,21,30,32,810,1152,0.309768,0.000229199,0.288337
gappy-POD,1.0,0.9999999,21,30,32,810,1152,0.309109,0.000229199,0.288337
QDEIM,1.0,0.9999999,21,30,32,810,1152,0.31082,0.000229199,0.288337
SOPT,1.0,0.9999999,21,30,32,840,1152,0.308694,0.000229199,0.288337
gappy-POD,1.0,0.9999999,21,30,32,840,1152,0.310304,0.000229199,0.288337
QDEIM,1.0,0.9999999,21,30,32,840,1152,0.310133,0.000229199,0.288337
SOPT,1.0,0.9999999,21,30,32,870,1152,0.309291,0.000229199,0.288337
gappy-POD,1.0,0.9999999,21,30,32,870,1152,0.30814,0.000229199,0.288337
QDEIM,1.0,0.9999999,21,30,32,870,1152,0.307563,0.000229199,0.288337
SOPT,1.0,0.9999999,21,30,32,900,1152,0.30958,0.000229199,0.288337
gappy-POD,1.0,0.9999999,21,30,32,900,1152,0.309496,0.000229199,0.288337
QDEIM,1.0,0.9999999,21,30,32,900,1152,0.308326,0.000229199,0.288337
SOPT,1.0,0.9999999,21,30,32,930,1152,0.30969,0.000229199,0.288337
gappy-POD,1.0,0.9999999,21,30,32,930,1152,0.30792,0.000229199,0.288337
QDEIM,1.0,0.9999999,21,30,32,930,1152,0.307835,0.000229199,0.288337
SOPT,1.0,0.9999999,21,30,32,960,1152,0.310101,0.000229199,0.288337
gappy-POD,1.0,0.9999999,21,30,32,960,1152,0.307238,0.000229199,0.288337
QDEIM,1.0,0.9999999,21,30,32,960,1152,0.307363,0.000229199,0.288337
SOPT,1.0,0.9999999,21,30,32,990,1152,0.311484,0.000229199,0.288337
gappy-POD,1.0,0.9999999,21,30,32,990,1152,0.306563,0.000229199,0.288337
QDEIM,1.0,0.9999999,21,30,32,990,1152,0.306975,0.000229199,0.288337
SOPT,1.0,0.9999999,21,30,32,1020,1152,0.307959,0.000229199,0.288337
gappy-POD,1.0,0.9999999,21,30,32,1020,1152,0.311135,0.000229199,0.288337
QDEIM,1.0,0.9999999,21,30,32,1020,1152,0.306888,0.000229199,0.288337
SOPT,1.0,0.9999999,21,30,32,1050,1152,0.305833,0.000229199,0.288337
gappy-POD,1.0,0.9999999,21,30,32,1050,1152,0.306371,0.000229199,0.288337
QDEIM,1.0,0.9999999,21,30,32,1050,1152,0.305009,0.000229199,0.288337
SOPT,1.0,0.9999999,21,30,32,1080,1152,0.307977,0.000229199,0.288337
gappy-POD,1.0,0.9999999,21,30,32,1080,1152,0.305701,0.000229199,0.288337
QDEIM,1.0,0.9999999,21,30,32,1080,1152,0.305722,0.000229199,0.288337
SOPT,1.0,0.9999999,21,30,32,1110,1152,0.306722,0.000229199,0.288337
gappy-POD,1.0,0.9999999,21,30,32,1110,1152,0.308528,0.000229199,0.288337
QDEIM,1.0,0.9999999,21,30,32,1110,1152,0.305529,0.000229199,0.288337
SOPT,1.0,0.9999999,21,30,32,1140,1152,0.307736,0.000229199,0.288337
gappy-POD,1.0,0.9999999,21,30,32,1140,1152,0.312669,0.000229199,0.288337
QDEIM,1.0,0.9999999,21,30,32,1140,1152,0.308246,0.000229199,0.288337
SOPT,1.0,0.9999999,21,30,32,1170,1152,0.30833,0.000229199,0.288337
gappy-POD,1.0,0.9999999,21,30,32,1170,1152,0.306116,0.000229199,0.288337
QDEIM,1.0,0.9999999,21,30,32,1170,1152,0.309821,0.000229199,0.288337
SOPT,1.0,0.9999999,21,30,32,1200,0,,,
gappy-POD,1.0,0.9999999,21,30,32,1200,0,,,
QDEIM,1.0,0.9999999,21,30,32,1200,0,,,
