method,t,n,ef,xx,vv,ee,q,condV,condE,time,ErrX,ErrV,ErrE
clssopt,0.1,0,0.99,17,11,4,5,4.023515,4.849432,1.72178,0.0239606,,2.33764
clssopt,0.1,0,0.99,17,11,4,10,3.479607,4.247383,2.44344,0.0239606,,2.33764
clssopt,0.1,0,0.99,17,11,4,15,108.132435,5.213257,3.11469,0.0239606,,2.33764
clssopt,0.1,0,0.99,17,11,4,20,2.807336,2.872147,3.65465,0.0239606,,2.33764
clssopt,0.1,0,0.99,17,11,4,25,1.202294,3.757088,4.45563,0.0239606,,2.33764
clssopt,0.1,0,0.99,17,11,4,30,1.344482,1.896352,4.5711,0.0239606,,2.33764
clssopt,0.1,0,0.99,17,11,4,35,1.201980,2.546128,4.70557,0.0239606,,2.33764
clssopt,0.1,0,0.99,17,11,4,40,1.228851,1.844507,4.59221,0.0239606,,2.33764
clssopt,0.1,0,0.99,17,11,4,45,1.201850,1.980053,4.7797,0.0239606,,2.33764
clssopt,0.1,0,0.99,17,11,4,50,1.201850,1.864302,4.76906,0.0239606,,2.33764
clssopt,0.1,0,0.99,17,11,4,55,1.201850,1.973989,4.74957,0.0239606,,2.33764
clssopt,0.1,0,0.99,17,11,4,60,1.201850,2.978123,4.76165,0.0239606,,2.33764
clssopt,0.1,0,0.99,17,11,4,65,1.201850,2.013733,4.68298,0.0239606,,2.33764
clssopt,0.1,0,0.99,17,11,4,70,1.201850,2.299766,4.6751,0.0239606,,2.33764
clssopt,0.1,0,0.99,17,11,4,75,1.201850,2.226111,4.68713,0.0239606,,2.33764
clssopt,0.1,0,0.99,17,11,4,80,1.201850,2.151824,4.87787,0.0239606,,2.33764
clssopt,0.1,0,0.99,17,11,4,85,1.201850,2.236315,4.81854,0.0239606,,2.33764
clssopt,0.1,0,0.99,17,11,4,90,1.201850,2.199232,4.79845,0.0239606,,2.33764
clssopt,0.1,0,0.99,17,11,4,95,1.201861,3.487789,4.8973,0.0239606,,2.33764
clssopt,0.1,0,0.99,17,11,4,100,1.228847,4.645129,4.76682,0.0239606,,2.33764
clssopt,0.1,0,0.99,17,11,4,105,3.606306,2.361831,4.87555,0.0239606,,2.33764
clssopt,0.1,0,0.99,17,11,4,110,3.605551,2.455375,4.80089,0.0239606,,2.33764
clssopt,0.1,0,0.99,17,11,4,115,3.605551,2.604311,4.82231,0.0239606,,2.33764
clssopt,0.1,0,0.99,17,11,4,120,3.605551,2.515463,4.87206,0.0239606,,2.33764
clsqdeim,0.1,0,0.99,17,11,4,5,1.998842,6.367387,2.10494,0.0239606,,2.33764
clsqdeim,0.1,0,0.99,17,11,4,10,1.455577,4.277797,2.58876,0.0239606,,2.33764
clsqdeim,0.1,0,0.99,17,11,4,15,2.169091,3.771377,2.71203,0.0239606,,2.33764
clsqdeim,0.1,0,0.99,17,11,4,20,1.878151,3.178528,3.15386,0.0239606,,2.33764
clsqdeim,0.1,0,0.99,17,11,4,25,1.790184,5.161501,4.19451,0.0239606,,2.33764
clsqdeim,0.1,0,0.99,17,11,4,30,1.951190,2.759502,4.73931,0.0239606,,2.33764
clsqdeim,0.1,0,0.99,17,11,4,35,1.539853,3.215396,5.21397,0.0239606,,2.33764
clsqdeim,0.1,0,0.99,17,11,4,40,1.284899,2.596407,5.72422,0.0239606,,2.33764
clsqdeim,0.1,0,0.99,17,11,4,45,1.196464,3.163069,5.97216,0.0239606,,2.33764
clsqdeim,0.1,0,0.99,17,11,4,50,1.447881,2.633096,6.3362,0.0239606,,2.33764
clsqdeim,0.1,0,0.99,17,11,4,55,1.387928,358.664337,6.62389,0.0239606,,2.33764
clsqdeim,0.1,0,0.99,17,11,4,60,1.506435,3.006606,7.21225,0.0239606,,2.33764
clsqdeim,0.1,0,0.99,17,11,4,65,1.294636,2.595713,7.01855,0.0239606,,2.33764
clsqdeim,0.1,0,0.99,17,11,4,70,1.277583,2.757889,7.19084,0.0239606,,2.33764
clsqdeim,0.1,0,0.99,17,11,4,75,1.151551,3.876031,7.59087,0.0239606,,2.33764
clsqdeim,0.1,0,0.99,17,11,4,80,1.312316,4.320570,7.32647,0.0239606,,2.33764
clsqdeim,0.1,0,0.99,17,11,4,85,1.131860,2.415794,7.42721,0.0239606,,2.33764
clsqdeim,0.1,0,0.99,17,11,4,90,1.401319,3.155077,7.93735,0.0239606,,2.33764
clsqdeim,0.1,0,0.99,17,11,4,95,1.146440,2.680989,7.88206,0.0239606,,2.33764
clsqdeim,0.1,0,0.99,17,11,4,100,1.299951,3.276714,8.1266,0.0239606,,2.33764
clsqdeim,0.1,0,0.99,17,11,4,105,1.218957,2.766981,8.52603,0.0239606,,2.33764
clsqdeim,0.1,0,0.99,17,11,4,110,1.336977,59.039690,8.94455,0.0239606,,2.33764
clsqdeim,0.1,0,0.99,17,11,4,115,1.180378,2.661352,9.03877,0.0239606,,2.33764
clsqdeim,0.1,0,0.99,17,11,4,120,1.191734,2.647834,8.94615,0.0239606,,2.33764
clssopt,0.1,1,0.999,17,27,7,5,3.135712,18.884597,2.07116,0.0239606,,2.33764
clssopt,0.1,1,0.999,17,27,7,10,1.764513,13.174180,2.7018,0.0239606,,2.33764
clssopt,0.1,1,0.999,17,27,7,15,2.186862,6.445767,3.1773,0.0239606,,2.33764
clssopt,0.1,1,0.999,17,27,7,20,1.556072,6.741829,3.73322,0.0239606,,2.33764
clssopt,0.1,1,0.999,17,27,7,25,1.374194,6.442018,4.02153,0.0239606,,2.33764
clssopt,0.1,1,0.999,17,27,7,30,1.364378,4.755556,4.39568,0.0239606,,2.33764
clssopt,0.1,1,0.999,17,27,7,35,3.848878,6.233313,5.06004,0.0239606,,2.33764
clssopt,0.1,1,0.999,17,27,7,40,1.650799,4.480749,5.96463,0.0239606,,2.33764
clssopt,0.1,1,0.999,17,27,7,45,1.776702,4.373510,6.17366,0.0239606,,2.33764
clssopt,0.1,1,0.999,17,27,7,50,4.211024,4.151108,6.08381,0.0239606,,2.33764
clssopt,0.1,1,0.999,17,27,7,55,2.447093,3.765821,6.23087,0.0239606,,2.33764
clssopt,0.1,1,0.999,17,27,7,60,4.537639,3.539000,6.08472,0.0239606,,2.33764
clssopt,0.1,1,0.999,17,27,7,65,1.754962,44.260298,6.21051,0.0239606,,2.33764
clssopt,0.1,1,0.999,17,27,7,70,2.167377,5.625307,6.287,0.0239606,,2.33764
clssopt,0.1,1,0.999,17,27,7,75,3.409574,7.616909,6.41894,0.0239606,,2.33764
clssopt,0.1,1,0.999,17,27,7,80,1.170721,956.725007,6.24478,0.0239606,,2.33764
clssopt,0.1,1,0.999,17,27,7,85,1.182427,3.456730,6.40305,0.0239606,,2.33764
clssopt,0.1,1,0.999,17,27,7,90,1.196543,3.774756,6.30941,0.0239606,,2.33764
clssopt,0.1,1,0.999,17,27,7,95,1.361554,3.350387,6.3996,0.0239606,,2.33764
clssopt,0.1,1,0.999,17,27,7,100,1.350231,3.181207,6.3458,0.0239606,,2.33764
clssopt,0.1,1,0.999,17,27,7,105,1.444652,3.113589,6.21791,0.0239606,,2.33764
clssopt,0.1,1,0.999,17,27,7,110,5.742061,23677151.797409,6.25904,0.0239606,,2.33764
clssopt,0.1,1,0.999,17,27,7,115,5.969495,10.133098,6.1666,0.0239606,,2.33764
clssopt,0.1,1,0.999,17,27,7,120,6.041600,45.204146,6.25405,0.0239606,,2.33764
clsqdeim,0.1,1,0.999,17,27,7,5,4.548101,16.039482,,0.0133377,,1.89437e+08
clssopt,0.1,2,0.9999,17,53,13,5,4.185099,42.619384,,0.018379,1.16436e+08,5.25294e+14
sopt,0.1,2,0.9999,17,53,13,5,6.804622,70.484584,2.46596,2.43491e-05,0.00401028,0.000356767
clssopt,0.1,2,0.9999,17,53,13,10,3.753991,19.861966,,0.015741,0.926252,0.430241
sopt,0.1,2,0.9999,17,53,13,10,7.253341,40.447698,2.61307,2.93717e-05,0.00358839,0.000352825
clssopt,0.1,2,0.9999,17,53,13,15,2.261169,15.545428,,0.0141504,1.26426,0.375726
sopt,0.1,2,0.9999,17,53,13,15,6.763977,31.658402,2.85466,2.33824e-05,0.00396515,0.000304451
clssopt,0.1,2,0.9999,17,53,13,20,2.306826,11.870378,,0.0149667,3.24321e+08,1.3335e+14
sopt,0.1,2,0.9999,17,53,13,20,7.542360,32.808676,2.99012,2.35843e-05,0.0036341,0.000267613
clssopt,0.1,2,0.9999,17,53,13,25,2.038826,710.115098,,0.0134635,3.17422e+07,2.71991e+12
sopt,0.1,2,0.9999,17,53,13,25,6.843293,25.422884,3.02457,2.76687e-05,0.00382568,0.000317606
clssopt,0.1,2,0.9999,17,53,13,30,2.156661,10.384540,,0.0142845,2.55941e+07,2.12851e+13
sopt,0.1,2,0.9999,17,53,13,30,5.805836,18.214996,3.12455,2.54904e-05,0.00358676,0.000298698
clssopt,0.1,2,0.9999,17,53,13,35,2.050739,5.687783,,0.0139751,3.12789e+07,3.11218e+13
sopt,0.1,2,0.9999,17,53,13,35,4.804451,19.573760,3.16118,2.48852e-05,0.00307204,0.000327881
