method,pv,t,n,ef,xx,vv,ee,q,condV,condE,time,ErrX,ErrV,ErrE
clsqdeim,0.13,0.1,0.1,1,0.99,4,3,11,5,11.442223,2.321128,2.48086,2.58357e-05,0.011024,0.000532878
clssopt,0.13,0.1,0.1,1,0.99,4,3,11,5,14.588046,2.816936,2.70957,4.37016e-05,0.0107649,0.000176602
thqdeim,0.13,0.1,0.1,1,0.99,4,3,11,5,13.430991,1.853693,1.74185,4.64126e-06,0.00108623,2.06147e-05
thsopt,0.13,0.1,0.1,1,0.99,4,3,11,5,9.629911,7.403094,1.96238,1.05623e-05,0.00395186,9.86209e-05
clsqdeim,0.13,0.0,0.1,1,0.99,4,3,11,5,11.442223,2.103171,2.2625,6.58918e-06,0.00169679,5.95297e-05
clssopt,0.13,0.0,0.1,1,0.99,4,3,11,5,14.588046,6.007291,2.7073,0.000152156,0.0291999,0.00033237
thqdeim,0.13,0.0,0.1,1,0.99,4,3,11,5,13.430991,1.975094,1.84809,4.64126e-06,0.00108623,2.06147e-05
thsopt,0.13,0.0,0.1,1,0.99,4,3,11,5,9.629911,4.593558,1.95864,1.06855e-05,0.00399474,9.97988e-05
clsqdeim,0.13,0.1,0.1,1,0.99,4,3,11,10,7.573411,1.499019,2.94087,1.46749e-05,0.00589449,0.00016987
clssopt,0.13,0.1,0.1,1,0.99,4,3,11,10,6.276012,11.513369,3.16642,2.74966e-05,0.00380389,8.0366e-05
thqdeim,0.13,0.1,0.1,1,0.99,4,3,11,10,8.642938,1.585409,2.46561,6.33526e-06,0.000874384,2.61147e-05
thsopt,0.13,0.1,0.1,1,0.99,4,3,11,10,6.207428,2.158055,2.52081,3.06537e-06,0.00199645,6.66546e-05
clsqdeim,0.13,0.0,0.1,1,0.99,4,3,11,10,7.573411,2.099291,2.50687,2.0745e-06,0.00177794,2.12742e-05
clssopt,0.13,0.0,0.1,1,0.99,4,3,11,10,6.276012,97.779745,3.54763,0.000542901,0.200867,0.00436933
thqdeim,0.13,0.0,0.1,1,0.99,4,3,11,10,8.642938,1.441947,2.31808,6.33029e-06,0.000862728,2.6141e-05
thsopt,0.13,0.0,0.1,1,0.99,4,3,11,10,6.207428,1.906226,2.55758,3.05256e-06,0.00200519,6.69307e-05
clsqdeim,0.13,0.1,0.1,1,0.99,4,3,11,15,7.822907,2.131625,3.03744,1.36432e-05,0.00622206,9.82264e-05
clssopt,0.13,0.1,0.1,1,0.99,4,3,11,15,5.214023,8.576737,4.20386,1.93486e-05,0.00407659,9.3976e-05
thqdeim,0.13,0.1,0.1,1,0.99,4,3,11,15,9.648869,2.435817,2.60546,3.23453e-06,0.00221899,2.89511e-05
thsopt,0.13,0.1,0.1,1,0.99,4,3,11,15,5.199074,2.349754,2.96338,4.5438e-06,0.00325645,0.000128759
clsqdeim,0.13,0.0,0.1,1,0.99,4,3,11,15,7.822907,1.438292,2.80528,5.32225e-06,0.000890187,5.23995e-05
clssopt,0.13,0.0,0.1,1,0.99,4,3,11,15,5.214023,649.428379,4.03974,8.4618e-05,0.0178866,0.000230921
thqdeim,0.13,0.0,0.1,1,0.99,4,3,11,15,9.648869,1.830151,2.84591,3.20488e-06,0.00220392,2.89556e-05
thsopt,0.13,0.0,0.1,1,0.99,4,3,11,15,5.199074,9.024414,3.00053,4.30645e-06,0.00320742,0.000125919
clsqdeim,0.13,0.1,0.1,1,0.99,4,3,11,20,4.834343,1.853176,3.02555,2.35493e-05,0.00435079,0.000131959
clssopt,0.13,0.1,0.1,1,0.99,4,3,11,20,4.224014,4.519326,4.0029,2.48074e-05,0.00535811,0.000130993
thqdeim,0.13,0.1,0.1,1,0.99,4,3,11,20,5.882302,1.896823,2.92293,7.7112e-06,0.00397689,6.56341e-05
thsopt,0.13,0.1,0.1,1,0.99,4,3,11,20,4.568789,60.678168,3.23123,1.09966e-05,0.00502758,0.000192952
clsqdeim,0.13,0.0,0.1,1,0.99,4,3,11,20,4.834343,2.064145,2.88505,6.42472e-06,0.00119574,7.25788e-05
clssopt,0.13,0.0,0.1,1,0.99,4,3,11,20,4.224014,762.795302,4.46136,0.000172837,0.0267943,0.000622954
thqdeim,0.13,0.0,0.1,1,0.99,4,3,11,20,5.882302,1.878796,2.9756,7.30356e-06,0.00384082,6.35282e-05
thsopt,0.13,0.0,0.1,1,0.99,4,3,11,20,4.568789,7.639742,3.6986,1.05859e-05,0.00509219,0.000195203
clsqdeim,0.13,0.1,0.1,1,0.99,4,3,11,25,4.727063,1.720463,3.9362,1.2707e-05,0.00377361,4.7762e-05
clssopt,0.13,0.1,0.1,1,0.99,4,3,11,25,4.947938,2.360969,4.70599,3.30873e-05,0.00673212,0.000187984
thqdeim,0.13,0.1,0.1,1,0.99,4,3,11,25,5.433825,1.526354,3.04733,1.05677e-05,0.00543659,0.000116269
thsopt,0.13,0.1,0.1,1,0.99,4,3,11,25,4.550651,2.528363,3.96119,9.08983e-06,0.00439736,0.00015555
clsqdeim,0.13,0.0,0.1,1,0.99,4,3,11,25,4.727063,1.602666,3.81253,4.25579e-06,0.000761039,3.85074e-05
clssopt,0.13,0.0,0.1,1,0.99,4,3,11,25,4.947938,321.616770,4.65387,0.000322957,0.0797234,0.000406342
thqdeim,0.13,0.0,0.1,1,0.99,4,3,11,25,5.433825,1.594702,3.43888,1.01846e-05,0.00522315,9.86933e-05
thsopt,0.13,0.0,0.1,1,0.99,4,3,11,25,4.550651,5.081144,4.00693,8.43297e-06,0.00444638,0.000158659
clsqdeim,0.13,0.1,0.1,1,0.99,4,3,11,30,5.506702,2.194038,4.31134,1.61097e-05,0.00183704,3.6344e-05
clssopt,0.13,0.1,0.1,1,0.99,4,3,11,30,12.328770,1.503511,4.59433,3.15807e-05,0.00614171,0.000163068
thqdeim,0.13,0.1,0.1,1,0.99,4,3,11,30,6.484264,1.703025,3.48675,5.31114e-06,0.00288639,7.21158e-05
thsopt,0.13,0.1,0.1,1,0.99,4,3,11,30,4.254523,2.870760,4.39214,1.75266e-05,0.00653971,0.000228484
clsqdeim,0.13,0.0,0.1,1,0.99,4,3,11,30,5.506702,1.350901,4.35989,7.38944e-06,0.00251739,6.40109e-05
clssopt,0.13,0.0,0.1,1,0.99,4,3,11,30,12.328770,264.304324,4.67024,0.000364927,0.0813011,0.000269883
thqdeim,0.13,0.0,0.1,1,0.99,4,3,11,30,6.484264,1.437816,3.54376,5.06799e-06,0.00291265,6.93129e-05
thsopt,0.13,0.0,0.1,1,0.99,4,3,11,30,4.254523,13.211736,4.43135,1.86711e-05,0.00741712,0.000277618
clsqdeim,0.13,0.1,0.1,1,0.99,4,3,11,35,5.178916,1.747177,4.56022,1.59772e-05,0.00161338,3.06376e-05
clssopt,0.13,0.1,0.1,1,0.99,4,3,11,35,10.197546,1.625813,4.76014,3.07015e-05,0.0062476,0.000157882
thqdeim,0.13,0.1,0.1,1,0.99,4,3,11,35,5.870336,1.500484,3.78446,5.52692e-06,0.0026199,5.76316e-05
thsopt,0.13,0.1,0.1,1,0.99,4,3,11,35,3.487808,2.760786,4.8757,2.66364e-05,0.00779323,0.000297035
clsqdeim,0.13,0.0,0.1,1,0.99,4,3,11,35,5.178916,1.723247,4.577,8.92091e-06,0.00266955,9.967e-05
clssopt,0.13,0.0,0.1,1,0.99,4,3,11,35,10.197546,238.282675,4.98728,0.000369721,0.0950658,0.000690069
thqdeim,0.13,0.0,0.1,1,0.99,4,3,11,35,5.870336,1.239734,3.54898,5.35074e-06,0.00261414,5.47505e-05
thsopt,0.13,0.0,0.1,1,0.99,4,3,11,35,3.487808,11.066071,4.97213,3.15902e-05,0.00959792,0.000416138
clsqdeim,0.13,0.1,0.1,1,0.99,4,3,11,40,4.097740,1.906855,4.72428,1.18872e-05,0.00134144,3.07244e-05
clssopt,0.13,0.1,0.1,1,0.99,4,3,11,40,10.021932,1.000000,5.31949,3.07276e-05,0.00704169,0.000175622
thqdeim,0.13,0.1,0.1,1,0.99,4,3,11,40,4.180679,1.610314,3.60887,5.70376e-06,0.00197235,3.10623e-05
thsopt,0.13,0.1,0.1,1,0.99,4,3,11,40,3.478316,2.755920,4.87485,2.17134e-05,0.00593049,0.000212482
clsqdeim,0.13,0.0,0.1,1,0.99,4,3,11,40,4.097740,2.172037,4.92558,1.24948e-05,0.00366505,0.000163514
clssopt,0.13,0.0,0.1,1,0.99,4,3,11,40,10.021932,220.796963,5.09966,0.000382804,0.090318,0.000398496
thqdeim,0.13,0.0,0.1,1,0.99,4,3,11,40,4.180679,1.527778,4.11596,5.40835e-06,0.00196934,3.00464e-05
thsopt,0.13,0.0,0.1,1,0.99,4,3,11,40,3.478316,8.517433,5.71797,3.29024e-05,0.00844548,0.000367096
clsqdeim,0.13,0.1,0.1,1,0.99,4,3,11,45,3.570474,1.828036,5.35308,9.3053e-06,0.00134411,3.40263e-05
clssopt,0.13,0.1,0.1,1,0.99,4,3,11,45,10.414465,1.000000,4.9611,2.60956e-05,0.00663116,0.00016701
thqdeim,0.13,0.1,0.1,1,0.99,4,3,11,45,3.832538,1.844033,4.1502,7.44964e-06,0.00205947,3.13264e-05
thsopt,0.13,0.1,0.1,1,0.99,4,3,11,45,3.113469,1.000000,5.43439,2.5912e-05,0.00683325,0.000241438
clsqdeim,0.13,0.0,0.1,1,0.99,4,3,11,45,3.570474,1.707087,5.14316,6.07998e-06,0.0011829,9.08245e-05
clssopt,0.13,0.0,0.1,1,0.99,4,3,11,45,10.414465,269.755920,5.61162,0.000295831,0.0889092,0.000808885
thqdeim,0.13,0.0,0.1,1,0.99,4,3,11,45,3.832538,1.814354,4.38321,6.45105e-06,0.00185741,3.24499e-05
thsopt,0.13,0.0,0.1,1,0.99,4,3,11,45,3.113469,7.342679,5.94598,4.07452e-05,0.0101957,0.000443923
clsqdeim,0.13,0.1,0.1,1,0.99,4,3,11,50,4.533554,1.696405,5.77753,7.98822e-06,0.00104723,2.49491e-05
clssopt,0.13,0.1,0.1,1,0.99,4,3,11,50,10.210817,1.000000,4.8443,2.3481e-05,0.00645602,0.000164294
thqdeim,0.13,0.1,0.1,1,0.99,4,3,11,50,4.508602,1.722520,4.46046,6.25278e-05,0.0154307,0.000299722
thsopt,0.13,0.1,0.1,1,0.99,4,3,11,50,3.264625,1.000000,5.37279,2.38249e-05,0.00681804,0.000236779
clsqdeim,0.13,0.0,0.1,1,0.99,4,3,11,50,4.533554,1.751433,4.92536,6.89111e-06,0.00133852,0.000101608
clssopt,0.13,0.0,0.1,1,0.99,4,3,11,50,10.210817,179.415358,5.64341,0.00023646,0.0907284,0.00130457
thqdeim,0.13,0.0,0.1,1,0.99,4,3,11,50,4.508602,1.839474,4.44897,2.9436e-05,0.00646326,7.93415e-05
thsopt,0.13,0.0,0.1,1,0.99,4,3,11,50,3.264625,6.930702,6.25643,4.05757e-05,0.0108683,0.000487341
clsqdeim,0.13,0.1,0.1,1,0.99,4,3,11,55,8.076123,1.766909,5.69598,8.97183e-06,0.000840368,1.38348e-05
clssopt,0.13,0.1,0.1,1,0.99,4,3,11,55,11.908054,1.000000,5.35219,2.11914e-05,0.00575634,0.000149227
thqdeim,0.13,0.1,0.1,1,0.99,4,3,11,55,7.274641,1.430674,4.63903,1.03535e-05,0.00178637,6.93122e-05
thsopt,0.13,0.1,0.1,1,0.99,4,3,11,55,3.784082,1.000000,5.64892,2.1405e-05,0.00646323,0.000220742
clsqdeim,0.13,0.0,0.1,1,0.99,4,3,11,55,8.076123,2.015506,5.25809,4.95307e-06,0.00112978,7.60368e-05
clssopt,0.13,0.0,0.1,1,0.99,4,3,11,55,11.908054,182.060002,5.72769,0.000261057,0.0893274,0.0010084
thqdeim,0.13,0.0,0.1,1,0.99,4,3,11,55,7.274641,1.471808,4.24073,0.00015031,0.044663,0.0011529
thsopt,0.13,0.0,0.1,1,0.99,4,3,11,55,3.784082,6.741044,6.88004,4.10881e-05,0.0110652,0.000509566
clsqdeim,0.13,0.1,0.1,1,0.99,4,3,11,60,3.943253,1.825504,5.756,1.07266e-05,0.000919178,1.58829e-05
clssopt,0.13,0.1,0.1,1,0.99,4,3,11,60,9.170851,1.000000,5.85156,2.03473e-05,0.00541538,0.000154227
thqdeim,0.13,0.1,0.1,1,0.99,4,3,11,60,4.392989,1.496361,4.49446,5.6483e-06,0.00171535,8.92672e-05
thsopt,0.13,0.1,0.1,1,0.99,4,3,11,60,2.955115,1.000000,5.88849,2.4041e-05,0.00742352,0.000248789
clsqdeim,0.13,0.0,0.1,1,0.99,4,3,11,60,3.943253,1.870871,5.53613,7.99992e-06,0.00175214,0.00011914
clssopt,0.13,0.0,0.1,1,0.99,4,3,11,60,9.170851,170.513906,6.06288,0.000213604,0.0523754,0.000386514
thqdeim,0.13,0.0,0.1,1,0.99,4,3,11,60,4.392989,2.120904,4.80017,4.47602e-06,0.00148183,8.56091e-05
thsopt,0.13,0.0,0.1,1,0.99,4,3,11,60,2.955115,6.839852,7.00515,6.1735e-05,0.0163827,0.000751323
clsqdeim,0.13,0.1,0.1,1,0.99,4,3,11,65,4.578462,1.843298,6.00506,1.29336e-05,0.00111383,2.00472e-05
clssopt,0.13,0.1,0.1,1,0.99,4,3,11,65,9.917828,1.000000,5.40974,2.29476e-05,0.00594309,0.000160812
thqdeim,0.13,0.1,0.1,1,0.99,4,3,11,65,4.511051,1.440545,5.07408,5.88805e-06,0.00190834,9.12301e-05
thsopt,0.13,0.1,0.1,1,0.99,4,3,11,65,2.819181,1.000000,6.54424,2.48518e-05,0.00812233,0.000264929
clsqdeim,0.13,0.0,0.1,1,0.99,4,3,11,65,4.578462,1.705054,5.72999,1.19365e-05,0.00260262,0.000163647
clssopt,0.13,0.0,0.1,1,0.99,4,3,11,65,9.917828,186.072025,6.32622,0.00024651,0.0548597,0.000400554
thqdeim,0.13,0.0,0.1,1,0.99,4,3,11,65,4.511051,1.667616,4.71584,8.04889e-06,0.00142792,0.000115721
thsopt,0.13,0.0,0.1,1,0.99,4,3,11,65,2.819181,6.592203,6.94269,6.25213e-05,0.0179974,0.000804877
clsqdeim,0.13,0.1,0.1,1,0.99,4,3,11,70,3.706744,1.728497,6.48128,1.3074e-05,0.0011532,1.46641e-05
clssopt,0.13,0.1,0.1,1,0.99,4,3,11,70,8.685334,1.000000,5.73824,2.16891e-05,0.00590964,0.0001639
thqdeim,0.13,0.1,0.1,1,0.99,4,3,11,70,3.489464,1.401080,5.08966,7.23264e-06,0.00218798,0.000115433
thsopt,0.13,0.1,0.1,1,0.99,4,3,11,70,3.117933,1.000000,6.41213,2.83751e-05,0.00887309,0.000287884
clsqdeim,0.13,0.0,0.1,1,0.99,4,3,11,70,3.706744,1.862280,5.89481,1.15245e-05,0.00240256,0.000148528
clssopt,0.13,0.0,0.1,1,0.99,4,3,11,70,8.685334,166.869489,6.75153,0.000186432,0.050008,0.000203148
thqdeim,0.13,0.0,0.1,1,0.99,4,3,11,70,3.489464,1.367923,5.67565,7.62525e-06,0.00158692,0.000145896
thsopt,0.13,0.0,0.1,1,0.99,4,3,11,70,3.117933,6.781822,7.36735,7.47826e-05,0.0213054,0.000972287
clsqdeim,0.13,0.1,0.1,1,0.99,4,3,11,75,4.209643,1.703012,6.68951,1.27677e-05,0.00094059,1.4351e-05
clssopt,0.13,0.1,0.1,1,0.99,4,3,11,75,8.687824,1.000000,6.05754,2.12562e-05,0.00574223,0.000162063
thqdeim,0.13,0.1,0.1,1,0.99,4,3,11,75,3.137580,1.353220,5.22447,3.57729e-05,0.0121833,0.000123948
thsopt,0.13,0.1,0.1,1,0.99,4,3,11,75,2.738116,1.000000,7.18169,2.60499e-05,0.00867973,0.000281386
clsqdeim,0.13,0.0,0.1,1,0.99,4,3,11,75,4.209643,1.775193,6.17848,9.68888e-06,0.00174931,0.000110395
clssopt,0.13,0.0,0.1,1,0.99,4,3,11,75,8.687824,160.874504,6.47182,0.000168261,0.0437867,0.000277879
thqdeim,0.13,0.0,0.1,1,0.99,4,3,11,75,3.137580,1.686052,5.59786,8.3746e-06,0.00165508,0.000186968
thsopt,0.13,0.0,0.1,1,0.99,4,3,11,75,2.738116,6.486881,8.13446,6.98524e-05,0.0197535,0.000971416
clsqdeim,0.13,0.1,0.1,1,0.99,4,3,11,80,4.117947,1.757617,7.14749,1.58082e-05,0.00115518,1.66881e-05
clssopt,0.13,0.1,0.1,1,0.99,4,3,11,80,8.815850,1.000000,6.59956,2.34622e-05,0.00600335,0.000175409
thqdeim,0.13,0.1,0.1,1,0.99,4,3,11,80,2.880656,1.190897,5.69634,0.000193171,0.0493227,0.000995835
thsopt,0.13,0.1,0.1,1,0.99,4,3,11,80,2.756701,1.000000,7.57964,2.36202e-05,0.00785619,0.000248656
clsqdeim,0.13,0.0,0.1,1,0.99,4,3,11,80,4.117947,1.898837,6.18918,1.25623e-05,0.00155746,9.69371e-05
clssopt,0.13,0.0,0.1,1,0.99,4,3,11,80,8.815850,169.511708,7.47554,0.000145404,0.0415033,0.000193931
thqdeim,0.13,0.0,0.1,1,0.99,4,3,11,80,2.880656,1.557003,5.47099,8.08587e-06,0.00198828,0.000101635
thsopt,0.13,0.0,0.1,1,0.99,4,3,11,80,2.756701,6.457432,8.18964,5.35841e-05,0.015269,0.000771028
clsqdeim,0.13,0.1,0.1,1,0.99,4,3,11,85,3.936000,1.906322,6.77061,1.17093e-05,0.00127863,1.27578e-05
clssopt,0.13,0.1,0.1,1,0.99,4,3,11,85,8.355165,1.000000,7.58228,2.47071e-05,0.00624068,0.000184142
thqdeim,0.13,0.1,0.1,1,0.99,4,3,11,85,3.400151,1.164565,5.51422,0.000140928,0.0361633,0.00067412
thsopt,0.13,0.1,0.1,1,0.99,4,3,11,85,3.349651,1.000000,7.44719,2.42224e-05,0.00821658,0.000254763
clsqdeim,0.13,0.0,0.1,1,0.99,4,3,11,85,3.936000,1.835557,6.44632,1.14277e-05,0.00129747,3.86678e-05
clssopt,0.13,0.0,0.1,1,0.99,4,3,11,85,8.355165,129.644354,7.45377,0.000129153,0.0383238,0.000170986
thqdeim,0.13,0.0,0.1,1,0.99,4,3,11,85,3.400151,1.232561,6.13428,7.16041e-05,0.0199943,0.000281426
thsopt,0.13,0.0,0.1,1,0.99,4,3,11,85,3.349651,6.349942,8.22411,5.26345e-05,0.0152971,0.000779207
clsqdeim,0.13,0.1,0.1,1,0.99,4,3,11,90,4.501806,1.686387,7.44484,1.26159e-05,0.00131888,1.57953e-05
clssopt,0.13,0.1,0.1,1,0.99,4,3,11,90,8.292726,1.000000,7.83013,2.68321e-05,0.00646281,0.000197454
thqdeim,0.13,0.1,0.1,1,0.99,4,3,11,90,3.417970,1.312519,6.13497,2.62236e-05,0.00859767,6.82533e-05
thsopt,0.13,0.1,0.1,1,0.99,4,3,11,90,3.042652,1.000000,7.87857,2.23731e-05,0.00814667,0.000257915
clsqdeim,0.13,0.0,0.1,1,0.99,4,3,11,90,4.501806,1.884164,7.11595,1.40624e-05,0.00134078,2.17408e-05
clssopt,0.13,0.0,0.1,1,0.99,4,3,11,90,8.292726,119.990040,8.52665,0.00011936,0.0371334,0.000108554
thqdeim,0.13,0.0,0.1,1,0.99,4,3,11,90,3.417970,1.479246,5.70511,4.77272e-05,0.0136351,0.0001529
thsopt,0.13,0.0,0.1,1,0.99,4,3,11,90,3.042652,6.207324,9.78497,4.71645e-05,0.014808,0.00078716
clsqdeim,0.13,0.1,0.1,1,0.99,4,3,11,95,3.787662,1.566388,7.55361,9.3362e-06,0.00151869,1.18199e-05
clssopt,0.13,0.1,0.1,1,0.99,4,3,11,95,8.278090,1.000000,7.73867,2.71065e-05,0.00649839,0.000200795
thqdeim,0.13,0.1,0.1,1,0.99,4,3,11,95,2.916581,1.259139,6.17731,6.41244e-06,0.00280667,6.9165e-05
thsopt,0.13,0.1,0.1,1,0.99,4,3,11,95,3.087842,1.000000,8.42515,2.14922e-05,0.00817714,0.000264867
clsqdeim,0.13,0.0,0.1,1,0.99,4,3,11,95,,,,,
clsqdeim,0.13,0.1,0.1,2,0.999,4,7,18,5,13.082001,6.675674,3.5017,0.00950954,4.35176,0.162793
clssopt,0.13,0.1,0.1,2,0.999,4,7,18,5,10.864070,5.109165,,0.0161598,16.4801,0.360402
thqdeim,0.13,0.1,0.1,2,0.999,4,7,18,5,13.088998,4.565154,2.30021,1.30549e-05,0.00215071,8.17495e-05
thsopt,0.13,0.1,0.1,2,0.999,4,7,18,5,9.891293,4.772225,2.89219,6.62434e-05,0.0240115,0.0012175
clsqdeim,0.13,0.1,0.1,2,0.999,4,7,18,10,7.011494,2.712665,4.06921,0.00165706,0.634962,0.0206635
clssopt,0.13,0.1,0.1,2,0.999,4,7,18,10,7.837229,3.652173,4.51033,0.000385632,0.200168,0.00398329
thqdeim,0.13,0.1,0.1,2,0.999,4,7,18,10,17.170836,2.291243,2.56301,1.4921e-05,0.00249474,5.94841e-05
thsopt,0.13,0.1,0.1,2,0.999,4,7,18,10,10.602481,4.411206,3.3938,8.51181e-05,0.0299502,0.00208783
clsqdeim,0.13,0.1,0.1,2,0.999,4,7,18,15,7.339510,2.647181,4.46347,0.00270231,0.935009,0.0310634
clssopt,0.13,0.1,0.1,2,0.999,4,7,18,15,11.584910,5.082187,5.2947,0.00116312,0.5651,0.0137966
thqdeim,0.13,0.1,0.1,2,0.999,4,7,18,15,12.054538,2.086666,2.80495,9.34346e-06,0.00209021,3.61208e-05
thsopt,0.13,0.1,0.1,2,0.999,4,7,18,15,11.312506,3.321033,3.80139,0.000116128,0.0450741,0.0025327
clsqdeim,0.13,0.1,0.1,2,0.999,4,7,18,20,6.980822,2.461053,4.55237,3.66981e-05,0.00462587,0.000135689
clssopt,0.13,0.1,0.1,2,0.999,4,7,18,20,6.096056,3.018278,5.29748,0.000773854,0.298683,0.00810529
thqdeim,0.13,0.1,0.1,2,0.999,4,7,18,20,10.294828,2.093666,2.98006,5.23323e-06,0.00167099,3.27134e-05
thsopt,0.13,0.1,0.1,2,0.999,4,7,18,20,7.139864,3.270553,4.53619,0.000171621,0.0624249,0.00384465
clsqdeim,0.13,0.1,0.1,2,0.999,4,7,18,25,4.761375,2.149723,5.04623,1.36479e-05,0.0066354,9.03149e-05
clssopt,0.13,0.1,0.1,2,0.999,4,7,18,25,6.940734,3.076288,5.89112,0.00056973,0.218155,0.00539761
thqdeim,0.13,0.1,0.1,2,0.999,4,7,18,25,7.891273,1.960605,3.2876,1.39424e-05,0.00285692,5.60522e-05
thsopt,0.13,0.1,0.1,2,0.999,4,7,18,25,4.485039,3.102107,4.71874,4.89407e-05,0.0171287,0.00128077
clsqdeim,0.13,0.1,0.1,2,0.999,4,7,18,30,5.500440,2.138873,5.37932,9.90668e-05,0.0287678,0.000274021
clssopt,0.13,0.1,0.1,2,0.999,4,7,18,30,11.022132,3.658025,6.43074,0.000690324,0.216573,0.0060543
thqdeim,0.13,0.1,0.1,2,0.999,4,7,18,30,9.604746,2.036849,3.58421,2.28629e-05,0.00341606,6.44846e-05
thsopt,0.13,0.1,0.1,2,0.999,4,7,18,30,4.846056,2.689025,5.82702,3.45773e-05,0.0127208,0.000888644
clsqdeim,0.13,0.1,0.1,2,0.999,4,7,18,35,4.844320,4.250635,5.2349,0.000211808,0.0618604,0.00085082
clssopt,0.13,0.1,0.1,2,0.999,4,7,18,35,11.029931,3.499905,6.92221,0.000660333,0.189753,0.00506001
thqdeim,0.13,0.1,0.1,2,0.999,4,7,18,35,7.641755,6.172206,3.54541,2.94968e-05,0.00385197,9.67551e-05
thsopt,0.13,0.1,0.1,2,0.999,4,7,18,35,4.757689,3.567004,5.5186,3.17589e-05,0.0068406,0.000482207
clsqdeim,0.13,0.1,0.1,2,0.999,4,7,18,40,4.495664,2.414733,5.479,0.000154201,0.0460926,0.000702791
clssopt,0.13,0.1,0.1,2,0.999,4,7,18,40,9.661869,3.914477,7.17771,0.000768111,0.219734,0.0058881
thqdeim,0.13,0.1,0.1,2,0.999,4,7,18,40,7.734731,1.883004,3.67271,2.3787e-05,0.00341746,5.89561e-05
thsopt,0.13,0.1,0.1,2,0.999,4,7,18,40,4.177119,2.844005,5.8666,2.41082e-05,0.00492779,0.000328092
clsqdeim,0.13,0.1,0.1,2,0.999,4,7,18,45,6.300938,2.245333,5.6731,8.94298e-05,0.0256543,0.000275941
clssopt,0.13,0.1,0.1,2,0.999,4,7,18,45,10.542700,3.314759,7.85797,0.000594086,0.159563,0.00450644
thqdeim,0.13,0.1,0.1,2,0.999,4,7,18,45,6.410478,1.846323,3.90657,2.52565e-05,0.00356771,3.93842e-05
thsopt,0.13,0.1,0.1,2,0.999,4,7,18,45,3.999725,2.465664,6.54526,3.2841e-05,0.00761092,0.000469624
clsqdeim,0.13,0.1,0.1,2,0.999,4,7,18,50,4.309997,1.971040,6.4471,8.76286e-06,0.00167339,4.41353e-05
clssopt,0.13,0.1,0.1,2,0.999,4,7,18,50,9.646272,3.152257,7.85772,0.000509718,0.133582,0.00353513
thqdeim,0.13,0.1,0.1,2,0.999,4,7,18,50,5.816284,1.678015,4.16063,2.68779e-05,0.00323454,5.39959e-05
thsopt,0.13,0.1,0.1,2,0.999,4,7,18,50,4.314561,2.483328,6.72878,3.51396e-05,0.0103206,0.000574976
clsqdeim,0.13,0.1,0.1,3,0.9999,4,14,25,5,25.434327,11.466756,3.89159,0.00169661,1.93359,0.0375067
clssopt,0.13,0.1,0.1,3,0.9999,4,14,25,5,20.569894,13.980794,3.9949,0.000154463,0.043923,0.00200018
thqdeim,0.13,0.1,0.1,3,0.9999,4,14,25,5,40.348052,12.129219,3.26611,2.67339e-05,0.00494704,0.00011748
thsopt,0.13,0.1,0.1,3,0.9999,4,14,25,5,20.732158,9.832765,3.27732,8.81643e-05,0.0581258,0.00198346
clsqdeim,0.13,0.1,0.1,3,0.9999,4,14,25,10,13.001092,9.543442,4.35519,0.00241566,3.63008,0.211506
clssopt,0.13,0.1,0.1,3,0.9999,4,14,25,10,15.468207,13.047036,4.25777,2.3321e-05,0.0255565,0.000906372
thqdeim,0.13,0.1,0.1,3,0.9999,4,14,25,10,28.886131,7.248559,3.80138,6.25659e-05,0.00921025,0.000170948
thsopt,0.13,0.1,0.1,3,0.9999,4,14,25,10,19.042960,6.334193,3.79324,4.16104e-05,0.0229268,0.00051927
clsqdeim,0.13,0.1,0.1,3,0.9999,4,14,25,15,8.787800,6.984687,5.10885,0.00228781,4.76117,0.292233
clssopt,0.13,0.1,0.1,3,0.9999,4,14,25,15,13.432343,5.286256,4.46677,1.42023e-05,0.00836842,0.000273291
thqdeim,0.13,0.1,0.1,3,0.9999,4,14,25,15,26.386709,5.554316,4.0053,1.48264e-05,0.00240246,7.58999e-05
thsopt,0.13,0.1,0.1,3,0.9999,4,14,25,15,8.885569,4.536829,4.69524,6.11381e-05,0.0226621,0.000607918
clsqdeim,0.13,0.1,0.1,3,0.9999,4,14,25,20,8.991202,7.350233,5.03842,0.00049918,1.00288,0.0585966
clssopt,0.13,0.1,0.1,3,0.9999,4,14,25,20,14.091924,3.885852,5.33788,1.8107e-05,0.00855713,0.000244567
thqdeim,0.13,0.1,0.1,3,0.9999,4,14,25,20,15.087016,6.437984,4.71419,1.32566e-05,0.00236988,0.000111738
thsopt,0.13,0.1,0.1,3,0.9999,4,14,25,20,8.129397,5.947466,4.88423,6.47927e-05,0.0179173,0.000618452
clsqdeim,0.13,0.1,0.1,3,0.9999,4,14,25,25,10.129812,5.361206,5.01934,0.000905318,3.15333,0.154833
clssopt,0.13,0.1,0.1,3,0.9999,4,14,25,25,16.790562,4.368307,5.95779,1.08774e-05,0.00642916,0.000158457
thqdeim,0.13,0.1,0.1,3,0.9999,4,14,25,25,25.665453,3.173672,4.69423,1.87065e-05,0.00263138,0.000117556
thsopt,0.13,0.1,0.1,3,0.9999,4,14,25,25,9.338715,3.819595,5.34038,3.92228e-05,0.0117232,0.000511005
clsqdeim,0.13,0.1,0.1,3,0.9999,4,14,25,30,9.406154,5.280108,5.56753,0.004298,1.96713,0.0604095
clssopt,0.13,0.1,0.1,3,0.9999,4,14,25,30,13.013909,4.026629,6.04663,1.88714e-05,0.00761314,0.000204519
thqdeim,0.13,0.1,0.1,3,0.9999,4,14,25,30,15.680925,6.133473,5.19189,1.14063e-05,0.00211841,6.60236e-05
thsopt,0.13,0.1,0.1,3,0.9999,4,14,25,30,6.471002,3.452794,5.87901,4.19959e-05,0.00969451,0.000594828
clsqdeim,0.13,0.1,0.1,3,0.9999,4,14,25,35,7.217539,6.992366,6.13206,0.0011089,0.483482,0.0161971
clssopt,0.13,0.1,0.1,3,0.9999,4,14,25,35,15.024676,3.927886,7.15519,1.94525e-05,0.00792848,0.000218955
thqdeim,0.13,0.1,0.1,3,0.9999,4,14,25,35,13.494603,7.723396,5.52207,1.13034e-05,0.00745913,0.000316603
thsopt,0.13,0.1,0.1,3,0.9999,4,14,25,35,7.006087,3.637912,6.5887,6.78353e-05,0.0238239,0.000974067
clsqdeim,0.13,0.1,0.1,3,0.9999,4,14,25,40,7.727136,4.247839,6.44371,0.00137161,0.847858,0.0323021
clssopt,0.13,0.1,0.1,3,0.9999,4,14,25,40,11.800253,3.286395,7.25573,2.28411e-05,0.00856223,0.000311669
thqdeim,0.13,0.1,0.1,3,0.9999,4,14,25,40,11.349400,4.205367,5.78232,9.66199e-06,0.0028978,9.68866e-05
thsopt,0.13,0.1,0.1,3,0.9999,4,14,25,40,5.629500,3.472166,7.23649,6.98459e-05,0.020081,0.000904337
clsqdeim,0.13,0.1,0.1,3,0.9999,4,14,25,45,6.763272,3.572708,6.30809,0.000827414,0.44489,0.0164254
clssopt,0.13,0.1,0.1,3,0.9999,4,14,25,45,8.951624,3.041181,8.08821,1.33443e-05,0.00562316,0.000165114
thqdeim,0.13,0.1,0.1,3,0.9999,4,14,25,45,9.469363,3.003980,6.28376,6.45008e-06,0.00206324,9.34093e-05
thsopt,0.13,0.1,0.1,3,0.9999,4,14,25,45,6.665552,3.275943,7.6594,5.67561e-05,0.0187867,0.000786983
clsqdeim,0.13,0.1,0.1,3,0.9999,4,14,25,50,9.470009,4.089775,6.93364,0.000638879,0.982546,0.0408458
clssopt,0.13,0.1,0.1,3,0.9999,4,14,25,50,89546865.583242,3.282412,7.81014,1.3653e-05,0.00593334,0.000173367
thqdeim,0.13,0.1,0.1,3,0.9999,4,14,25,50,12.071618,3.256452,6.25165,5.48937e-06,0.00137492,7.06713e-05
thsopt,0.13,0.1,0.1,3,0.9999,4,14,25,50,7.058707,3.210709,8.10762,3.40245e-05,0.0142384,0.000683893
clsqdeim,0.13,0.1,0.1,4,0.99999,4,21,32,5,60.058446,23.001374,,0.0210847,30.8899,0.780937
clssopt,0.13,0.1,0.1,4,0.99999,4,21,32,5,25.293763,11.939097,4.8229,0.0014503,0.402689,0.0118565
thqdeim,0.13,0.1,0.1,4,0.99999,4,21,32,5,52.382998,21.112959,,0.0139463,15.814,0.591857
thsopt,0.13,0.1,0.1,4,0.99999,4,21,32,5,20.867747,9.222969,4.25392,0.000961686,0.282929,0.0125228
clsqdeim,0.13,0.1,0.1,4,0.99999,4,21,32,10,31.041665,11.931241,5.79098,0.00788664,6.95836,0.196961
clssopt,0.13,0.1,0.1,4,0.99999,4,21,32,10,19.519598,11.868624,5.13,0.00110514,0.705674,0.0166011
thqdeim,0.13,0.1,0.1,4,0.99999,4,21,32,10,50.756113,14.469259,4.21193,0.000620123,0.182756,0.00571829
thsopt,0.13,0.1,0.1,4,0.99999,4,21,32,10,14.432433,7.303475,4.43054,0.00217621,0.399476,0.0150751
clsqdeim,0.13,0.1,0.1,4,0.99999,4,21,32,15,29.631412,10.781497,,0.0167882,26.2202,0.598312
clssopt,0.13,0.1,0.1,4,0.99999,4,21,32,15,13.870643,8.018911,5.65939,3.0375e-05,0.0119142,0.00038591
thqdeim,0.13,0.1,0.1,4,0.99999,4,21,32,15,32.559025,6.639665,4.81247,0.000763438,0.209769,0.0091706
thsopt,0.13,0.1,0.1,4,0.99999,4,21,32,15,19.231219,9.085184,4.94113,2.11789e-05,0.00349483,0.000206316
clsqdeim,0.13,0.1,0.1,4,0.99999,4,21,32,20,24.179838,7.615127,6.49694,0.00454048,1.54259,0.0425402
clssopt,0.13,0.1,0.1,4,0.99999,4,21,32,20,11.984806,7.143836,5.63744,0.000122687,0.0676046,0.00158133
thqdeim,0.13,0.1,0.1,4,0.99999,4,21,32,20,39.152220,4.850614,4.93111,0.000175535,0.0514897,0.00242265
thsopt,0.13,0.1,0.1,4,0.99999,4,21,32,20,9.770802,5.654120,5.77529,8.27064e-05,0.0157883,0.000613243
clsqdeim,0.13,0.1,0.1,4,0.99999,4,21,32,25,22.140609,7.394387,6.6607,0.000244011,0.150377,0.00533013
clssopt,0.13,0.1,0.1,4,0.99999,4,21,32,25,14.267129,5.785362,6.3837,7.23985e-05,0.0244868,0.000718245
thqdeim,0.13,0.1,0.1,4,0.99999,4,21,32,25,24.490353,4.510606,5.74039,0.000144347,0.0255045,0.00117637
thsopt,0.13,0.1,0.1,4,0.99999,4,21,32,25,8.818985,5.939283,6.39215,5.77678e-06,0.00541817,0.000242576
clsqdeim,0.13,0.1,0.1,4,0.99999,4,21,32,30,23.396432,6.951975,7.63485,0.00013085,0.0863125,0.00203614
clssopt,0.13,0.1,0.1,4,0.99999,4,21,32,30,13.996253,7.387332,7.47605,5.36178e-05,0.0226755,0.000526206
thqdeim,0.13,0.1,0.1,4,0.99999,4,21,32,30,20.209489,4.762236,6.12854,0.000111806,0.0153621,0.000805859
thsopt,0.13,0.1,0.1,4,0.99999,4,21,32,30,8.607996,4.614758,6.78529,9.66403e-06,0.00453529,0.000190237
clsqdeim,0.13,0.1,0.1,4,0.99999,4,21,32,35,16.598866,14.523789,7.62255,0.000110851,0.0700946,0.00161557
clssopt,0.13,0.1,0.1,4,0.99999,4,21,32,35,,,,,
thqdeim,0.13,0.1,0.1,4,0.99999,4,21,32,35,,,,,
thsopt,0.13,0.1,0.1,4,0.99999,4,21,32,35,,,,,
clsqdeim,0.13,0.1,0.1,4,0.99999,4,21,32,40,,,,,
clssopt,0.13,0.1,0.1,4,0.99999,4,21,32,40,,,0.0611299,,
clsqdeim,0.13,0.1,0.1,2,0.999,4,7,18,5,13.082001,6.675674,,,,
thqdeim,0.13,0.1,0.1,4,0.99999,4,21,32,40,22.290134,4.200535,,0.0161598,98.6258,
clssopt,0.13,0.1,0.1,2,0.999,4,7,18,5,10.864070,5.109165,,,,
thqdeim,0.13,0.1,0.1,2,0.999,4,7,18,5,13.088998,4.565154,2.13692,1.30549e-05,0.00215071,8.17495e-05
thsopt,0.13,0.1,0.1,4,0.99999,4,21,32,40,7.636681,5.047349,,0.0611299,,
thsopt,0.13,0.1,0.1,2,0.999,4,7,18,5,9.891293,4.772225,,,,
clsqdeim,0.13,0.1,0.1,2,0.999,4,7,18,10,7.011494,2.712665,3.9806,0.00165706,0.634962,0.0206635
clsqdeim,0.13,0.1,0.1,4,0.99999,4,21,32,45,17.572041,9.888934,,0.0611299,0.165944,
clssopt,0.13,0.1,0.1,2,0.999,4,7,18,10,7.837229,3.652173,3.64906,0.0611299,0.165944,8.24708e-05
thqdeim,0.13,0.1,0.1,2,0.999,4,7,18,10,17.170836,2.291243,2.42271,1.4921e-05,0.00249474,5.94841e-05
clssopt,0.13,0.1,0.1,4,0.99999,4,21,32,45,11.465744,4.820147,,,,
thsopt,0.13,0.1,0.1,2,0.999,4,7,18,10,10.602481,4.411206,3.21932,8.51181e-05,0.0299502,0.00208783
thqdeim,0.13,0.1,0.1,4,0.99999,4,21,32,45,16.223795,4.815211,,,,
clsqdeim,0.13,0.1,0.1,2,0.999,4,7,18,15,,,,,
clssopt,0.13,0.1,0.1,2,0.999,4,7,18,15,11.584910,5.082187,,0.0611299,0.165944,8.24708e-05
thsopt,0.13,0.1,0.1,4,0.99999,4,21,32,45,7.157132,3.964203,,9.34346e-06,0.0150081,
thqdeim,0.13,0.1,0.1,2,0.999,4,7,18,15,12.054538,2.086666,2.7077,9.34346e-06,0.00209021,3.61208e-05
thsopt,0.13,0.1,0.1,2,0.999,4,7,18,15,11.312506,3.321033,3.62169,0.000116128,0.0450741,0.0025327
clsqdeim,0.13,0.1,0.1,4,0.99999,4,21,32,50,15.745049,7.104904,,,,
clsqdeim,0.13,0.1,0.1,2,0.999,4,7,18,20,,,,,
clssopt,0.13,0.1,0.1,2,0.999,4,7,18,20,6.096056,3.018278,,0.0611299,0.165944,8.24708e-05
clssopt,0.13,0.1,0.1,4,0.99999,4,21,32,50,12.052036,5.576699,,0.0538541,0.14614,
thqdeim,0.13,0.1,0.1,2,0.999,4,7,18,20,10.294828,2.093666,2.89632,,,
thqdeim,0.13,0.1,0.1,4,0.99999,4,21,32,50,,,0.0440651,0.120061,
thsopt,0.13,0.1,0.1,2,0.999,4,7,18,20,7.139864,3.270553,4.06726,0.0611299,0.165944,8.24708e-05
clsqdeim,0.13,0.1,0.1,2,0.999,4,7,18,25,4.761375,2.149723,,0.0611299,0.165944,8.24708e-05
thsopt,0.13,0.1,0.1,4,0.99999,4,21,32,50,6.868807,4.319461,,0.0611299,,
clssopt,0.13,0.1,0.1,2,0.999,4,7,18,25,6.940734,3.076288,5.40471,0.00056973,0.218155,0.00539761
thqdeim,0.13,0.1,0.1,2,0.999,4,7,18,25,,,,,
thsopt,0.13,0.1,0.1,2,0.999,4,7,18,25,,,,,
clsqdeim,0.13,0.1,0.1,2,0.999,4,7,18,30,,,,,
clssopt,0.13,0.1,0.1,2,0.999,4,7,18,30,,,,,
thqdeim,0.13,0.1,0.1,2,0.999,4,7,18,30,,,,,
thsopt,0.13,0.1,0.1,2,0.999,4,7,18,30,,,,,
clsqdeim,0.13,0.1,0.1,2,0.999,4,7,18,35,,,,,
clssopt,0.13,0.1,0.1,2,0.999,4,7,18,35,,,,,
thqdeim,0.13,0.1,0.1,2,0.999,4,7,18,35,,,,,
thsopt,0.13,0.1,0.1,2,0.999,4,7,18,35,,,,,
clsqdeim,0.13,0.1,0.1,2,0.999,4,7,18,40,,,,,
clssopt,0.13,0.1,0.1,2,0.999,4,7,18,40,,,,,
thqdeim,0.13,0.1,0.1,2,0.999,4,7,18,40,,,,,
thsopt,0.13,0.1,0.1,2,0.999,4,7,18,40,,,,,
clsqdeim,0.13,0.1,0.1,2,0.999,4,7,18,45,,,,,
clssopt,0.13,0.1,0.1,2,0.999,4,7,18,45,10.542700,3.314759,,0.0067771,2.02315,0.00734586
clsqdeim,0.13,0.1,0.1,5,0.999999,4,27,39,5,47.720220,14.655336,5.19463,,,
thqdeim,0.13,0.1,0.1,2,0.999,4,7,18,45,,,0.0611299,0.165944,8.24708e-05
clssopt,0.13,0.1,0.1,5,0.999999,4,27,39,5,,,0.056364,0.153055,
thsopt,0.13,0.1,0.1,2,0.999,4,7,18,45,3.999725,2.465664,6.39674,0.0611299,0.165944,8.24708e-05
clsqdeim,0.13,0.1,0.1,2,0.999,4,7,18,50,4.309997,1.971040,5.90943,8.76286e-06,0.00167339,4.41353e-05
thqdeim,0.13,0.1,0.1,5,0.999999,4,27,39,5,43.631756,17.662177,,0.0298556,0.0819436,
thsopt,0.13,0.1,0.1,5,0.999999,4,27,39,5,30.985110,19.305731,,0.000509718,1.34237,
clssopt,0.13,0.1,0.1,2,0.999,4,7,18,50,9.646272,3.152257,7.7392,0.000509718,0.133582,0.00353513
thqdeim,0.13,0.1,0.1,2,0.999,4,7,18,50,5.816284,1.678015,4.08106,2.68779e-05,0.00323454,5.39959e-05
clsqdeim,0.13,0.1,0.1,5,0.999999,4,27,39,10,49.254723,16.433044,,,,
thsopt,0.13,0.1,0.1,2,0.999,4,7,18,50,4.314561,2.483328,,0.0611299,0.165944,8.24708e-05
clssopt,0.13,0.1,0.1,5,0.999999,4,27,39,10,37.074808,12.802792,5.46088,9.5714e-06,0.00472331,0.000128192
thqdeim,0.13,0.1,0.1,5,0.999999,4,27,39,10,,,,,
thsopt,0.13,0.1,0.1,5,0.999999,4,27,39,10,,,,,
clsqdeim,0.13,0.1,0.1,5,0.999999,4,27,39,15,,,,,
clssopt,0.13,0.1,0.1,5,0.999999,4,27,39,15,,,,,
thqdeim,0.13,0.1,0.1,5,0.999999,4,27,39,15,,,0.00169661,10.9555,
clsqdeim,0.13,0.1,0.1,3,0.9999,4,14,25,5,25.434327,11.466756,3.74886,0.00169661,1.93359,0.0375067
clssopt,0.13,0.1,0.1,3,0.9999,4,14,25,5,20.569894,13.980794,3.60631,0.000154463,0.043923,0.00200018
thsopt,0.13,0.1,0.1,5,0.999999,4,27,39,15,,,,,
thqdeim,0.13,0.1,0.1,3,0.9999,4,14,25,5,,,0.0611299,,8.24708e-05
clsqdeim,0.13,0.1,0.1,5,0.999999,4,27,39,20,,,8.81643e-05,0.474865,
thsopt,0.13,0.1,0.1,3,0.9999,4,14,25,5,20.732158,9.832765,3.38958,,,
clsqdeim,0.13,0.1,0.1,3,0.9999,4,14,25,10,13.001092,9.543442,4.13473,0.00241566,3.63008,0.211506
clssopt,0.13,0.1,0.1,5,0.999999,4,27,39,20,21.434141,6.738003,,,,
clssopt,0.13,0.1,0.1,3,0.9999,4,14,25,10,15.468207,13.047036,,0.0611299,0.165944,8.24708e-05
thqdeim,0.13,0.1,0.1,5,0.999999,4,27,39,20,22.618718,6.529617,,0.0611299,,
thqdeim,0.13,0.1,0.1,3,0.9999,4,14,25,10,,,,,
thsopt,0.13,0.1,0.1,3,0.9999,4,14,25,10,19.042960,6.334193,,0.0611299,0.165944,8.24708e-05
thsopt,0.13,0.1,0.1,5,0.999999,4,27,39,20,10.606783,8.630182,,0.0611299,,
clsqdeim,0.13,0.1,0.1,3,0.9999,4,14,25,15,8.787800,6.984687,4.66025,0.0611299,,8.24708e-05
clsqdeim,0.13,0.1,0.1,5,0.999999,4,27,39,25,,,0.0174585,0.0497606,
clssopt,0.13,0.1,0.1,3,0.9999,4,14,25,15,13.432343,5.286256,4.52403,,,
thqdeim,0.13,0.1,0.1,3,0.9999,4,14,25,15,26.386709,5.554316,,0.0611299,0.165944,8.24708e-05
clssopt,0.13,0.1,0.1,5,0.999999,4,27,39,25,18.680662,6.566965,,6.11381e-05,0.159217,
thsopt,0.13,0.1,0.1,3,0.9999,4,14,25,15,8.885569,4.536829,4.31253,6.11381e-05,0.0226621,0.000607918
clsqdeim,0.13,0.1,0.1,3,0.9999,4,14,25,20,8.991202,7.350233,4.70633,0.00049918,1.00288,0.0585966
thqdeim,0.13,0.1,0.1,5,0.999999,4,27,39,25,,,,,
clssopt,0.13,0.1,0.1,3,0.9999,4,14,25,20,14.091924,3.885852,,0.0611299,0.165944,8.24708e-05
thsopt,0.13,0.1,0.1,5,0.999999,4,27,39,25,11.813997,7.282570,,0.0611299,,
thqdeim,0.13,0.1,0.1,3,0.9999,4,14,25,20,15.087016,6.437984,4.44158,0.0611299,,8.24708e-05
clsqdeim,0.13,0.1,0.1,5,0.999999,4,27,39,30,,,0.0470765,0.128634,
thsopt,0.13,0.1,0.1,3,0.9999,4,14,25,20,8.129397,5.947466,4.76763,0.0611299,,8.24708e-05
clsqdeim,0.13,0.1,0.1,3,0.9999,4,14,25,25,10.129812,5.361206,,0.0611299,0.165944,8.24708e-05
clssopt,0.13,0.1,0.1,5,0.999999,4,27,39,30,15.507470,6.815256,,0.0528506,0.144046,
clssopt,0.13,0.1,0.1,3,0.9999,4,14,25,25,16.790562,4.368307,5.91243,0.0611299,,8.24708e-05
thqdeim,0.13,0.1,0.1,5,0.999999,4,27,39,30,,,0.0200272,0.0606323,
thqdeim,0.13,0.1,0.1,3,0.9999,4,14,25,25,25.665453,3.173672,4.73912,,,
thsopt,0.13,0.1,0.1,3,0.9999,4,14,25,25,9.338715,3.819595,,0.0611299,0.165944,8.24708e-05
thsopt,0.13,0.1,0.1,5,0.999999,4,27,39,30,10.249980,6.040352,,0.0611299,0.165944,
clsqdeim,0.13,0.1,0.1,3,0.9999,4,14,25,30,9.406154,5.280108,5.40619,0.0611299,,8.24708e-05
clssopt,0.13,0.1,0.1,3,0.9999,4,14,25,30,13.013909,4.026629,,0.000855403,0.67004,0.0018472
clsqdeim,0.13,0.1,0.1,5,0.999999,4,27,39,35,20.082259,10.683141,8.18375,0.0611299,0.165944,
thqdeim,0.13,0.1,0.1,3,0.9999,4,14,25,30,15.680925,6.133473,4.90361,0.0611299,,8.24708e-05
clssopt,0.13,0.1,0.1,5,0.999999,4,27,39,35,,,0.0611299,0.165944,
thsopt,0.13,0.1,0.1,3,0.9999,4,14,25,30,6.471002,3.452794,5.96419,0.0611299,,8.24708e-05
thqdeim,0.13,0.1,0.1,5,0.999999,4,27,39,35,,,0.0611299,0.165944,
clsqdeim,0.13,0.1,0.1,3,0.9999,4,14,25,35,7.217539,6.992366,5.76564,0.0611299,,8.24708e-05
clssopt,0.13,0.1,0.1,3,0.9999,4,14,25,35,15.024676,3.927886,,2.15211e-06,0.000470188,8.25679e-05
thsopt,0.13,0.1,0.1,5,0.999999,4,27,39,35,9.224646,6.389771,7.01998,,,
thqdeim,0.13,0.1,0.1,3,0.9999,4,14,25,35,,,,,
clsqdeim,0.13,0.1,0.1,5,0.999999,4,27,39,40,18.091952,13.032117,,6.78353e-05,0.231698,
thsopt,0.13,0.1,0.1,3,0.9999,4,14,25,35,7.006087,3.637912,6.24398,,,
clsqdeim,0.13,0.1,0.1,3,0.9999,4,14,25,40,7.727136,4.247839,5.86025,0.00137161,0.847858,0.0323021
clssopt,0.13,0.1,0.1,5,0.999999,4,27,39,40,,,0.00137161,13.396,
clssopt,0.13,0.1,0.1,3,0.9999,4,14,25,40,11.800253,3.286395,7.25478,2.28411e-05,0.00856223,0.000311669
thqdeim,0.13,0.1,0.1,5,0.999999,4,27,39,40,17.623613,4.426578,,0.0523491,0.141788,
thqdeim,0.13,0.1,0.1,3,0.9999,4,14,25,40,11.349400,4.205367,5.52537,0.0611299,,8.24708e-05
thsopt,0.13,0.1,0.1,5,0.999999,4,27,39,40,,,0.0611299,,
thsopt,0.13,0.1,0.1,3,0.9999,4,14,25,40,5.629500,3.472166,5.96717,0.0611299,,8.24708e-05
clsqdeim,0.13,0.1,0.1,5,0.999999,4,27,39,45,,,0.0485835,0.131214,
clsqdeim,0.13,0.1,0.1,3,0.9999,4,14,25,45,6.763272,3.572708,6.47483,0.0611299,,8.24708e-05
clssopt,0.13,0.1,0.1,5,0.999999,4,27,39,45,,,0.0583709,0.15862,
clssopt,0.13,0.1,0.1,3,0.9999,4,14,25,45,8.951624,3.041181,7.60256,0.0611299,,8.24708e-05
thqdeim,0.13,0.1,0.1,5,0.999999,4,27,39,45,,,0.023445,0.0687594,
thqdeim,0.13,0.1,0.1,3,0.9999,4,14,25,45,9.469363,3.003980,5.82389,0.0611299,,8.24708e-05
thsopt,0.13,0.1,0.1,5,0.999999,4,27,39,45,,,0.028576,0.0810445,
thsopt,0.13,0.1,0.1,3,0.9999,4,14,25,45,6.665552,3.275943,7.16876,0.0611299,,8.24708e-05
clsqdeim,0.13,0.1,0.1,5,0.999999,4,27,39,50,,,0.0596251,0.161909,
clsqdeim,0.13,0.1,0.1,3,0.9999,4,14,25,50,9.470009,4.089775,6.53792,0.0611299,,8.24708e-05
clssopt,0.13,0.1,0.1,3,0.9999,4,14,25,50,89546865.583242,3.282412,7.8071,1.3653e-05,0.00593334,0.000173367
clssopt,0.13,0.1,0.1,5,0.999999,4,27,39,50,11.447682,5.120476,,,,
thqdeim,0.13,0.1,0.1,3,0.9999,4,14,25,50,12.071618,3.256452,,0.0611299,0.165944,8.24708e-05
thqdeim,0.13,0.1,0.1,5,0.999999,4,27,39,50,17.239712,4.764841,,0.0611299,,
thsopt,0.13,0.1,0.1,3,0.9999,4,14,25,50,7.058707,3.210709,,0.0611299,0.165944,8.24708e-05
thsopt,0.13,0.1,0.1,5,0.999999,4,27,39,50,6.849205,4.596027,9.00154,2.39003e-06,0.000439075,2.19527e-05
clsqdeim,0.13,0.1,0.1,4,0.99999,4,21,32,5,60.058446,23.001374,,0.0210847,30.8899,0.780937
clssopt,0.13,0.1,0.1,4,0.99999,4,21,32,5,25.293763,11.939097,4.38118,0.0014503,0.402689,0.0118565
thqdeim,0.13,0.1,0.1,4,0.99999,4,21,32,5,52.382998,21.112959,,0.0139463,15.814,0.591857
thsopt,0.13,0.1,0.1,4,0.99999,4,21,32,5,20.867747,9.222969,3.97832,0.000961686,0.282929,0.0125228
clsqdeim,0.13,0.1,0.1,4,0.99999,4,21,32,10,31.041665,11.931241,5.48216,0.00788664,6.95836,0.196961
clssopt,0.13,0.1,0.1,4,0.99999,4,21,32,10,19.519598,11.868624,4.79996,0.00110514,0.705674,0.0166011
thqdeim,0.13,0.1,0.1,4,0.99999,4,21,32,10,50.756113,14.469259,3.96251,0.000620123,0.182756,0.00571829
thsopt,0.13,0.1,0.1,4,0.99999,4,21,32,10,14.432433,7.303475,4.30147,0.00217621,0.399476,0.0150751
clsqdeim,0.13,0.1,0.1,4,0.99999,4,21,32,15,29.631412,10.781497,,0.0167882,26.2202,0.598312
clssopt,0.13,0.1,0.1,4,0.99999,4,21,32,15,13.870643,8.018911,5.3629,3.0375e-05,0.0119142,0.00038591
thqdeim,0.13,0.1,0.1,4,0.99999,4,21,32,15,32.559025,6.639665,4.44705,0.000763438,0.209769,0.0091706
thsopt,0.13,0.1,0.1,4,0.99999,4,21,32,15,19.231219,9.085184,4.92457,2.11789e-05,0.00349483,0.000206316
clsqdeim,0.13,0.1,0.1,4,0.99999,4,21,32,20,24.179838,7.615127,6.19166,0.00454048,1.54259,0.0425402
clssopt,0.13,0.1,0.1,4,0.99999,4,21,32,20,11.984806,7.143836,5.66873,0.000122687,0.0676046,0.00158133
thqdeim,0.13,0.1,0.1,4,0.99999,4,21,32,20,39.152220,4.850614,4.82259,0.000175535,0.0514897,0.00242265
thsopt,0.13,0.1,0.1,4,0.99999,4,21,32,20,9.770802,5.654120,5.41608,8.27064e-05,0.0157883,0.000613243
clsqdeim,0.13,0.1,0.1,4,0.99999,4,21,32,25,22.140609,7.394387,6.3962,0.000244011,0.150377,0.00533013
clssopt,0.13,0.1,0.1,4,0.99999,4,21,32,25,14.267129,5.785362,6.01603,7.23985e-05,0.0244868,0.000718245
thqdeim,0.13,0.1,0.1,4,0.99999,4,21,32,25,24.490353,4.510606,5.33217,0.000144347,0.0255045,0.00117637
thsopt,0.13,0.1,0.1,4,0.99999,4,21,32,25,8.818985,5.939283,5.80036,5.77678e-06,0.00541817,0.000242576
clsqdeim,0.13,0.1,0.1,4,0.99999,4,21,32,30,23.396432,6.951975,7.14655,0.00013085,0.0863125,0.00203614
clssopt,0.13,0.1,0.1,4,0.99999,4,21,32,30,13.996253,7.387332,6.97122,5.36178e-05,0.0226755,0.000526206
thqdeim,0.13,0.1,0.1,4,0.99999,4,21,32,30,20.209489,4.762236,5.66367,0.000111806,0.0153621,0.000805859
thsopt,0.13,0.1,0.1,4,0.99999,4,21,32,30,8.607996,4.614758,6.44099,9.66403e-06,0.00453529,0.000190237
clsqdeim,0.13,0.1,0.1,4,0.99999,4,21,32,35,16.598866,14.523789,7.53342,0.000110851,0.0700946,0.00161557
clssopt,0.13,0.1,0.1,4,0.99999,4,21,32,35,13.463886,5.650094,7.02247,6.31865e-05,0.0284341,0.000703237
thqdeim,0.13,0.1,0.1,4,0.99999,4,21,32,35,19.948024,5.864801,6.16294,8.38188e-05,0.0135244,0.000505852
thsopt,0.13,0.1,0.1,4,0.99999,4,21,32,35,7.361481,4.562643,6.75138,1.62322e-05,0.00392587,0.000157052
clsqdeim,0.13,0.1,0.1,4,0.99999,4,21,32,40,28.883847,7.172725,7.74081,0.000123825,0.0789384,0.00219614
clssopt,0.13,0.1,0.1,4,0.99999,4,21,32,40,11.058678,5.951201,7.44732,6.87281e-05,0.0330443,0.000771592
thqdeim,0.13,0.1,0.1,4,0.99999,4,21,32,40,22.290134,4.200535,6.69281,0.000140581,0.0261777,0.000834725
thsopt,0.13,0.1,0.1,4,0.99999,4,21,32,40,7.636681,5.047349,7.18476,1.91238e-05,0.00639558,0.000225952
clsqdeim,0.13,0.1,0.1,4,0.99999,4,21,32,45,17.572041,9.888934,8.04901,6.53834e-05,0.0551471,0.00158188
clssopt,0.13,0.1,0.1,4,0.99999,4,21,32,45,11.465744,4.820147,7.60703,0.000112309,0.0541392,0.00125601
thqdeim,0.13,0.1,0.1,4,0.99999,4,21,32,45,16.223795,4.815211,7.02292,0.000352477,0.0601234,0.00195314
thsopt,0.13,0.1,0.1,4,0.99999,4,21,32,45,7.157132,3.964203,7.60954,2.55633e-05,0.00845142,0.000332224
clsqdeim,0.13,0.1,0.1,4,0.99999,4,21,32,50,15.745049,7.104904,8.30942,3.58724e-05,0.0295661,0.000792291
clssopt,0.13,0.1,0.1,4,0.99999,4,21,32,50,12.052036,5.576699,8.18305,0.000101201,0.0470901,0.00110201
thqdeim,0.13,0.1,0.1,4,0.99999,4,21,32,50,16.462800,4.173843,7.36639,0.000138963,0.0204405,0.000533863
thsopt,0.13,0.1,0.1,4,0.99999,4,21,32,50,6.868807,4.319461,8.03431,3.11729e-05,0.0103483,0.000355979
clsqdeim,0.13,0.1,0.1,5,0.999999,4,27,39,5,47.720220,14.655336,5.23232,0.0067771,2.75093,0.107969
clssopt,0.13,0.1,0.1,5,0.999999,4,27,39,5,25.550487,12.406213,4.97937,3.09004e-05,0.00592531,0.000214157
thqdeim,0.13,0.1,0.1,5,0.999999,4,27,39,5,43.631756,17.662177,4.17045,0.000249379,0.130385,0.00334358
thsopt,0.13,0.1,0.1,5,0.999999,4,27,39,5,30.985110,19.305731,4.40291,0.00127465,0.42466,0.0154727
clsqdeim,0.13,0.1,0.1,5,0.999999,4,27,39,10,49.254723,16.433044,,0.0211459,7.22438,0.280958
clssopt,0.13,0.1,0.1,5,0.999999,4,27,39,10,37.074808,12.802792,5.07641,9.5714e-06,0.00472331,0.000128192
thqdeim,0.13,0.1,0.1,5,0.999999,4,27,39,10,29.418878,12.451855,4.61485,0.000307806,0.0726758,0.00431521
thsopt,0.13,0.1,0.1,5,0.999999,4,27,39,10,24.773065,9.684131,4.96703,2.10967e-06,0.00103965,4.693e-05
clsqdeim,0.13,0.1,0.1,5,0.999999,4,27,39,15,31.818674,13.881104,8.61494,0.0172507,7.91697,0.198431
clssopt,0.13,0.1,0.1,5,0.999999,4,27,39,15,23.281131,9.601991,6.05569,6.04484e-06,0.00266023,7.84975e-05
thqdeim,0.13,0.1,0.1,5,0.999999,4,27,39,15,26.883963,11.655105,5.14193,9.36678e-05,0.034995,0.00165071
thsopt,0.13,0.1,0.1,5,0.999999,4,27,39,15,12.405964,11.186270,5.50619,6.94745e-06,0.000864227,4.27384e-05
clsqdeim,0.13,0.1,0.1,5,0.999999,4,27,39,20,27.603282,11.819209,6.6528,0.000137861,0.0762245,0.00135823
clssopt,0.13,0.1,0.1,5,0.999999,4,27,39,20,21.434141,6.738003,6.27476,4.09507e-06,0.00145434,6.01351e-05
thqdeim,0.13,0.1,0.1,5,0.999999,4,27,39,20,22.618718,6.529617,5.66634,3.05822e-05,0.0475841,0.0016897
thsopt,0.13,0.1,0.1,5,0.999999,4,27,39,20,10.606783,8.630182,5.8581,2.82542e-06,0.000731294,4.28608e-05
clsqdeim,0.13,0.1,0.1,5,0.999999,4,27,39,25,22.161413,10.689890,7.41309,0.00090485,0.501607,0.00868549
clssopt,0.13,0.1,0.1,5,0.999999,4,27,39,25,18.680662,6.566965,6.60324,6.34762e-06,0.00200209,7.02984e-05
thqdeim,0.13,0.1,0.1,5,0.999999,4,27,39,25,18.077248,7.912856,6.09456,5.07732e-05,0.0191222,0.00101061
thsopt,0.13,0.1,0.1,5,0.999999,4,27,39,25,11.813997,7.282570,6.21765,1.91783e-06,0.000502482,3.34888e-05
clsqdeim,0.13,0.1,0.1,5,0.999999,4,27,39,30,21.447911,9.810846,7.90002,0.00243303,1.79155,0.033025
clssopt,0.13,0.1,0.1,5,0.999999,4,27,39,30,15.507470,6.815256,6.95569,3.57149e-06,0.00116853,4.79703e-05
thqdeim,0.13,0.1,0.1,5,0.999999,4,27,39,30,17.354563,6.312899,6.56045,2.01885e-05,0.00685668,0.000321395
thsopt,0.13,0.1,0.1,5,0.999999,4,27,39,30,10.249980,6.040352,6.45657,1.84733e-06,0.000549154,2.81247e-05
clsqdeim,0.13,0.1,0.1,5,0.999999,4,27,39,35,20.082259,10.683141,8.16042,0.000855403,0.767124,0.0147136
clssopt,0.13,0.1,0.1,5,0.999999,4,27,39,35,14.680060,5.851622,7.40772,3.51312e-06,0.000949461,3.46734e-05
thqdeim,0.13,0.1,0.1,5,0.999999,4,27,39,35,20.122548,4.722180,7.02589,1.287e-05,0.00876475,0.000331591
thsopt,0.13,0.1,0.1,5,0.999999,4,27,39,35,9.224646,6.389771,7.07258,2.15211e-06,0.000498906,2.29798e-05
clsqdeim,0.13,0.1,0.1,5,0.999999,4,27,39,40,18.091952,13.032117,8.93594,0.00291817,2.72699,0.0562389
clssopt,0.13,0.1,0.1,5,0.999999,4,27,39,40,14.340659,5.581561,7.83991,3.22756e-06,0.0010457,3.52139e-05
thqdeim,0.13,0.1,0.1,5,0.999999,4,27,39,40,17.623613,4.426578,7.49923,4.78295e-06,0.00135667,4.15079e-05
thsopt,0.13,0.1,0.1,5,0.999999,4,27,39,40,8.523480,4.814163,7.4071,2.09305e-06,0.000471914,2.06652e-05
clsqdeim,0.13,0.1,0.1,5,0.999999,4,27,39,45,18.949813,17.014067,9.70152,0.00302416,2.92937,0.0589141
clssopt,0.13,0.1,0.1,5,0.999999,4,27,39,45,14.307478,6.539529,8.43962,5.33449e-06,0.00136235,5.13774e-05
thqdeim,0.13,0.1,0.1,5,0.999999,4,27,39,45,18.185851,6.650627,7.90227,9.88538e-06,0.00363836,0.000185676
thsopt,0.13,0.1,0.1,5,0.999999,4,27,39,45,8.287167,5.153324,8.16153,2.42847e-06,0.000433775,2.23111e-05
clsqdeim,0.13,0.1,0.1,5,0.999999,4,27,39,50,17.620229,9.794977,9.83062,0.000625554,0.49366,0.00869071
clssopt,0.13,0.1,0.1,5,0.999999,4,27,39,50,11.447682,5.120476,8.64888,8.32382e-06,0.00141672,6.04651e-05
thqdeim,0.13,0.1,0.1,5,0.999999,4,27,39,50,17.239712,4.764841,8.20578,6.79248e-06,0.00214878,0.000120799
thsopt,0.13,0.1,0.1,5,0.999999,4,27,39,50,6.849205,4.596027,8.48379,2.39003e-06,0.000439075,2.19527e-05
