method,t,xx,vv,ee,q,condV,condE,time,ErrX,ErrV,ErrE
clssopt,0.1,4,3,11,10,3.044399,1.462876,3.21989,0.00132669,0.622448,0.0145464
clsqdeim,0.1,4,3,11,10,4.090443,1.296333,2.82353,0.000232898,0.244614,0.0068513
clsgnat,0.1,4,3,11,10,22355965.296496,1.420605,1.81526,0.0611299,0.165944,8.24708e-05
sopt,0.1,4,3,11,10,6.207428,1.906226,2.5796,3.05256e-06,0.00200519,6.69307e-05
qdeim,0.1,4,3,11,10,8.642938,1.441947,2.33045,6.33029e-06,0.000862728,2.6141e-05
gnat,0.1,4,3,11,10,5.807156,1.764546,2.39073,7.81433e-05,0.010379,0.000136647
clssopt,0.1,4,3,11,20,2.800711,1.327832,4.31892,0.00100977,0.165384,0.00402052
clsqdeim,0.1,4,3,11,20,2.912574,1.294241,4.87427,0.000341484,0.061582,0.00891216
clsgnat,0.1,4,3,11,20,5330437.878775,1.233034,2.53171,0.0611299,0.165944,8.24708e-05
sopt,0.1,4,3,11,20,4.568789,7.962217,3.47159,9.00494e-06,0.00489519,0.00018667
qdeim,0.1,4,3,11,20,5.882302,1.878796,2.95973,7.30356e-06,0.00384082,6.35282e-05
gnat,0.1,4,3,11,20,3.419533,1.381856,2.82383,7.05213e-05,0.00967005,0.000110137
clssopt,0.1,4,3,11,30,2.347771,1.526114,5.29176,0.00585999,1.53988,0.0721767
clsqdeim,0.1,4,3,11,30,2.518425,2.385512,6.11991,2.18569e-05,0.00254795,0.000390889
clsgnat,0.1,4,3,11,30,2374620.420668,1.732051,2.76661,0.0611299,0.165944,8.24708e-05
sopt,0.1,4,3,11,30,4.254523,18.000992,4.53374,1.69122e-05,0.00705348,0.000265729
qdeim,0.1,4,3,11,30,6.484264,1.437816,3.51298,5.06799e-06,0.00291265,6.93129e-05
gnat,0.1,4,3,11,30,2.793628,1.628291,3.2099,3.2616e-05,0.00458808,3.21577e-05
clssopt,0.1,4,3,11,40,2.227551,1.566236,6.33591,0.00708863,1.64883,0.0592019
clsqdeim,0.1,4,3,11,40,1.952738,1.177759,,0.0312667,15.4531,0.695101
clsgnat,0.1,4,3,11,40,2931469.906972,1.421252,3.18636,0.0611299,0.165944,8.24708e-05
sopt,0.1,4,3,11,40,3.478316,8.562003,5.27727,3.30328e-05,0.00873053,0.000376006
qdeim,0.1,4,3,11,40,4.180679,1.527778,3.92264,5.40835e-06,0.00196934,3.00464e-05
gnat,0.1,4,3,11,40,2.956421,1.444355,3.79432,1.87688e-05,0.00305843,2.48412e-05
clssopt,0.1,4,3,11,50,2.094065,1.190409,6.97226,0.00427043,0.945013,0.0340339
clsqdeim,0.1,4,3,11,50,2.073451,1.169711,8.05069,0.00100207,0.460692,0.0234281
clsgnat,0.1,4,3,11,50,2593409.825843,1.184952,9.63829,0.0611299,0.165944,8.24708e-05
sopt,0.1,4,3,11,50,3.264625,6.899058,5.96467,3.61511e-05,0.0100853,0.000445856
qdeim,0.1,4,3,11,50,4.508602,1.839474,4.34508,2.9436e-05,0.00646326,7.93415e-05
gnat,0.1,4,3,11,50,2.703433,1.722625,4.04829,8.15319e-06,0.000741225,1.86376e-05
clssopt,0.1,4,3,11,60,1.936357,1.760137,7.6288,0.00109037,0.3152,0.0107667
clsqdeim,0.1,4,3,11,60,1.744827,3.436810,,0.0593523,39.7902,1.92796
clsgnat,0.1,4,3,11,60,2711337.151215,1.649555,10.6995,0.0611299,0.165944,8.24708e-05
sopt,0.1,4,3,11,60,2.955115,6.724735,6.66956,5.56992e-05,0.01537,0.000694633
qdeim,0.1,4,3,11,60,4.392989,2.120904,4.65363,4.47602e-06,0.00148183,8.56091e-05
gnat,0.1,4,3,11,60,2.598375,1.485906,4.67557,6.52626e-06,0.00156149,1.61321e-05
clssopt,0.1,4,3,11,70,1.777332,1.205018,8.17162,0.00111534,0.356055,0.011455
clsqdeim,0.1,4,3,11,70,2.025834,1.045339,,0.0919649,96.2213,8.42967
clsgnat,0.1,4,3,11,70,2819123.999240,1.138278,18.0202,0.0611299,0.165944,8.24708e-05
sopt,0.1,4,3,11,70,3.117933,6.719902,7.33025,6.8155e-05,0.0195073,0.000896991
qdeim,0.1,4,3,11,70,3.489464,1.367923,5.28015,7.62525e-06,0.00158692,0.000145896
gnat,0.1,4,3,11,70,2.655778,1.796601,4.94308,1.47013e-05,0.00232928,3.36731e-05
clssopt,0.1,4,3,11,80,2.656676,1.143545,8.93647,0.00153729,0.428287,0.0145437
clsqdeim,0.1,4,3,11,80,1.779736,1.053171,,0.0843822,85.2784,6.40893
clsgnat,0.1,4,3,11,80,2643005.647295,1.124981,18.687,0.0611299,0.165944,8.24708e-05
sopt,0.1,4,3,11,80,2.756701,6.462516,8.18393,4.92546e-05,0.014383,0.000726715
qdeim,0.1,4,3,11,80,2.880656,1.557003,5.68813,8.08587e-06,0.00198828,0.000101635
gnat,0.1,4,3,11,80,2.438079,1.284150,5.13246,1.92994e-05,0.00416446,7.97711e-05
clssopt,0.1,4,3,11,90,2.373885,1.198776,9.50727,0.00155324,0.444546,0.0152158
clsqdeim,0.1,4,3,11,90,1.663449,1.655750,,0.113576,73.9851,12.8617
clsgnat,0.1,4,3,11,90,1938329.833407,1.255835,19.3438,0.0611299,0.165944,8.24708e-05
sopt,0.1,4,3,11,90,3.042652,6.211536,8.79467,4.47194e-05,0.0146809,0.000760094
qdeim,0.1,4,3,11,90,3.417970,1.479246,5.77358,4.77272e-05,0.0136351,0.0001529
gnat,0.1,4,3,11,90,2.746336,1.584342,5.29709,1.61869e-05,0.00493376,6.14425e-05
clssopt,0.1,4,3,11,100,1.820987,1.253829,10.0904,0.00151517,0.413724,0.0138444
clsqdeim,0.1,4,3,11,100,1.568793,1.082534,,0.0481076,41.7096,1.70524
clsgnat,0.1,4,3,11,100,1617316.153226,1.202207,20.049,0.0611299,0.165944,8.24708e-05
sopt,0.1,4,3,11,100,3.079078,6.079310,9.30031,3.23304e-05,0.0133556,0.000646098
qdeim,0.1,4,3,11,100,2.888026,1.332949,6.4435,4.43666e-06,0.0017616,9.68049e-05
gnat,0.1,4,3,11,100,2.278040,1.572521,5.64925,6.45995e-06,0.00114288,2.82372e-05
clssopt,0.1,4,3,11,110,1.732556,1.160150,10.9956,0.00151202,0.410168,0.0136433
clsqdeim,0.1,4,3,11,110,2.146622,1.046995,,0.0464143,35.5893,1.65571
clsgnat,0.1,4,3,11,110,1918183.200041,1.059702,21.1302,0.0611299,0.165944,8.24708e-05
sopt,0.1,4,3,11,110,3.268850,5.832187,9.5633,2.78377e-05,0.0123136,0.000626227
qdeim,0.1,4,3,11,110,3.265598,1.397323,6.23966,4.6149e-06,0.00195484,9.57146e-05
gnat,0.1,4,3,11,110,2.911731,1.672736,5.67786,9.91287e-06,0.00098621,1.08827e-05
clssopt,0.1,4,3,11,120,2.887159,1.173008,11.8487,0.00150982,0.412785,0.0136023
clsqdeim,0.1,4,3,11,120,1.426159,1.231549,,0.0598597,31.712,1.35516
clsgnat,0.1,4,3,11,120,1364979.728397,1.352545,23.6327,0.0611299,0.165944,8.24708e-05
sopt,0.1,4,3,11,120,2.976919,5.684747,9.94363,2.19279e-05,0.0110543,0.000561075
qdeim,0.1,4,3,11,120,3.035696,1.418792,6.79303,6.1294e-06,0.00172802,0.000130747
gnat,0.1,4,3,11,120,2.304469,1.637560,5.95168,7.66971e-06,0.000885191,5.99914e-06
clssopt,0.1,4,3,11,130,1.388818,1.201637,12.6811,0.00149665,0.41169,0.0135739
clsqdeim,0.1,4,3,11,130,1.505719,1.086596,12.1094,0.000538311,0.28214,0.0127602
clsgnat,0.1,4,3,11,130,1468479.179714,1.255237,31.3073,0.0611299,0.165944,8.24708e-05
sopt,0.1,4,3,11,130,3.250897,3.995694,11.3137,1.8771e-05,0.013066,0.000567106
qdeim,0.1,4,3,11,130,3.083054,1.580502,7.08742,5.38484e-06,0.00154814,0.000118085
gnat,0.1,4,3,11,130,2.140926,1.399461,6.32739,7.29537e-06,0.000854063,1.25791e-05
clssopt,0.1,4,3,11,140,4.376720,1.071228,12.8104,0.00147174,0.401129,0.0131998
clsqdeim,0.1,4,3,11,140,1.560994,1.097672,12.8999,0.0029843,8.5964,0.374228
clsgnat,0.1,4,3,11,140,1443926.317224,1.247328,29.4514,0.0611299,0.165944,8.24708e-05
sopt,0.1,4,3,11,140,3.300593,3.705887,10.7407,2.61274e-05,0.0139593,0.000625726
qdeim,0.1,4,3,11,140,3.071768,1.715541,7.0655,4.67084e-06,0.00143358,0.000107898
gnat,0.1,4,3,11,140,2.098264,1.755986,6.46485,6.41141e-06,0.000888366,1.65667e-05
clssopt,0.1,4,3,11,150,8.953067,1.292906,12.6593,0.00209707,0.663745,0.0235986
clsqdeim,0.1,4,3,11,150,1.387951,1.173409,,0.135537,130.154,19.268
clsgnat,0.1,4,3,11,150,1145947.590777,1.463998,26.6191,0.0611299,0.165944,8.24708e-05
sopt,0.1,4,3,11,150,3.756915,4.680628,11.0823,2.51575e-05,0.0136427,0.000565516
qdeim,0.1,4,3,11,150,3.049624,1.506631,7.66929,3.8629e-06,0.00120479,7.87184e-05
gnat,0.1,4,3,11,150,2.113277,1.737107,6.71623,3.43389e-06,0.00105642,1.41674e-05
clssopt,0.1,4,3,11,160,4.477590,1.149345,12.8083,0.00197624,0.608995,0.0214455
clsqdeim,0.1,4,3,11,160,1.435145,1.175235,,0.1105,91.3727,5.60774
clsgnat,0.1,4,3,11,160,1270537.029951,1.284734,30.1443,0.0611299,0.165944,8.24708e-05
sopt,0.1,4,3,11,160,3.706184,3.515367,11.4804,2.48745e-05,0.0124403,0.000533903
qdeim,0.1,4,3,11,160,3.021305,1.682171,7.6572,4.25291e-06,0.00129501,7.05419e-05
gnat,0.1,4,3,11,160,2.317553,1.682714,7.84106,2.06749e-06,0.00113127,1.69324e-05
clssopt,0.1,4,3,11,170,4.490512,1.071100,12.9479,0.00187248,0.562076,0.0195901
clsqdeim,0.1,4,3,11,170,1.308957,1.148643,,0.0500004,30.8713,2.52361
clsgnat,0.1,4,3,11,170,1238674.299716,1.147715,28.5473,0.0611299,0.165944,8.24708e-05
sopt,0.1,4,3,11,170,3.165518,2.110298,12.4768,1.90361e-05,0.00854597,0.000394787
qdeim,0.1,4,3,11,170,3.060911,1.405028,7.82397,3.67707e-06,0.00131191,5.12878e-05
gnat,0.1,4,3,11,170,2.295298,1.790972,7.94061,1.7649e-06,0.00104231,1.74434e-05
clssopt,0.1,4,3,11,180,4.484179,1.286131,12.965,0.00201124,0.62344,0.0221296
clsqdeim,0.1,4,3,11,180,1.370728,1.200829,,0.0343501,23.8058,0.373905
clsgnat,0.1,4,3,11,180,1969007.876164,1.392859,29.1322,0.0611299,0.165944,8.24708e-05
sopt,0.1,4,3,11,180,2.433842,2.092845,12.5563,1.24378e-05,0.00533401,0.000271152
qdeim,0.1,4,3,11,180,3.380334,1.186257,8.08216,3.68579e-06,0.00116993,3.21852e-05
gnat,0.1,4,3,11,180,2.238514,1.587731,7.96808,1.68459e-06,0.00102495,1.50639e-05
clssopt,0.1,4,3,11,190,9.756663,1.120004,13.3815,0.00246954,0.829152,0.0307867
clsqdeim,0.1,4,3,11,190,1.461158,1.106013,,0.0295115,22.702,0.396598
clsgnat,0.1,4,3,11,190,1746949.308349,1.194480,26.0082,0.0611299,0.165944,8.24708e-05
sopt,0.1,4,3,11,190,1.974898,3.054461,12.4502,8.03344e-06,0.00345622,0.00016212
qdeim,0.1,4,3,11,190,2.895510,1.291517,8.77663,3.75825e-06,0.0012438,1.53027e-05
gnat,0.1,4,3,11,190,2.295132,1.661612,8.24846,1.67602e-06,0.00100592,1.31144e-05
clssopt,0.1,4,3,11,200,4.593707,1.098528,13.0061,0.00283539,1.00448,0.0386902
clsqdeim,0.1,4,3,11,200,1.379450,1.047727,16.5931,0.0215392,17.8987,0.626296
clsgnat,0.1,4,3,11,200,1170322.491265,1.260356,28.12,0.0611299,0.165944,8.24708e-05
sopt,0.1,4,3,11,200,2.129007,1.969790,13.5393,6.68267e-06,0.00300004,0.000132189
qdeim,0.1,4,3,11,200,2.345691,1.171279,8.78153,4.62482e-06,0.00119449,1.49574e-05
gnat,0.1,4,3,11,200,2.120045,1.767238,8.55644,1.78007e-06,0.00105771,1.1762e-05
clssopt,0.1,4,7,18,10,5.493730,2.181170,,0.0145962,9.43338,0.413351
clsqdeim,0.1,4,7,18,10,8.381400,2.434386,,0.0265186,8.91711,0.326733
clsgnat,0.1,4,7,18,10,9399388.177226,715498.322372,2.81491,0.0611299,0.165944,8.24708e-05
sopt,0.1,4,7,18,10,10.602481,4.008239,3.24288,8.73999e-05,0.0319474,0.00216856
qdeim,0.1,4,7,18,10,17.170836,3.124251,2.48239,1.46004e-05,0.00246776,5.8736e-05
gnat,0.1,4,7,18,10,6.311418,3.025119,2.70565,6.06672e-05,0.0149353,0.000341877
clssopt,0.1,4,7,18,20,5.752650,1.726996,5.74576,2.97488e-05,0.00480143,0.000129544
clsqdeim,0.1,4,7,18,20,4.481189,2.013646,6.18786,2.49018e-05,0.02079,0.000491245
clsgnat,0.1,4,7,18,20,8473404.805860,616456.064157,3.35369,0.0611299,0.165944,8.24708e-05
sopt,0.1,4,7,18,20,7.139864,3.751410,4.14348,0.00017444,0.0632767,0.0038909
qdeim,0.1,4,7,18,20,10.294828,1.962337,3.07324,5.13175e-06,0.00163996,3.19595e-05
gnat,0.1,4,7,18,20,7.951434,2.458418,3.25997,7.14616e-05,0.0168729,0.000370791
clssopt,0.1,4,7,18,30,3.135926,2.387325,7.14524,0.000288413,0.0521759,0.00120469
clsqdeim,0.1,4,7,18,30,4.176001,1.728712,7.45098,8.2867e-05,0.054271,0.00164758
clsgnat,0.1,4,7,18,30,6101382.488340,540536.721763,3.99537,0.0611299,0.165944,8.24708e-05
sopt,0.1,4,7,18,30,4.846056,3.043434,5.18253,5.55176e-05,0.0140777,0.00108927
qdeim,0.1,4,7,18,30,9.604746,1.889621,3.40541,2.26488e-05,0.00333621,6.42322e-05
gnat,0.1,4,7,18,30,5.520084,2.951289,4.25895,6.23228e-05,0.0167913,0.00039689
clssopt,0.1,4,7,18,40,2.600777,1.870703,8.42679,1.49568e-05,0.0035369,0.000164106
clsqdeim,0.1,4,7,18,40,2.729187,1.892279,8.48273,3.30261e-05,0.0179813,0.000619478
clsgnat,0.1,4,7,18,40,5353140.619679,516826.619389,6.85477,0.0611299,0.165944,8.24708e-05
sopt,0.1,4,7,18,40,4.177119,2.562933,6.04987,2.48012e-05,0.00502367,0.000328797
qdeim,0.1,4,7,18,40,7.734731,1.789153,3.84368,5.09482e-05,0.00609172,0.000167587
gnat,0.1,4,7,18,40,5.101552,1.757134,4.5047,6.56171e-05,0.0179847,0.000419482
clssopt,0.1,4,7,18,50,2.493222,1.658643,9.01778,6.80697e-06,0.0016784,0.000106873
clsqdeim,0.1,4,7,18,50,2.972595,1.979854,9.61856,3.04291e-06,0.00241963,3.07945e-05
clsgnat,0.1,4,7,18,50,6369712.827321,4.130788,5.10625,0.0611299,0.165944,8.24708e-05
sopt,0.1,4,7,18,50,3.888485,2.335426,6.78703,2.49533e-05,0.00775963,0.000368897
qdeim,0.1,4,7,18,50,5.816284,1.736103,4.38548,0.000123916,0.0139637,0.000460522
gnat,0.1,4,7,18,50,3.924209,1.565339,5.07183,5.22202e-05,0.017826,0.000445549
clssopt,0.1,4,7,18,60,2.524562,1.763170,9.49382,1.13984e-05,0.00259628,0.000140454
clsqdeim,0.1,4,7,18,60,2.917576,1.862274,9.85763,5.25822e-05,0.0271706,0.00123477
clsgnat,0.1,4,7,18,60,5523649.101161,1.593668,6.12781,0.0611299,0.165944,8.24708e-05
sopt,0.1,4,7,18,60,3.594974,2.151852,7.75806,2.91145e-05,0.014719,0.000707999
qdeim,0.1,4,7,18,60,6.217773,1.829347,4.97962,0.000119272,0.0130924,0.00043205
gnat,0.1,4,7,18,60,5.037876,1.517706,5.18422,5.28412e-06,0.00301937,9.20437e-05
clssopt,0.1,4,7,18,70,2.375707,1.587832,10.3546,1.17748e-05,0.0033699,0.000150277
clsqdeim,0.1,4,7,18,70,2.087130,2.367415,10.2773,2.31729e-05,0.0114749,0.00048427
clsgnat,0.1,4,7,18,70,3980714.242076,478566.954474,5.85439,0.0611299,0.165944,8.24708e-05
sopt,0.1,4,7,18,70,3.683432,2.018763,8.34414,2.65508e-05,0.0158311,0.000684855
qdeim,0.1,4,7,18,70,5.107153,3.571171,5.03585,0.00012894,0.0141728,0.000470741
gnat,0.1,4,7,18,70,3.622185,1.941988,6.21708,6.15115e-06,0.00171842,7.40472e-05
clssopt,0.1,4,7,18,80,2.248811,1.522073,10.9852,1.19841e-05,0.00262223,0.000129291
clsqdeim,0.1,4,7,18,80,2.630707,1.733345,10.8656,5.71251e-05,0.0292866,0.00129714
clsgnat,0.1,4,7,18,80,3996986.168943,1.777334,6.48571,0.0611299,0.165944,8.24708e-05
sopt,0.1,4,7,18,80,5.545809,2.230565,9.34447,2.82412e-05,0.0181879,0.000741258
qdeim,0.1,4,7,18,80,5.114608,1.690642,5.61446,0.000124671,0.0133028,0.000457673
gnat,0.1,4,7,18,80,3.252549,1.538179,5.69809,4.2355e-06,0.0023474,3.84083e-05
clssopt,0.1,4,7,18,90,2.149601,1.494033,11.5297,6.63426e-06,0.00275912,7.38307e-05
clsqdeim,0.1,4,7,18,90,3.089616,1.667947,11.2562,4.57372e-05,0.0204982,0.000905565
clsgnat,0.1,4,7,18,90,3551803.003789,21.894925,6.55708,0.0611299,0.165944,8.24708e-05
sopt,0.1,4,7,18,90,6.797393,2.000992,9.92057,3.75172e-05,0.0209079,0.000917679
qdeim,0.1,4,7,18,90,9.993466,1.629016,6.1108,0.000133878,0.0144979,0.000568668
gnat,0.1,4,7,18,90,5.124481,1.537212,5.99415,6.54417e-06,0.00308602,3.28166e-05
clssopt,0.1,4,7,18,100,2.242585,1.377542,12.1424,6.22398e-06,0.00330797,9.48187e-05
clsqdeim,0.1,4,7,18,100,2.229666,1.550451,11.9545,5.18577e-05,0.0248286,0.000994037
clsgnat,0.1,4,7,18,100,3529333.055842,2.044888,6.9389,0.0611299,0.165944,8.24708e-05
sopt,0.1,4,7,18,100,4.523535,1.840234,10.7715,3.497e-05,0.0186459,0.000799093
qdeim,0.1,4,7,18,100,4.385711,1.469275,6.43178,2.42879e-05,0.0015851,7.79068e-05
gnat,0.1,4,7,18,100,3.193151,1.328458,6.563,1.72391e-05,0.00605552,3.26784e-05
clssopt,0.1,4,7,18,110,1.997691,1.358690,13.0875,6.73169e-06,0.0040228,9.42758e-05
clsqdeim,0.1,4,7,18,110,1.994991,1.481082,12.1272,4.81831e-05,0.0243545,0.000958204
clsgnat,0.1,4,7,18,110,3125376.839968,1.629742,7.09621,0.0611299,0.165944,8.24708e-05
sopt,0.1,4,7,18,110,4.041200,1.825093,11.2955,3.93743e-05,0.0276657,0.00119075
qdeim,0.1,4,7,18,110,3.977553,1.441337,6.89338,6.88515e-06,0.00214802,9.38397e-05
gnat,0.1,4,7,18,110,3.866512,1.303049,6.79734,4.84616e-06,0.00208133,1.75907e-05
clssopt,0.1,4,7,18,120,1.908646,1.381453,13.2827,7.16332e-06,0.00371869,0.000107895
clsqdeim,0.1,4,7,18,120,2.207582,1.445398,12.9037,6.72286e-05,0.0341142,0.00139947
clsgnat,0.1,4,7,18,120,3517274.346277,2.690352,7.40767,0.0611299,0.165944,8.24708e-05
sopt,0.1,4,7,18,120,4.264412,1.627396,11.7308,3.53014e-05,0.0253081,0.00106687
qdeim,0.1,4,7,18,120,4.339399,1.446344,7.53728,4.98688e-06,0.0014933,4.62228e-05
gnat,0.1,4,7,18,120,3.609316,1.350582,6.74553,4.43412e-06,0.0017921,1.18949e-05
clssopt,0.1,4,7,18,130,1.775486,1.302317,13.527,9.19226e-06,0.00363989,0.000144107
clsqdeim,0.1,4,7,18,130,1.836489,1.318600,12.9818,3.69663e-05,0.0175643,0.000677671
clsgnat,0.1,4,7,18,130,1813044.799787,670951.045353,8.09956,0.0611299,0.165944,8.24708e-05
sopt,0.1,4,7,18,130,4.858015,2.221088,11.9922,3.00343e-05,0.0256811,0.00109759
qdeim,0.1,4,7,18,130,3.504356,1.631851,7.51677,4.64264e-06,0.00157398,4.94229e-05
gnat,0.1,4,7,18,130,3.573455,1.351227,6.89636,8.46315e-06,0.00148877,2.27696e-05
clssopt,0.1,4,7,18,140,1.815929,1.705439,14.1764,9.96909e-06,0.00413181,0.000170726
clsqdeim,0.1,4,7,18,140,1.831952,1.758782,13.2273,2.28869e-05,0.0106346,0.000399182
clsgnat,0.1,4,7,18,140,2371673.832391,952056.712394,12.0261,0.0611299,0.165944,8.24708e-05
sopt,0.1,4,7,18,140,4.587758,1.656290,12.4389,1.91849e-05,0.00837847,0.000422564
qdeim,0.1,4,7,18,140,3.948938,3.489729,7.88848,3.88365e-06,0.00156704,3.97395e-05
gnat,0.1,4,7,18,140,2.943339,1.904459,7.4966,6.75932e-06,0.00143524,3.57691e-05
clssopt,0.1,4,7,18,150,1.684721,1.316798,14.5973,9.29975e-06,0.00296077,0.000153551
clsqdeim,0.1,4,7,18,150,2.095086,1.297689,13.8809,1.79901e-05,0.00910249,0.00034111
clsgnat,0.1,4,7,18,150,1919496.316552,2.294856,8.42296,0.0611299,0.165944,8.24708e-05
sopt,0.1,4,7,18,150,4.054065,1.635949,12.8628,1.8503e-05,0.00408877,0.000202633
qdeim,0.1,4,7,18,150,3.893501,1.513820,8.48323,3.63612e-06,0.00190857,7.07751e-05
gnat,0.1,4,7,18,150,2.913470,1.514701,8.36311,5.66409e-06,0.000787008,3.34949e-05
clssopt,0.1,4,7,18,160,1.801730,1.297955,14.9976,1.06174e-05,0.00287367,0.000151901
clsqdeim,0.1,4,7,18,160,1.778174,1.440776,14.1922,1.03412e-05,0.00497832,0.000192592
clsgnat,0.1,4,7,18,160,1641552.317569,632864.534019,8.4978,0.0611299,0.165944,8.24708e-05
sopt,0.1,4,7,18,160,3.965411,1.527544,13.6891,1.49883e-05,0.00373713,0.000212424
qdeim,0.1,4,7,18,160,3.370850,1.353419,8.50941,3.55478e-06,0.0020487,7.96604e-05
gnat,0.1,4,7,18,160,2.758585,1.341857,8.25199,5.63294e-06,0.00101343,3.66852e-05
clssopt,0.1,4,7,18,170,1.707678,1.232023,14.8628,1.20422e-05,0.00256547,0.000130021
clsqdeim,0.1,4,7,18,170,1.830026,1.483314,14.7097,1.61929e-05,0.00737957,0.000279317
clsgnat,0.1,4,7,18,170,1833139.875594,1.868688,9.16544,0.0611299,0.165944,8.24708e-05
sopt,0.1,4,7,18,170,3.790349,1.749952,13.5564,1.49192e-05,0.00314124,0.000178884
qdeim,0.1,4,7,18,170,3.293314,1.449235,10.3275,2.71688e-06,0.00184157,6.70889e-05
gnat,0.1,4,7,18,170,3.118249,1.645563,8.28339,5.22124e-06,0.00103112,5.59038e-05
clssopt,0.1,4,7,18,180,1.881252,1.383320,15.1042,1.4134e-05,0.00304581,0.000145973
clsqdeim,0.1,4,7,18,180,2.297269,1.350702,14.6859,1.42787e-05,0.00529444,0.000194606
clsgnat,0.1,4,7,18,180,2096358.067251,2.361297,9.20841,0.0611299,0.165944,8.24708e-05
sopt,0.1,4,7,18,180,3.843433,1.532998,14.2426,1.274e-05,0.00284184,0.000167629
qdeim,0.1,4,7,18,180,5.056962,1.412204,9.46289,2.50748e-06,0.00191705,7.08759e-05
gnat,0.1,4,7,18,180,4.449006,1.585170,8.25275,4.5579e-06,0.000913545,4.30587e-05
clssopt,0.1,4,7,18,190,1.621813,1.250705,15.7575,1.45132e-05,0.00258908,0.00014496
clsqdeim,0.1,4,7,18,190,1.722923,1.346956,14.8591,2.25747e-05,0.00979544,0.000313776
clsgnat,0.1,4,7,18,190,1679631.220582,15.502510,8.39472,0.0611299,0.165944,8.24708e-05
sopt,0.1,4,7,18,190,3.273091,1.540936,14.5571,1.21598e-05,0.00270902,0.000165391
qdeim,0.1,4,7,18,190,3.100760,1.440496,9.33764,2.11335e-06,0.00164133,4.8189e-05
gnat,0.1,4,7,18,190,2.843001,1.363207,7.99997,4.26936e-06,0.000954423,3.0418e-05
clssopt,0.1,4,7,18,200,2.757630,1.411441,16.0296,1.57613e-05,0.00258195,0.000131751
clsqdeim,0.1,4,7,18,200,1.757073,1.420492,15.9173,4.14081e-05,0.0165,0.000559473
clsgnat,0.1,4,7,18,200,1574950.933731,1.780835,9.26697,0.0611299,0.165944,8.24708e-05
sopt,0.1,4,7,18,200,3.411055,1.539373,14.3575,9.72559e-06,0.002438,0.000150661
qdeim,0.1,4,7,18,200,3.151911,1.391495,9.66981,2.33214e-06,0.00172742,6.32617e-05
gnat,0.1,4,7,18,200,2.505936,1.354545,8.80403,3.53811e-06,0.000945753,3.21584e-05
clssopt,0.1,4,14,25,10,6.842508,4.447648,5.08652,0.000117204,0.0196701,0.000573301
clsqdeim,0.1,4,14,25,10,8.337687,4.438498,5.41389,6.81602e-06,0.00446463,0.000244105
clsgnat,0.1,4,14,25,10,7858295.900470,2030027.438271,2.85358,0.0611299,,8.24708e-05
sopt,0.1,4,14,25,10,19.709525,9.294698,3.92018,,,
