method,t,energy_frac,rxdim,rvdim,nldim,q,nqp,time,err_x,err_v
EQPGlobal,1.0,0.9,1,2,202,2048,198,0.0253466,7.19825e-05,0.144835
EQP,1.0,0.9,1,2,2048,20,20,0.00526862,7.75557e-05,0.279728
SOPT,1.0,0.9,1,2,3,20,279,0.077757,0.00132333,0.214198
gappy-POD,1.0,0.9,1,2,3,20,144,0.0424091,0.00181517,0.283438
QDEIM,1.0,0.9,1,2,3,20,144,0.0425106,0.00181517,0.283438
EQP,1.0,0.9,1,2,2048,40,40,0.00893433,7.63051e-05,0.279118
SOPT,1.0,0.9,1,2,3,40,360,0.0956424,0.00118782,0.195167
gappy-POD,1.0,0.9,1,2,3,40,261,0.0728958,0.00175896,0.275633
QDEIM,1.0,0.9,1,2,3,40,234,0.0655283,0.00175896,0.275633
EQP,1.0,0.9,1,2,2048,60,60,0.0110375,7.7667e-05,0.273016
SOPT,1.0,0.9,1,2,3,60,531,0.14213,0.000839056,0.146275
gappy-POD,1.0,0.9,1,2,3,60,378,0.10184,0.00164808,0.260254
QDEIM,1.0,0.9,1,2,3,60,351,0.0953202,0.00164808,0.260254
EQP,1.0,0.9,1,2,2048,80,80,0.0131451,7.72138e-05,0.271922
SOPT,1.0,0.9,1,2,3,80,711,0.187405,0.000608378,0.113424
gappy-POD,1.0,0.9,1,2,3,80,504,0.134541,0.00143101,0.230123
QDEIM,1.0,0.9,1,2,3,80,441,0.119443,0.00143101,0.230123
EQP,1.0,0.9,1,2,2048,100,100,0.0149869,8.16252e-05,0.227131
SOPT,1.0,0.9,1,2,3,100,765,0.200793,0.000562461,0.107045
gappy-POD,1.0,0.9,1,2,3,100,621,0.164662,0.00117076,0.193779
QDEIM,1.0,0.9,1,2,3,100,540,0.144653,0.00117076,0.193779
EQP,1.0,0.9,1,2,2048,120,120,0.0173682,7.59411e-05,0.180607
SOPT,1.0,0.9,1,2,3,120,801,0.213189,0.00049629,0.097371
gappy-POD,1.0,0.9,1,2,3,120,684,0.181718,0.00103173,0.174319
QDEIM,1.0,0.9,1,2,3,120,639,0.170628,0.00103173,0.174319
EQP,1.0,0.9,1,2,2048,140,140,0.0190649,7.63265e-05,0.18132
SOPT,1.0,0.9,1,2,3,140,873,0.22981,0.000374135,0.0808155
gappy-POD,1.0,0.9,1,2,3,140,693,0.18297,0.00101294,0.171705
QDEIM,1.0,0.9,1,2,3,140,747,0.197413,0.00101294,0.171705
EQP,1.0,0.9,1,2,2048,160,160,0.021345,7.79927e-05,0.196916
SOPT,1.0,0.9,1,2,3,160,918,0.241733,0.000316382,0.0733274
gappy-POD,1.0,0.9,1,2,3,160,729,0.191292,0.000983481,0.167592
QDEIM,1.0,0.9,1,2,3,160,747,0.19559,0.000983481,0.167592
EQP,1.0,0.9,1,2,2048,180,180,0.0232061,7.76233e-05,0.19316
SOPT,1.0,0.9,1,2,3,180,945,0.247992,0.000264141,0.0657763
gappy-POD,1.0,0.9,1,2,3,180,765,0.202295,0.000913773,0.157836
QDEIM,1.0,0.9,1,2,3,180,774,0.203911,0.000913773,0.157836
EQP,1.0,0.9,1,2,2048,200,198,0.0252087,7.19825e-05,0.144835
SOPT,1.0,0.9,1,2,3,200,981,0.256861,0.000224464,0.0608267
gappy-POD,1.0,0.9,1,2,3,200,810,0.213573,0.000755708,0.135715
QDEIM,1.0,0.9,1,2,3,200,801,0.211523,0.000755708,0.135715
EQP,1.0,0.9,1,2,2048,220,198,0.0255868,7.19825e-05,0.144835
SOPT,1.0,0.9,1,2,3,220,1017,0.266935,0.000186518,0.055834
gappy-POD,1.0,0.9,1,2,3,220,837,0.220162,0.000673733,0.124178
QDEIM,1.0,0.9,1,2,3,220,837,0.221403,0.000673733,0.124178
EQP,1.0,0.9,1,2,2048,240,198,0.0254738,7.19825e-05,0.144835
SOPT,1.0,0.9,1,2,3,240,1044,0.273006,0.000153533,0.0509533
gappy-POD,1.0,0.9,1,2,3,240,855,0.225852,0.000629712,0.118005
QDEIM,1.0,0.9,1,2,3,240,864,0.227009,0.000629712,0.118005
EQP,1.0,0.9,1,2,2048,260,198,0.0253617,7.19825e-05,0.144835
SOPT,1.0,0.9,1,2,3,260,1080,0.286207,0.000109517,0.0436139
gappy-POD,1.0,0.9,1,2,3,260,882,0.230466,0.000527826,0.103645
QDEIM,1.0,0.9,1,2,3,260,882,0.235754,0.000527826,0.103645
EQP,1.0,0.9,1,2,2048,280,198,0.0249487,7.19825e-05,0.144835
SOPT,1.0,0.9,1,2,3,280,1107,0.288713,8.43217e-05,0.0389275
gappy-POD,1.0,0.9,1,2,3,280,900,0.234869,0.000485011,0.0976692
QDEIM,1.0,0.9,1,2,3,280,927,0.247904,0.000485011,0.0976692
EQP,1.0,0.9,1,2,2048,300,198,0.0250955,7.19825e-05,0.144835
SOPT,1.0,0.9,1,2,3,300,1143,0.298942,6.48887e-05,0.0326282
gappy-POD,1.0,0.9,1,2,3,300,918,0.239669,0.000463657,0.0946886
QDEIM,1.0,0.9,1,2,3,300,954,0.251173,0.000463657,0.0946886
EQP,1.0,0.9,1,2,2048,320,198,0.0248474,7.19825e-05,0.144835
SOPT,1.0,0.9,1,2,3,320,1152,0.300259,6.51193e-05,0.0313782
gappy-POD,1.0,0.9,1,2,3,320,954,0.250277,0.000429438,0.0898602
QDEIM,1.0,0.9,1,2,3,320,954,0.251438,0.000429438,0.0898602
EQP,1.0,0.9,1,2,2048,340,198,0.0250961,7.19825e-05,0.144835
SOPT,1.0,0.9,1,2,3,340,1152,0.300761,6.51358e-05,0.0315872
gappy-POD,1.0,0.9,1,2,3,340,972,0.253918,0.0003827,0.0833253
QDEIM,1.0,0.9,1,2,3,340,954,0.254602,0.0003827,0.0833253
EQP,1.0,0.9,1,2,2048,360,198,0.0249148,7.19825e-05,0.144835
SOPT,1.0,0.9,1,2,3,360,1152,0.302618,6.51301e-05,0.0316035
gappy-POD,1.0,0.9,1,2,3,360,990,0.262771,0.000359423,0.0800437
QDEIM,1.0,0.9,1,2,3,360,981,0.260163,0.000359423,0.0800437
EQP,1.0,0.9,1,2,2048,380,198,0.025012,7.19825e-05,0.144835
SOPT,1.0,0.9,1,2,3,380,1152,0.299025,6.51499e-05,0.0318345
gappy-POD,1.0,0.9,1,2,3,380,1089,0.287908,0.000119573,0.0457091
QDEIM,1.0,0.9,1,2,3,380,1053,0.281166,0.000119573,0.0457091
EQP,1.0,0.9,1,2,2048,400,198,0.0254083,7.19825e-05,0.144835
SOPT,1.0,0.9,1,2,3,400,1152,0.300801,6.5172e-05,0.0320389
gappy-POD,1.0,0.9,1,2,3,400,1152,0.306553,6.51618e-05,0.0321242
QDEIM,1.0,0.9,1,2,3,400,1107,0.292326,6.51618e-05,0.0321242
EQP,1.0,0.9,1,2,2048,420,198,0.0252614,7.19825e-05,0.144835
SOPT,1.0,0.9,1,2,3,420,1152,0.301327,6.5185e-05,0.0323733
gappy-POD,1.0,0.9,1,2,3,420,1152,0.305163,6.51615e-05,0.0321007
QDEIM,1.0,0.9,1,2,3,420,1116,0.290513,6.51615e-05,0.0321007
EQP,1.0,0.9,1,2,2048,440,198,0.0250679,7.19825e-05,0.144835
SOPT,1.0,0.9,1,2,3,440,1152,0.303135,6.52127e-05,0.0328133
gappy-POD,1.0,0.9,1,2,3,440,1152,0.301446,6.51625e-05,0.0321266
QDEIM,1.0,0.9,1,2,3,440,1116,0.292881,6.51625e-05,0.0321266
EQP,1.0,0.9,1,2,2048,460,198,0.0252256,7.19825e-05,0.144835
SOPT,1.0,0.9,1,2,3,460,1152,0.303236,6.51998e-05,0.0327406
gappy-POD,1.0,0.9,1,2,3,460,1152,0.305741,6.51608e-05,0.0320949
QDEIM,1.0,0.9,1,2,3,460,1116,0.295077,6.51608e-05,0.0320949
EQP,1.0,0.9,1,2,2048,480,198,0.0252848,7.19825e-05,0.144835
SOPT,1.0,0.9,1,2,3,480,1152,0.302427,6.51914e-05,0.0327428
gappy-POD,1.0,0.9,1,2,3,480,1152,0.299757,6.51608e-05,0.0320899
QDEIM,1.0,0.9,1,2,3,480,1134,0.302379,6.51608e-05,0.0320899
EQP,1.0,0.9,1,2,2048,500,198,0.0258883,7.19825e-05,0.144835
SOPT,1.0,0.9,1,2,3,500,1152,0.299577,6.51921e-05,0.0326877
gappy-POD,1.0,0.9,1,2,3,500,1152,0.304517,6.51603e-05,0.0320856
QDEIM,1.0,0.9,1,2,3,500,1134,0.30438,6.51603e-05,0.0320856
EQP,1.0,0.9,1,2,2048,520,198,0.0253111,7.19825e-05,0.144835
SOPT,1.0,0.9,1,2,3,520,1152,0.301767,6.51926e-05,0.032655
gappy-POD,1.0,0.9,1,2,3,520,1152,0.304841,6.51601e-05,0.0320827
QDEIM,1.0,0.9,1,2,3,520,1152,0.307968,6.51601e-05,0.0320827
EQP,1.0,0.9,1,2,2048,540,198,0.0252089,7.19825e-05,0.144835
SOPT,1.0,0.9,1,2,3,540,1152,0.30157,6.52022e-05,0.0326052
gappy-POD,1.0,0.9,1,2,3,540,1152,0.306797,6.516e-05,0.0320821
QDEIM,1.0,0.9,1,2,3,540,1152,0.308553,6.516e-05,0.0320821
EQP,1.0,0.9,1,2,2048,560,198,0.0250178,7.19825e-05,0.144835
SOPT,1.0,0.9,1,2,3,560,1152,0.301712,6.52074e-05,0.0328028
gappy-POD,1.0,0.9,1,2,3,560,1152,0.303721,6.51601e-05,0.0320807
QDEIM,1.0,0.9,1,2,3,560,1152,0.304617,6.51601e-05,0.0320807
EQP,1.0,0.9,1,2,2048,580,198,0.025024,7.19825e-05,0.144835
SOPT,1.0,0.9,1,2,3,580,1152,0.30046,6.52165e-05,0.0328144
gappy-POD,1.0,0.9,1,2,3,580,1152,0.299832,6.51599e-05,0.0320698
QDEIM,1.0,0.9,1,2,3,580,1152,0.305356,6.51599e-05,0.0320698
EQP,1.0,0.9,1,2,2048,600,198,0.0247886,7.19825e-05,0.144835
SOPT,1.0,0.9,1,2,3,600,1152,0.302131,6.52093e-05,0.0328466
gappy-POD,1.0,0.9,1,2,3,600,1152,0.302637,6.51601e-05,0.0320779
QDEIM,1.0,0.9,1,2,3,600,1152,0.301731,6.51601e-05,0.0320779
EQP,1.0,0.9,1,2,2048,620,198,0.0252172,7.19825e-05,0.144835
SOPT,1.0,0.9,1,2,3,620,1152,0.301651,6.51973e-05,0.0327628
gappy-POD,1.0,0.9,1,2,3,620,1152,0.301818,6.51599e-05,0.0320745
QDEIM,1.0,0.9,1,2,3,620,1152,0.300222,6.51599e-05,0.0320745
EQP,1.0,0.9,1,2,2048,640,198,0.0247941,7.19825e-05,0.144835
SOPT,1.0,0.9,1,2,3,640,1152,0.308266,6.51892e-05,0.0326001
gappy-POD,1.0,0.9,1,2,3,640,1152,0.303867,6.5159e-05,0.0320666
QDEIM,1.0,0.9,1,2,3,640,1152,0.30305,6.5159e-05,0.0320666
EQP,1.0,0.9,1,2,2048,660,198,0.0251119,7.19825e-05,0.144835
SOPT,1.0,0.9,1,2,3,660,1152,0.307146,6.51751e-05,0.0321994
gappy-POD,1.0,0.9,1,2,3,660,1152,0.302525,6.5159e-05,0.032068
QDEIM,1.0,0.9,1,2,3,660,1152,0.30343,6.5159e-05,0.032068
EQP,1.0,0.9,1,2,2048,680,198,0.0250827,7.19825e-05,0.144835
SOPT,1.0,0.9,1,2,3,680,1152,0.307012,6.51802e-05,0.0323542
gappy-POD,1.0,0.9,1,2,3,680,1152,0.301249,6.5159e-05,0.0320618
QDEIM,1.0,0.9,1,2,3,680,1152,0.302111,6.5159e-05,0.0320618
EQP,1.0,0.9,1,2,2048,700,198,0.0247234,7.19825e-05,0.144835
SOPT,1.0,0.9,1,2,3,700,1152,0.300713,6.51761e-05,0.0322471
gappy-POD,1.0,0.9,1,2,3,700,1152,0.300743,6.51595e-05,0.032069
QDEIM,1.0,0.9,1,2,3,700,1152,0.305094,6.51595e-05,0.032069
EQP,1.0,0.9,1,2,2048,720,198,0.024841,7.19825e-05,0.144835
SOPT,1.0,0.9,1,2,3,720,1152,0.304009,6.51635e-05,0.0321692
gappy-POD,1.0,0.9,1,2,3,720,1152,0.299885,6.51594e-05,0.0320687
QDEIM,1.0,0.9,1,2,3,720,1152,0.299268,6.51594e-05,0.0320687
EQP,1.0,0.9,1,2,2048,740,198,0.0258902,7.19825e-05,0.144835
SOPT,1.0,0.9,1,2,3,740,1152,0.300843,6.51599e-05,0.0320695
gappy-POD,1.0,0.9,1,2,3,740,1152,0.301689,6.51592e-05,0.0320657
QDEIM,1.0,0.9,1,2,3,740,1152,0.306664,6.51592e-05,0.0320657
EQP,1.0,0.9,1,2,2048,760,198,0.0255246,7.19825e-05,0.144835
SOPT,1.0,0.9,1,2,3,760,1152,0.30181,6.51561e-05,0.0320652
gappy-POD,1.0,0.9,1,2,3,760,1152,0.305015,6.51586e-05,0.0320591
QDEIM,1.0,0.9,1,2,3,760,1152,0.309315,6.51586e-05,0.0320591
EQP,1.0,0.9,1,2,2048,780,198,0.0252827,7.19825e-05,0.144835
SOPT,1.0,0.9,1,2,3,780,1152,0.299625,6.51543e-05,0.0320899
gappy-POD,1.0,0.9,1,2,3,780,1152,0.302319,6.51585e-05,0.0320654
QDEIM,1.0,0.9,1,2,3,780,1152,0.306305,6.51585e-05,0.0320654
EQP,1.0,0.9,1,2,2048,800,198,0.0252134,7.19825e-05,0.144835
SOPT,1.0,0.9,1,2,3,800,1152,0.302036,6.51537e-05,0.0320692
gappy-POD,1.0,0.9,1,2,3,800,1152,0.303849,6.51568e-05,0.0320464
QDEIM,1.0,0.9,1,2,3,800,1152,0.302139,6.51568e-05,0.0320464
EQP,1.0,0.9,1,2,2048,820,198,0.0262408,7.19825e-05,0.144835
SOPT,1.0,0.9,1,2,3,820,1152,0.299952,6.51502e-05,0.0320086
gappy-POD,1.0,0.9,1,2,3,820,1152,0.301171,6.51578e-05,0.0320624
QDEIM,1.0,0.9,1,2,3,820,1152,0.305052,6.51578e-05,0.0320624
EQP,1.0,0.9,1,2,2048,840,198,0.0251852,7.19825e-05,0.144835
SOPT,1.0,0.9,1,2,3,840,1152,0.302003,6.51564e-05,0.0320406
gappy-POD,1.0,0.9,1,2,3,840,1152,0.300851,6.51571e-05,0.0320568
QDEIM,1.0,0.9,1,2,3,840,1152,0.29834,6.51571e-05,0.0320568
EQP,1.0,0.9,1,2,2048,860,198,0.0253111,7.19825e-05,0.144835
SOPT,1.0,0.9,1,2,3,860,1152,0.303354,6.51563e-05,0.0320036
gappy-POD,1.0,0.9,1,2,3,860,1152,0.302168,6.51568e-05,0.0320556
QDEIM,1.0,0.9,1,2,3,860,1152,0.300941,6.51568e-05,0.0320556
EQP,1.0,0.9,1,2,2048,880,198,0.0249999,7.19825e-05,0.144835
SOPT,1.0,0.9,1,2,3,880,1152,0.303279,6.51547e-05,0.0319685
gappy-POD,1.0,0.9,1,2,3,880,1152,0.304162,6.51566e-05,0.0320516
QDEIM,1.0,0.9,1,2,3,880,1152,0.305875,6.51566e-05,0.0320516
EQP,1.0,0.9,1,2,2048,900,198,0.0251406,7.19825e-05,0.144835
SOPT,1.0,0.9,1,2,3,900,1152,0.303913,6.51538e-05,0.0319873
gappy-POD,1.0,0.9,1,2,3,900,1152,0.304103,6.51576e-05,0.032067
QDEIM,1.0,0.9,1,2,3,900,1152,0.305581,6.51576e-05,0.032067
EQP,1.0,0.9,1,2,2048,920,198,0.0252717,7.19825e-05,0.144835
SOPT,1.0,0.9,1,2,3,920,1152,0.303804,6.51552e-05,0.0319878
gappy-POD,1.0,0.9,1,2,3,920,1152,0.299801,6.51568e-05,0.0320649
QDEIM,1.0,0.9,1,2,3,920,1152,0.305777,6.51568e-05,0.0320649
EQP,1.0,0.9,1,2,2048,940,198,0.0257245,7.19825e-05,0.144835
SOPT,1.0,0.9,1,2,3,940,1152,0.301837,6.5158e-05,0.0320262
gappy-POD,1.0,0.9,1,2,3,940,1152,0.302556,6.51564e-05,0.0320562
QDEIM,1.0,0.9,1,2,3,940,1152,0.300527,6.51564e-05,0.0320562
EQP,1.0,0.9,1,2,2048,960,198,0.0250029,7.19825e-05,0.144835
SOPT,1.0,0.9,1,2,3,960,1152,0.300021,6.51602e-05,0.0320391
gappy-POD,1.0,0.9,1,2,3,960,1152,0.301083,6.51588e-05,0.0320785
QDEIM,1.0,0.9,1,2,3,960,1152,0.302361,6.51588e-05,0.0320785
EQP,1.0,0.9,1,2,2048,980,198,0.0250155,7.19825e-05,0.144835
SOPT,1.0,0.9,1,2,3,980,1152,0.301683,6.51602e-05,0.0319722
gappy-POD,1.0,0.9,1,2,3,980,1152,0.302807,6.51602e-05,0.0320856
QDEIM,1.0,0.9,1,2,3,980,1152,0.300765,6.51602e-05,0.0320856
EQP,1.0,0.9,1,2,2048,1000,198,0.0251554,7.19825e-05,0.144835
SOPT,1.0,0.9,1,2,3,1000,1152,0.301909,6.51617e-05,0.0320722
gappy-POD,1.0,0.9,1,2,3,1000,1152,0.307405,6.51584e-05,0.0320645
QDEIM,1.0,0.9,1,2,3,1000,1152,0.300396,6.51584e-05,0.0320645
EQP,1.0,0.9,1,2,2048,1020,198,0.024977,7.19825e-05,0.144835
SOPT,1.0,0.9,1,2,3,1020,1152,0.301663,6.51599e-05,0.0320616
gappy-POD,1.0,0.9,1,2,3,1020,1152,0.303603,6.51605e-05,0.0320971
QDEIM,1.0,0.9,1,2,3,1020,1152,0.307587,6.51605e-05,0.0320971
EQP,1.0,0.9,1,2,2048,1040,198,0.0251184,7.19825e-05,0.144835
SOPT,1.0,0.9,1,2,3,1040,1152,0.305541,6.51604e-05,0.0320606
gappy-POD,1.0,0.9,1,2,3,1040,1152,0.301702,6.51601e-05,0.0320894
QDEIM,1.0,0.9,1,2,3,1040,1152,0.304213,6.51601e-05,0.0320894
EQP,1.0,0.9,1,2,2048,1060,198,0.0254487,7.19825e-05,0.144835
SOPT,1.0,0.9,1,2,3,1060,1152,0.305702,6.51586e-05,0.0320274
gappy-POD,1.0,0.9,1,2,3,1060,1152,0.30502,6.51604e-05,0.0320896
QDEIM,1.0,0.9,1,2,3,1060,1152,0.300561,6.51604e-05,0.0320896
EQPGlobal,1.0,0.99,2,4,404,2048,363,0.0460119,0.000102599,0.137697
EQP,1.0,0.99,2,4,2048,20,20,0.00562903,0.00021429,0.275385
SOPT,1.0,0.99,2,4,6,20,225,0.0640541,0.00136717,0.208651
gappy-POD,1.0,0.99,2,4,6,20,135,0.0413082,0.00176252,0.261887
QDEIM,1.0,0.99,2,4,6,20,144,0.0434643,0.00176252,0.261887
EQP,1.0,0.99,2,4,2048,40,40,0.00935525,0.000204736,0.269804
SOPT,1.0,0.99,2,4,6,40,387,0.107404,0.000869749,0.0927468
gappy-POD,1.0,0.99,2,4,6,40,216,0.0620694,0.00171966,0.251849
QDEIM,1.0,0.99,2,4,6,40,270,0.0754075,0.00171966,0.251849
EQP,1.0,0.99,2,4,2048,60,60,0.0117473,0.00020102,0.255439
SOPT,1.0,0.99,2,4,6,60,540,0.144591,0.000497792,0.0688305
gappy-POD,1.0,0.99,2,4,6,60,315,0.087201,0.00158153,0.247896
QDEIM,1.0,0.99,2,4,6,60,369,0.100948,0.00158153,0.247896
EQP,1.0,0.99,2,4,2048,80,80,0.0139246,0.00017984,0.230953
SOPT,1.0,0.99,2,4,6,80,639,0.169518,0.000373048,0.0637899
gappy-POD,1.0,0.99,2,4,6,80,396,0.109137,0.00153941,0.241091
QDEIM,1.0,0.99,2,4,6,80,450,0.123141,0.00153941,0.241091
EQP,1.0,0.99,2,4,2048,100,100,0.0166105,0.000166523,0.264484
SOPT,1.0,0.99,2,4,6,100,702,0.188297,0.000330058,0.0540253
gappy-POD,1.0,0.99,2,4,6,100,495,0.134555,0.00135385,0.225312
QDEIM,1.0,0.99,2,4,6,100,594,0.15887,0.00135385,0.225312
EQP,1.0,0.99,2,4,2048,120,120,0.0187859,0.000109996,0.162307
SOPT,1.0,0.99,2,4,6,120,756,0.199856,0.00030658,0.045473
gappy-POD,1.0,0.99,2,4,6,120,576,0.152405,0.00122988,0.201585
QDEIM,1.0,0.99,2,4,6,120,864,0.22989,0.00122988,0.201585
EQP,1.0,0.99,2,4,2048,140,140,0.0207811,0.000158895,0.275809
SOPT,1.0,0.99,2,4,6,140,828,0.21889,0.000244913,0.0352496
gappy-POD,1.0,0.99,2,4,6,140,657,0.175793,0.00107882,0.175099
QDEIM,1.0,0.99,2,4,6,140,891,0.234889,0.00107882,0.175099
EQP,1.0,0.99,2,4,2048,160,160,0.0230925,0.00016664,0.298096
SOPT,1.0,0.99,2,4,6,160,828,0.220849,0.000244913,0.0352496
gappy-POD,1.0,0.99,2,4,6,160,720,0.192993,0.000934893,0.155121
QDEIM,1.0,0.99,2,4,6,160,891,0.237965,0.000934893,0.155121
EQP,1.0,0.99,2,4,2048,180,180,0.0250839,0.000176103,0.283793
SOPT,1.0,0.99,2,4,6,180,891,0.245099,0.000208668,0.0332221
gappy-POD,1.0,0.99,2,4,6,180,792,0.208002,0.000809831,0.137002
QDEIM,1.0,0.99,2,4,6,180,909,0.239647,0.000809831,0.137002
EQP,1.0,0.99,2,4,2048,200,200,0.0268939,0.000143067,0.21491
SOPT,1.0,0.99,2,4,6,200,981,0.257099,0.000129416,0.0311217
gappy-POD,1.0,0.99,2,4,6,200,828,0.218051,0.000713266,0.11413
QDEIM,1.0,0.99,2,4,6,200,972,0.25467,0.000713266,0.11413
EQP,1.0,0.99,2,4,2048,220,220,0.0296191,0.0001478,0.212756
SOPT,1.0,0.99,2,4,6,220,981,0.261085,0.000129417,0.0311067
gappy-POD,1.0,0.99,2,4,6,220,900,0.236608,0.000580196,0.0996348
QDEIM,1.0,0.99,2,4,6,220,1008,0.264486,0.000580196,0.0996348
EQP,1.0,0.99,2,4,2048,240,240,0.0317382,0.000148461,0.227559
SOPT,1.0,0.99,2,4,6,240,1017,0.270716,0.000106262,0.0203061
gappy-POD,1.0,0.99,2,4,6,240,954,0.251053,0.000407511,0.0819165
QDEIM,1.0,0.99,2,4,6,240,1026,0.274259,0.000407511,0.0819165
EQP,1.0,0.99,2,4,2048,260,260,0.034078,5.05584e-05,0.178777
SOPT,1.0,0.99,2,4,6,260,1062,0.277817,7.44933e-05,0.0145401
gappy-POD,1.0,0.99,2,4,6,260,981,0.258185,0.00032591,0.070226
QDEIM,1.0,0.99,2,4,6,260,1026,0.271242,0.00032591,0.070226
EQP,1.0,0.99,2,4,2048,280,280,0.0369499,3.76799e-05,0.237447
SOPT,1.0,0.99,2,4,6,280,1098,0.293202,3.43619e-05,0.010544
gappy-POD,1.0,0.99,2,4,6,280,1026,0.269106,0.000217816,0.043605
QDEIM,1.0,0.99,2,4,6,280,1026,0.268246,0.000217816,0.043605
EQP,1.0,0.99,2,4,2048,300,300,0.0393489,8.4703e-05,0.0987772
SOPT,1.0,0.99,2,4,6,300,1125,0.299267,1.89631e-05,0.00967949
gappy-POD,1.0,0.99,2,4,6,300,1071,0.280576,0.000130972,0.0245517
QDEIM,1.0,0.99,2,4,6,300,1026,0.269784,0.000130972,0.0245517
EQP,1.0,0.99,2,4,2048,320,320,0.0413396,9.50448e-05,0.116408
SOPT,1.0,0.99,2,4,6,320,1143,0.302814,9.75407e-06,0.00965637
gappy-POD,1.0,0.99,2,4,6,320,1089,0.288064,0.000108731,0.0229658
QDEIM,1.0,0.99,2,4,6,320,1026,0.268494,0.000108731,0.0229658
EQP,1.0,0.99,2,4,2048,340,340,0.0429052,0.000100565,0.155462
SOPT,1.0,0.99,2,4,6,340,1152,0.304167,7.89159e-06,0.0086721
gappy-POD,1.0,0.99,2,4,6,340,1116,0.290583,6.82868e-05,0.0119799
QDEIM,1.0,0.99,2,4,6,340,1026,0.267636,6.82868e-05,0.0119799
EQP,1.0,0.99,2,4,2048,360,360,0.0450964,9.95866e-05,0.12859
SOPT,1.0,0.99,2,4,6,360,1152,0.300536,7.89611e-06,0.00866882
gappy-POD,1.0,0.99,2,4,6,360,1134,0.300832,2.44885e-05,0.0036351
QDEIM,1.0,0.99,2,4,6,360,1026,0.271312,2.44885e-05,0.0036351
EQP,1.0,0.99,2,4,2048,380,363,0.0455626,0.000102599,0.137697
SOPT,1.0,0.99,2,4,6,380,1152,0.306252,7.89887e-06,0.00869168
gappy-POD,1.0,0.99,2,4,6,380,1152,0.302322,7.88731e-06,0.00846577
QDEIM,1.0,0.99,2,4,6,380,1044,0.274482,7.88731e-06,0.00846577
EQP,1.0,0.99,2,4,2048,400,363,0.0445527,0.000102599,0.137697
SOPT,1.0,0.99,2,4,6,400,1152,0.300257,7.89241e-06,0.00868057
gappy-POD,1.0,0.99,2,4,6,400,1152,0.30248,7.88734e-06,0.00846666
QDEIM,1.0,0.99,2,4,6,400,1062,0.286874,7.88734e-06,0.00846666
EQP,1.0,0.99,2,4,2048,420,363,0.0454748,0.000102599,0.137697
SOPT,1.0,0.99,2,4,6,420,1152,0.301944,7.89256e-06,0.00863787
gappy-POD,1.0,0.99,2,4,6,420,1152,0.302054,7.88717e-06,0.0084665
QDEIM,1.0,0.99,2,4,6,420,1116,0.295329,7.88717e-06,0.0084665
EQP,1.0,0.99,2,4,2048,440,363,0.0448475,0.000102599,0.137697
SOPT,1.0,0.99,2,4,6,440,1152,0.30058,7.88907e-06,0.00861315
gappy-POD,1.0,0.99,2,4,6,440,1152,0.31285,7.88719e-06,0.00846451
QDEIM,1.0,0.99,2,4,6,440,1143,0.299552,7.88719e-06,0.00846451
EQP,1.0,0.99,2,4,2048,460,363,0.0458162,0.000102599,0.137697
SOPT,1.0,0.99,2,4,6,460,1152,0.301975,7.89238e-06,0.00859489
gappy-POD,1.0,0.99,2,4,6,460,1152,0.30015,7.88744e-06,0.0084661
QDEIM,1.0,0.99,2,4,6,460,1152,0.305032,7.88744e-06,0.0084661
EQP,1.0,0.99,2,4,2048,480,363,0.045542,0.000102599,0.137697
SOPT,1.0,0.99,2,4,6,480,1152,0.300802,7.89108e-06,0.00859566
gappy-POD,1.0,0.99,2,4,6,480,1152,0.305995,7.88716e-06,0.00847504
QDEIM,1.0,0.99,2,4,6,480,1152,0.303968,7.88716e-06,0.00847504
EQP,1.0,0.99,2,4,2048,500,363,0.0454805,0.000102599,0.137697
SOPT,1.0,0.99,2,4,6,500,1152,0.303229,7.89734e-06,0.00857777
gappy-POD,1.0,0.99,2,4,6,500,1152,0.303027,7.88684e-06,0.00846987
QDEIM,1.0,0.99,2,4,6,500,1152,0.300513,7.88684e-06,0.00846987
EQP,1.0,0.99,2,4,2048,520,363,0.0455982,0.000102599,0.137697
SOPT,1.0,0.99,2,4,6,520,1152,0.305218,7.88921e-06,0.0085639
gappy-POD,1.0,0.99,2,4,6,520,1152,0.308963,7.88713e-06,0.00846314
QDEIM,1.0,0.99,2,4,6,520,1152,0.304307,7.88713e-06,0.00846314
EQP,1.0,0.99,2,4,2048,540,363,0.0456399,0.000102599,0.137697
SOPT,1.0,0.99,2,4,6,540,1152,0.305712,7.88556e-06,0.00864282
gappy-POD,1.0,0.99,2,4,6,540,1152,0.304211,7.88717e-06,0.00846864
QDEIM,1.0,0.99,2,4,6,540,1152,0.300239,7.88717e-06,0.00846864
EQP,1.0,0.99,2,4,2048,560,363,0.044603,0.000102599,0.137697
SOPT,1.0,0.99,2,4,6,560,1152,0.305773,7.88446e-06,0.00865121
gappy-POD,1.0,0.99,2,4,6,560,1152,0.303996,7.88696e-06,0.00847032
QDEIM,1.0,0.99,2,4,6,560,1152,0.305937,7.88696e-06,0.00847032
EQP,1.0,0.99,2,4,2048,580,363,0.0456224,0.000102599,0.137697
SOPT,1.0,0.99,2,4,6,580,1152,0.303925,7.8863e-06,0.00861396
gappy-POD,1.0,0.99,2,4,6,580,1152,0.313767,7.88683e-06,0.00847058
QDEIM,1.0,0.99,2,4,6,580,1152,0.302019,7.88683e-06,0.00847058
EQP,1.0,0.99,2,4,2048,600,363,0.0455491,0.000102599,0.137697
SOPT,1.0,0.99,2,4,6,600,1152,0.305825,7.88972e-06,0.00851518
gappy-POD,1.0,0.99,2,4,6,600,1152,0.302789,7.88686e-06,0.00847126
QDEIM,1.0,0.99,2,4,6,600,1152,0.301499,7.88686e-06,0.00847126
EQP,1.0,0.99,2,4,2048,620,363,0.0446967,0.000102599,0.137697
SOPT,1.0,0.99,2,4,6,620,1152,0.303106,7.89447e-06,0.0085424
gappy-POD,1.0,0.99,2,4,6,620,1152,0.303523,7.88715e-06,0.00846892
QDEIM,1.0,0.99,2,4,6,620,1152,0.300417,7.88715e-06,0.00846892
EQP,1.0,0.99,2,4,2048,640,363,0.0455929,0.000102599,0.137697
SOPT,1.0,0.99,2,4,6,640,1152,0.308083,7.89375e-06,0.00856179
gappy-POD,1.0,0.99,2,4,6,640,1152,0.304328,7.88726e-06,0.00846934
QDEIM,1.0,0.99,2,4,6,640,1152,0.30435,7.88726e-06,0.00846934
EQP,1.0,0.99,2,4,2048,660,363,0.0455455,0.000102599,0.137697
SOPT,1.0,0.99,2,4,6,660,1152,0.303028,7.89312e-06,0.00856523
gappy-POD,1.0,0.99,2,4,6,660,1152,0.304059,7.88706e-06,0.00847135
QDEIM,1.0,0.99,2,4,6,660,1152,0.302441,7.88706e-06,0.00847135
EQP,1.0,0.99,2,4,2048,680,363,0.0454922,0.000102599,0.137697
SOPT,1.0,0.99,2,4,6,680,1152,0.306232,7.89458e-06,0.00854225
gappy-POD,1.0,0.99,2,4,6,680,1152,0.30355,7.88705e-06,0.00846913
QDEIM,1.0,0.99,2,4,6,680,1152,0.311472,7.88705e-06,0.00846913
EQP,1.0,0.99,2,4,2048,700,363,0.0448672,0.000102599,0.137697
SOPT,1.0,0.99,2,4,6,700,1152,0.305344,7.8884e-06,0.00856688
gappy-POD,1.0,0.99,2,4,6,700,1152,0.304067,7.88711e-06,0.00846504
QDEIM,1.0,0.99,2,4,6,700,1152,0.306043,7.88711e-06,0.00846504
EQP,1.0,0.99,2,4,2048,720,363,0.0445387,0.000102599,0.137697
SOPT,1.0,0.99,2,4,6,720,1152,0.305629,7.89067e-06,0.00856296
gappy-POD,1.0,0.99,2,4,6,720,1152,0.303811,7.88735e-06,0.00846844
QDEIM,1.0,0.99,2,4,6,720,1152,0.303146,7.88735e-06,0.00846844
EQP,1.0,0.99,2,4,2048,740,363,0.0454843,0.000102599,0.137697
SOPT,1.0,0.99,2,4,6,740,1152,0.304016,7.89163e-06,0.00852015
gappy-POD,1.0,0.99,2,4,6,740,1152,0.30361,7.88693e-06,0.00847453
QDEIM,1.0,0.99,2,4,6,740,1152,0.307083,7.88693e-06,0.00847453
EQP,1.0,0.99,2,4,2048,760,363,0.0457046,0.000102599,0.137697
SOPT,1.0,0.99,2,4,6,760,1152,0.304246,7.89231e-06,0.00852346
gappy-POD,1.0,0.99,2,4,6,760,1152,0.304912,7.88673e-06,0.0084735
QDEIM,1.0,0.99,2,4,6,760,1152,0.307856,7.88673e-06,0.0084735
EQP,1.0,0.99,2,4,2048,780,363,0.045603,0.000102599,0.137697
SOPT,1.0,0.99,2,4,6,780,1152,0.313596,7.89013e-06,0.00855504
gappy-POD,1.0,0.99,2,4,6,780,1152,0.306178,7.88728e-06,0.00847074
QDEIM,1.0,0.99,2,4,6,780,1152,0.318281,7.88728e-06,0.00847074
EQP,1.0,0.99,2,4,2048,800,363,0.0455159,0.000102599,0.137697
SOPT,1.0,0.99,2,4,6,800,1152,0.308274,7.89108e-06,0.00853832
gappy-POD,1.0,0.99,2,4,6,800,1152,0.309722,7.88713e-06,0.00847131
QDEIM,1.0,0.99,2,4,6,800,1152,0.301926,7.88713e-06,0.00847131
EQP,1.0,0.99,2,4,2048,820,363,0.0501129,0.000102599,0.137697
SOPT,1.0,0.99,2,4,6,820,1152,0.30643,7.88874e-06,0.00852052
gappy-POD,1.0,0.99,2,4,6,820,1152,0.306253,7.8871e-06,0.00847442
QDEIM,1.0,0.99,2,4,6,820,1152,0.304777,7.8871e-06,0.00847442
EQP,1.0,0.99,2,4,2048,840,363,0.0457919,0.000102599,0.137697
SOPT,1.0,0.99,2,4,6,840,1152,0.30959,7.89227e-06,0.00851455
gappy-POD,1.0,0.99,2,4,6,840,1152,0.306136,7.8873e-06,0.00846979
QDEIM,1.0,0.99,2,4,6,840,1152,0.304536,7.8873e-06,0.00846979
EQP,1.0,0.99,2,4,2048,860,363,0.0453192,0.000102599,0.137697
SOPT,1.0,0.99,2,4,6,860,1152,0.308513,7.89158e-06,0.00850794
gappy-POD,1.0,0.99,2,4,6,860,1152,0.31906,7.88705e-06,0.00846893
QDEIM,1.0,0.99,2,4,6,860,1152,0.302704,7.88705e-06,0.00846893
EQP,1.0,0.99,2,4,2048,880,363,0.0451694,0.000102599,0.137697
SOPT,1.0,0.99,2,4,6,880,1152,0.304568,7.89051e-06,0.00849015
gappy-POD,1.0,0.99,2,4,6,880,1152,0.303216,7.88735e-06,0.00847238
QDEIM,1.0,0.99,2,4,6,880,1152,0.31599,7.88735e-06,0.00847238
EQP,1.0,0.99,2,4,2048,900,363,0.0461561,0.000102599,0.137697
SOPT,1.0,0.99,2,4,6,900,1152,0.307436,7.89183e-06,0.0084707
gappy-POD,1.0,0.99,2,4,6,900,1152,0.304514,7.88762e-06,0.00846841
QDEIM,1.0,0.99,2,4,6,900,1152,0.304351,7.88762e-06,0.00846841
EQP,1.0,0.99,2,4,2048,920,363,0.0463541,0.000102599,0.137697
SOPT,1.0,0.99,2,4,6,920,1152,0.304947,7.89229e-06,0.00850051
gappy-POD,1.0,0.99,2,4,6,920,1152,0.304625,7.88726e-06,0.00846703
QDEIM,1.0,0.99,2,4,6,920,1152,0.303018,7.88726e-06,0.00846703
EQP,1.0,0.99,2,4,2048,940,363,0.0451832,0.000102599,0.137697
SOPT,1.0,0.99,2,4,6,940,1152,0.305312,7.89281e-06,0.00851616
gappy-POD,1.0,0.99,2,4,6,940,1152,0.302598,7.88759e-06,0.00846847
QDEIM,1.0,0.99,2,4,6,940,1152,0.302504,7.88759e-06,0.00846847
EQP,1.0,0.99,2,4,2048,960,363,0.0452574,0.000102599,0.137697
SOPT,1.0,0.99,2,4,6,960,1152,0.308973,7.88784e-06,0.00848719
gappy-POD,1.0,0.99,2,4,6,960,1152,0.309617,7.88738e-06,0.00846845
QDEIM,1.0,0.99,2,4,6,960,1152,0.303795,7.88738e-06,0.00846845
EQP,1.0,0.99,2,4,2048,980,363,0.0460213,0.000102599,0.137697
SOPT,1.0,0.99,2,4,6,980,1152,0.304411,7.88823e-06,0.00848176
gappy-POD,1.0,0.99,2,4,6,980,1152,0.306846,7.88773e-06,0.00846663
QDEIM,1.0,0.99,2,4,6,980,1152,0.302399,7.88773e-06,0.00846663
EQP,1.0,0.99,2,4,2048,1000,363,0.0461064,0.000102599,0.137697
SOPT,1.0,0.99,2,4,6,1000,1152,0.304472,7.88911e-06,0.00847008
gappy-POD,1.0,0.99,2,4,6,1000,1152,0.320478,7.88808e-06,0.00846546
QDEIM,1.0,0.99,2,4,6,1000,1152,0.305411,7.88808e-06,0.00846546
EQP,1.0,0.99,2,4,2048,1020,363,0.0452555,0.000102599,0.137697
SOPT,1.0,0.99,2,4,6,1020,1152,0.323635,7.88756e-06,0.00848177
gappy-POD,1.0,0.99,2,4,6,1020,1152,0.305221,7.88799e-06,0.00846551
QDEIM,1.0,0.99,2,4,6,1020,1152,0.307573,7.88799e-06,0.00846551
EQP,1.0,0.99,2,4,2048,1040,363,0.0461651,0.000102599,0.137697
SOPT,1.0,0.99,2,4,6,1040,1152,0.306543,7.88658e-06,0.00848696
gappy-POD,1.0,0.99,2,4,6,1040,1152,0.307228,7.88816e-06,0.00846613
QDEIM,1.0,0.99,2,4,6,1040,1152,0.308255,7.88816e-06,0.00846613
EQP,1.0,0.99,2,4,2048,1060,363,0.0452349,0.000102599,0.137697
SOPT,1.0,0.99,2,4,6,1060,1152,0.305845,7.8869e-06,0.00847551
gappy-POD,1.0,0.99,2,4,6,1060,1152,0.305934,7.88809e-06,0.00846709
QDEIM,1.0,0.99,2,4,6,1060,1152,0.302915,7.88809e-06,0.00846709
EQPGlobal,1.0,0.999,4,8,808,2048,653,0.0839817,2.0997e-05,0.0948746
EQP,1.0,0.999,4,8,2048,20,20,0.00856782,0.0002275,0.303123
SOPT,1.0,0.999,4,8,13,20,225,0.064593,0.00146732,0.200929
gappy-POD,1.0,0.999,4,8,13,20,153,0.0449502,0.00162849,0.248235
QDEIM,1.0,0.999,4,8,13,20,180,0.0522948,0.00162849,0.248235
EQP,1.0,0.999,4,8,2048,40,40,0.0112356,0.00021917,0.276931
SOPT,1.0,0.999,4,8,13,40,378,0.103831,0.00115536,0.13741
gappy-POD,1.0,0.999,4,8,13,40,234,0.0661026,0.00153033,0.223348
QDEIM,1.0,0.999,4,8,13,40,252,0.0708829,0.00153033,0.223348
EQP,1.0,0.999,4,8,2048,60,60,0.0138169,0.000216202,0.263761
SOPT,1.0,0.999,4,8,13,60,459,0.123758,0.000954069,0.105014
gappy-POD,1.0,0.999,4,8,13,60,288,0.0806048,0.00148685,0.212799
QDEIM,1.0,0.999,4,8,13,60,270,0.0759609,0.00148685,0.212799
EQP,1.0,0.999,4,8,2048,80,80,0.0171964,0.000215418,0.26173
SOPT,1.0,0.999,4,8,13,80,558,0.150357,0.000751239,0.0892656
gappy-POD,1.0,0.999,4,8,13,80,378,0.104741,0.00136764,0.187556
QDEIM,1.0,0.999,4,8,13,80,297,0.0832165,0.00136764,0.187556
EQP,1.0,0.999,4,8,2048,100,100,0.019937,0.000195179,0.278341
SOPT,1.0,0.999,4,8,13,100,756,0.200425,0.000402555,0.0576511
gappy-POD,1.0,0.999,4,8,13,100,405,0.109419,0.00135881,0.186529
QDEIM,1.0,0.999,4,8,13,100,324,0.0890702,0.00135881,0.186529
EQP,1.0,0.999,4,8,2048,120,120,0.0217693,0.000186338,0.429828
SOPT,1.0,0.999,4,8,13,120,855,0.224514,0.000332734,0.0479916
gappy-POD,1.0,0.999,4,8,13,120,459,0.125271,0.00121926,0.170493
QDEIM,1.0,0.999,4,8,13,120,387,0.104775,0.00121926,0.170493
EQP,1.0,0.999,4,8,2048,140,140,0.0244348,0.000161248,0.261438
SOPT,1.0,0.999,4,8,13,140,909,0.240283,0.00027085,0.0364975
gappy-POD,1.0,0.999,4,8,13,140,504,0.136685,0.00111266,0.157242
QDEIM,1.0,0.999,4,8,13,140,387,0.106407,0.00111266,0.157242
EQP,1.0,0.999,4,8,2048,160,160,0.0275286,0.00015532,0.217857
SOPT,1.0,0.999,4,8,13,160,981,0.256993,0.000244832,0.0399341
gappy-POD,1.0,0.999,4,8,13,160,576,0.155068,0.00101309,0.142267
QDEIM,1.0,0.999,4,8,13,160,423,0.114955,0.00101309,0.142267
EQP,1.0,0.999,4,8,2048,180,180,0.0297811,0.000146673,0.21774
SOPT,1.0,0.999,4,8,13,180,990,0.262638,0.000224351,0.034235
gappy-POD,1.0,0.999,4,8,13,180,630,0.167225,0.000901106,0.130392
QDEIM,1.0,0.999,4,8,13,180,450,0.121336,0.000901106,0.130392
EQP,1.0,0.999,4,8,2048,200,200,0.0310051,0.000151271,0.216378
SOPT,1.0,0.999,4,8,13,200,1026,0.273749,0.000189309,0.0297969
gappy-POD,1.0,0.999,4,8,13,200,729,0.193221,0.000630453,0.0919845
QDEIM,1.0,0.999,4,8,13,200,513,0.137493,0.000630453,0.0919845
EQP,1.0,0.999,4,8,2048,220,220,0.0358211,0.000151326,0.21303
SOPT,1.0,0.999,4,8,13,220,1089,0.284618,0.000103507,0.0175966
gappy-POD,1.0,0.999,4,8,13,220,756,0.199712,0.000595908,0.0889934
QDEIM,1.0,0.999,4,8,13,220,558,0.149274,0.000595908,0.0889934
EQP,1.0,0.999,4,8,2048,240,240,0.0371704,0.000166463,0.23692
SOPT,1.0,0.999,4,8,13,240,1107,0.292875,8.16894e-05,0.016078
gappy-POD,1.0,0.999,4,8,13,240,819,0.216291,0.000470424,0.0705387
QDEIM,1.0,0.999,4,8,13,240,684,0.182698,0.000470424,0.0705387
EQP,1.0,0.999,4,8,2048,260,260,0.0401029,0.000160724,0.221005
SOPT,1.0,0.999,4,8,13,260,1134,0.296658,2.35787e-05,0.00417093
gappy-POD,1.0,0.999,4,8,13,260,864,0.233411,0.000380834,0.0585496
QDEIM,1.0,0.999,4,8,13,260,738,0.196537,0.000380834,0.0585496
EQP,1.0,0.999,4,8,2048,280,280,0.0431799,0.000154238,0.207732
SOPT,1.0,0.999,4,8,13,280,1134,0.296239,2.35781e-05,0.00417048
gappy-POD,1.0,0.999,4,8,13,280,927,0.244996,0.000295527,0.0464682
QDEIM,1.0,0.999,4,8,13,280,756,0.201119,0.000295527,0.0464682
EQP,1.0,0.999,4,8,2048,300,300,0.0448083,0.000154733,0.211507
SOPT,1.0,0.999,4,8,13,300,1152,0.305652,4.89274e-07,0.000375955
gappy-POD,1.0,0.999,4,8,13,300,1008,0.269859,0.000148464,0.028887
QDEIM,1.0,0.999,4,8,13,300,828,0.21862,0.000148464,0.028887
EQP,1.0,0.999,4,8,2048,320,320,0.047901,0.000122792,0.526123
SOPT,1.0,0.999,4,8,13,320,1152,0.305813,4.89276e-07,0.000375952
gappy-POD,1.0,0.999,4,8,13,320,1071,0.282706,7.39044e-05,0.016542
QDEIM,1.0,0.999,4,8,13,320,900,0.24015,7.39044e-05,0.016542
EQP,1.0,0.999,4,8,2048,340,340,0.0488607,0.000106467,0.411171
SOPT,1.0,0.999,4,8,13,340,1152,0.301859,4.89277e-07,0.000375951
gappy-POD,1.0,0.999,4,8,13,340,1107,0.29335,3.73553e-05,0.00884397
QDEIM,1.0,0.999,4,8,13,340,936,0.247905,3.73553e-05,0.00884397
EQP,1.0,0.999,4,8,2048,360,360,0.0514313,9.31478e-05,0.43612
SOPT,1.0,0.999,4,8,13,360,1152,0.302331,4.89273e-07,0.000375946
gappy-POD,1.0,0.999,4,8,13,360,1116,0.295656,3.07525e-05,0.00748714
QDEIM,1.0,0.999,4,8,13,360,963,0.253909,3.07525e-05,0.00748714
EQP,1.0,0.999,4,8,2048,380,380,0.0532678,8.80698e-05,0.278309
SOPT,1.0,0.999,4,8,13,380,1152,0.305702,4.89271e-07,0.000375941
gappy-POD,1.0,0.999,4,8,13,380,1143,0.300058,8.10317e-06,0.00189553
QDEIM,1.0,0.999,4,8,13,380,1017,0.267544,8.10317e-06,0.00189553
EQP,1.0,0.999,4,8,2048,400,400,0.0554979,0.000162246,0.705357
SOPT,1.0,0.999,4,8,13,400,1152,0.301875,4.88999e-07,0.000376222
gappy-POD,1.0,0.999,4,8,13,400,1152,0.306694,4.91729e-07,0.000377114
QDEIM,1.0,0.999,4,8,13,400,1035,0.27354,4.91729e-07,0.000377114
EQP,1.0,0.999,4,8,2048,420,420,0.0583767,8.09826e-05,0.24047
SOPT,1.0,0.999,4,8,13,420,1152,0.30364,4.89128e-07,0.000376258
gappy-POD,1.0,0.999,4,8,13,420,1152,0.305024,4.91714e-07,0.000377088
QDEIM,1.0,0.999,4,8,13,420,1071,0.282546,4.91714e-07,0.000377088
EQP,1.0,0.999,4,8,2048,440,440,0.0599775,7.95878e-05,0.213173
SOPT,1.0,0.999,4,8,13,440,1152,0.304132,4.88971e-07,0.00037607
gappy-POD,1.0,0.999,4,8,13,440,1152,0.308,4.91615e-07,0.000377064
QDEIM,1.0,0.999,4,8,13,440,1089,0.289261,4.91615e-07,0.000377064
EQP,1.0,0.999,4,8,2048,460,460,0.0628653,5.41984e-05,0.135803
SOPT,1.0,0.999,4,8,13,460,1152,0.307963,4.89122e-07,0.000375326
gappy-POD,1.0,0.999,4,8,13,460,1152,0.302071,4.91582e-07,0.000376921
QDEIM,1.0,0.999,4,8,13,460,1125,0.301325,4.91582e-07,0.000376921
EQP,1.0,0.999,4,8,2048,480,480,0.0639515,4.76985e-05,0.108233
SOPT,1.0,0.999,4,8,13,480,1152,0.302833,4.88841e-07,0.000375099
gappy-POD,1.0,0.999,4,8,13,480,1152,0.301796,4.91712e-07,0.000377188
QDEIM,1.0,0.999,4,8,13,480,1152,0.306046,4.91712e-07,0.000377188
EQP,1.0,0.999,4,8,2048,500,500,0.0664409,3.22789e-05,0.0724445
SOPT,1.0,0.999,4,8,13,500,1152,0.302471,4.88789e-07,0.000375997
gappy-POD,1.0,0.999,4,8,13,500,1152,0.304656,4.91661e-07,0.00037696
QDEIM,1.0,0.999,4,8,13,500,1152,0.307737,4.91661e-07,0.00037696
EQP,1.0,0.999,4,8,2048,520,520,0.067001,3.41972e-05,0.0576
SOPT,1.0,0.999,4,8,13,520,1152,0.305572,4.888e-07,0.000376373
gappy-POD,1.0,0.999,4,8,13,520,1152,0.305374,4.91683e-07,0.000377094
QDEIM,1.0,0.999,4,8,13,520,1152,0.304011,4.91683e-07,0.000377094
EQP,1.0,0.999,4,8,2048,540,540,0.0701432,4.57863e-05,0.145581
SOPT,1.0,0.999,4,8,13,540,1152,0.304693,4.8876e-07,0.000376983
gappy-POD,1.0,0.999,4,8,13,540,1152,0.303761,4.91678e-07,0.000377069
QDEIM,1.0,0.999,4,8,13,540,1152,0.308994,4.91678e-07,0.000377069
EQP,1.0,0.999,4,8,2048,560,560,0.0731231,2.49887e-05,0.0690145
SOPT,1.0,0.999,4,8,13,560,1152,0.305238,4.89654e-07,0.000375805
gappy-POD,1.0,0.999,4,8,13,560,1152,0.303125,4.91702e-07,0.000377181
QDEIM,1.0,0.999,4,8,13,560,1152,0.306583,4.91702e-07,0.000377181
EQP,1.0,0.999,4,8,2048,580,580,0.0741472,2.63474e-05,0.0735391
SOPT,1.0,0.999,4,8,13,580,1152,0.304297,4.89763e-07,0.000376517
gappy-POD,1.0,0.999,4,8,13,580,1152,0.305703,4.91791e-07,0.000377348
QDEIM,1.0,0.999,4,8,13,580,1152,0.308615,4.91791e-07,0.000377348
EQP,1.0,0.999,4,8,2048,600,600,0.0770261,2.06607e-05,0.0509447
SOPT,1.0,0.999,4,8,13,600,1152,0.304109,4.90219e-07,0.00037611
gappy-POD,1.0,0.999,4,8,13,600,1152,0.303716,4.91659e-07,0.000377126
QDEIM,1.0,0.999,4,8,13,600,1152,0.304383,4.91659e-07,0.000377126
EQP,1.0,0.999,4,8,2048,620,620,0.0800774,2.76997e-05,0.164861
SOPT,1.0,0.999,4,8,13,620,1152,0.309486,4.89814e-07,0.000375076
gappy-POD,1.0,0.999,4,8,13,620,1152,0.30348,4.91612e-07,0.000377134
QDEIM,1.0,0.999,4,8,13,620,1152,0.305648,4.91612e-07,0.000377134
EQP,1.0,0.999,4,8,2048,640,640,0.0808322,1.5882e-05,0.107282
SOPT,1.0,0.999,4,8,13,640,1152,0.310756,4.89503e-07,0.000375586
gappy-POD,1.0,0.999,4,8,13,640,1152,0.309147,4.91617e-07,0.00037705
QDEIM,1.0,0.999,4,8,13,640,1152,0.314085,4.91617e-07,0.00037705
EQP,1.0,0.999,4,8,2048,660,653,0.084133,2.0997e-05,0.0948746
SOPT,1.0,0.999,4,8,13,660,1152,0.305423,4.89803e-07,0.000375672
gappy-POD,1.0,0.999,4,8,13,660,1152,0.305208,4.91506e-07,0.000376681
QDEIM,1.0,0.999,4,8,13,660,1152,0.305099,4.91506e-07,0.000376681
EQP,1.0,0.999,4,8,2048,680,653,0.0836245,2.0997e-05,0.0948746
SOPT,1.0,0.999,4,8,13,680,1152,0.306328,4.8979e-07,0.000376211
gappy-POD,1.0,0.999,4,8,13,680,1152,0.308967,4.91443e-07,0.000376721
QDEIM,1.0,0.999,4,8,13,680,1152,0.308004,4.91443e-07,0.000376721
EQP,1.0,0.999,4,8,2048,700,653,0.0838053,2.0997e-05,0.0948746
SOPT,1.0,0.999,4,8,13,700,1152,0.306661,4.89898e-07,0.000374937
gappy-POD,1.0,0.999,4,8,13,700,1152,0.305037,4.91373e-07,0.000376731
QDEIM,1.0,0.999,4,8,13,700,1152,0.307365,4.91373e-07,0.000376731
EQP,1.0,0.999,4,8,2048,720,653,0.0839308,2.0997e-05,0.0948746
SOPT,1.0,0.999,4,8,13,720,1152,0.305787,4.89928e-07,0.000375928
gappy-POD,1.0,0.999,4,8,13,720,1152,0.3064,4.91509e-07,0.000377209
QDEIM,1.0,0.999,4,8,13,720,1152,0.308317,4.91509e-07,0.000377209
EQP,1.0,0.999,4,8,2048,740,653,0.0816218,2.0997e-05,0.0948746
SOPT,1.0,0.999,4,8,13,740,1152,0.312942,4.89711e-07,0.000375125
gappy-POD,1.0,0.999,4,8,13,740,1152,0.306396,4.91345e-07,0.000377048
QDEIM,1.0,0.999,4,8,13,740,1152,0.304822,4.91345e-07,0.000377048
EQP,1.0,0.999,4,8,2048,760,653,0.0835935,2.0997e-05,0.0948746
SOPT,1.0,0.999,4,8,13,760,1152,0.305536,4.90217e-07,0.000376081
gappy-POD,1.0,0.999,4,8,13,760,1152,0.306465,4.91428e-07,0.000377207
QDEIM,1.0,0.999,4,8,13,760,1152,0.309085,4.91428e-07,0.000377207
EQP,1.0,0.999,4,8,2048,780,653,0.0833796,2.0997e-05,0.0948746
SOPT,1.0,0.999,4,8,13,780,1152,0.305976,4.90363e-07,0.00037589
gappy-POD,1.0,0.999,4,8,13,780,1152,0.304673,4.91463e-07,0.000377268
QDEIM,1.0,0.999,4,8,13,780,1152,0.311482,4.91463e-07,0.000377268
EQP,1.0,0.999,4,8,2048,800,653,0.0834894,2.0997e-05,0.0948746
SOPT,1.0,0.999,4,8,13,800,1152,0.305099,4.90452e-07,0.000375646
gappy-POD,1.0,0.999,4,8,13,800,1152,0.309438,4.91478e-07,0.000377189
QDEIM,1.0,0.999,4,8,13,800,1152,0.306061,4.91478e-07,0.000377189
EQP,1.0,0.999,4,8,2048,820,653,0.0836454,2.0997e-05,0.0948746
SOPT,1.0,0.999,4,8,13,820,1152,0.307803,4.90642e-07,0.000375949
gappy-POD,1.0,0.999,4,8,13,820,1152,0.305788,4.91361e-07,0.000377167
QDEIM,1.0,0.999,4,8,13,820,1152,0.310357,4.91361e-07,0.000377167
EQP,1.0,0.999,4,8,2048,840,653,0.0816675,2.0997e-05,0.0948746
SOPT,1.0,0.999,4,8,13,840,1152,0.310299,4.9066e-07,0.000377395
gappy-POD,1.0,0.999,4,8,13,840,1152,0.306257,4.91345e-07,0.000377182
QDEIM,1.0,0.999,4,8,13,840,1152,0.30878,4.91345e-07,0.000377182
EQP,1.0,0.999,4,8,2048,860,653,0.0822074,2.0997e-05,0.0948746
SOPT,1.0,0.999,4,8,13,860,1152,0.308332,4.90698e-07,0.000377542
gappy-POD,1.0,0.999,4,8,13,860,1152,0.306068,4.91305e-07,0.000377052
QDEIM,1.0,0.999,4,8,13,860,1152,0.312249,4.91305e-07,0.000377052
EQP,1.0,0.999,4,8,2048,880,653,0.0835339,2.0997e-05,0.0948746
SOPT,1.0,0.999,4,8,13,880,1152,0.308061,4.91002e-07,0.000377766
gappy-POD,1.0,0.999,4,8,13,880,1152,0.310963,4.91335e-07,0.000377171
QDEIM,1.0,0.999,4,8,13,880,1152,0.305574,4.91335e-07,0.000377171
EQP,1.0,0.999,4,8,2048,900,653,0.0835771,2.0997e-05,0.0948746
SOPT,1.0,0.999,4,8,13,900,1152,0.305482,4.91214e-07,0.000378126
gappy-POD,1.0,0.999,4,8,13,900,1152,0.307586,4.91302e-07,0.000377193
QDEIM,1.0,0.999,4,8,13,900,1152,0.307705,4.91302e-07,0.000377193
EQP,1.0,0.999,4,8,2048,920,653,0.084094,2.0997e-05,0.0948746
SOPT,1.0,0.999,4,8,13,920,1152,0.307664,4.9119e-07,0.000377145
gappy-POD,1.0,0.999,4,8,13,920,1152,0.310085,4.91266e-07,0.000377256
QDEIM,1.0,0.999,4,8,13,920,1152,0.30817,4.91266e-07,0.000377256
EQP,1.0,0.999,4,8,2048,940,653,0.0840639,2.0997e-05,0.0948746
SOPT,1.0,0.999,4,8,13,940,1152,0.3115,4.9187e-07,0.000375911
gappy-POD,1.0,0.999,4,8,13,940,1152,0.307995,4.91316e-07,0.000377357
QDEIM,1.0,0.999,4,8,13,940,1152,0.307365,4.91316e-07,0.000377357
EQP,1.0,0.999,4,8,2048,960,653,0.0836915,2.0997e-05,0.0948746
SOPT,1.0,0.999,4,8,13,960,1152,0.306836,4.91255e-07,0.000375251
gappy-POD,1.0,0.999,4,8,13,960,1152,0.310632,4.91312e-07,0.00037737
QDEIM,1.0,0.999,4,8,13,960,1152,0.313053,4.91312e-07,0.00037737
EQP,1.0,0.999,4,8,2048,980,653,0.0833971,2.0997e-05,0.0948746
SOPT,1.0,0.999,4,8,13,980,1152,0.307258,4.91357e-07,0.000375436
gappy-POD,1.0,0.999,4,8,13,980,1152,0.309824,4.91394e-07,0.000377525
QDEIM,1.0,0.999,4,8,13,980,1152,0.312738,4.91394e-07,0.000377525
EQP,1.0,0.999,4,8,2048,1000,653,0.0835662,2.0997e-05,0.0948746
SOPT,1.0,0.999,4,8,13,1000,1152,0.307716,4.90917e-07,0.000375949
gappy-POD,1.0,0.999,4,8,13,1000,1152,0.309633,4.91405e-07,0.000377633
QDEIM,1.0,0.999,4,8,13,1000,1152,0.313895,4.91405e-07,0.000377633
EQP,1.0,0.999,4,8,2048,1020,653,0.0835429,2.0997e-05,0.0948746
SOPT,1.0,0.999,4,8,13,1020,1152,0.310804,4.91087e-07,0.000376481
gappy-POD,1.0,0.999,4,8,13,1020,1152,0.306938,4.91425e-07,0.000377696
QDEIM,1.0,0.999,4,8,13,1020,1152,0.311824,4.91425e-07,0.000377696
EQP,1.0,0.999,4,8,2048,1040,653,0.0835495,2.0997e-05,0.0948746
SOPT,1.0,0.999,4,8,13,1040,1152,0.311775,4.90972e-07,0.000376293
gappy-POD,1.0,0.999,4,8,13,1040,1152,0.306131,4.91429e-07,0.000377718
QDEIM,1.0,0.999,4,8,13,1040,1152,0.310234,4.91429e-07,0.000377718
EQP,1.0,0.999,4,8,2048,1060,653,0.0816915,2.0997e-05,0.0948746
SOPT,1.0,0.999,4,8,13,1060,1152,0.311257,4.91084e-07,0.000376936
gappy-POD,1.0,0.999,4,8,13,1060,1152,0.307124,4.91392e-07,0.000377646
QDEIM,1.0,0.999,4,8,13,1060,1152,0.307253,4.91392e-07,0.000377646
EQPGlobal,1.0,0.9999,5,15,1515,2048,831,0.123301,8.61921e-06,0.0323375
EQP,1.0,0.9999,5,15,2048,20,20,0.00966341,0.00022881,0.300474
SOPT,1.0,0.9999,5,15,20,20,207,0.0591237,0.00150092,0.583934
gappy-POD,1.0,0.9999,5,15,20,20,171,0.0504562,0.00158069,0.395297
QDEIM,1.0,0.9999,5,15,20,20,162,0.0484512,0.00158069,0.395297
EQP,1.0,0.9999,5,15,2048,40,40,0.0132731,0.00022762,0.326713
SOPT,1.0,0.9999,5,15,20,40,333,0.0925431,0.00116942,0.161179
gappy-POD,1.0,0.9999,5,15,20,40,225,0.0636686,0.00153393,0.234087
QDEIM,1.0,0.9999,5,15,20,40,234,0.067186,0.00153393,0.234087
EQP,1.0,0.9999,5,15,2048,60,60,0.016654,0.000227039,0.325812
SOPT,1.0,0.9999,5,15,20,60,486,0.134292,0.000739762,0.0961283
gappy-POD,1.0,0.9999,5,15,20,60,288,0.0800849,0.00143074,0.207477
QDEIM,1.0,0.9999,5,15,20,60,288,0.0806928,0.00143074,0.207477
EQP,1.0,0.9999,5,15,2048,80,80,0.0197445,0.000224424,0.308796
SOPT,1.0,0.9999,5,15,20,80,585,0.155545,0.000631106,0.0815937
gappy-POD,1.0,0.9999,5,15,20,80,333,0.0924388,0.0013367,0.187365
QDEIM,1.0,0.9999,5,15,20,80,288,0.0810613,0.0013367,0.187365
EQP,1.0,0.9999,5,15,2048,100,100,0.0230482,0.000202416,0.273874
SOPT,1.0,0.9999,5,15,20,100,639,0.173775,0.000578339,0.0786709
gappy-POD,1.0,0.9999,5,15,20,100,414,0.112377,0.00110857,0.146651
QDEIM,1.0,0.9999,5,15,20,100,333,0.0927528,0.00110857,0.146651
EQP,1.0,0.9999,5,15,2048,120,120,0.0256774,0.000181244,0.32075
SOPT,1.0,0.9999,5,15,20,120,693,0.187829,0.000517514,0.0706725
gappy-POD,1.0,0.9999,5,15,20,120,450,0.121733,0.00107402,0.144097
QDEIM,1.0,0.9999,5,15,20,120,360,0.100182,0.00107402,0.144097
EQP,1.0,0.9999,5,15,2048,140,140,0.0290182,0.000166147,0.308963
SOPT,1.0,0.9999,5,15,20,140,720,0.193417,0.000497206,0.0684842
gappy-POD,1.0,0.9999,5,15,20,140,468,0.127297,0.0010388,0.139075
QDEIM,1.0,0.9999,5,15,20,140,387,0.106065,0.0010388,0.139075
EQP,1.0,0.9999,5,15,2048,160,160,0.032975,0.000167801,0.294961
SOPT,1.0,0.9999,5,15,20,160,765,0.20387,0.000482533,0.0668369
gappy-POD,1.0,0.9999,5,15,20,160,549,0.147042,0.000883372,0.116071
QDEIM,1.0,0.9999,5,15,20,160,432,0.117077,0.000883372,0.116071
EQP,1.0,0.9999,5,15,2048,180,180,0.0366365,0.000153678,0.386279
SOPT,1.0,0.9999,5,15,20,180,792,0.213367,0.000427698,0.0563511
gappy-POD,1.0,0.9999,5,15,20,180,594,0.160604,0.000760016,0.104298
QDEIM,1.0,0.9999,5,15,20,180,486,0.135608,0.000760016,0.104298
EQP,1.0,0.9999,5,15,2048,200,200,0.0393493,0.000160335,0.326991
SOPT,1.0,0.9999,5,15,20,200,801,0.212655,0.000390659,0.0488346
gappy-POD,1.0,0.9999,5,15,20,200,693,0.187657,0.000538809,0.0717357
QDEIM,1.0,0.9999,5,15,20,200,540,0.14552,0.000538809,0.0717357
EQP,1.0,0.9999,5,15,2048,220,220,0.0429191,0.000167183,0.245829
SOPT,1.0,0.9999,5,15,20,220,864,0.230322,0.000260163,0.0369316
gappy-POD,1.0,0.9999,5,15,20,220,747,0.2021,0.000470126,0.0916128
QDEIM,1.0,0.9999,5,15,20,220,603,0.163994,0.000470126,0.0916128
EQP,1.0,0.9999,5,15,2048,240,240,0.0448666,0.000172417,0.27948
SOPT,1.0,0.9999,5,15,20,240,927,0.245875,0.000151558,0.0197781
gappy-POD,1.0,0.9999,5,15,20,240,792,0.210313,0.000396671,0.0801352
QDEIM,1.0,0.9999,5,15,20,240,675,0.183179,0.000396671,0.0801352
EQP,1.0,0.9999,5,15,2048,260,260,0.047561,0.000167299,0.258274
SOPT,1.0,0.9999,5,15,20,260,963,0.254679,0.000113147,0.0136815
gappy-POD,1.0,0.9999,5,15,20,260,846,0.228437,0.00029465,0.0573815
QDEIM,1.0,0.9999,5,15,20,260,711,0.194249,0.00029465,0.0573815
EQP,1.0,0.9999,5,15,2048,280,280,0.04823,0.000169617,0.260257
SOPT,1.0,0.9999,5,15,20,280,1008,0.270534,8.79104e-05,0.0115984
gappy-POD,1.0,0.9999,5,15,20,280,891,0.2404,0.000243621,0.0451071
QDEIM,1.0,0.9999,5,15,20,280,774,0.205499,0.000243621,0.0451071
EQP,1.0,0.9999,5,15,2048,300,300,0.0527459,0.000164536,0.265749
SOPT,1.0,0.9999,5,15,20,300,1035,0.276121,8.47469e-05,0.0104197
gappy-POD,1.0,0.9999,5,15,20,300,900,0.238454,0.000246225,0.048539
QDEIM,1.0,0.9999,5,15,20,300,837,0.222241,0.000246225,0.048539
EQP,1.0,0.9999,5,15,2048,320,320,0.053933,0.000159811,0.26153
SOPT,1.0,0.9999,5,15,20,320,1035,0.273504,8.47485e-05,0.0104181
gappy-POD,1.0,0.9999,5,15,20,320,945,0.250564,0.000195721,0.042731
QDEIM,1.0,0.9999,5,15,20,320,846,0.225416,0.000195721,0.042731
EQP,1.0,0.9999,5,15,2048,340,340,0.0591655,0.000165716,0.255031
SOPT,1.0,0.9999,5,15,20,340,1080,0.2856,6.25651e-05,0.00955497
gappy-POD,1.0,0.9999,5,15,20,340,990,0.261757,0.000135168,0.0273978
QDEIM,1.0,0.9999,5,15,20,340,891,0.235994,0.000135168,0.0273978
EQP,1.0,0.9999,5,15,2048,360,360,0.0610893,0.000164507,0.234769
SOPT,1.0,0.9999,5,15,20,360,1107,0.294423,3.38949e-05,0.00775326
gappy-POD,1.0,0.9999,5,15,20,360,1035,0.275055,0.000102425,0.0241314
QDEIM,1.0,0.9999,5,15,20,360,927,0.247902,0.000102425,0.0241314
EQP,1.0,0.9999,5,15,2048,380,380,0.0640966,9.92057e-05,0.44514
SOPT,1.0,0.9999,5,15,20,380,1134,0.301196,1.7754e-05,0.00481069
gappy-POD,1.0,0.9999,5,15,20,380,1071,0.288184,5.95045e-05,0.0147469
QDEIM,1.0,0.9999,5,15,20,380,936,0.247152,5.95045e-05,0.0147469
EQP,1.0,0.9999,5,15,2048,400,400,0.0636182,9.93079e-05,0.421401
SOPT,1.0,0.9999,5,15,20,400,1134,0.298966,1.77527e-05,0.00481472
gappy-POD,1.0,0.9999,5,15,20,400,1098,0.291104,3.32485e-05,0.00914151
QDEIM,1.0,0.9999,5,15,20,400,936,0.247465,3.32485e-05,0.00914151
EQP,1.0,0.9999,5,15,2048,420,420,0.0660494,9.51955e-05,0.445234
SOPT,1.0,0.9999,5,15,20,420,1134,0.303876,1.77551e-05,0.00480632
gappy-POD,1.0,0.9999,5,15,20,420,1134,0.302709,1.00189e-05,0.00314194
QDEIM,1.0,0.9999,5,15,20,420,990,0.264526,1.00189e-05,0.00314194
EQP,1.0,0.9999,5,15,2048,440,440,0.0710862,9.6262e-05,0.391771
SOPT,1.0,0.9999,5,15,20,440,1143,0.303976,9.70808e-06,0.00263181
gappy-POD,1.0,0.9999,5,15,20,440,1143,0.30298,5.35873e-06,0.00165515
QDEIM,1.0,0.9999,5,15,20,440,1008,0.277674,5.35873e-06,0.00165515
EQP,1.0,0.9999,5,15,2048,460,460,0.0732106,8.46796e-05,0.266978
SOPT,1.0,0.9999,5,15,20,460,1152,0.305187,1.30888e-07,0.000150073
gappy-POD,1.0,0.9999,5,15,20,460,1152,0.303751,1.30654e-07,0.000152331
QDEIM,1.0,0.9999,5,15,20,460,1026,0.271491,1.30654e-07,0.000152331
EQP,1.0,0.9999,5,15,2048,480,480,0.0762492,7.92072e-05,0.256139
SOPT,1.0,0.9999,5,15,20,480,1152,0.305557,1.30892e-07,0.000149902
gappy-POD,1.0,0.9999,5,15,20,480,1152,0.305187,1.3068e-07,0.000152424
QDEIM,1.0,0.9999,5,15,20,480,1071,0.284038,1.3068e-07,0.000152424
EQP,1.0,0.9999,5,15,2048,500,500,0.0792829,5.93038e-05,0.430166
SOPT,1.0,0.9999,5,15,20,500,1152,0.306536,1.30899e-07,0.00014986
gappy-POD,1.0,0.9999,5,15,20,500,1152,0.303882,1.30652e-07,0.000152585
QDEIM,1.0,0.9999,5,15,20,500,1089,0.289765,1.30652e-07,0.000152585
EQP,1.0,0.9999,5,15,2048,520,520,0.0820879,5.09709e-05,0.373283
SOPT,1.0,0.9999,5,15,20,520,1152,0.308688,1.30896e-07,0.00014977
gappy-POD,1.0,0.9999,5,15,20,520,1152,0.305173,1.30664e-07,0.000152644
QDEIM,1.0,0.9999,5,15,20,520,1107,0.297455,1.30664e-07,0.000152644
EQP,1.0,0.9999,5,15,2048,540,540,0.0837094,4.84455e-05,0.191045
SOPT,1.0,0.9999,5,15,20,540,1152,0.310293,1.309e-07,0.000149736
gappy-POD,1.0,0.9999,5,15,20,540,1152,0.310162,1.30658e-07,0.000152658
QDEIM,1.0,0.9999,5,15,20,540,1116,0.301701,1.30658e-07,0.000152658
EQP,1.0,0.9999,5,15,2048,560,560,0.0853369,4.73378e-05,0.183358
SOPT,1.0,0.9999,5,15,20,560,1152,0.311102,1.30899e-07,0.00014973
gappy-POD,1.0,0.9999,5,15,20,560,1152,0.308467,1.30653e-07,0.000152772
QDEIM,1.0,0.9999,5,15,20,560,1143,0.304423,1.30653e-07,0.000152772
EQP,1.0,0.9999,5,15,2048,580,580,0.0877103,4.63797e-05,0.173772
SOPT,1.0,0.9999,5,15,20,580,1152,0.310572,1.30904e-07,0.000149738
gappy-POD,1.0,0.9999,5,15,20,580,1152,0.307104,1.30658e-07,0.000152809
QDEIM,1.0,0.9999,5,15,20,580,1152,0.308895,1.30658e-07,0.000152809
EQP,1.0,0.9999,5,15,2048,600,600,0.0929477,4.5822e-05,0.140738
SOPT,1.0,0.9999,5,15,20,600,1152,0.310611,1.30904e-07,0.000149737
gappy-POD,1.0,0.9999,5,15,20,600,1152,0.305875,1.30673e-07,0.000152557
QDEIM,1.0,0.9999,5,15,20,600,1152,0.310684,1.30673e-07,0.000152557
EQP,1.0,0.9999,5,15,2048,620,620,0.0918936,3.29811e-05,0.130518
SOPT,1.0,0.9999,5,15,20,620,1152,0.309035,1.30904e-07,0.000149737
gappy-POD,1.0,0.9999,5,15,20,620,1152,0.307349,1.30703e-07,0.000152115
QDEIM,1.0,0.9999,5,15,20,620,1152,0.309796,1.30703e-07,0.000152115
EQP,1.0,0.9999,5,15,2048,640,640,0.0966148,2.8024e-05,0.110019
SOPT,1.0,0.9999,5,15,20,640,1152,0.30747,1.30904e-07,0.000149737
gappy-POD,1.0,0.9999,5,15,20,640,1152,0.306115,1.3069e-07,0.000152064
QDEIM,1.0,0.9999,5,15,20,640,1152,0.311174,1.3069e-07,0.000152064
EQP,1.0,0.9999,5,15,2048,660,660,0.101269,2.651e-05,0.113736
SOPT,1.0,0.9999,5,15,20,660,1152,0.313591,1.30901e-07,0.000149709
gappy-POD,1.0,0.9999,5,15,20,660,1152,0.313557,1.30679e-07,0.000151898
QDEIM,1.0,0.9999,5,15,20,660,1152,0.30754,1.30679e-07,0.000151898
EQP,1.0,0.9999,5,15,2048,680,680,0.104375,2.64188e-05,0.113543
SOPT,1.0,0.9999,5,15,20,680,1152,0.307401,1.30905e-07,0.000149627
gappy-POD,1.0,0.9999,5,15,20,680,1152,0.311773,1.30682e-07,0.00015189
QDEIM,1.0,0.9999,5,15,20,680,1152,0.308652,1.30682e-07,0.00015189
EQP,1.0,0.9999,5,15,2048,700,700,0.102576,2.02175e-05,0.10411
SOPT,1.0,0.9999,5,15,20,700,1152,0.310167,1.30902e-07,0.000149536
gappy-POD,1.0,0.9999,5,15,20,700,1152,0.306338,1.30666e-07,0.00015175
QDEIM,1.0,0.9999,5,15,20,700,1152,0.307921,1.30666e-07,0.00015175
EQP,1.0,0.9999,5,15,2048,720,720,0.108741,2.22543e-05,0.101081
SOPT,1.0,0.9999,5,15,20,720,1152,0.311846,1.30902e-07,0.000149511
gappy-POD,1.0,0.9999,5,15,20,720,1152,0.311786,1.30674e-07,0.000151769
QDEIM,1.0,0.9999,5,15,20,720,1152,0.312247,1.30674e-07,0.000151769
EQP,1.0,0.9999,5,15,2048,740,740,0.113043,1.8118e-05,0.0695428
SOPT,1.0,0.9999,5,15,20,740,1152,0.307874,1.30903e-07,0.000149504
gappy-POD,1.0,0.9999,5,15,20,740,1152,0.309351,1.30688e-07,0.000151692
QDEIM,1.0,0.9999,5,15,20,740,1152,0.30802,1.30688e-07,0.000151692
EQP,1.0,0.9999,5,15,2048,760,760,0.112796,1.9502e-05,0.0550943
SOPT,1.0,0.9999,5,15,20,760,1152,0.307375,1.30905e-07,0.000149361
gappy-POD,1.0,0.9999,5,15,20,760,1152,0.308878,1.30698e-07,0.000151718
QDEIM,1.0,0.9999,5,15,20,760,1152,0.308468,1.30698e-07,0.000151718
EQP,1.0,0.9999,5,15,2048,780,780,0.11746,2.00125e-05,0.0519036
SOPT,1.0,0.9999,5,15,20,780,1152,0.307791,1.30896e-07,0.000149371
gappy-POD,1.0,0.9999,5,15,20,780,1152,0.308745,1.30719e-07,0.00015159
QDEIM,1.0,0.9999,5,15,20,780,1152,0.307357,1.30719e-07,0.00015159
EQP,1.0,0.9999,5,15,2048,800,800,0.120715,1.31424e-05,0.047188
SOPT,1.0,0.9999,5,15,20,800,1152,0.309769,1.30895e-07,0.000148967
gappy-POD,1.0,0.9999,5,15,20,800,1152,0.314522,1.30723e-07,0.000151499
QDEIM,1.0,0.9999,5,15,20,800,1152,0.310519,1.30723e-07,0.000151499
EQP,1.0,0.9999,5,15,2048,820,820,0.123033,7.70846e-06,0.0372972
SOPT,1.0,0.9999,5,15,20,820,1152,0.308647,1.30874e-07,0.000148954
gappy-POD,1.0,0.9999,5,15,20,820,1152,0.313869,1.30723e-07,0.000151512
QDEIM,1.0,0.9999,5,15,20,820,1152,0.313446,1.30723e-07,0.000151512
EQP,1.0,0.9999,5,15,2048,840,831,0.123454,8.61921e-06,0.0323375
SOPT,1.0,0.9999,5,15,20,840,1152,0.309752,1.30866e-07,0.000149013
gappy-POD,1.0,0.9999,5,15,20,840,1152,0.312186,1.30728e-07,0.000151473
QDEIM,1.0,0.9999,5,15,20,840,1152,0.31346,1.30728e-07,0.000151473
EQP,1.0,0.9999,5,15,2048,860,831,0.123485,8.61921e-06,0.0323375
SOPT,1.0,0.9999,5,15,20,860,1152,0.311138,1.30857e-07,0.000149204
gappy-POD,1.0,0.9999,5,15,20,860,1152,0.310932,1.30732e-07,0.000151423
QDEIM,1.0,0.9999,5,15,20,860,1152,0.30976,1.30732e-07,0.000151423
EQP,1.0,0.9999,5,15,2048,880,831,0.122742,8.61921e-06,0.0323375
SOPT,1.0,0.9999,5,15,20,880,1152,0.315039,1.30854e-07,0.000149445
gappy-POD,1.0,0.9999,5,15,20,880,1152,0.311807,1.30731e-07,0.000151425
QDEIM,1.0,0.9999,5,15,20,880,1152,0.310125,1.30731e-07,0.000151425
EQP,1.0,0.9999,5,15,2048,900,831,0.123734,8.61921e-06,0.0323375
SOPT,1.0,0.9999,5,15,20,900,1152,0.315132,1.30836e-07,0.000149546
gappy-POD,1.0,0.9999,5,15,20,900,1152,0.31384,1.30733e-07,0.000151375
QDEIM,1.0,0.9999,5,15,20,900,1152,0.309744,1.30733e-07,0.000151375
EQP,1.0,0.9999,5,15,2048,920,831,0.120714,8.61921e-06,0.0323375
SOPT,1.0,0.9999,5,15,20,920,1152,0.313678,1.30839e-07,0.000149669
gappy-POD,1.0,0.9999,5,15,20,920,1152,0.315801,1.30728e-07,0.000151459
QDEIM,1.0,0.9999,5,15,20,920,1152,0.32242,1.30728e-07,0.000151459
EQP,1.0,0.9999,5,15,2048,940,831,0.124039,8.61921e-06,0.0323375
SOPT,1.0,0.9999,5,15,20,940,1152,0.310952,1.30846e-07,0.000149858
gappy-POD,1.0,0.9999,5,15,20,940,1152,0.311624,1.3073e-07,0.00015143
QDEIM,1.0,0.9999,5,15,20,940,1152,0.31089,1.3073e-07,0.00015143
EQP,1.0,0.9999,5,15,2048,960,831,0.123843,8.61921e-06,0.0323375
SOPT,1.0,0.9999,5,15,20,960,1152,0.311854,1.30805e-07,0.00014959
gappy-POD,1.0,0.9999,5,15,20,960,1152,0.313182,1.30729e-07,0.000151418
QDEIM,1.0,0.9999,5,15,20,960,1152,0.31037,1.30729e-07,0.000151418
EQP,1.0,0.9999,5,15,2048,980,831,0.124118,8.61921e-06,0.0323375
SOPT,1.0,0.9999,5,15,20,980,1152,0.311093,1.30783e-07,0.000149834
gappy-POD,1.0,0.9999,5,15,20,980,1152,0.31114,1.30729e-07,0.000151422
QDEIM,1.0,0.9999,5,15,20,980,1152,0.31082,1.30729e-07,0.000151422
EQP,1.0,0.9999,5,15,2048,1000,831,0.124,8.61921e-06,0.0323375
SOPT,1.0,0.9999,5,15,20,1000,1152,0.310925,1.30797e-07,0.000149734
gappy-POD,1.0,0.9999,5,15,20,1000,1152,0.312361,1.30728e-07,0.000151444
QDEIM,1.0,0.9999,5,15,20,1000,1152,0.314204,1.30728e-07,0.000151444
EQP,1.0,0.9999,5,15,2048,1020,831,0.120233,8.61921e-06,0.0323375
SOPT,1.0,0.9999,5,15,20,1020,1152,0.311605,1.30803e-07,0.000150089
gappy-POD,1.0,0.9999,5,15,20,1020,1152,0.310838,1.3073e-07,0.00015138
QDEIM,1.0,0.9999,5,15,20,1020,1152,0.315167,1.3073e-07,0.00015138
EQP,1.0,0.9999,5,15,2048,1040,831,0.119896,8.61921e-06,0.0323375
SOPT,1.0,0.9999,5,15,20,1040,1152,0.312136,1.30808e-07,0.000150168
gappy-POD,1.0,0.9999,5,15,20,1040,1152,0.313343,1.30731e-07,0.000151404
QDEIM,1.0,0.9999,5,15,20,1040,1152,0.312998,1.30731e-07,0.000151404
EQP,1.0,0.9999,5,15,2048,1060,831,0.117569,8.61921e-06,0.0323375
SOPT,1.0,0.9999,5,15,20,1060,1152,0.309822,1.30788e-07,0.00015028
gappy-POD,1.0,0.9999,5,15,20,1060,1152,0.311535,1.30732e-07,0.000151416
QDEIM,1.0,0.9999,5,15,20,1060,1152,0.317678,1.30732e-07,0.000151416
EQPGlobal,1.0,0.99999,8,22,2222,2048,1150,0.201955,2.59099e-06,0.0309559
EQP,1.0,0.99999,8,22,2048,20,20,0.011083,0.000228048,0.329443
SOPT,1.0,0.99999,8,22,25,20,0,,,
gappy-POD,1.0,0.99999,8,22,25,20,0,,,
QDEIM,1.0,0.99999,8,22,25,20,0,,,
EQP,1.0,0.99999,8,22,2048,40,40,0.0158164,0.000220948,0.566199
SOPT,1.0,0.99999,8,22,25,40,288,0.0810161,0.00130969,0.269708
gappy-POD,1.0,0.99999,8,22,25,40,225,0.0649441,0.00151084,0.325002
QDEIM,1.0,0.99999,8,22,25,40,306,0.0849489,0.00151084,0.325002
EQP,1.0,0.99999,8,22,2048,60,60,0.019435,0.000222191,0.373642
SOPT,1.0,0.99999,8,22,25,60,378,0.10542,0.00105482,0.178125
gappy-POD,1.0,0.99999,8,22,25,60,315,0.089565,0.00126319,0.193841
QDEIM,1.0,0.99999,8,22,25,60,351,0.0983934,0.00126319,0.193841
EQP,1.0,0.99999,8,22,2048,80,80,0.0233419,0.00021655,0.375923
SOPT,1.0,0.99999,8,22,25,80,477,0.131049,0.000888945,0.138613
gappy-POD,1.0,0.99999,8,22,25,80,342,0.0959994,0.00125599,0.193409
QDEIM,1.0,0.99999,8,22,25,80,378,0.103976,0.00125599,0.193409
EQP,1.0,0.99999,8,22,2048,100,100,0.0260345,0.000216305,0.295209
SOPT,1.0,0.99999,8,22,25,100,567,0.155697,0.000714569,0.107955
gappy-POD,1.0,0.99999,8,22,25,100,369,0.102468,0.00116441,0.17465
QDEIM,1.0,0.99999,8,22,25,100,423,0.116186,0.00116441,0.17465
EQP,1.0,0.99999,8,22,2048,120,120,0.0298074,0.000199568,0.300476
SOPT,1.0,0.99999,8,22,25,120,621,0.167809,0.000640091,0.0892271
gappy-POD,1.0,0.99999,8,22,25,120,450,0.124469,0.000939724,0.152429
QDEIM,1.0,0.99999,8,22,25,120,441,0.121928,0.000939724,0.152429
EQP,1.0,0.99999,8,22,2048,140,140,0.0349939,0.000184976,0.359006
SOPT,1.0,0.99999,8,22,25,140,684,0.185654,0.000491238,0.0766329
gappy-POD,1.0,0.99999,8,22,25,140,486,0.133283,0.0008983,0.153809
QDEIM,1.0,0.99999,8,22,25,140,441,0.120715,0.0008983,0.153809
EQP,1.0,0.99999,8,22,2048,160,160,0.0386425,0.00016603,0.356617
SOPT,1.0,0.99999,8,22,25,160,720,0.193693,0.000442591,0.0689364
gappy-POD,1.0,0.99999,8,22,25,160,513,0.137212,0.000835731,0.150454
QDEIM,1.0,0.99999,8,22,25,160,459,0.126427,0.000835731,0.150454
EQP,1.0,0.99999,8,22,2048,180,180,0.0392153,0.000166298,0.319725
SOPT,1.0,0.99999,8,22,25,180,792,0.211868,0.000375507,0.0494591
gappy-POD,1.0,0.99999,8,22,25,180,549,0.148779,0.000833222,0.140416
QDEIM,1.0,0.99999,8,22,25,180,477,0.130035,0.000833222,0.140416
EQP,1.0,0.99999,8,22,2048,200,200,0.045461,0.000154276,0.312189
SOPT,1.0,0.99999,8,22,25,200,855,0.227855,0.000282174,0.0307672
gappy-POD,1.0,0.99999,8,22,25,200,603,0.16332,0.00069988,0.118809
QDEIM,1.0,0.99999,8,22,25,200,477,0.130667,0.00069988,0.118809
EQP,1.0,0.99999,8,22,2048,220,220,0.0483517,0.000155341,0.33211
SOPT,1.0,0.99999,8,22,25,220,900,0.239436,0.000223449,0.0289506
gappy-POD,1.0,0.99999,8,22,25,220,657,0.176997,0.000585639,0.0994527
QDEIM,1.0,0.99999,8,22,25,220,477,0.131147,0.000585639,0.0994527
EQP,1.0,0.99999,8,22,2048,240,240,0.052813,0.000160088,0.256411
SOPT,1.0,0.99999,8,22,25,240,945,0.257535,0.000156981,0.0186654
gappy-POD,1.0,0.99999,8,22,25,240,738,0.198772,0.000425065,0.0814283
QDEIM,1.0,0.99999,8,22,25,240,477,0.130312,0.000425065,0.0814283
EQP,1.0,0.99999,8,22,2048,260,260,0.0562662,0.000158336,0.255048
SOPT,1.0,0.99999,8,22,25,260,963,0.255988,0.000126944,0.0160126
gappy-POD,1.0,0.99999,8,22,25,260,756,0.201955,0.000414641,0.0800044
QDEIM,1.0,0.99999,8,22,25,260,486,0.132251,0.000414641,0.0800044
EQP,1.0,0.99999,8,22,2048,280,280,0.058053,0.000154449,0.262745
SOPT,1.0,0.99999,8,22,25,280,999,0.265409,0.000112313,0.0137898
gappy-POD,1.0,0.99999,8,22,25,280,792,0.21434,0.000371868,0.08406
QDEIM,1.0,0.99999,8,22,25,280,495,0.137905,0.000371868,0.08406
EQP,1.0,0.99999,8,22,2048,300,300,0.0618469,0.000152725,0.249784
SOPT,1.0,0.99999,8,22,25,300,1053,0.280753,5.42684e-05,0.00815381
gappy-POD,1.0,0.99999,8,22,25,300,828,0.221594,0.000309195,0.0815798
QDEIM,1.0,0.99999,8,22,25,300,549,0.150933,0.000309195,0.0815798
EQP,1.0,0.99999,8,22,2048,320,320,0.0646818,0.000154532,0.232033
SOPT,1.0,0.99999,8,22,25,320,1071,0.289788,5.1864e-05,0.00764763
gappy-POD,1.0,0.99999,8,22,25,320,846,0.227987,0.000295814,0.0799056
QDEIM,1.0,0.99999,8,22,25,320,612,0.165784,0.000295814,0.0799056
EQP,1.0,0.99999,8,22,2048,340,340,0.0698413,0.000154614,0.212672
SOPT,1.0,0.99999,8,22,25,340,1116,0.298578,2.02869e-05,0.00499732
gappy-POD,1.0,0.99999,8,22,25,340,882,0.235237,0.000263693,0.0690376
QDEIM,1.0,0.99999,8,22,25,340,657,0.178976,0.000263693,0.0690376
EQP,1.0,0.99999,8,22,2048,360,360,0.0720302,0.000151935,0.18717
SOPT,1.0,0.99999,8,22,25,360,1125,0.301613,1.24312e-05,0.0021926
gappy-POD,1.0,0.99999,8,22,25,360,918,0.245575,0.000237047,0.0654939
QDEIM,1.0,0.99999,8,22,25,360,675,0.184556,0.000237047,0.0654939
EQP,1.0,0.99999,8,22,2048,380,380,0.0790053,0.000152981,0.174432
SOPT,1.0,0.99999,8,22,25,380,1134,0.303004,1.24223e-05,0.00207518
gappy-POD,1.0,0.99999,8,22,25,380,954,0.255496,0.000207871,0.0666508
QDEIM,1.0,0.99999,8,22,25,380,774,0.208715,0.000207871,0.0666508
EQP,1.0,0.99999,8,22,2048,400,400,0.0766167,0.000152733,0.165276
SOPT,1.0,0.99999,8,22,25,400,1134,0.302897,1.24242e-05,0.0020775
gappy-POD,1.0,0.99999,8,22,25,400,972,0.259132,0.000169075,0.0511789
QDEIM,1.0,0.99999,8,22,25,400,873,0.23779,0.000169075,0.0511789
EQP,1.0,0.99999,8,22,2048,420,420,0.0812996,0.000153342,0.166293
SOPT,1.0,0.99999,8,22,25,420,1143,0.305448,5.43367e-06,0.00191383
gappy-POD,1.0,0.99999,8,22,25,420,1008,0.271715,0.000128204,0.0374451
QDEIM,1.0,0.99999,8,22,25,420,873,0.233417,0.000128204,0.0374451
EQP,1.0,0.99999,8,22,2048,440,440,0.0838156,8.11357e-05,0.494754
SOPT,1.0,0.99999,8,22,25,440,1143,0.304207,5.43406e-06,0.00191812
gappy-POD,1.0,0.99999,8,22,25,440,1026,0.27176,0.000116575,0.039744
QDEIM,1.0,0.99999,8,22,25,440,927,0.247088,0.000116575,0.039744
EQP,1.0,0.99999,8,22,2048,460,460,0.0908145,7.81346e-05,0.414404
SOPT,1.0,0.99999,8,22,25,460,1143,0.303617,5.43446e-06,0.00191531
gappy-POD,1.0,0.99999,8,22,25,460,1071,0.285923,5.89204e-05,0.0209127
QDEIM,1.0,0.99999,8,22,25,460,927,0.24976,5.89204e-05,0.0209127
EQP,1.0,0.99999,8,22,2048,480,480,0.0908761,8.13294e-05,0.423846
SOPT,1.0,0.99999,8,22,25,480,1152,0.310735,7.75847e-09,4.48535e-05
gappy-POD,1.0,0.99999,8,22,25,480,1089,0.289788,5.22005e-05,0.0202981
QDEIM,1.0,0.99999,8,22,25,480,945,0.256302,5.22005e-05,0.0202981
EQP,1.0,0.99999,8,22,2048,500,500,0.0942808,7.96925e-05,0.556868
SOPT,1.0,0.99999,8,22,25,500,1152,0.311522,7.75975e-09,4.47716e-05
gappy-POD,1.0,0.99999,8,22,25,500,1116,0.300529,2.10408e-05,0.00801472
QDEIM,1.0,0.99999,8,22,25,500,999,0.276769,2.10408e-05,0.00801472
EQP,1.0,0.99999,8,22,2048,520,520,0.0977739,7.62595e-05,0.571872
SOPT,1.0,0.99999,8,22,25,520,1152,0.307311,7.76041e-09,4.47706e-05
gappy-POD,1.0,0.99999,8,22,25,520,1143,0.308659,4.56726e-06,0.0020876
QDEIM,1.0,0.99999,8,22,25,520,1008,0.272176,4.56726e-06,0.0020876
EQP,1.0,0.99999,8,22,2048,540,540,0.100955,6.92827e-05,0.396919
SOPT,1.0,0.99999,8,22,25,540,1152,0.311248,7.76074e-09,4.47414e-05
gappy-POD,1.0,0.99999,8,22,25,540,1152,0.312519,7.76409e-09,4.41188e-05
QDEIM,1.0,0.99999,8,22,25,540,1035,0.28114,7.76409e-09,4.41188e-05
EQP,1.0,0.99999,8,22,2048,560,560,0.101138,5.42327e-05,0.286531
SOPT,1.0,0.99999,8,22,25,560,1152,0.312757,7.76141e-09,4.47263e-05
gappy-POD,1.0,0.99999,8,22,25,560,1152,0.309448,7.76414e-09,4.41043e-05
QDEIM,1.0,0.99999,8,22,25,560,1053,0.288543,7.76414e-09,4.41043e-05
EQP,1.0,0.99999,8,22,2048,580,580,0.104522,4.59763e-05,0.283112
SOPT,1.0,0.99999,8,22,25,580,1152,0.312132,7.76146e-09,4.47266e-05
gappy-POD,1.0,0.99999,8,22,25,580,1152,0.313279,7.76601e-09,4.40971e-05
QDEIM,1.0,0.99999,8,22,25,580,1089,0.292933,7.76601e-09,4.40971e-05
EQP,1.0,0.99999,8,22,2048,600,600,0.11144,4.27979e-05,0.293874
SOPT,1.0,0.99999,8,22,25,600,1152,0.310301,7.76143e-09,4.47258e-05
gappy-POD,1.0,0.99999,8,22,25,600,1152,0.309076,7.76501e-09,4.41056e-05
QDEIM,1.0,0.99999,8,22,25,600,1116,0.303904,7.76501e-09,4.41056e-05
EQP,1.0,0.99999,8,22,2048,620,620,0.112923,3.43592e-05,0.23362
SOPT,1.0,0.99999,8,22,25,620,1152,0.314739,7.76146e-09,4.47259e-05
gappy-POD,1.0,0.99999,8,22,25,620,1152,0.307331,7.76518e-09,4.40998e-05
QDEIM,1.0,0.99999,8,22,25,620,1134,0.308402,7.76518e-09,4.40998e-05
EQP,1.0,0.99999,8,22,2048,640,640,0.116011,2.99877e-05,0.224009
SOPT,1.0,0.99999,8,22,25,640,1152,0.312439,7.76146e-09,4.47259e-05
gappy-POD,1.0,0.99999,8,22,25,640,1152,0.308644,7.76541e-09,4.40939e-05
QDEIM,1.0,0.99999,8,22,25,640,1143,0.307563,7.76541e-09,4.40939e-05
EQP,1.0,0.99999,8,22,2048,660,660,0.118809,3.02845e-05,0.159432
SOPT,1.0,0.99999,8,22,25,660,1152,0.307642,7.76151e-09,4.4726e-05
gappy-POD,1.0,0.99999,8,22,25,660,1152,0.30833,7.76482e-09,4.40998e-05
QDEIM,1.0,0.99999,8,22,25,660,1143,0.316815,7.76482e-09,4.40998e-05
EQP,1.0,0.99999,8,22,2048,680,680,0.130971,3.1682e-05,0.142515
SOPT,1.0,0.99999,8,22,25,680,1152,0.309821,7.76153e-09,4.47258e-05
gappy-POD,1.0,0.99999,8,22,25,680,1152,0.308354,7.76398e-09,4.40937e-05
QDEIM,1.0,0.99999,8,22,25,680,1152,0.312441,7.76398e-09,4.40937e-05
EQP,1.0,0.99999,8,22,2048,700,700,0.126015,2.8642e-05,0.138848
SOPT,1.0,0.99999,8,22,25,700,1152,0.311344,7.76158e-09,4.47131e-05
gappy-POD,1.0,0.99999,8,22,25,700,1152,0.308893,7.7645e-09,4.40743e-05
QDEIM,1.0,0.99999,8,22,25,700,1152,0.314415,7.7645e-09,4.40743e-05
EQP,1.0,0.99999,8,22,2048,720,720,0.129984,2.31554e-05,0.133071
SOPT,1.0,0.99999,8,22,25,720,1152,0.310107,7.76166e-09,4.47104e-05
gappy-POD,1.0,0.99999,8,22,25,720,1152,0.310066,7.76472e-09,4.405e-05
QDEIM,1.0,0.99999,8,22,25,720,1152,0.31014,7.76472e-09,4.405e-05
EQP,1.0,0.99999,8,22,2048,740,740,0.136259,2.37285e-05,0.14414
SOPT,1.0,0.99999,8,22,25,740,1152,0.310988,7.7621e-09,4.47019e-05
gappy-POD,1.0,0.99999,8,22,25,740,1152,0.310221,7.76491e-09,4.40432e-05
QDEIM,1.0,0.99999,8,22,25,740,1152,0.309191,7.76491e-09,4.40432e-05
EQP,1.0,0.99999,8,22,2048,760,760,0.146715,2.11431e-05,0.143198
SOPT,1.0,0.99999,8,22,25,760,1152,0.310608,7.76232e-09,4.46897e-05
gappy-POD,1.0,0.99999,8,22,25,760,1152,0.309853,7.76486e-09,4.40529e-05
QDEIM,1.0,0.99999,8,22,25,760,1152,0.314716,7.76486e-09,4.40529e-05
EQP,1.0,0.99999,8,22,2048,780,780,0.140201,2.09871e-05,0.0924503
SOPT,1.0,0.99999,8,22,25,780,1152,0.310456,7.76324e-09,4.4662e-05
gappy-POD,1.0,0.99999,8,22,25,780,1152,0.309502,7.76439e-09,4.40335e-05
QDEIM,1.0,0.99999,8,22,25,780,1152,0.314266,7.76439e-09,4.40335e-05
EQP,1.0,0.99999,8,22,2048,800,800,0.144175,1.25943e-05,0.114311
SOPT,1.0,0.99999,8,22,25,800,1152,0.312183,7.76235e-09,4.46661e-05
gappy-POD,1.0,0.99999,8,22,25,800,1152,0.3112,7.76464e-09,4.40343e-05
QDEIM,1.0,0.99999,8,22,25,800,1152,0.31544,7.76464e-09,4.40343e-05
EQP,1.0,0.99999,8,22,2048,820,820,0.147196,6.41126e-06,0.116522
SOPT,1.0,0.99999,8,22,25,820,1152,0.311345,7.76155e-09,4.46817e-05
gappy-POD,1.0,0.99999,8,22,25,820,1152,0.311106,7.76481e-09,4.40207e-05
QDEIM,1.0,0.99999,8,22,25,820,1152,0.313735,7.76481e-09,4.40207e-05
EQP,1.0,0.99999,8,22,2048,840,840,0.148324,2.72005e-06,0.0999864
SOPT,1.0,0.99999,8,22,25,840,1152,0.31113,7.76089e-09,4.46809e-05
gappy-POD,1.0,0.99999,8,22,25,840,1152,0.309795,7.765e-09,4.40112e-05
QDEIM,1.0,0.99999,8,22,25,840,1152,0.316039,7.765e-09,4.40112e-05
EQP,1.0,0.99999,8,22,2048,860,860,0.154028,9.75699e-06,0.135431
SOPT,1.0,0.99999,8,22,25,860,1152,0.310519,7.75881e-09,4.4731e-05
gappy-POD,1.0,0.99999,8,22,25,860,1152,0.310663,7.76545e-09,4.39969e-05
QDEIM,1.0,0.99999,8,22,25,860,1152,0.313445,7.76545e-09,4.39969e-05
EQP,1.0,0.99999,8,22,2048,880,880,0.151106,7.42028e-06,0.067115
SOPT,1.0,0.99999,8,22,25,880,1152,0.313869,7.75982e-09,4.46626e-05
gappy-POD,1.0,0.99999,8,22,25,880,1152,0.314507,7.76513e-09,4.39985e-05
QDEIM,1.0,0.99999,8,22,25,880,1152,0.311799,7.76513e-09,4.39985e-05
EQP,1.0,0.99999,8,22,2048,900,900,0.160189,1.19592e-05,0.129325
SOPT,1.0,0.99999,8,22,25,900,1152,0.311239,7.76319e-09,4.47502e-05
gappy-POD,1.0,0.99999,8,22,25,900,1152,0.31215,7.76523e-09,4.4e-05
QDEIM,1.0,0.99999,8,22,25,900,1152,0.315116,7.76523e-09,4.4e-05
EQP,1.0,0.99999,8,22,2048,920,920,0.16668,5.82774e-06,0.0566945
SOPT,1.0,0.99999,8,22,25,920,1152,0.316548,7.7634e-09,4.47841e-05
gappy-POD,1.0,0.99999,8,22,25,920,1152,0.314905,7.76512e-09,4.39938e-05
QDEIM,1.0,0.99999,8,22,25,920,1152,0.315329,7.76512e-09,4.39938e-05
EQP,1.0,0.99999,8,22,2048,940,940,0.169179,5.93456e-06,0.0666631
SOPT,1.0,0.99999,8,22,25,940,1152,0.31054,7.76384e-09,4.45994e-05
gappy-POD,1.0,0.99999,8,22,25,940,1152,0.312567,7.7652e-09,4.39935e-05
QDEIM,1.0,0.99999,8,22,25,940,1152,0.315091,7.7652e-09,4.39935e-05
EQP,1.0,0.99999,8,22,2048,960,960,0.1719,8.69986e-06,0.115828
SOPT,1.0,0.99999,8,22,25,960,1152,0.312194,7.76274e-09,4.46228e-05
gappy-POD,1.0,0.99999,8,22,25,960,1152,0.314742,7.76528e-09,4.39874e-05
QDEIM,1.0,0.99999,8,22,25,960,1152,0.312479,7.76528e-09,4.39874e-05
EQP,1.0,0.99999,8,22,2048,980,980,0.171269,8.27063e-06,0.112628
SOPT,1.0,0.99999,8,22,25,980,1152,0.318843,7.75487e-09,4.4711e-05
gappy-POD,1.0,0.99999,8,22,25,980,1152,0.311919,7.76518e-09,4.39829e-05
QDEIM,1.0,0.99999,8,22,25,980,1152,0.311476,7.76518e-09,4.39829e-05
EQP,1.0,0.99999,8,22,2048,1000,1000,0.177081,4.78682e-06,0.0935633
SOPT,1.0,0.99999,8,22,25,1000,1152,0.314792,7.75312e-09,4.4732e-05
gappy-POD,1.0,0.99999,8,22,25,1000,1152,0.316292,7.76532e-09,4.39811e-05
QDEIM,1.0,0.99999,8,22,25,1000,1152,0.32096,7.76532e-09,4.39811e-05
EQP,1.0,0.99999,8,22,2048,1020,1020,0.180414,2.98798e-06,0.069707
SOPT,1.0,0.99999,8,22,25,1020,1152,0.316711,7.75374e-09,4.47226e-05
gappy-POD,1.0,0.99999,8,22,25,1020,1152,0.31605,7.76541e-09,4.39816e-05
QDEIM,1.0,0.99999,8,22,25,1020,1152,0.315811,7.76541e-09,4.39816e-05
EQP,1.0,0.99999,8,22,2048,1040,1040,0.185976,2.54146e-06,0.0636166
SOPT,1.0,0.99999,8,22,25,1040,1152,0.313744,7.7534e-09,4.47299e-05
gappy-POD,1.0,0.99999,8,22,25,1040,1152,0.31151,7.76546e-09,4.39817e-05
QDEIM,1.0,0.99999,8,22,25,1040,1152,0.312394,7.76546e-09,4.39817e-05
EQP,1.0,0.99999,8,22,2048,1060,1060,0.190953,3.15584e-06,0.036494
SOPT,1.0,0.99999,8,22,25,1060,1152,0.315175,7.75421e-09,4.46892e-05
gappy-POD,1.0,0.99999,8,22,25,1060,1152,0.315025,7.76547e-09,4.39815e-05
QDEIM,1.0,0.99999,8,22,25,1060,1152,0.313005,7.76547e-09,4.39815e-05
EQPGlobal,1.0,0.999999,14,26,2626,2048,1239,0.239057,9.09022e-07,0.0239165
EQP,1.0,0.999999,14,26,2048,20,20,0.0138245,0.000228887,0.287797
SOPT,1.0,0.999999,14,26,29,20,0,,,
gappy-POD,1.0,0.999999,14,26,29,20,0,,,
QDEIM,1.0,0.999999,14,26,29,20,0,,,
EQP,1.0,0.999999,14,26,2048,40,40,0.0177719,0.000226936,0.311923
SOPT,1.0,0.999999,14,26,29,40,279,0.0795593,0.00131336,0.382724
gappy-POD,1.0,0.999999,14,26,29,40,225,0.0654154,0.00145323,0.320739
QDEIM,1.0,0.999999,14,26,29,40,297,0.0839337,0.00145323,0.320739
EQP,1.0,0.999999,14,26,2048,60,60,0.0227786,0.000224119,0.300842
SOPT,1.0,0.999999,14,26,29,60,324,0.0903277,0.00116677,0.209483
gappy-POD,1.0,0.999999,14,26,29,60,306,0.0863994,0.00132688,0.235116
QDEIM,1.0,0.999999,14,26,29,60,405,0.1117,0.00132688,0.235116
EQP,1.0,0.999999,14,26,2048,80,80,0.0274972,0.000221158,0.327374
SOPT,1.0,0.999999,14,26,29,80,396,0.109437,0.000942264,0.164789
gappy-POD,1.0,0.999999,14,26,29,80,324,0.0929628,0.00125994,0.217436
QDEIM,1.0,0.999999,14,26,29,80,414,0.116432,0.00125994,0.217436
EQP,1.0,0.999999,14,26,2048,100,100,0.0300317,0.000218495,0.299973
SOPT,1.0,0.999999,14,26,29,100,477,0.13149,0.000733436,0.123066
gappy-POD,1.0,0.999999,14,26,29,100,351,0.0991263,0.00123747,0.213723
QDEIM,1.0,0.999999,14,26,29,100,441,0.121438,0.00123747,0.213723
EQP,1.0,0.999999,14,26,2048,120,120,0.0370219,0.00021178,0.349594
SOPT,1.0,0.999999,14,26,29,120,567,0.154338,0.000582409,0.0898107
gappy-POD,1.0,0.999999,14,26,29,120,396,0.110088,0.00114349,0.192749
QDEIM,1.0,0.999999,14,26,29,120,477,0.130976,0.00114349,0.192749
EQP,1.0,0.999999,14,26,2048,140,140,0.0407695,0.000181463,0.355837
SOPT,1.0,0.999999,14,26,29,140,621,0.171189,0.000501181,0.0857562
gappy-POD,1.0,0.999999,14,26,29,140,450,0.126262,0.000945165,0.165892
QDEIM,1.0,0.999999,14,26,29,140,477,0.132812,0.000945165,0.165892
EQP,1.0,0.999999,14,26,2048,160,160,0.0437782,0.000161031,0.401643
SOPT,1.0,0.999999,14,26,29,160,711,0.19262,0.000415555,0.0668945
gappy-POD,1.0,0.999999,14,26,29,160,486,0.136199,0.000903022,0.162608
QDEIM,1.0,0.999999,14,26,29,160,522,0.144808,0.000903022,0.162608
EQP,1.0,0.999999,14,26,2048,180,180,0.048011,0.000164475,0.340713
SOPT,1.0,0.999999,14,26,29,180,783,0.214725,0.00032909,0.0522271
gappy-POD,1.0,0.999999,14,26,29,180,513,0.142263,0.000840056,0.156254
QDEIM,1.0,0.999999,14,26,29,180,639,0.173745,0.000840056,0.156254
EQP,1.0,0.999999,14,26,2048,200,200,0.050692,0.000154777,0.292199
SOPT,1.0,0.999999,14,26,29,200,864,0.233676,0.000232501,0.0373088
gappy-POD,1.0,0.999999,14,26,29,200,540,0.148913,0.000816895,0.127622
QDEIM,1.0,0.999999,14,26,29,200,684,0.187157,0.000816895,0.127622
EQP,1.0,0.999999,14,26,2048,220,220,0.054521,0.000166034,0.29399
SOPT,1.0,0.999999,14,26,29,220,891,0.237833,0.000226854,0.0332677
gappy-POD,1.0,0.999999,14,26,29,220,594,0.161506,0.00070817,0.118963
QDEIM,1.0,0.999999,14,26,29,220,693,0.191621,0.00070817,0.118963
EQP,1.0,0.999999,14,26,2048,240,240,0.0578458,0.000163408,0.259364
SOPT,1.0,0.999999,14,26,29,240,954,0.256189,0.000156629,0.0269697
gappy-POD,1.0,0.999999,14,26,29,240,621,0.1696,0.000702593,0.126898
QDEIM,1.0,0.999999,14,26,29,240,702,0.193818,0.000702593,0.126898
EQP,1.0,0.999999,14,26,2048,260,260,0.0629696,0.000165403,0.269035
SOPT,1.0,0.999999,14,26,29,260,972,0.26039,0.000131406,0.0255506
gappy-POD,1.0,0.999999,14,26,29,260,684,0.188078,0.000521557,0.0795579
QDEIM,1.0,0.999999,14,26,29,260,711,0.194515,0.000521557,0.0795579
EQP,1.0,0.999999,14,26,2048,280,280,0.0640835,0.000160002,0.216769
SOPT,1.0,0.999999,14,26,29,280,999,0.267883,0.000108783,0.0295962
gappy-POD,1.0,0.999999,14,26,29,280,738,0.201736,0.000425788,0.0854854
QDEIM,1.0,0.999999,14,26,29,280,720,0.199426,0.000425788,0.0854854
EQP,1.0,0.999999,14,26,2048,300,300,0.0691891,0.000158985,0.217448
SOPT,1.0,0.999999,14,26,29,300,1008,0.27034,0.000107959,0.0281995
gappy-POD,1.0,0.999999,14,26,29,300,756,0.205479,0.000415262,0.0839594
QDEIM,1.0,0.999999,14,26,29,300,747,0.206064,0.000415262,0.0839594
EQP,1.0,0.999999,14,26,2048,320,320,0.0706764,0.000157537,0.210314
SOPT,1.0,0.999999,14,26,29,320,1035,0.281587,8.17069e-05,0.0255374
gappy-POD,1.0,0.999999,14,26,29,320,801,0.218933,0.000353804,0.0863131
QDEIM,1.0,0.999999,14,26,29,320,747,0.205933,0.000353804,0.0863131
EQP,1.0,0.999999,14,26,2048,340,340,0.0781918,0.000152488,0.200986
SOPT,1.0,0.999999,14,26,29,340,1071,0.287033,4.80139e-05,0.0159077
gappy-POD,1.0,0.999999,14,26,29,340,855,0.233505,0.000300492,0.0840687
QDEIM,1.0,0.999999,14,26,29,340,774,0.211296,0.000300492,0.0840687
EQP,1.0,0.999999,14,26,2048,360,360,0.0802571,0.000152882,0.181486
SOPT,1.0,0.999999,14,26,29,360,1071,0.288488,4.80174e-05,0.0159131
gappy-POD,1.0,0.999999,14,26,29,360,882,0.240232,0.000264435,0.0735994
QDEIM,1.0,0.999999,14,26,29,360,783,0.213898,0.000264435,0.0735994
EQP,1.0,0.999999,14,26,2048,380,380,0.0805674,0.000145651,0.176209
SOPT,1.0,0.999999,14,26,29,380,1089,0.296452,4.13302e-05,0.0126552
gappy-POD,1.0,0.999999,14,26,29,380,900,0.246048,0.000253456,0.072515
QDEIM,1.0,0.999999,14,26,29,380,801,0.216874,0.000253456,0.072515
EQP,1.0,0.999999,14,26,2048,400,400,0.0871834,0.000144625,0.172179
SOPT,1.0,0.999999,14,26,29,400,1098,0.294232,3.99515e-05,0.0129471
gappy-POD,1.0,0.999999,14,26,29,400,909,0.245052,0.000233351,0.0642187
QDEIM,1.0,0.999999,14,26,29,400,801,0.219917,0.000233351,0.0642187
EQP,1.0,0.999999,14,26,2048,420,420,0.0882334,0.000142699,0.166115
SOPT,1.0,0.999999,14,26,29,420,1116,0.304141,2.66498e-05,0.0123741
gappy-POD,1.0,0.999999,14,26,29,420,945,0.260199,0.00021159,0.0642017
QDEIM,1.0,0.999999,14,26,29,420,864,0.235315,0.00021159,0.0642017
EQP,1.0,0.999999,14,26,2048,440,440,0.0943207,0.000142605,0.148789
SOPT,1.0,0.999999,14,26,29,440,1116,0.301288,2.66458e-05,0.012373
gappy-POD,1.0,0.999999,14,26,29,440,981,0.265557,0.000180003,0.0647545
QDEIM,1.0,0.999999,14,26,29,440,900,0.245654,0.000180003,0.0647545
EQP,1.0,0.999999,14,26,2048,460,460,0.0985613,9.0448e-05,0.489942
SOPT,1.0,0.999999,14,26,29,460,1134,0.308474,1.70763e-05,0.00745809
gappy-POD,1.0,0.999999,14,26,29,460,999,0.271304,0.000141693,0.0475533
QDEIM,1.0,0.999999,14,26,29,460,927,0.252254,0.000141693,0.0475533
EQP,1.0,0.999999,14,26,2048,480,480,0.101291,9.19259e-05,0.457275
SOPT,1.0,0.999999,14,26,29,480,1152,0.313341,6.14012e-10,6.20042e-06
gappy-POD,1.0,0.999999,14,26,29,480,1026,0.277329,0.000103078,0.0314856
QDEIM,1.0,0.999999,14,26,29,480,927,0.255596,0.000103078,0.0314856
EQP,1.0,0.999999,14,26,2048,500,500,0.105189,5.04797e-05,0.296438
SOPT,1.0,0.999999,14,26,29,500,1152,0.310155,6.13554e-10,6.20076e-06
gappy-POD,1.0,0.999999,14,26,29,500,1026,0.279451,0.00010309,0.0314423
QDEIM,1.0,0.999999,14,26,29,500,972,0.263161,0.00010309,0.0314423
EQP,1.0,0.999999,14,26,2048,520,520,0.107265,5.09627e-05,0.286249
SOPT,1.0,0.999999,14,26,29,520,1152,0.31555,6.13607e-10,6.2002e-06
gappy-POD,1.0,0.999999,14,26,29,520,1080,0.294449,6.26531e-05,0.0291287
QDEIM,1.0,0.999999,14,26,29,520,1008,0.272202,6.26531e-05,0.0291287
EQP,1.0,0.999999,14,26,2048,540,540,0.111461,3.33915e-05,0.322085
SOPT,1.0,0.999999,14,26,29,540,1152,0.311399,6.13726e-10,6.20022e-06
gappy-POD,1.0,0.999999,14,26,29,540,1116,0.308164,1.79113e-05,0.00918117
QDEIM,1.0,0.999999,14,26,29,540,1053,0.289761,1.79113e-05,0.00918117
EQP,1.0,0.999999,14,26,2048,560,560,0.111585,3.24708e-05,0.433912
SOPT,1.0,0.999999,14,26,29,560,1152,0.316049,6.1373e-10,6.20024e-06
gappy-POD,1.0,0.999999,14,26,29,560,1125,0.304823,2.22532e-05,0.00975935
QDEIM,1.0,0.999999,14,26,29,560,1053,0.286542,2.22532e-05,0.00975935
EQP,1.0,0.999999,14,26,2048,580,580,0.116116,2.82503e-05,0.492147
SOPT,1.0,0.999999,14,26,29,580,1152,0.316874,6.1373e-10,6.20025e-06
gappy-POD,1.0,0.999999,14,26,29,580,1134,0.308346,9.64202e-06,0.0044727
QDEIM,1.0,0.999999,14,26,29,580,1089,0.295951,9.64202e-06,0.0044727
EQP,1.0,0.999999,14,26,2048,600,600,0.123559,2.8018e-05,0.448712
SOPT,1.0,0.999999,14,26,29,600,1152,0.314165,6.13733e-10,6.20026e-06
gappy-POD,1.0,0.999999,14,26,29,600,1143,0.308597,4.46533e-06,0.00216863
QDEIM,1.0,0.999999,14,26,29,600,1098,0.301956,4.46533e-06,0.00216863
EQP,1.0,0.999999,14,26,2048,620,620,0.127244,2.51452e-05,0.432812
SOPT,1.0,0.999999,14,26,29,620,1152,0.317121,6.13741e-10,6.20029e-06
gappy-POD,1.0,0.999999,14,26,29,620,1152,0.316768,6.12771e-10,6.20722e-06
QDEIM,1.0,0.999999,14,26,29,620,1125,0.306594,6.12771e-10,6.20722e-06
EQP,1.0,0.999999,14,26,2048,640,640,0.130609,1.91083e-05,0.272655
SOPT,1.0,0.999999,14,26,29,640,1152,0.310736,6.14101e-10,6.20034e-06
gappy-POD,1.0,0.999999,14,26,29,640,1152,0.317764,6.16259e-10,6.20621e-06
QDEIM,1.0,0.999999,14,26,29,640,1152,0.317886,6.16259e-10,6.20621e-06
EQP,1.0,0.999999,14,26,2048,660,660,0.132569,1.68345e-05,0.288287
SOPT,1.0,0.999999,14,26,29,660,1152,0.313085,6.14885e-10,6.20009e-06
gappy-POD,1.0,0.999999,14,26,29,660,1152,0.314439,6.17026e-10,6.20414e-06
QDEIM,1.0,0.999999,14,26,29,660,1152,0.311491,6.17026e-10,6.20414e-06
EQP,1.0,0.999999,14,26,2048,680,680,0.138382,1.80296e-05,0.247218
SOPT,1.0,0.999999,14,26,29,680,1152,0.314167,6.15394e-10,6.19944e-06
gappy-POD,1.0,0.999999,14,26,29,680,1152,0.316204,6.15527e-10,6.20546e-06
QDEIM,1.0,0.999999,14,26,29,680,1152,0.313151,6.15527e-10,6.20546e-06
EQP,1.0,0.999999,14,26,2048,700,700,0.140022,2.04005e-05,0.197366
SOPT,1.0,0.999999,14,26,29,700,1152,0.312632,6.15811e-10,6.19769e-06
gappy-POD,1.0,0.999999,14,26,29,700,1152,0.312246,6.16571e-10,6.20409e-06
QDEIM,1.0,0.999999,14,26,29,700,1152,0.311823,6.16571e-10,6.20409e-06
EQP,1.0,0.999999,14,26,2048,720,720,0.143463,2.14383e-05,0.214643
SOPT,1.0,0.999999,14,26,29,720,1152,0.31805,6.15788e-10,6.19699e-06
gappy-POD,1.0,0.999999,14,26,29,720,1152,0.317341,6.15741e-10,6.204e-06
QDEIM,1.0,0.999999,14,26,29,720,1152,0.315677,6.15741e-10,6.204e-06
EQP,1.0,0.999999,14,26,2048,740,740,0.14781,2.32099e-05,0.172161
SOPT,1.0,0.999999,14,26,29,740,1152,0.317506,6.16214e-10,6.19704e-06
gappy-POD,1.0,0.999999,14,26,29,740,1152,0.320383,6.14961e-10,6.20501e-06
QDEIM,1.0,0.999999,14,26,29,740,1152,0.314239,6.14961e-10,6.20501e-06
EQP,1.0,0.999999,14,26,2048,760,760,0.154642,2.36991e-05,0.125873
SOPT,1.0,0.999999,14,26,29,760,1152,0.316527,6.16209e-10,6.19606e-06
gappy-POD,1.0,0.999999,14,26,29,760,1152,0.317405,6.14975e-10,6.20373e-06
QDEIM,1.0,0.999999,14,26,29,760,1152,0.318081,6.14975e-10,6.20373e-06
EQP,1.0,0.999999,14,26,2048,780,780,0.158038,1.95021e-05,0.117688
SOPT,1.0,0.999999,14,26,29,780,1152,0.314779,6.16085e-10,6.19522e-06
gappy-POD,1.0,0.999999,14,26,29,780,1152,0.315813,6.14285e-10,6.20441e-06
QDEIM,1.0,0.999999,14,26,29,780,1152,0.31537,6.14285e-10,6.20441e-06
EQP,1.0,0.999999,14,26,2048,800,800,0.154454,1.37257e-05,0.103622
SOPT,1.0,0.999999,14,26,29,800,1152,0.315067,6.15378e-10,6.19837e-06
gappy-POD,1.0,0.999999,14,26,29,800,1152,0.313277,6.14524e-10,6.20409e-06
QDEIM,1.0,0.999999,14,26,29,800,1152,0.31836,6.14524e-10,6.20409e-06
EQP,1.0,0.999999,14,26,2048,820,820,0.165725,1.14765e-05,0.078898
SOPT,1.0,0.999999,14,26,29,820,1152,0.312786,6.14825e-10,6.19878e-06
gappy-POD,1.0,0.999999,14,26,29,820,1152,0.318107,6.1407e-10,6.20379e-06
QDEIM,1.0,0.999999,14,26,29,820,1152,0.313317,6.1407e-10,6.20379e-06
EQP,1.0,0.999999,14,26,2048,840,840,0.160266,1.03789e-05,0.0768446
SOPT,1.0,0.999999,14,26,29,840,1152,0.319079,6.14909e-10,6.19977e-06
gappy-POD,1.0,0.999999,14,26,29,840,1152,0.312444,6.13547e-10,6.20306e-06
QDEIM,1.0,0.999999,14,26,29,840,1152,0.315571,6.13547e-10,6.20306e-06
EQP,1.0,0.999999,14,26,2048,860,860,0.171505,1.03255e-05,0.072668
SOPT,1.0,0.999999,14,26,29,860,1152,0.31723,6.15278e-10,6.1993e-06
gappy-POD,1.0,0.999999,14,26,29,860,1152,0.318132,6.13434e-10,6.20263e-06
QDEIM,1.0,0.999999,14,26,29,860,1152,0.31468,6.13434e-10,6.20263e-06
EQP,1.0,0.999999,14,26,2048,880,880,0.168963,1.0794e-05,0.0843936
SOPT,1.0,0.999999,14,26,29,880,1152,0.315803,6.14682e-10,6.20125e-06
gappy-POD,1.0,0.999999,14,26,29,880,1152,0.315142,6.13552e-10,6.20237e-06
QDEIM,1.0,0.999999,14,26,29,880,1152,0.314387,6.13552e-10,6.20237e-06
EQP,1.0,0.999999,14,26,2048,900,900,0.18211,9.43968e-06,0.0712281
SOPT,1.0,0.999999,14,26,29,900,1152,0.317148,6.15189e-10,6.20145e-06
gappy-POD,1.0,0.999999,14,26,29,900,1152,0.316716,6.13411e-10,6.20309e-06
QDEIM,1.0,0.999999,14,26,29,900,1152,0.316677,6.13411e-10,6.20309e-06
EQP,1.0,0.999999,14,26,2048,920,920,0.186481,8.54782e-06,0.0707113
SOPT,1.0,0.999999,14,26,29,920,1152,0.3186,6.1516e-10,6.20152e-06
gappy-POD,1.0,0.999999,14,26,29,920,1152,0.317293,6.13542e-10,6.20266e-06
QDEIM,1.0,0.999999,14,26,29,920,1152,0.317657,6.13542e-10,6.20266e-06
EQP,1.0,0.999999,14,26,2048,940,940,0.178849,8.95396e-06,0.0736238
SOPT,1.0,0.999999,14,26,29,940,1152,0.31941,6.14341e-10,6.19857e-06
gappy-POD,1.0,0.999999,14,26,29,940,1152,0.318581,6.13466e-10,6.20252e-06
QDEIM,1.0,0.999999,14,26,29,940,1152,0.321331,6.13466e-10,6.20252e-06
EQP,1.0,0.999999,14,26,2048,960,960,0.18971,4.6679e-06,0.0825126
SOPT,1.0,0.999999,14,26,29,960,1152,0.317897,6.14059e-10,6.19838e-06
gappy-POD,1.0,0.999999,14,26,29,960,1152,0.31686,6.13439e-10,6.20234e-06
QDEIM,1.0,0.999999,14,26,29,960,1152,0.317767,6.13439e-10,6.20234e-06
EQP,1.0,0.999999,14,26,2048,980,980,0.185621,4.82221e-06,0.0710982
SOPT,1.0,0.999999,14,26,29,980,1152,0.317126,6.14513e-10,6.1994e-06
gappy-POD,1.0,0.999999,14,26,29,980,1152,0.31737,6.13281e-10,6.20174e-06
QDEIM,1.0,0.999999,14,26,29,980,1152,0.316662,6.13281e-10,6.20174e-06
EQP,1.0,0.999999,14,26,2048,1000,1000,0.19742,4.98879e-06,0.0594322
SOPT,1.0,0.999999,14,26,29,1000,1152,0.323704,6.15094e-10,6.19928e-06
gappy-POD,1.0,0.999999,14,26,29,1000,1152,0.315933,6.133e-10,6.20152e-06
QDEIM,1.0,0.999999,14,26,29,1000,1152,0.316888,6.133e-10,6.20152e-06
EQP,1.0,0.999999,14,26,2048,1020,1020,0.200805,5.26746e-06,0.0351851
SOPT,1.0,0.999999,14,26,29,1020,1152,0.316319,6.15714e-10,6.19541e-06
gappy-POD,1.0,0.999999,14,26,29,1020,1152,0.319833,6.13165e-10,6.20151e-06
QDEIM,1.0,0.999999,14,26,29,1020,1152,0.317434,6.13165e-10,6.20151e-06
EQP,1.0,0.999999,14,26,2048,1040,1040,0.206942,5.24249e-06,0.034029
SOPT,1.0,0.999999,14,26,29,1040,1152,0.319057,6.14549e-10,6.19609e-06
gappy-POD,1.0,0.999999,14,26,29,1040,1152,0.319992,6.13057e-10,6.20159e-06
QDEIM,1.0,0.999999,14,26,29,1040,1152,0.32327,6.13057e-10,6.20159e-06
EQP,1.0,0.999999,14,26,2048,1060,1060,0.213911,6.42831e-06,0.0318624
SOPT,1.0,0.999999,14,26,29,1060,1152,0.317739,6.12654e-10,6.20423e-06
gappy-POD,1.0,0.999999,14,26,29,1060,1152,0.320119,6.12963e-10,6.20164e-06
QDEIM,1.0,0.999999,14,26,29,1060,1152,0.32028,6.12963e-10,6.20164e-06
EQPGlobal,1.0,0.9999999,21,30,3030,2048,1520,0.380898,2.32894e-07,0.00382753
EQP,1.0,0.9999999,21,30,2048,20,20,0.0152233,0.000229566,0.288085
SOPT,1.0,0.9999999,21,30,32,20,0,,,
gappy-POD,1.0,0.9999999,21,30,32,20,0,,,
QDEIM,1.0,0.9999999,21,30,32,20,0,,,
EQP,1.0,0.9999999,21,30,2048,40,40,0.0221064,0.000229888,0.284033
SOPT,1.0,0.9999999,21,30,32,40,288,0.0825074,0.00122563,0.320203
gappy-POD,1.0,0.9999999,21,30,32,40,234,0.0694856,0.00141812,0.404267
QDEIM,1.0,0.9999999,21,30,32,40,279,0.0804223,0.00141812,0.404267
EQP,1.0,0.9999999,21,30,2048,60,60,0.0286366,0.000226882,0.280256
SOPT,1.0,0.9999999,21,30,32,60,351,0.0990852,0.00109103,0.301245
gappy-POD,1.0,0.9999999,21,30,32,60,288,0.0828827,0.00129601,0.357785
QDEIM,1.0,0.9999999,21,30,32,60,387,0.108885,0.00129601,0.357785
EQP,1.0,0.9999999,21,30,2048,80,80,0.0313945,0.000224886,0.283416
SOPT,1.0,0.9999999,21,30,32,80,405,0.113321,0.000971259,0.276122
gappy-POD,1.0,0.9999999,21,30,32,80,333,0.0938845,0.0012298,0.345815
QDEIM,1.0,0.9999999,21,30,32,80,405,0.112759,0.0012298,0.345815
EQP,1.0,0.9999999,21,30,2048,100,100,0.035646,0.000222173,0.277327
SOPT,1.0,0.9999999,21,30,32,100,495,0.13798,0.000705733,0.221957
gappy-POD,1.0,0.9999999,21,30,32,100,369,0.104296,0.00117154,0.314964
QDEIM,1.0,0.9999999,21,30,32,100,405,0.112559,0.00117154,0.314964
EQP,1.0,0.9999999,21,30,2048,120,120,0.0414489,0.000217672,0.356454
SOPT,1.0,0.9999999,21,30,32,120,558,0.155029,0.000632748,0.172264
gappy-POD,1.0,0.9999999,21,30,32,120,387,0.108192,0.001105,0.303397
QDEIM,1.0,0.9999999,21,30,32,120,423,0.117872,0.001105,0.303397
EQP,1.0,0.9999999,21,30,2048,140,140,0.0482355,0.000189861,0.336561
SOPT,1.0,0.9999999,21,30,32,140,603,0.165919,0.000547899,0.145926
gappy-POD,1.0,0.9999999,21,30,32,140,423,0.118263,0.00105761,0.287312
QDEIM,1.0,0.9999999,21,30,32,140,459,0.127913,0.00105761,0.287312
EQP,1.0,0.9999999,21,30,2048,160,160,0.0488083,0.000169111,0.40181
SOPT,1.0,0.9999999,21,30,32,160,657,0.180093,0.000482215,0.127474
gappy-POD,1.0,0.9999999,21,30,32,160,477,0.133406,0.000850496,0.259124
QDEIM,1.0,0.9999999,21,30,32,160,477,0.132903,0.000850496,0.259124
EQP,1.0,0.9999999,21,30,2048,180,180,0.0528079,0.000169775,0.396441
SOPT,1.0,0.9999999,21,30,32,180,729,0.199312,0.000420636,0.11511
gappy-POD,1.0,0.9999999,21,30,32,180,513,0.144436,0.000815641,0.253615
QDEIM,1.0,0.9999999,21,30,32,180,486,0.137128,0.000815641,0.253615
EQP,1.0,0.9999999,21,30,2048,200,200,0.0589661,0.000159041,0.287028
SOPT,1.0,0.9999999,21,30,32,200,765,0.209219,0.00039134,0.103282
gappy-POD,1.0,0.9999999,21,30,32,200,549,0.153346,0.000753987,0.253732
QDEIM,1.0,0.9999999,21,30,32,200,504,0.147262,0.000753987,0.253732
EQP,1.0,0.9999999,21,30,2048,220,220,0.0678295,0.000161769,0.237951
SOPT,1.0,0.9999999,21,30,32,220,801,0.21889,0.000335456,0.0958425
gappy-POD,1.0,0.9999999,21,30,32,220,549,0.152182,0.000779324,0.218887
QDEIM,1.0,0.9999999,21,30,32,220,585,0.162778,0.000779324,0.218887
EQP,1.0,0.9999999,21,30,2048,240,240,0.0650174,0.000166868,0.243682
SOPT,1.0,0.9999999,21,30,32,240,837,0.229305,0.000298174,0.0904292
gappy-POD,1.0,0.9999999,21,30,32,240,594,0.164932,0.000716145,0.229194
QDEIM,1.0,0.9999999,21,30,32,240,585,0.165592,0.000716145,0.229194
EQP,1.0,0.9999999,21,30,2048,260,260,0.0766597,0.000161702,0.218428
SOPT,1.0,0.9999999,21,30,32,260,909,0.249004,0.000238166,0.0685985
gappy-POD,1.0,0.9999999,21,30,32,260,657,0.181452,0.00060635,0.176963
QDEIM,1.0,0.9999999,21,30,32,260,621,0.171905,0.00060635,0.176963
EQP,1.0,0.9999999,21,30,2048,280,280,0.0736314,0.000161332,0.198236
SOPT,1.0,0.9999999,21,30,32,280,936,0.253375,0.000180104,0.0522178
gappy-POD,1.0,0.9999999,21,30,32,280,702,0.192785,0.000480204,0.134353
QDEIM,1.0,0.9999999,21,30,32,280,666,0.186436,0.000480204,0.134353
EQP,1.0,0.9999999,21,30,2048,300,300,0.084514,0.000157717,0.218447
SOPT,1.0,0.9999999,21,30,32,300,990,0.269779,0.000136197,0.0369865
gappy-POD,1.0,0.9999999,21,30,32,300,738,0.204062,0.000429029,0.130905
QDEIM,1.0,0.9999999,21,30,32,300,684,0.188913,0.000429029,0.130905
EQP,1.0,0.9999999,21,30,2048,320,320,0.0811763,0.000151509,0.197489
SOPT,1.0,0.9999999,21,30,32,320,1017,0.275542,9.74805e-05,0.0293931
gappy-POD,1.0,0.9999999,21,30,32,320,774,0.212579,0.000371249,0.122865
QDEIM,1.0,0.9999999,21,30,32,320,720,0.201723,0.000371249,0.122865
EQP,1.0,0.9999999,21,30,2048,340,340,0.0864079,0.000149955,0.194725
SOPT,1.0,0.9999999,21,30,32,340,1026,0.278512,9.07264e-05,0.0284649
gappy-POD,1.0,0.9999999,21,30,32,340,810,0.223421,0.000346948,0.133575
QDEIM,1.0,0.9999999,21,30,32,340,747,0.207541,0.000346948,0.133575
EQP,1.0,0.9999999,21,30,2048,360,360,0.101555,0.000151357,0.181743
SOPT,1.0,0.9999999,21,30,32,360,1071,0.291819,5.60259e-05,0.0183607
gappy-POD,1.0,0.9999999,21,30,32,360,846,0.231589,0.000298539,0.110714
QDEIM,1.0,0.9999999,21,30,32,360,792,0.219614,0.000298539,0.110714
EQP,1.0,0.9999999,21,30,2048,380,380,0.107631,0.000154016,0.179944
SOPT,1.0,0.9999999,21,30,32,380,1089,0.295374,5.2675e-05,0.017042
gappy-POD,1.0,0.9999999,21,30,32,380,900,0.247627,0.000239654,0.090091
QDEIM,1.0,0.9999999,21,30,32,380,846,0.232627,0.000239654,0.090091
EQP,1.0,0.9999999,21,30,2048,400,400,0.11103,0.000145679,0.162782
SOPT,1.0,0.9999999,21,30,32,400,1098,0.298733,4.16737e-05,0.0172041
gappy-POD,1.0,0.9999999,21,30,32,400,909,0.250389,0.000239072,0.0917167
QDEIM,1.0,0.9999999,21,30,32,400,891,0.243942,0.000239072,0.0917167
EQP,1.0,0.9999999,21,30,2048,420,420,0.102196,0.000143851,0.15536
SOPT,1.0,0.9999999,21,30,32,420,1116,0.301297,1.81249e-05,0.00756577
gappy-POD,1.0,0.9999999,21,30,32,420,936,0.255344,0.000216242,0.0834497
QDEIM,1.0,0.9999999,21,30,32,420,918,0.251054,0.000216242,0.0834497
EQP,1.0,0.9999999,21,30,2048,440,440,0.107414,0.000144443,0.137585
SOPT,1.0,0.9999999,21,30,32,440,1125,0.306472,1.33355e-05,0.00665064
gappy-POD,1.0,0.9999999,21,30,32,440,954,0.26236,0.000187243,0.0738747
QDEIM,1.0,0.9999999,21,30,32,440,936,0.259853,0.000187243,0.0738747
EQP,1.0,0.9999999,21,30,2048,460,460,0.125287,0.0001426,0.128904
SOPT,1.0,0.9999999,21,30,32,460,1143,0.309646,4.98133e-06,0.0028563
gappy-POD,1.0,0.9999999,21,30,32,460,990,0.270306,0.000150247,0.0605514
QDEIM,1.0,0.9999999,21,30,32,460,963,0.263952,0.000150247,0.0605514
EQP,1.0,0.9999999,21,30,2048,480,480,0.112816,9.1385e-05,0.380893
SOPT,1.0,0.9999999,21,30,32,480,1152,0.313257,6.43474e-11,1.84053e-06
gappy-POD,1.0,0.9999999,21,30,32,480,990,0.271132,0.000145765,0.0574949
QDEIM,1.0,0.9999999,21,30,32,480,972,0.266668,0.000145765,0.0574949
EQP,1.0,0.9999999,21,30,2048,500,500,0.118017,8.26443e-05,0.452415
SOPT,1.0,0.9999999,21,30,32,500,1152,0.31813,6.44525e-11,1.8404e-06
gappy-POD,1.0,0.9999999,21,30,32,500,1044,0.28681,9.97065e-05,0.0400589
QDEIM,1.0,0.9999999,21,30,32,500,1026,0.280724,9.97065e-05,0.0400589
EQP,1.0,0.9999999,21,30,2048,520,520,0.123353,6.39772e-05,0.32705
SOPT,1.0,0.9999999,21,30,32,520,1152,0.313913,6.43914e-11,1.84029e-06
gappy-POD,1.0,0.9999999,21,30,32,520,1062,0.289187,7.27289e-05,0.0264077
QDEIM,1.0,0.9999999,21,30,32,520,1026,0.280834,7.27289e-05,0.0264077
EQP,1.0,0.9999999,21,30,2048,540,540,0.132162,4.02147e-05,0.353212
SOPT,1.0,0.9999999,21,30,32,540,1152,0.314038,6.43894e-11,1.84028e-06
gappy-POD,1.0,0.9999999,21,30,32,540,1080,0.294942,5.17744e-05,0.0186087
QDEIM,1.0,0.9999999,21,30,32,540,1035,0.282601,5.17744e-05,0.0186087
EQP,1.0,0.9999999,21,30,2048,560,560,0.131114,3.11564e-05,0.293568
SOPT,1.0,0.9999999,21,30,32,560,1152,0.315626,6.43902e-11,1.84028e-06
gappy-POD,1.0,0.9999999,21,30,32,560,1116,0.305571,1.62057e-05,0.00732026
QDEIM,1.0,0.9999999,21,30,32,560,1053,0.292693,1.62057e-05,0.00732026
EQP,1.0,0.9999999,21,30,2048,580,580,0.134501,3.01261e-05,0.294735
SOPT,1.0,0.9999999,21,30,32,580,1152,0.31419,6.43903e-11,1.84029e-06
gappy-POD,1.0,0.9999999,21,30,32,580,1134,0.310636,8.57427e-06,0.00504318
QDEIM,1.0,0.9999999,21,30,32,580,1071,0.295487,8.57427e-06,0.00504318
EQP,1.0,0.9999999,21,30,2048,600,600,0.159991,3.0067e-05,0.250624
SOPT,1.0,0.9999999,21,30,32,600,1152,0.313878,6.43913e-11,1.8403e-06
gappy-POD,1.0,0.9999999,21,30,32,600,1143,0.315231,4.29762e-06,0.00243332
QDEIM,1.0,0.9999999,21,30,32,600,1116,0.307421,4.29762e-06,0.00243332
EQP,1.0,0.9999999,21,30,2048,620,620,0.157816,2.22075e-05,0.293355
SOPT,1.0,0.9999999,21,30,32,620,1152,0.314812,6.43587e-11,1.84041e-06
gappy-POD,1.0,0.9999999,21,30,32,620,1152,0.317178,6.19593e-11,1.82772e-06
QDEIM,1.0,0.9999999,21,30,32,620,1134,0.311124,6.19593e-11,1.82772e-06
EQP,1.0,0.9999999,21,30,2048,640,640,0.144561,1.9516e-05,0.149226
SOPT,1.0,0.9999999,21,30,32,640,1152,0.315099,6.43496e-11,1.83979e-06
gappy-POD,1.0,0.9999999,21,30,32,640,1152,0.315097,6.18408e-11,1.82684e-06
QDEIM,1.0,0.9999999,21,30,32,640,1143,0.315617,6.18408e-11,1.82684e-06
EQP,1.0,0.9999999,21,30,2048,660,660,0.150146,1.45897e-05,0.114492
SOPT,1.0,0.9999999,21,30,32,660,1152,0.317998,6.43449e-11,1.84102e-06
gappy-POD,1.0,0.9999999,21,30,32,660,1152,0.316604,6.18797e-11,1.82682e-06
QDEIM,1.0,0.9999999,21,30,32,660,1143,0.312564,6.18797e-11,1.82682e-06
EQP,1.0,0.9999999,21,30,2048,680,680,0.159214,1.39596e-05,0.105317
SOPT,1.0,0.9999999,21,30,32,680,1152,0.315065,6.41757e-11,1.83904e-06
gappy-POD,1.0,0.9999999,21,30,32,680,1152,0.318334,6.19819e-11,1.82659e-06
QDEIM,1.0,0.9999999,21,30,32,680,1152,0.316679,6.19819e-11,1.82659e-06
EQP,1.0,0.9999999,21,30,2048,700,700,0.15856,1.56609e-05,0.149601
SOPT,1.0,0.9999999,21,30,32,700,1152,0.316843,6.42221e-11,1.83892e-06
gappy-POD,1.0,0.9999999,21,30,32,700,1152,0.316197,6.17268e-11,1.82565e-06
QDEIM,1.0,0.9999999,21,30,32,700,1152,0.315261,6.17268e-11,1.82565e-06
EQP,1.0,0.9999999,21,30,2048,720,720,0.188298,1.34446e-05,0.171775
SOPT,1.0,0.9999999,21,30,32,720,1152,0.316055,6.41352e-11,1.8383e-06
gappy-POD,1.0,0.9999999,21,30,32,720,1152,0.319983,6.16872e-11,1.82507e-06
QDEIM,1.0,0.9999999,21,30,32,720,1152,0.318711,6.16872e-11,1.82507e-06
EQP,1.0,0.9999999,21,30,2048,740,740,0.172245,1.17183e-05,0.19102
SOPT,1.0,0.9999999,21,30,32,740,1152,0.316303,6.40786e-11,1.83811e-06
gappy-POD,1.0,0.9999999,21,30,32,740,1152,0.319025,6.16169e-11,1.82535e-06
QDEIM,1.0,0.9999999,21,30,32,740,1152,0.316497,6.16169e-11,1.82535e-06
EQP,1.0,0.9999999,21,30,2048,760,760,0.17533,1.46271e-05,0.188477
SOPT,1.0,0.9999999,21,30,32,760,1152,0.315148,6.4422e-11,1.83836e-06
gappy-POD,1.0,0.9999999,21,30,32,760,1152,0.317432,6.15219e-11,1.82376e-06
QDEIM,1.0,0.9999999,21,30,32,760,1152,0.318296,6.15219e-11,1.82376e-06
EQP,1.0,0.9999999,21,30,2048,780,780,0.206641,1.4299e-05,0.177511
SOPT,1.0,0.9999999,21,30,32,780,1152,0.316599,6.40725e-11,1.83668e-06
gappy-POD,1.0,0.9999999,21,30,32,780,1152,0.31819,6.14801e-11,1.82367e-06
QDEIM,1.0,0.9999999,21,30,32,780,1152,0.318093,6.14801e-11,1.82367e-06
EQP,1.0,0.9999999,21,30,2048,800,800,0.200059,1.30527e-05,0.188765
SOPT,1.0,0.9999999,21,30,32,800,1152,0.319643,6.49471e-11,1.83919e-06
gappy-POD,1.0,0.9999999,21,30,32,800,1152,0.317398,6.15594e-11,1.82252e-06
QDEIM,1.0,0.9999999,21,30,32,800,1152,0.318037,6.15594e-11,1.82252e-06
EQP,1.0,0.9999999,21,30,2048,820,820,0.216354,1.09997e-05,0.135281
SOPT,1.0,0.9999999,21,30,32,820,1152,0.31641,6.51868e-11,1.839e-06
gappy-POD,1.0,0.9999999,21,30,32,820,1152,0.318238,6.15818e-11,1.8224e-06
QDEIM,1.0,0.9999999,21,30,32,820,1152,0.320665,6.15818e-11,1.8224e-06
EQP,1.0,0.9999999,21,30,2048,840,840,0.218464,8.47652e-06,0.119428
SOPT,1.0,0.9999999,21,30,32,840,1152,0.3193,6.51613e-11,1.83829e-06
gappy-POD,1.0,0.9999999,21,30,32,840,1152,0.316145,6.16516e-11,1.82236e-06
QDEIM,1.0,0.9999999,21,30,32,840,1152,0.317225,6.16516e-11,1.82236e-06
EQP,1.0,0.9999999,21,30,2048,860,860,0.193515,8.51882e-06,0.086897
SOPT,1.0,0.9999999,21,30,32,860,1152,0.317283,6.50259e-11,1.83792e-06
gappy-POD,1.0,0.9999999,21,30,32,860,1152,0.317007,6.16451e-11,1.82242e-06
QDEIM,1.0,0.9999999,21,30,32,860,1152,0.31779,6.16451e-11,1.82242e-06
EQP,1.0,0.9999999,21,30,2048,880,880,0.193612,5.81382e-06,0.0627209
SOPT,1.0,0.9999999,21,30,32,880,1152,0.318081,6.51805e-11,1.83653e-06
gappy-POD,1.0,0.9999999,21,30,32,880,1152,0.316963,6.15921e-11,1.8217e-06
QDEIM,1.0,0.9999999,21,30,32,880,1152,0.319038,6.15921e-11,1.8217e-06
EQP,1.0,0.9999999,21,30,2048,900,900,0.233121,4.37105e-06,0.0423733
SOPT,1.0,0.9999999,21,30,32,900,1152,0.318158,6.44849e-11,1.83469e-06
gappy-POD,1.0,0.9999999,21,30,32,900,1152,0.321169,6.16412e-11,1.82172e-06
QDEIM,1.0,0.9999999,21,30,32,900,1152,0.318609,6.16412e-11,1.82172e-06
EQP,1.0,0.9999999,21,30,2048,920,920,0.239084,2.91012e-06,0.0400164
SOPT,1.0,0.9999999,21,30,32,920,1152,0.325669,6.46996e-11,1.83613e-06
gappy-POD,1.0,0.9999999,21,30,32,920,1152,0.322453,6.16526e-11,1.82182e-06
QDEIM,1.0,0.9999999,21,30,32,920,1152,0.317682,6.16526e-11,1.82182e-06
EQP,1.0,0.9999999,21,30,2048,940,940,0.20785,1.56735e-06,0.0296869
SOPT,1.0,0.9999999,21,30,32,940,1152,0.321028,6.46702e-11,1.83538e-06
gappy-POD,1.0,0.9999999,21,30,32,940,1152,0.322097,6.16405e-11,1.82177e-06
QDEIM,1.0,0.9999999,21,30,32,940,1152,0.319158,6.16405e-11,1.82177e-06
EQP,1.0,0.9999999,21,30,2048,960,960,0.207025,2.9102e-06,0.034942
SOPT,1.0,0.9999999,21,30,32,960,1152,0.32344,6.50369e-11,1.83567e-06
gappy-POD,1.0,0.9999999,21,30,32,960,1152,0.32166,6.16507e-11,1.82172e-06
QDEIM,1.0,0.9999999,21,30,32,960,1152,0.323262,6.16507e-11,1.82172e-06
EQP,1.0,0.9999999,21,30,2048,980,980,0.251103,1.81884e-06,0.0365171
SOPT,1.0,0.9999999,21,30,32,980,1152,0.320781,6.31826e-11,1.83733e-06
gappy-POD,1.0,0.9999999,21,30,32,980,1152,0.3222,6.16474e-11,1.82143e-06
QDEIM,1.0,0.9999999,21,30,32,980,1152,0.322592,6.16474e-11,1.82143e-06
EQP,1.0,0.9999999,21,30,2048,1000,1000,0.222202,2.03352e-06,0.0309864
SOPT,1.0,0.9999999,21,30,32,1000,1152,0.327304,6.25321e-11,1.83607e-06
gappy-POD,1.0,0.9999999,21,30,32,1000,1152,0.32398,6.1602e-11,1.82105e-06
QDEIM,1.0,0.9999999,21,30,32,1000,1152,0.324934,6.1602e-11,1.82105e-06
EQP,1.0,0.9999999,21,30,2048,1020,1020,0.222144,1.77055e-06,0.0243632
SOPT,1.0,0.9999999,21,30,32,1020,1152,0.328974,6.3641e-11,1.83831e-06
gappy-POD,1.0,0.9999999,21,30,32,1020,1152,0.328262,6.15842e-11,1.82099e-06
QDEIM,1.0,0.9999999,21,30,32,1020,1152,0.324733,6.15842e-11,1.82099e-06
EQP,1.0,0.9999999,21,30,2048,1040,1040,0.233705,2.47529e-06,0.0156797
SOPT,1.0,0.9999999,21,30,32,1040,1152,0.32792,6.36983e-11,1.84092e-06
gappy-POD,1.0,0.9999999,21,30,32,1040,1152,0.326635,6.15925e-11,1.82109e-06
QDEIM,1.0,0.9999999,21,30,32,1040,1152,0.328261,6.15925e-11,1.82109e-06
EQP,1.0,0.9999999,21,30,2048,1060,1060,0.273669,2.72786e-06,0.0187988
SOPT,1.0,0.9999999,21,30,32,1060,1152,0.336337,6.41157e-11,1.83977e-06
gappy-POD,1.0,0.9999999,21,30,32,1060,1152,0.327003,6.15749e-11,1.82089e-06
QDEIM,1.0,0.9999999,21,30,32,1060,1152,0.328343,6.15749e-11,1.82089e-06
EQP,1.0,0.99999,8,22,2048,1080,1080,0.199723,2.32781e-06,0.0221125
EQP,1.0,0.99999,8,22,2048,1100,1100,0.199551,2.77289e-06,0.031653
EQP,1.0,0.99999,8,22,2048,1120,1120,0.203187,2.56673e-06,0.0356684
EQP,1.0,0.99999,8,22,2048,1140,1140,0.218427,2.11267e-06,0.0272053
EQP,1.0,0.99999,8,22,2048,1160,1150,0.208783,2.59099e-06,0.0309559
EQP,1.0,0.99999,8,22,2048,1180,1150,0.205816,2.59099e-06,0.0309559
EQP,1.0,0.99999,8,22,2048,1200,1150,0.205253,2.59099e-06,0.0309559
EQP,1.0,0.999999,14,26,2048,1080,1080,0.219255,6.94087e-06,0.0288491
EQP,1.0,0.999999,14,26,2048,1100,1100,0.222557,4.01146e-06,0.025213
EQP,1.0,0.999999,14,26,2048,1120,1120,0.236087,3.81901e-06,0.0232764
EQP,1.0,0.999999,14,26,2048,1140,1140,0.254614,3.12966e-06,0.0245596
EQP,1.0,0.999999,14,26,2048,1160,1160,0.241061,1.57165e-06,0.0179371
EQP,1.0,0.999999,14,26,2048,1180,1180,0.247286,1.44254e-06,0.0183834
EQP,1.0,0.999999,14,26,2048,1200,1200,0.251393,1.24873e-06,0.0163037
EQP,1.0,0.9999999,21,30,2048,1080,1080,0.292429,4.46005e-06,0.0329136
EQP,1.0,0.9999999,21,30,2048,1100,1100,0.257605,3.58684e-06,0.029866
EQP,1.0,0.9999999,21,30,2048,1120,1120,0.262901,3.68143e-06,0.0256071
EQP,1.0,0.9999999,21,30,2048,1140,1140,0.30442,2.87277e-06,0.0181039
EQP,1.0,0.9999999,21,30,2048,1160,1160,0.311641,3.64139e-06,0.0185032
EQP,1.0,0.9999999,21,30,2048,1180,1180,0.274581,2.72518e-06,0.0135381
EQP,1.0,0.9999999,21,30,2048,1200,1200,0.325665,2.70682e-06,0.0135684
EQP,1.0,0.999999,14,26,2048,1220,1220,0.253573,8.93466e-07,0.025167
EQP,1.0,0.999999,14,26,2048,1240,1239,0.246012,9.09022e-07,0.0239165
EQP,1.0,0.999999,14,26,2048,1260,1239,0.258841,9.09022e-07,0.0239165
EQP,1.0,0.999999,14,26,2048,1280,1239,0.258886,9.09022e-07,0.0239165
EQP,1.0,0.999999,14,26,2048,1300,1239,0.258669,9.09022e-07,0.0239165
EQP,1.0,0.999999,14,26,2048,1320,1239,0.261456,9.09022e-07,0.0239165
EQP,1.0,0.999999,14,26,2048,1340,1239,0.247279,9.09022e-07,0.0239165
EQP,1.0,0.999999,14,26,2048,1360,1239,0.246852,9.09022e-07,0.0239165
EQP,1.0,0.999999,14,26,2048,1380,1239,0.242926,9.09022e-07,0.0239165
EQP,1.0,0.999999,14,26,2048,1400,1239,0.246413,9.09022e-07,0.0239165
EQP,1.0,0.999999,14,26,2048,1420,1239,0.244594,9.09022e-07,0.0239165
EQP,1.0,0.999999,14,26,2048,1440,1239,0.259459,9.09022e-07,0.0239165
