method,solver,window,w,t,ef,k,ErrX,ErrV,ErrE,TT2,nqp
EQPglobal,7,10,25,0.1,0.99,2,,1.09986e-06,0.000552918,6.81195e-07,0.575435,5,5,11,22,11,11,11,22,11,11,11,22,11,11,11,11,11,22,11,11,11,22,11,11,11,22,11,11,11,22,11,11,11,22,11,11,11,22,11,11,11,22,11,11,11,22,11,11,13,26,134
EQP,7,10,25,0.1,0.99,2,20,1.10154e-06,0.00056205,1.60743e-07,0.555167,5,5,11,20,11,11,11,20,11,11,11,20,11,11,11,11,11,20,11,11,11,20,11,11,11,20,11,11,11,20,11,11,11,20,11,11,11,20,11,11,11,20,11,11,11,20,11,11,13,20,134
EQP,7,10,25,0.1,0.99,2,40,1.09986e-06,0.000552918,6.81195e-07,0.569955,5,5,11,22,11,11,11,22,11,11,11,22,11,11,11,11,11,22,11,11,11,22,11,11,11,22,11,11,11,22,11,11,11,22,11,11,11,22,11,11,11,22,11,11,11,22,11,11,13,26,134
EQP,7,10,25,0.1,0.99,2,60,1.09986e-06,0.000552918,6.81195e-07,0.552643,5,5,11,22,11,11,11,22,11,11,11,22,11,11,11,11,11,22,11,11,11,22,11,11,11,22,11,11,11,22,11,11,11,22,11,11,11,22,11,11,11,22,11,11,11,22,11,11,13,26,134
EQP,7,10,25,0.1,0.99,2,80,1.09986e-06,0.000552918,6.81195e-07,0.583612,5,5,11,22,11,11,11,22,11,11,11,22,11,11,11,11,11,22,11,11,11,22,11,11,11,22,11,11,11,22,11,11,11,22,11,11,11,22,11,11,11,22,11,11,11,22,11,11,13,26,134
EQP,7,10,25,0.1,0.99,2,100,1.09986e-06,0.000552918,6.81195e-07,0.569297,5,5,11,22,11,11,11,22,11,11,11,22,11,11,11,11,11,22,11,11,11,22,11,11,11,22,11,11,11,22,11,11,11,22,11,11,11,22,11,11,11,22,11,11,11,22,11,11,13,26,134
EQP,7,10,25,0.1,0.99,2,120,1.09986e-06,0.000552918,6.81195e-07,0.760204,5,5,11,22,11,11,11,22,11,11,11,22,11,11,11,11,11,22,11,11,11,22,11,11,11,22,11,11,11,22,11,11,11,22,11,11,11,22,11,11,11,22,11,11,11,22,11,11,13,26,134
EQP,7,10,25,0.1,0.99,2,140,1.09986e-06,0.000552918,6.81195e-07,0.615352,5,5,11,22,11,11,11,22,11,11,11,22,11,11,11,11,11,22,11,11,11,22,11,11,11,22,11,11,11,22,11,11,11,22,11,11,11,22,11,11,11,22,11,11,11,22,11,11,13,26,134
EQP,7,10,25,0.1,0.99,2,160,1.09986e-06,0.000552918,6.81195e-07,0.717893,5,5,11,22,11,11,11,22,11,11,11,22,11,11,11,11,11,22,11,11,11,22,11,11,11,22,11,11,11,22,11,11,11,22,11,11,11,22,11,11,11,22,11,11,11,22,11,11,13,26,134
EQP,7,10,25,0.1,0.99,2,180,1.09986e-06,0.000552918,6.81195e-07,0.594669,5,5,11,22,11,11,11,22,11,11,11,22,11,11,11,11,11,22,11,11,11,22,11,11,11,22,11,11,11,22,11,11,11,22,11,11,11,22,11,11,11,22,11,11,11,22,11,11,13,26,134
EQP,7,10,25,0.1,0.99,2,200,1.09986e-06,0.000552918,6.81195e-07,0.595637,5,5,11,22,11,11,11,22,11,11,11,22,11,11,11,11,11,22,11,11,11,22,11,11,11,22,11,11,11,22,11,11,11,22,11,11,11,22,11,11,11,22,11,11,11,22,11,11,13,26,134
EQPglobal,7,10,25,0.1,0.9999,2,,,,,,134
EQP,7,10,25,0.1,0.9999,2,20,0.000956509,0.14129,0.003797,0.60742,5,15,11,20,20,20,20,20,20,20,20,20,20,20,20,20,20,20,20,20,20,20,20,20,11,20,20,20,11,20,20,20,11,20,20,20,11,20,20,20,11,20,20,20,20,20,20,20,20,20,133
EQP,7,10,25,0.1,0.9999,2,40,5.55035e-07,4.87762e-05,5.66349e-07,0.625046,5,15,11,33,22,33,22,33,22,33,22,33,22,33,22,33,22,33,22,33,22,33,22,33,11,33,22,33,11,33,22,33,11,33,22,33,11,33,22,33,11,33,22,33,22,33,22,33,26,39,134
EQP,7,10,25,0.1,0.9999,2,60,5.55035e-07,4.87762e-05,5.66349e-07,0.824782,5,15,11,33,22,33,22,33,22,33,22,33,22,33,22,33,22,33,22,33,22,33,22,33,11,33,22,33,11,33,22,33,11,33,22,33,11,33,22,33,11,33,22,33,22,33,22,33,26,39,134
EQP,7,10,25,0.1,0.9999,2,80,5.55035e-07,4.87762e-05,5.66349e-07,0.636343,5,15,11,33,22,33,22,33,22,33,22,33,22,33,22,33,22,33,22,33,22,33,22,33,11,33,22,33,11,33,22,33,11,33,22,33,11,33,22,33,11,33,22,33,22,33,22,33,26,39,134
EQP,7,10,25,0.1,0.9999,2,100,5.55035e-07,4.87762e-05,5.66349e-07,0.66013,5,15,11,33,22,33,22,33,22,33,22,33,22,33,22,33,22,33,22,33,22,33,22,33,11,33,22,33,11,33,22,33,11,33,22,33,11,33,22,33,11,33,22,33,22,33,22,33,26,39,134
EQP,7,10,25,0.1,0.9999,2,120,5.55035e-07,4.87762e-05,5.66349e-07,0.626829,5,15,11,33,22,33,22,33,22,33,22,33,22,33,22,33,22,33,22,33,22,33,22,33,11,33,22,33,11,33,22,33,11,33,22,33,11,33,22,33,11,33,22,33,22,33,22,33,26,39,134
EQP,7,10,25,0.1,0.9999,2,140,5.55035e-07,4.87762e-05,5.66349e-07,0.641256,5,15,11,33,22,33,22,33,22,33,22,33,22,33,22,33,22,33,22,33,22,33,22,33,11,33,22,33,11,33,22,33,11,33,22,33,11,33,22,33,11,33,22,33,22,33,22,33,26,39,134
EQP,7,10,25,0.1,0.9999,2,160,5.55035e-07,4.87762e-05,5.66349e-07,0.637523,5,15,11,33,22,33,22,33,22,33,22,33,22,33,22,33,22,33,22,33,22,33,22,33,11,33,22,33,11,33,22,33,11,33,22,33,11,33,22,33,11,33,22,33,22,33,22,33,26,39,134
EQP,7,10,25,0.1,0.9999,2,180,5.55035e-07,4.87762e-05,5.66349e-07,0.60489,5,15,11,33,22,33,22,33,22,33,22,33,22,33,22,33,22,33,22,33,22,33,22,33,11,33,22,33,11,33,22,33,11,33,22,33,11,33,22,33,11,33,22,33,22,33,22,33,26,39,134
EQP,7,10,25,0.1,0.9999,2,200,5.55035e-07,4.87762e-05,5.66349e-07,0.688597,5,15,11,33,22,33,22,33,22,33,22,33,22,33,22,33,22,33,22,33,22,33,22,33,11,33,22,33,11,33,22,33,11,33,22,33,11,33,22,33,11,33,22,33,22,33,22,33,26,39,134
EQPglobal,4,20,27,0.1,0.99,2,,1.09818e-06,0.000466506,3.14593e-07,0.708868,19,19,20,40,20,20,20,40,20,20,20,40,20,40,20,20,20,40,20,20,20,40,20,20,20,20,20,40,20,20,20,40,20,20,20,40,20,20,20,40,20,20,20,40,20,20,20,40,20,20,20,20,22,44,134
EQP,4,20,27,0.1,0.99,2,20,1.03828e-05,0.00157162,9.91847e-07,0.717566,19,19,20,20,20,20,20,20,20,20,20,20,20,20,20,20,20,20,20,20,20,20,20,20,20,20,20,20,20,20,20,20,20,20,20,20,20,20,20,20,20,20,20,20,20,20,20,20,20,20,20,20,20,20,134
EQP,4,20,27,0.1,0.99,2,40,1.09846e-06,0.000466551,3.15737e-07,0.685501,19,19,20,40,20,20,20,40,20,20,20,40,20,40,20,20,20,40,20,20,20,40,20,20,20,20,20,40,20,20,20,40,20,20,20,40,20,20,20,40,20,20,20,40,20,20,20,40,20,20,20,20,22,40,134
EQP,4,20,27,0.1,0.99,2,60,1.09818e-06,0.000466506,3.14593e-07,0.700242,19,19,20,40,20,20,20,40,20,20,20,40,20,40,20,20,20,40,20,20,20,40,20,20,20,20,20,40,20,20,20,40,20,20,20,40,20,20,20,40,20,20,20,40,20,20,20,40,20,20,20,20,22,44,134
EQP,4,20,27,0.1,0.99,2,80,1.09818e-06,0.000466506,3.14593e-07,0.697657,19,19,20,40,20,20,20,40,20,20,20,40,20,40,20,20,20,40,20,20,20,40,20,20,20,20,20,40,20,20,20,40,20,20,20,40,20,20,20,40,20,20,20,40,20,20,20,40,20,20,20,20,22,44,134
EQP,4,20,27,0.1,0.99,2,100,1.09818e-06,0.000466506,3.14593e-07,0.682451,19,19,20,40,20,20,20,40,20,20,20,40,20,40,20,20,20,40,20,20,20,40,20,20,20,20,20,40,20,20,20,40,20,20,20,40,20,20,20,40,20,20,20,40,20,20,20,40,20,20,20,20,22,44,134
EQP,4,20,27,0.1,0.99,2,120,1.09818e-06,0.000466506,3.14593e-07,0.673913,19,19,20,40,20,20,20,40,20,20,20,40,20,40,20,20,20,40,20,20,20,40,20,20,20,20,20,40,20,20,20,40,20,20,20,40,20,20,20,40,20,20,20,40,20,20,20,40,20,20,20,20,22,44,134
EQP,4,20,27,0.1,0.99,2,140,1.09818e-06,0.000466506,3.14593e-07,0.690029,19,19,20,40,20,20,20,40,20,20,20,40,20,40,20,20,20,40,20,20,20,40,20,20,20,20,20,40,20,20,20,40,20,20,20,40,20,20,20,40,20,20,20,40,20,20,20,40,20,20,20,20,22,44,134
EQP,4,20,27,0.1,0.99,2,160,1.09818e-06,0.000466506,3.14593e-07,0.67038,19,19,20,40,20,20,20,40,20,20,20,40,20,40,20,20,20,40,20,20,20,40,20,20,20,20,20,40,20,20,20,40,20,20,20,40,20,20,20,40,20,20,20,40,20,20,20,40,20,20,20,20,22,44,134
EQP,4,20,27,0.1,0.99,2,180,1.09818e-06,0.000466506,3.14593e-07,0.677372,19,19,20,40,20,20,20,40,20,20,20,40,20,40,20,20,20,40,20,20,20,40,20,20,20,20,20,40,20,20,20,40,20,20,20,40,20,20,20,40,20,20,20,40,20,20,20,40,20,20,20,20,22,44,134
EQP,4,20,27,0.1,0.99,2,200,1.09818e-06,0.000466506,3.14593e-07,0.702892,19,19,20,40,20,20,20,40,20,20,20,40,20,40,20,20,20,40,20,20,20,40,20,20,20,20,20,40,20,20,20,40,20,20,20,40,20,20,20,40,20,20,20,40,20,20,20,40,20,20,20,20,22,44,134
EQPglobal,4,20,27,0.1,0.9999,2,,,,,,134
EQP,4,20,27,0.1,0.9999,2,20,0.00323237,3.15137,0.0139343,0.680428,19,20,20,20,20,20,20,20,20,20,20,20,20,20,20,20,20,20,20,20,20,20,20,20,20,20,20,20,20,20,20,20,20,20,20,20,20,20,20,20,20,20,20,20,20,20,20,20,20,20,20,20,20,20,135
EQP,4,20,27,0.1,0.9999,2,40,1.67843e-05,0.00419623,2.38833e-05,0.773968,19,38,20,40,40,40,40,40,40,40,40,40,40,40,40,40,40,40,40,40,40,40,40,40,40,40,20,40,40,40,20,40,40,40,20,40,40,40,20,40,40,40,20,40,40,40,40,40,40,40,40,40,40,40,135
EQP,4,20,27,0.1,0.9999,2,60,8.68275e-07,0.000171514,6.10221e-07,0.765185,19,38,20,40,40,40,40,40,40,40,40,40,40,40,40,40,40,40,40,40,40,40,40,40,40,40,20,40,40,40,20,40,40,40,20,40,40,40,20,40,40,40,20,40,40,40,40,40,40,40,40,40,44,44,135
EQP,4,20,27,0.1,0.9999,2,80,8.68275e-07,0.000171514,6.10221e-07,0.766747,19,38,20,40,40,40,40,40,40,40,40,40,40,40,40,40,40,40,40,40,40,40,40,40,40,40,20,40,40,40,20,40,40,40,20,40,40,40,20,40,40,40,20,40,40,40,40,40,40,40,40,40,44,44,135
EQP,4,20,27,0.1,0.9999,2,100,8.68275e-07,0.000171514,6.10221e-07,0.756393,19,38,20,40,40,40,40,40,40,40,40,40,40,40,40,40,40,40,40,40,40,40,40,40,40,40,20,40,40,40,20,40,40,40,20,40,40,40,20,40,40,40,20,40,40,40,40,40,40,40,40,40,44,44,135
EQP,4,20,27,0.1,0.9999,2,120,8.68275e-07,0.000171514,6.10221e-07,0.76295,19,38,20,40,40,40,40,40,40,40,40,40,40,40,40,40,40,40,40,40,40,40,40,40,40,40,20,40,40,40,20,40,40,40,20,40,40,40,20,40,40,40,20,40,40,40,40,40,40,40,40,40,44,44,135
EQP,4,20,27,0.1,0.9999,2,140,8.68275e-07,0.000171514,6.10221e-07,0.758792,19,38,20,40,40,40,40,40,40,40,40,40,40,40,40,40,40,40,40,40,40,40,40,40,40,40,20,40,40,40,20,40,40,40,20,40,40,40,20,40,40,40,20,40,40,40,40,40,40,40,40,40,44,44,135
EQP,4,20,27,0.1,0.9999,2,160,8.68275e-07,0.000171514,6.10221e-07,0.789929,19,38,20,40,40,40,40,40,40,40,40,40,40,40,40,40,40,40,40,40,40,40,40,40,40,40,20,40,40,40,20,40,40,40,20,40,40,40,20,40,40,40,20,40,40,40,40,40,40,40,40,40,44,44,135
EQP,4,20,27,0.1,0.9999,2,180,8.68275e-07,0.000171514,6.10221e-07,0.754165,19,38,20,40,40,40,40,40,40,40,40,40,40,40,40,40,40,40,40,40,40,40,40,40,40,40,20,40,40,40,20,40,40,40,20,40,40,40,20,40,40,40,20,40,40,40,40,40,40,40,40,40,44,44,135
EQP,4,20,27,0.1,0.9999,2,200,8.68275e-07,0.000171514,6.10221e-07,0.727057,19,38,20,40,40,40,40,40,40,40,40,40,40,40,40,40,40,40,40,40,40,40,40,40,40,40,20,40,40,40,20,40,40,40,20,40,40,40,20,40,40,40,20,40,40,40,40,40,40,40,40,40,44,44,135
EQPglobal,7,20,19,0.1,0.99,3,,2.04544e-06,0.000342362,1.66186e-06,0.874402,19,38,21,42,21,42,21,42,21,21,21,21,21,21,21,42,21,42,21,42,21,42,21,42,21,42,21,21,21,21,21,21,21,21,21,21,23,46,199
EQP,7,30,19,0.1,0.99,3,20,1.04246e-05,0.409686,0.00185144,0.836648,19,20,20,20,20,20,20,20,20,20,20,20,20,20,20,20,20,20,20,20,20,20,20,20,20,20,20,20,20,20,20,20,20,20,20,20,20,20,199
EQP,7,30,19,0.1,0.99,3,40,2.04544e-06,0.000342195,1.65779e-06,0.890418,19,38,21,40,21,40,21,40,21,21,21,21,21,21,21,40,21,40,21,40,21,40,21,40,21,40,21,21,21,21,21,21,21,21,21,21,23,40,199
EQP,7,30,19,0.1,0.99,3,60,2.04544e-06,0.000342362,1.66186e-06,0.895345,19,38,21,42,21,42,21,42,21,21,21,21,21,21,21,42,21,42,21,42,21,42,21,42,21,42,21,21,21,21,21,21,21,21,21,21,23,46,199
EQP,7,30,19,0.1,0.99,3,80,2.04544e-06,0.000342362,1.66186e-06,0.903884,19,38,21,42,21,42,21,42,21,21,21,21,21,21,21,42,21,42,21,42,21,42,21,42,21,42,21,21,21,21,21,21,21,21,21,21,23,46,199
EQP,7,30,19,0.1,0.99,3,100,2.04544e-06,0.000342362,1.66186e-06,0.968552,19,38,21,42,21,42,21,42,21,21,21,21,21,21,21,42,21,42,21,42,21,42,21,42,21,42,21,21,21,21,21,21,21,21,21,21,23,46,199
EQP,7,30,19,0.1,0.99,3,120,0.0611351,0.165924,8.16219e-05,,19,38,21,42,21,42,21,42,21,21,21,21,21,21,21,42,21,42,21,42,21,42,21,42,21,42,21,21,21,21,21,21,21,21,21,21,23,46,0
EQP,7,30,19,0.1,0.99,3,140,2.04544e-06,0.000342362,1.66186e-06,1.00674,19,38,21,42,21,42,21,42,21,21,21,21,21,21,21,42,21,42,21,42,21,42,21,42,21,42,21,21,21,21,21,21,21,21,21,21,23,46,199
EQP,7,30,19,0.1,0.99,3,160,2.04544e-06,0.000342362,1.66186e-06,0.887993,19,38,21,42,21,42,21,42,21,21,21,21,21,21,21,42,21,42,21,42,21,42,21,42,21,42,21,21,21,21,21,21,21,21,21,21,23,46,199
EQP,7,30,19,0.1,0.99,3,180,2.04544e-06,0.000342362,1.66186e-06,0.874196,19,38,21,42,21,42,21,42,21,21,21,21,21,21,21,42,21,42,21,42,21,42,21,42,21,42,21,21,21,21,21,21,21,21,21,21,23,46,199
EQP,7,30,19,0.1,0.99,3,200,0.0611351,0.165924,8.16219e-05,,19,38,21,42,21,42,21,42,21,21,21,21,21,21,21,42,21,42,21,42,21,42,21,42,21,42,21,21,21,21,21,21,21,21,21,21,23,46,-1
EQPglobal,7,20,19,0.1,0.9999,3,,2.04862e-06,2.14522e-05,2.20931e-06,1.1694,19,76,21,84,21,84,21,84,21,84,21,84,21,63,21,63,21,63,21,84,21,84,21,84,21,84,21,84,21,84,21,84,21,84,21,84,23,92,199
EQP,7,30,19,0.1,0.9999,3,20,2.10201e-05,0.390348,0.0017271,1.07099,19,20,20,20,20,20,20,20,20,20,20,20,20,20,20,20,20,20,20,20,20,20,20,20,20,20,20,20,20,20,20,20,20,20,20,20,20,20,198
EQP,7,30,19,0.1,0.9999,3,40,0.000740125,13.3955,0.395105,1.2322,19,40,21,40,21,40,21,40,21,40,21,40,21,40,21,40,21,40,21,40,21,40,21,40,21,40,21,40,21,40,21,40,21,40,21,40,23,40,231
EQP,7,30,19,0.1,0.9999,3,60,2.04838e-06,2.72108e-05,1.41658e-06,1.29041,19,60,21,60,21,60,21,60,21,60,21,60,21,60,21,60,21,60,21,60,21,60,21,60,21,60,21,60,21,60,21,60,21,60,21,60,23,60,199
EQP,7,30,19,0.1,0.9999,3,80,2.04861e-06,2.16096e-05,2.18553e-06,1.16632,19,76,21,80,21,80,21,80,21,80,21,80,21,63,21,63,21,63,21,80,21,80,21,80,21,80,21,80,21,80,21,80,21,80,21,80,23,80,199
EQP,7,30,19,0.1,0.9999,3,100,2.04862e-06,2.14522e-05,2.20931e-06,1.19296,19,76,21,84,21,84,21,84,21,84,21,84,21,63,21,63,21,63,21,84,21,84,21,84,21,84,21,84,21,84,21,84,21,84,21,84,23,92,199
EQP,7,30,19,0.1,0.9999,3,120,2.04862e-06,2.14522e-05,2.20931e-06,1.29155,19,76,21,84,21,84,21,84,21,84,21,84,21,63,21,63,21,63,21,84,21,84,21,84,21,84,21,84,21,84,21,84,21,84,21,84,23,92,199
EQP,7,30,19,0.1,0.9999,3,140,,,,,19,76,21,84,21,84,21,84,21,84,21,84,21,63,21,63,21,63,21,84,21,84,-1
EQP,7,30,19,0.1,0.9999,3,160,2.04862e-06,2.14522e-05,2.20931e-06,1.30706,19,76,21,84,21,84,21,84,21,84,21,84,21,63,21,63,21,63,21,84,21,84,21,84,21,84,21,84,21,84,21,84,21,84,21,84,23,92,199
EQP,7,30,19,0.1,0.9999,3,180,2.04862e-06,2.14522e-05,2.20931e-06,1.18142,19,76,21,84,21,84,21,84,21,84,21,84,21,63,21,63,21,63,21,84,21,84,21,84,21,84,21,84,21,84,21,84,21,84,21,84,23,92,199
EQP,7,30,19,0.1,0.9999,3,200,0.0611351,0.165924,8.16219e-05,,19,76,21,84,21,84,21,84,21,84,21,84,21,63,21,63,21,63,21,84,21,84,21,84,21,84,21,84,21,84,21,84,21,84,21,84,23,92,0
EQPglobal,4,30,27,0.1,0.99,3,,4.8363e-07,9.5598e-05,3.46155e-07,1.47773,15,15,30,30,30,60,30,30,30,30,30,30,30,30,30,30,30,30,30,30,30,30,30,30,30,60,30,30,30,60,30,60,30,30,30,60,30,60,30,30,30,30,30,30,30,30,30,30,30,60,30,60,32,64,199
EQP,4,40,27,0.1,0.99,3,20,9.81872e-05,3.70551,0.00391531,1.26414,15,15,20,20,20,20,20,20,20,20,20,20,20,20,20,20,20,20,20,20,20,20,20,20,20,20,20,20,20,20,20,20,20,20,20,20,20,20,20,20,20,20,20,20,20,20,20,20,20,20,20,20,20,20,199
EQP,4,40,27,0.1,0.99,3,40,4.83618e-07,9.77531e-05,4.0602e-07,1.4547,15,15,30,30,30,40,30,30,30,30,30,30,30,30,30,30,30,30,30,30,30,30,30,30,30,40,30,30,30,40,30,40,30,30,30,40,30,40,30,30,30,30,30,30,30,30,30,30,30,40,30,40,32,40,199
EQP,4,40,27,0.1,0.99,3,60,,,,,15,15,30,30,30,60,30,30,30,30,30,30,30,30,30,30,30,30,30,30,30,30,30,30,30,60,30,30,30,60,30,60,30,30,30,60,-1
EQP,4,40,27,0.1,0.99,3,80,,,,1.70513,15,15,30,30,30,60,30,30,30,30,30,30,30,30,30,30,30,30,30,30,30,30,30,30,30,60,30,30,30,60,30,60,30,30,30,60,30,60,30,30,30,30,30,30,30,30,30,30,30,60,30,60,32,64,199
EQP,4,40,27,0.1,0.99,3,100,4.8363e-07,9.5598e-05,3.46155e-07,1.61553,15,15,30,30,30,60,30,30,30,30,30,30,30,30,30,30,30,30,30,30,30,30,30,30,30,60,30,30,30,60,30,60,30,30,30,60,30,60,30,30,30,30,30,30,30,30,30,30,30,60,30,60,32,64,199
EQP,4,40,27,0.1,0.99,3,120,4.8363e-07,9.5598e-05,3.46155e-07,1.59777,15,15,30,30,30,60,30,30,30,30,30,30,30,30,30,30,30,30,30,30,30,30,30,30,30,60,30,30,30,60,30,60,30,30,30,60,30,60,30,30,30,30,30,30,30,30,30,30,30,60,30,60,32,64,199
EQP,4,40,27,0.1,0.99,3,140,4.8363e-07,9.5598e-05,3.46155e-07,1.63177,15,15,30,30,30,60,30,30,30,30,30,30,30,30,30,30,30,30,30,30,30,30,30,30,30,60,30,30,30,60,30,60,30,30,30,60,30,60,30,30,30,30,30,30,30,30,30,30,30,60,30,60,32,64,199
EQP,4,40,27,0.1,0.99,3,160,0.000147993,15.3282,0.016032,1.57158,15,15,30,30,30,60,30,30,30,30,30,30,30,30,30,30,30,30,30,30,30,30,30,30,30,60,30,30,30,60,30,60,30,30,30,60,30,60,30,30,30,30,30,30,30,30,30,30,30,60,30,60,32,64,202
EQP,4,40,27,0.1,0.99,3,180,4.8363e-07,9.5598e-05,3.46155e-07,1.41018,15,15,30,30,30,60,30,30,30,30,30,30,30,30,30,30,30,30,30,30,30,30,30,30,30,60,30,30,30,60,30,60,30,30,30,60,30,60,30,30,30,30,30,30,30,30,30,30,30,60,30,60,32,64,199
EQP,4,40,27,0.1,0.99,3,200,4.8363e-07,9.5598e-05,3.46155e-07,1.46681,15,15,30,30,30,60,30,30,30,30,30,30,30,30,30,30,30,30,30,30,30,30,30,30,30,60,30,30,30,60,30,60,30,30,30,60,30,60,30,30,30,30,30,30,30,30,30,30,30,60,30,60,32,64,199
EQPglobal,4,30,27,0.1,0.9999,3,,,,,,199
EQP,4,40,27,0.1,0.9999,3,20,0.000158583,5.62123,0.0284343,1.37694,15,20,20,20,20,20,20,20,20,20,20,20,20,20,20,20,20,20,20,20,20,20,20,20,20,20,20,20,20,20,20,20,20,20,20,20,20,20,20,20,20,20,20,20,20,20,20,20,20,20,20,20,20,20,199
EQP,4,40,27,0.1,0.9999,3,40,0.0611351,0.16593,8.15996e-05,,15,30,30,40,30,40,30,40,30,40,30,40,30,40,30,40,30,40,30,40,30,40,30,40,30,40,30,40,30,40,30,40,30,40,30,40,30,40,30,40,30,40,30,40,30,40,30,40,30,40,30,40,32,-1
EQP,4,40,27,0.1,0.9999,3,60,4.81674e-07,0.000158314,9.23578e-07,1.93811,15,30,30,60,30,60,30,60,30,60,30,60,30,60,30,60,30,60,30,60,30,60,30,60,30,60,30,60,30,60,30,60,30,60,30,60,30,60,30,60,30,60,30,60,30,60,30,60,30,60,30,60,32,60,199
EQP,4,40,27,0.1,0.9999,3,80,4.81468e-07,0.000167968,9.59025e-07,1.89801,15,30,30,80,30,60,30,80,30,60,30,60,30,60,30,60,30,60,30,60,30,60,30,60,30,60,30,80,30,60,30,60,30,80,30,80,30,60,30,60,30,60,30,60,30,60,30,80,30,60,30,80,32,64,199
EQP,4,40,27,0.1,0.9999,3,100,4.81456e-07,0.000168418,9.55163e-07,1.87828,15,30,30,90,30,60,30,90,30,60,30,60,30,60,30,60,30,60,30,60,30,60,30,60,30,60,30,90,30,60,30,60,30,90,30,90,30,60,30,60,30,60,30,60,30,60,30,90,30,60,30,90,32,64,199
EQP,4,40,27,0.1,0.9999,3,120,0.0611351,0.16593,8.15996e-05,,15,30,30,90,30,60,30,90,30,60,30,60,30,60,30,60,30,60,30,60,30,60,30,60,30,60,30,90,30,60,30,60,30,90,30,90,30,60,30,60,30,60,30,60,30,60,30,90,30,60,30,90,32,64,-1
EQP,4,40,27,0.1,0.9999,3,140,4.81456e-07,0.000168418,9.55163e-07,1.79474,15,30,30,90,30,60,30,90,30,60,30,60,30,60,30,60,30,60,30,60,30,60,30,60,30,60,30,90,30,60,30,60,30,90,30,90,30,60,30,60,30,60,30,60,30,60,30,90,30,60,30,90,32,64,199
EQP,4,40,27,0.1,0.9999,3,160,4.81456e-07,0.000168418,9.55163e-07,1.75571,15,30,30,90,30,60,30,90,30,60,30,60,30,60,30,60,30,60,30,60,30,60,30,60,30,60,30,90,30,60,30,60,30,90,30,90,30,60,30,60,30,60,30,60,30,60,30,90,30,60,30,90,32,64,199
EQP,4,40,27,0.1,0.9999,3,180,4.81456e-07,0.000168418,9.55163e-07,1.79445,15,30,30,90,30,60,30,90,30,60,30,60,30,60,30,60,30,60,30,60,30,60,30,60,30,60,30,90,30,60,30,60,30,90,30,90,30,60,30,60,30,60,30,60,30,60,30,90,30,60,30,90,32,64,199
EQP,4,40,27,0.1,0.9999,3,200,0.000534286,20.0781,0.111346,1.96995,15,30,30,90,30,60,30,90,30,60,30,60,30,60,30,60,30,60,30,60,30,60,30,60,30,60,30,90,30,60,30,60,30,90,30,90,30,60,30,60,30,60,30,60,30,60,30,90,30,60,30,90,32,64,215
