method,solver,window,w,t,ef,k,ErrX,ErrV,ErrE,TT2,nqp
EQPglobal,7,20,13,0.1,0.99,2,,4.72843e-06,0.00163518,8.60746e-06,0.579856,17,34,21,42,21,42,21,42,21,42,21,42,21,42,21,42,21,42,21,42,21,42,21,42,23,46,134
EQP,7,20,13,0.1,0.99,2,20,0.000746307,0.0397213,0.000612061,0.571425,17,20,20,20,20,20,20,20,20,20,20,20,20,20,20,20,20,20,20,20,20,20,20,20,20,20,134
EQP,7,20,13,0.1,0.99,2,40,4.72344e-06,0.00163755,8.84734e-06,0.56225,17,34,21,40,21,40,21,40,21,40,21,40,21,40,21,40,21,40,21,40,21,40,21,40,23,40,134
EQP,7,20,13,0.1,0.99,2,60,4.72843e-06,0.00163518,8.60746e-06,1.09733,17,34,21,42,21,42,21,42,21,42,21,42,21,42,21,42,21,42,21,42,21,42,21,42,23,46,134
EQP,7,20,13,0.1,0.99,2,80,4.72843e-06,0.00163518,8.60746e-06,0.588794,17,34,21,42,21,42,21,42,21,42,21,42,21,42,21,42,21,42,21,42,21,42,21,42,23,46,134
EQP,7,20,13,0.1,0.99,2,100,4.72843e-06,0.00163518,8.60746e-06,0.581249,17,34,21,42,21,42,21,42,21,42,21,42,21,42,21,42,21,42,21,42,21,42,21,42,23,46,134
EQP,7,20,13,0.1,0.99,2,120,4.72843e-06,0.00163518,8.60746e-06,0.5692,17,34,21,42,21,42,21,42,21,42,21,42,21,42,21,42,21,42,21,42,21,42,21,42,23,46,134
EQP,7,20,13,0.1,0.99,2,140,4.72843e-06,0.00163518,8.60746e-06,0.580055,17,34,21,42,21,42,21,42,21,42,21,42,21,42,21,42,21,42,21,42,21,42,21,42,23,46,134
EQP,7,20,13,0.1,0.99,2,160,4.72843e-06,0.00163518,8.60746e-06,0.596313,17,34,21,42,21,42,21,42,21,42,21,42,21,42,21,42,21,42,21,42,21,42,21,42,23,46,134
EQP,7,20,13,0.1,0.99,2,180,4.72843e-06,0.00163518,8.60746e-06,0.575504,17,34,21,42,21,42,21,42,21,42,21,42,21,42,21,42,21,42,21,42,21,42,21,42,23,46,134
EQP,7,20,13,0.1,0.99,2,200,4.72843e-06,0.00163518,8.60746e-06,0.583575,17,34,21,42,21,42,21,42,21,42,21,42,21,42,21,42,21,42,21,42,21,42,21,42,23,46,134
EQPglobal,7,20,13,0.1,0.9999,2,,,,,,134
EQP,7,20,13,0.1,0.9999,2,20,0.00309283,1.39396,0.0789429,0.590578,20,20,20,20,20,20,20,20,20,20,20,20,20,20,20,20,20,20,20,20,20,20,20,20,20,20,134
EQP,7,20,13,0.1,0.9999,2,40,7.12722e-06,0.07429,0.0047811,0.572306,34,40,40,40,40,40,40,40,40,40,40,40,40,40,40,40,21,40,40,40,40,40,40,40,40,40,135
EQP,7,20,13,0.1,0.9999,2,60,3.33754e-06,0.000205361,7.14985e-06,0.625773,34,60,42,60,42,60,42,60,42,60,42,60,42,60,42,60,21,60,42,60,42,60,42,60,46,60,135
EQP,7,20,13,0.1,0.9999,2,80,3.09743e-06,0.000287288,2.97086e-06,0.642032,34,68,42,80,42,80,42,80,42,80,42,80,42,80,42,80,21,80,42,80,42,63,42,80,46,80,135
EQP,7,20,13,0.1,0.9999,2,100,3.07194e-06,0.000283115,2.95085e-06,0.604933,34,68,42,84,42,84,42,84,42,84,42,84,42,84,42,84,21,84,42,84,42,63,42,84,46,92,135
EQP,7,20,13,0.1,0.9999,2,120,3.07194e-06,0.000283115,2.95085e-06,0.594266,34,68,42,84,42,84,42,84,42,84,42,84,42,84,42,84,21,84,42,84,42,63,42,84,46,92,135
EQP,7,20,13,0.1,0.9999,2,140,3.07194e-06,0.000283115,2.95085e-06,0.601034,34,68,42,84,42,84,42,84,42,84,42,84,42,84,42,84,21,84,42,84,42,63,42,84,46,92,135
EQP,7,20,13,0.1,0.9999,2,160,3.07194e-06,0.000283115,2.95085e-06,0.675126,34,68,42,84,42,84,42,84,42,84,42,84,42,84,42,84,21,84,42,84,42,63,42,84,46,92,135
EQP,7,20,13,0.1,0.9999,2,180,3.07194e-06,0.000283115,2.95085e-06,0.636888,34,68,42,84,42,84,42,84,42,84,42,84,42,84,42,84,21,84,42,84,42,63,42,84,46,92,135
EQP,7,20,13,0.1,0.9999,2,200,3.07194e-06,0.000283115,2.95085e-06,0.665577,34,68,42,84,42,84,42,84,42,84,42,84,42,84,42,84,21,84,42,84,42,63,42,84,46,92,135
EQPglobal,4,40,14,0.1,0.99,2,,3.50213e-06,0.00144223,5.8711e-06,3.4091,19,19,40,80,40,80,40,80,40,80,40,80,40,40,40,40,40,80,40,80,40,80,40,80,40,80,42,84,135
EQP,4,40,14,0.1,0.99,2,20,0.00200003,2.60929,0.0107163,0.579311,19,19,20,20,20,20,20,20,20,20,20,20,20,20,20,20,20,20,20,20,20,20,20,20,20,20,20,20,138
EQP,4,40,14,0.1,0.99,2,40,1.68329e-06,0.00120059,1.0893e-05,0.734345,19,19,40,40,40,40,40,40,40,40,40,40,40,40,40,40,40,40,40,40,40,40,40,40,40,40,40,40,135
EQP,4,40,14,0.1,0.99,2,60,3.4371e-06,0.00146191,7.17768e-06,0.79463,19,19,40,60,40,60,40,60,40,60,40,60,40,40,40,40,40,60,40,60,40,60,40,60,40,60,42,60,135
EQP,4,40,14,0.1,0.99,2,80,3.50206e-06,0.00144216,5.86892e-06,0.782196,19,19,40,80,40,80,40,80,40,80,40,80,40,40,40,40,40,80,40,80,40,80,40,80,40,80,42,80,135
EQP,4,40,14,0.1,0.99,2,100,3.50213e-06,0.00144223,5.8711e-06,0.761002,19,19,40,80,40,80,40,80,40,80,40,80,40,40,40,40,40,80,40,80,40,80,40,80,40,80,42,84,135
EQP,4,40,14,0.1,0.99,2,120,3.50213e-06,0.00144223,5.8711e-06,0.798864,19,19,40,80,40,80,40,80,40,80,40,80,40,40,40,40,40,80,40,80,40,80,40,80,40,80,42,84,135
EQP,4,40,14,0.1,0.99,2,140,3.50213e-06,0.00144223,5.8711e-06,0.818307,19,19,40,80,40,80,40,80,40,80,40,80,40,40,40,40,40,80,40,80,40,80,40,80,40,80,42,84,135
EQP,4,40,14,0.1,0.99,2,160,3.50213e-06,0.00144223,5.8711e-06,0.792498,19,19,40,80,40,80,40,80,40,80,40,80,40,40,40,40,40,80,40,80,40,80,40,80,40,80,42,84,135
EQP,4,40,14,0.1,0.99,2,180,3.50213e-06,0.00144223,5.8711e-06,0.770918,19,19,40,80,40,80,40,80,40,80,40,80,40,40,40,40,40,80,40,80,40,80,40,80,40,80,42,84,135
EQP,4,40,14,0.1,0.99,2,200,3.50213e-06,0.00144223,5.8711e-06,0.780801,19,19,40,80,40,80,40,80,40,80,40,80,40,40,40,40,40,80,40,80,40,80,40,80,40,80,42,84,135
EQPglobal,4,40,14,0.1,0.9999,2,,,,,,135
EQP,4,40,14,0.1,0.9999,2,20,0.00849904,6.22992,0.0813487,0.664372,19,20,20,20,20,20,20,20,20,20,20,20,20,20,20,20,20,20,20,20,20,20,20,20,20,20,20,20,141
EQP,4,40,14,0.1,0.9999,2,40,0.000404163,2.00608,0.0396675,0.752813,19,38,40,40,40,40,40,40,40,40,40,40,40,40,40,40,40,40,40,40,40,40,40,40,40,40,40,40,139
EQP,4,40,14,0.1,0.9999,2,60,0.00133848,1.01093,0.0065825,0.800546,19,38,60,60,60,60,60,60,60,60,60,60,60,60,60,60,60,60,60,60,60,60,60,60,60,60,60,60,136
EQP,4,40,14,0.1,0.9999,2,80,0.000122161,0.017122,0.00016012,0.883335,19,38,80,80,80,80,80,80,80,80,80,80,80,80,80,80,80,80,80,80,80,80,80,80,80,80,80,80,135
EQP,4,40,14,0.1,0.9999,2,100,4.50162e-06,0.000833692,8.53856e-06,0.964548,19,38,80,100,80,100,80,100,80,100,80,100,80,100,80,100,80,80,80,100,80,80,80,80,80,100,84,84,135
EQP,4,40,14,0.1,0.9999,2,120,4.56597e-06,0.000823978,7.01985e-06,0.893597,19,38,80,120,80,120,80,120,80,120,80,120,80,120,80,120,80,80,80,120,80,80,80,80,80,120,84,84,135
EQP,4,40,14,0.1,0.9999,2,140,4.56597e-06,0.000823978,7.01985e-06,0.892561,19,38,80,120,80,120,80,120,80,120,80,120,80,120,80,120,80,80,80,120,80,80,80,80,80,120,84,84,135
EQP,4,40,14,0.1,0.9999,2,160,4.56597e-06,0.000823978,7.01985e-06,0.891787,19,38,80,120,80,120,80,120,80,120,80,120,80,120,80,120,80,80,80,120,80,80,80,80,80,120,84,84,135
EQP,4,40,14,0.1,0.9999,2,180,4.56597e-06,0.000823978,7.01985e-06,0.946057,19,38,80,120,80,120,80,120,80,120,80,120,80,120,80,120,80,80,80,120,80,80,80,80,80,120,84,84,135
EQP,4,40,14,0.1,0.9999,2,200,4.56597e-06,0.000823978,7.01985e-06,0.918993,19,38,80,120,80,120,80,120,80,120,80,120,80,120,80,120,80,80,80,120,80,80,80,80,80,120,84,84,135
EQPglobal,7,40,10,0.1,0.99,3,,5.13639e-06,0.00242832,1.2992e-05,1.24921,28,56,41,82,41,82,41,82,41,82,41,123,41,123,41,41,41,82,43,86,199
EQP,7,40,10,0.1,0.99,3,20,0.000199725,5.07924,0.0208468,0.823421,20,20,20,20,20,20,20,20,20,20,20,20,20,20,20,20,20,20,20,20,199
EQP,7,40,10,0.1,0.99,3,40,5.32772e-06,0.0154153,7.71898e-05,1.15772,28,40,40,40,40,40,40,40,40,40,40,40,40,40,40,40,40,40,40,40,199
EQP,7,40,10,0.1,0.99,3,60,5.13903e-06,0.00227732,1.27623e-05,1.06311,28,56,41,60,41,60,41,60,41,60,41,60,41,60,41,41,41,60,43,60,199
EQP,7,40,10,0.1,0.99,3,80,5.1373e-06,0.00237724,1.27887e-05,1.1186,28,56,41,80,41,80,41,80,41,80,41,80,41,80,41,41,41,80,43,80,199
EQP,7,40,10,0.1,0.99,3,100,5.13631e-06,0.00243248,1.30024e-05,1.15065,28,56,41,82,41,82,41,82,41,82,41,100,41,100,41,41,41,82,43,86,199
EQP,7,40,10,0.1,0.99,3,120,5.13639e-06,0.00242835,1.29921e-05,1.20346,28,56,41,82,41,82,41,82,41,82,41,120,41,120,41,41,41,82,43,86,199
EQP,7,40,10,0.1,0.99,3,140,5.13639e-06,0.00242832,1.2992e-05,1.10214,28,56,41,82,41,82,41,82,41,82,41,123,41,123,41,41,41,82,43,86,199
EQP,7,40,10,0.1,0.99,3,160,5.13639e-06,0.00242832,1.2992e-05,1.07025,28,56,41,82,41,82,41,82,41,82,41,123,41,123,41,41,41,82,43,86,199
EQP,7,40,10,0.1,0.99,3,180,5.13639e-06,0.00242832,1.2992e-05,1.19183,28,56,41,82,41,82,41,82,41,82,41,123,41,123,41,41,41,82,43,86,199
EQP,7,40,10,0.1,0.99,3,200,5.13639e-06,0.00242832,1.2992e-05,1.15703,28,56,41,82,41,82,41,82,41,82,41,123,41,123,41,41,41,82,43,86,199
EQPglobal,7,40,10,0.1,0.9999,3,,,,,,199
EQP,7,40,10,0.1,0.9999,3,20,0.000158579,3.32352,0.125361,0.823118,20,20,20,20,20,20,20,20,20,20,20,20,20,20,20,20,20,20,20,20,197
EQP,7,40,10,0.1,0.9999,3,40,5.63784e-06,0.0142565,0.000954131,0.95533,28,40,40,40,40,40,40,40,40,40,40,40,40,40,40,40,40,40,40,40,200
EQP,7,40,10,0.1,0.9999,3,60,5.17838e-06,0.000322717,2.37737e-05,0.993422,28,60,41,60,41,60,41,60,41,60,41,60,41,60,41,60,41,60,43,60,199
EQP,7,40,10,0.1,0.9999,3,80,5.17649e-06,0.000268703,1.67954e-05,1.09096,28,80,41,80,41,80,41,80,41,80,41,80,41,80,41,80,41,80,43,80,199
EQP,7,40,10,0.1,0.9999,3,100,5.17834e-06,0.000316765,1.18168e-05,1.13888,28,100,41,100,41,100,41,100,41,100,41,100,41,100,41,100,41,100,43,100,199
EQP,7,40,10,0.1,0.9999,3,120,5.17776e-06,0.00030161,1.04362e-05,1.78942,28,112,41,120,41,120,41,120,41,120,41,120,41,120,41,120,41,120,43,120,199
EQP,7,40,10,0.1,0.9999,3,140,5.17892e-06,0.000327221,1.18019e-05,1.35908,28,112,41,140,41,140,41,140,41,140,41,140,41,140,41,140,41,140,43,140,199
EQP,7,40,10,0.1,0.9999,3,160,5.17911e-06,0.000332628,1.25872e-05,1.21212,28,112,41,160,41,160,41,160,41,160,41,160,41,160,41,160,41,160,43,160,199
EQP,7,40,10,0.1,0.9999,3,180,5.17915e-06,0.000333152,1.26327e-05,1.30881,28,112,41,180,41,164,41,164,41,164,41,164,41,180,41,164,41,164,43,180,199
EQP,7,40,10,0.1,0.9999,3,200,5.17917e-06,0.000334025,1.26394e-05,1.27675,28,112,41,200,41,164,41,164,41,164,41,164,41,200,41,164,41,164,43,200,199
EQPglobal,4,60,14,0.1,0.99,3,,1.58285e-06,0.000970309,1.62108e-06,1.95899,15,15,60,120,60,120,60,120,60,60,60,60,60,120,60,120,60,120,60,120,60,60,60,60,60,120,62,124,199
EQP,4,60,14,0.1,0.99,3,20,3.94041e-05,8.07037,0.0033288,1.1248,15,15,20,20,20,20,20,20,20,20,20,20,20,20,20,20,20,20,20,20,20,20,20,20,20,20,20,20,205
EQP,4,60,14,0.1,0.99,3,40,0.000101132,5.53709,0.00281175,1.45942,15,15,40,40,40,40,40,40,40,40,40,40,40,40,40,40,40,40,40,40,40,40,40,40,40,40,40,40,200
EQP,4,60,14,0.1,0.99,3,60,1.58192e-06,0.00130712,2.17372e-06,1.81425,15,15,60,60,60,60,60,60,60,60,60,60,60,60,60,60,60,60,60,60,60,60,60,60,60,60,60,60,199
EQP,4,60,14,0.1,0.99,3,80,1.58382e-06,0.000932593,1.67105e-06,1.84588,15,15,60,80,60,80,60,80,60,60,60,60,60,80,60,80,60,80,60,80,60,60,60,60,60,80,62,80,199
EQP,4,60,14,0.1,0.99,3,100,1.58288e-06,0.000970761,1.61668e-06,1.83269,15,15,60,100,60,100,60,100,60,60,60,60,60,100,60,100,60,100,60,100,60,60,60,60,60,100,62,100,199
EQP,4,60,14,0.1,0.99,3,120,1.58285e-06,0.000970315,1.62108e-06,1.89694,15,15,60,120,60,120,60,120,60,60,60,60,60,120,60,120,60,120,60,120,60,60,60,60,60,120,62,120,199
EQP,4,60,14,0.1,0.99,3,140,1.58285e-06,0.000970309,1.62108e-06,1.86934,15,15,60,120,60,120,60,120,60,60,60,60,60,120,60,120,60,120,60,120,60,60,60,60,60,120,62,124,199
EQP,4,60,14,0.1,0.99,3,160,1.58285e-06,0.000970309,1.62108e-06,2.36036,15,15,60,120,60,120,60,120,60,60,60,60,60,120,60,120,60,120,60,120,60,60,60,60,60,120,62,124,199
EQP,4,60,14,0.1,0.99,3,180,1.58285e-06,0.000970309,1.62108e-06,2.6754,15,15,60,120,60,120,60,120,60,60,60,60,60,120,60,120,60,120,60,120,60,60,60,60,60,120,62,124,199
EQP,4,60,14,0.1,0.99,3,200,1.58285e-06,0.000970309,1.62108e-06,1.91072,15,15,60,120,60,120,60,120,60,60,60,60,60,120,60,120,60,120,60,120,60,60,60,60,60,120,62,124,199
EQPglobal,4,60,14,0.1,0.9999,3,,,,,,199
EQP,4,60,14,0.1,0.9999,3,20,0.00171899,57.6619,0.758823,1.58317,15,20,20,20,20,20,20,20,20,20,20,20,20,20,20,20,20,20,20,20,20,20,20,20,20,20,20,20,243
EQP,4,60,14,0.1,0.9999,3,40,0.000556238,19.6111,0.190227,1.59982,15,30,40,40,40,40,40,40,40,40,40,40,40,40,40,40,40,40,40,40,40,40,40,40,40,40,40,40,209
EQP,4,60,14,0.1,0.9999,3,60,1.49876e-06,0.00396007,2.97148e-05,1.73941,15,30,60,60,60,60,60,60,60,60,60,60,60,60,60,60,60,60,60,60,60,60,60,60,60,60,60,60,199
EQP,4,60,14,0.1,0.9999,3,80,1.53981e-06,0.00230537,1.69876e-05,2.88118,15,30,60,80,60,80,60,80,60,80,60,80,60,80,60,80,60,80,60,80,60,80,60,80,60,80,62,80,199
EQP,4,60,14,0.1,0.9999,3,100,1.54002e-06,0.00228242,1.70842e-05,12.6372,15,30,60,100,60,100,60,100,60,100,60,100,60,100,60,100,60,100,60,100,60,100,60,100,60,100,62,100,199
EQP,4,60,14,0.1,0.9999,3,120,1.52637e-06,0.00272132,2.12944e-05,2.77418,15,30,60,120,60,120,60,120,60,120,60,120,60,120,60,120,60,120,60,120,60,120,60,120,60,120,62,120,199
EQP,4,60,14,0.1,0.9999,3,140,1.51484e-06,0.00308902,2.51286e-05,2.02402,15,30,60,140,60,140,60,140,60,140,60,140,60,140,60,140,60,140,60,140,60,140,60,140,60,140,62,140,199
EQP,4,60,14,0.1,0.9999,3,160,1.51278e-06,0.00315411,2.61746e-05,2.06388,15,30,60,160,60,160,60,160,60,160,60,160,60,160,60,160,60,160,60,160,60,160,60,160,60,160,62,160,199
EQP,4,60,14,0.1,0.9999,3,180,1.51269e-06,0.00315704,2.62216e-05,2.22972,15,30,60,180,60,180,60,180,60,180,60,180,60,180,60,180,60,180,60,180,60,180,60,180,60,180,62,180,199
EQP,4,60,14,0.1,0.9999,3,200,1.51269e-06,0.00315702,2.62213e-05,2.09078,15,30,60,180,60,180,60,180,60,180,60,180,60,180,60,180,60,180,60,180,60,180,60,180,60,180,62,186,199
