method,t,solver,k,ef,ws,w,q,nqp,TT3,ErrX,ErrV,ErrE,nt
sopt,0.1,7,2,0.99,40,14,2,,0.0611299,0.165944,8.24708e-05,-1
qdeim,0.1,7,2,0.99,40,14,2,576,576,384,576,576,384,448,576,704,576,384,576,576,704,0.555954,8.8641e-06,0.000244962,1.09929e-05,264
gnat,0.1,7,2,0.99,40,14,2,384,512,384,384,384,384,384,512,448,512,384,384,384,448,0.565046,4.18346e-05,0.000286055,2.29597e-05,263
sopt,0.1,7,2,0.99,40,14,3,,0.0611299,0.165944,8.24708e-05,-1
qdeim,0.1,7,2,0.99,40,14,3,768,960,576,768,832,576,640,768,1152,896,640,768,960,1024,0.715805,1.56401e-05,0.000234444,7.2867e-06,264
gnat,0.1,7,2,0.99,40,14,3,576,768,576,576,576,576,512,704,512,768,576,576,576,704,0.605594,3.86137e-05,0.000291196,2.28375e-05,263
sopt,0.1,7,2,0.99,40,14,4,,0.0611299,0.165944,8.24708e-05,-1
qdeim,0.1,7,2,0.99,40,14,4,960,1408,768,960,1088,640,768,1024,1408,1152,896,960,1152,1280,0.79372,1.54777e-05,0.000115838,6.07052e-06,264
gnat,0.1,7,2,0.99,40,14,4,704,1024,768,768,768,640,704,896,640,1024,768,768,768,896,0.686373,3.84387e-05,0.000294024,2.29619e-05,263
sopt,0.1,7,2,0.99,40,14,5,,0.0611299,0.165944,8.24708e-05,-1
qdeim,0.1,7,2,0.99,40,14,5,1216,1856,896,1152,1728,896,1152,1344,1600,1408,1024,1152,1408,1600,0.939243,1.56798e-05,0.000113321,7.1439e-06,265
gnat,0.1,7,2,0.99,40,14,5,832,1280,960,960,960,768,768,1088,832,1152,960,960,960,1024,0.759979,3.77317e-05,0.000298686,2.30901e-05,263
sopt,0.1,7,2,0.99,40,14,6,,0.0611299,0.165944,8.24708e-05,-1
qdeim,0.1,7,2,0.99,40,14,6,1344,2176,1088,1344,1920,1152,1280,1536,1920,1664,1216,1408,1600,1856,0.91855,1.56762e-05,5.24555e-05,5.99709e-06,265
gnat,0.1,7,2,0.99,40,14,6,896,1536,1152,1152,1152,896,832,1216,896,1280,1152,1152,1152,1216,0.813216,3.50043e-05,0.000304467,2.30547e-05,263
sopt,0.1,7,2,0.99,40,14,7,,0.0611299,0.165944,8.24708e-05,-1
qdeim,0.1,7,2,0.99,40,14,7,1536,2368,1152,1536,2112,1280,1472,1728,2176,1920,1344,1472,1664,2048,1.02652,1.57614e-05,4.94296e-05,6.09925e-06,265
gnat,0.1,7,2,0.99,40,14,7,960,1792,1344,1344,1344,960,896,1408,960,1408,1344,1344,1344,1344,0.815575,3.37429e-05,0.000309697,2.31544e-05,263
sopt,0.1,7,2,0.99,40,14,8,,0.0611299,0.165944,8.24708e-05,-1
qdeim,0.1,7,2,0.99,40,14,8,1728,2752,1280,1728,2496,1408,1984,2176,2432,2112,1472,1536,1792,2176,1.05977,1.46812e-05,1.19711e-05,6.0266e-06,265
gnat,0.1,7,2,0.99,40,14,8,1024,2048,1536,1536,1536,1024,1024,1536,1024,1536,1536,1536,1536,1536,0.899852,3.18297e-05,0.000313929,2.31386e-05,263
sopt,0.1,7,2,0.99,40,14,9,,0.0611299,0.165944,8.24708e-05,-1
qdeim,0.1,7,2,0.99,40,14,9,1920,3008,1408,1856,2688,1536,2112,2624,2560,2304,1536,1600,1856,2624,1.11189,1.52248e-05,2.79036e-05,6.01952e-06,265
gnat,0.1,7,2,0.99,40,14,9,704,2048,1664,1664,1664,1152,1088,1664,1280,1792,1600,1664,1664,1536,0.956539,3.23768e-05,0.000242785,2.08952e-05,264
sopt,0.1,7,2,0.99,40,14,10,,0.0611299,0.165944,8.24708e-05,-1
qdeim,0.1,7,2,0.99,40,14,10,2112,3264,1664,2112,2944,1728,2624,2944,3008,2560,1600,1664,2240,2752,1.21849,1.42615e-05,5.87731e-05,6.03484e-06,265
gnat,0.1,7,2,0.99,40,14,10,896,2048,1792,1792,1792,1280,1152,1792,1536,2048,1664,1664,1792,1536,0.970896,3.62822e-05,0.000500581,1.66854e-05,264
sopt,0.1,7,2,0.9999,40,14,2,,0.0611299,0.165944,8.24708e-05,-1
qdeim,0.1,7,2,0.9999,40,14,2,704,832,832,832,832,448,640,832,960,832,640,832,832,704,0.706404,2.23785e-05,0.00103426,1.28153e-05,266
gnat,0.1,7,2,0.9999,40,14,2,512,768,768,640,576,512,640,768,704,704,640,640,640,576,0.607046,4.36569e-05,0.00116988,8.99598e-05,263
sopt,0.1,7,2,0.9999,40,14,3,,0.0611299,0.165944,8.24708e-05,-1
qdeim,0.1,7,2,0.9999,40,14,3,960,1408,1216,1152,1152,704,960,1152,1536,1280,1024,1152,1344,1088,0.841318,1.66342e-05,0.000612881,1.94622e-05,266
gnat,0.1,7,2,0.9999,40,14,3,768,1088,1152,960,896,768,896,1088,896,1088,960,960,960,896,0.802347,4.03455e-05,0.00117298,8.96256e-05,263
sopt,0.1,7,2,0.9999,40,14,4,,0.0611299,0.165944,8.24708e-05,-1
qdeim,0.1,7,2,0.9999,40,14,4,1152,1664,1600,1472,1536,960,1280,1472,1920,1472,1408,1472,1600,1408,0.967532,1.51646e-05,0.000492149,1.16092e-05,266
gnat,0.1,7,2,0.9999,40,14,4,960,1408,1536,1280,1216,896,1216,1408,1152,1472,1280,1280,1280,1152,0.950213,3.91201e-05,0.00117173,8.93916e-05,263
sopt,0.1,7,2,0.9999,40,14,5,,0.0611299,0.165944,8.24708e-05,-1
qdeim,0.1,7,2,0.9999,40,14,5,1472,2048,1856,1728,2112,1216,1600,1792,2176,1728,1472,1728,1792,1728,1.17172,1.74118e-05,0.000406113,2.21325e-05,266
gnat,0.1,7,2,0.9999,40,14,5,1152,1664,1920,1600,1408,1088,1408,1728,1472,1664,1600,1600,1600,1344,0.871225,3.77763e-05,0.0011697,8.90786e-05,263
sopt,0.1,7,2,0.9999,40,14,6,,0.0611299,0.165944,8.24708e-05,-1
qdeim,0.1,7,2,0.9999,40,14,6,1536,2496,2176,2048,2240,1472,1664,2048,2304,1984,1600,1856,1856,2048,1.06859,1.52419e-05,0.000399618,9.97031e-06,266
gnat,0.1,7,2,0.9999,40,14,6,1280,1984,2304,1920,1664,1280,1600,1984,1664,1792,1920,1920,1920,1600,1.03203,3.5414e-05,0.00117063,8.878e-05,263
sopt,0.1,7,2,0.9999,40,14,7,,0.0611299,0.165944,8.24708e-05,-1
qdeim,0.1,7,2,0.9999,40,14,7,1664,2816,2496,2240,2432,1728,1920,2368,2496,2304,1984,1984,2112,2432,1.14414,1.45381e-05,0.000437256,3.81702e-06,266
gnat,0.1,7,2,0.9999,40,14,7,1408,2304,2688,2240,1856,1408,1792,2304,1856,1920,2240,2240,2240,1792,1.14527,3.3905e-05,0.0011685,8.84235e-05,263
sopt,0.1,7,2,0.9999,40,14,8,,0.0611299,0.165944,8.24708e-05,-1
qdeim,0.1,7,2,0.9999,40,14,8,1728,3264,2816,2368,2944,1920,2560,2688,2880,2560,2368,2304,2496,2624,1.31105,1.42697e-05,0.000446318,3.61725e-06,266
gnat,0.1,7,2,0.9999,40,14,8,1536,2560,3072,2560,2048,1536,2048,2560,2048,2048,2560,2560,2560,2048,1.17666,3.21709e-05,0.00117006,8.82164e-05,263
sopt,0.1,7,2,0.9999,40,14,9,,0.0611299,0.165944,8.24708e-05,-1
qdeim,0.1,7,2,0.9999,40,14,9,1920,3648,3136,2496,3264,2176,2752,3072,3136,2816,2688,2560,2752,2944,1.35981,1.48316e-05,0.000434362,3.9071e-06,266
gnat,0.1,7,2,0.9999,40,14,9,1152,3072,3136,2688,2176,1664,2176,2816,1792,2304,2752,2816,2560,2112,1.17475,3.02341e-05,0.000576189,6.23439e-05,265
sopt,0.1,7,2,0.9999,40,14,10,,0.0611299,0.165944,8.24708e-05,-1
qdeim,0.1,7,2,0.9999,40,14,10,2112,3904,3712,2624,3648,2432,3520,3328,3584,3200,2944,2752,3264,3136,1.48335,1.3797e-05,0.00039582,5.00716e-06,266
gnat,0.1,7,2,0.9999,40,14,10,1408,3072,2944,2816,2432,1792,2304,3072,2240,2560,2944,2944,2560,2176,1.28136,2.68457e-05,0.000170511,4.90585e-05,265
sopt,0.1,7,2,0.999999,40,14,2,1280,1728,1600,1216,1152,1088,1216,1280,1344,1216,1152,1088,1344,1280,0.861512,1.43925e-05,6.07055e-05,1.94028e-06,259
qdeim,0.1,7,2,0.999999,40,14,2,832,1280,1280,1024,1152,1216,1344,1344,1280,1088,960,960,1088,1216,0.892859,2.06858e-05,2.58283e-05,1.11905e-05,266
gnat,0.1,7,2,0.999999,40,14,2,832,1152,1088,1152,1088,1152,1152,1280,1216,960,1024,1152,1152,960,0.821155,3.1702e-05,0.0017294,5.42909e-05,264
sopt,0.1,7,2,0.999999,40,14,3,1984,2560,2432,1920,1728,1536,1792,1856,2176,1984,1728,1600,2048,1856,1.09481,1.22135e-05,6.35052e-05,2.26393e-06,262
qdeim,0.1,7,2,0.999999,40,14,3,1344,2176,1856,1600,1856,1792,1984,2048,1856,1472,1536,1536,1536,1600,1.0904,1.88177e-05,3.78359e-05,1.46212e-05,266
gnat,0.1,7,2,0.999999,40,14,3,1216,1664,1536,1792,1664,1664,1664,1856,1664,1408,1472,1728,1728,1472,1.12712,2.88406e-05,0.0017374,5.42948e-05,264
sopt,0.1,7,2,0.999999,40,14,4,2432,3136,3264,2688,2432,2304,2752,2688,2944,3072,2496,2240,2752,2432,1.4264,1.046e-05,2.8459e-05,1.07704e-06,263
qdeim,0.1,7,2,0.999999,40,14,4,1792,2624,2368,1984,2304,2304,2624,2560,2368,1792,2048,2048,2112,1984,1.22565,1.72637e-05,0.000108262,1.13275e-05,266
gnat,0.1,7,2,0.999999,40,14,4,1600,2176,1792,2368,2240,2048,2240,2432,2176,1856,1792,2240,2240,1920,1.14357,2.64205e-05,0.0017436,5.42574e-05,264
sopt,0.1,7,2,0.999999,40,14,5,3072,3840,4544,3648,3264,3520,4032,3392,4416,3968,3264,2752,3456,3008,1.6893,8.88196e-06,2.51438e-05,1.02384e-06,266
qdeim,0.1,7,2,0.999999,40,14,5,2304,2880,3072,2304,2944,2624,3072,3072,3008,2176,2432,2368,2688,2432,1.37133,1.69488e-05,0.00011388,8.74072e-06,266
gnat,0.1,7,2,0.999999,40,14,5,1920,2624,2112,2944,2688,2496,2688,3008,2752,2112,2240,2624,2560,2304,1.30942,2.54225e-05,0.00174731,5.42298e-05,264
sopt,0.1,7,2,0.999999,40,14,6,3456,4416,5568,4928,4096,4544,4992,4160,5568,4800,4096,3392,4544,3968,1.97239,7.39561e-06,2.09899e-05,1.00732e-06,266
qdeim,0.1,7,2,0.999999,40,14,6,2560,3200,3968,2752,3584,3136,3648,3648,3456,2560,2944,2752,3072,2752,1.51959,1.52016e-05,5.92935e-05,6.77295e-06,266
gnat,0.1,7,2,0.999999,40,14,6,2176,3136,2624,3584,3200,2944,3136,3520,3200,2304,2560,2944,2944,2816,1.45596,2.39835e-05,0.00175197,5.43101e-05,264
sopt,0.1,7,2,0.999999,40,14,7,4096,5440,6080,5376,5056,5696,6208,4864,6208,5568,4736,3904,5376,4992,2.22874,6.74598e-06,1.89605e-05,1.02671e-06,266
qdeim,0.1,7,2,0.999999,40,14,7,2688,3712,4544,3008,4224,3712,4032,4032,3776,2880,3328,3328,3648,3008,1.77872,1.43926e-05,2.11717e-05,5.83946e-06,266
gnat,0.1,7,2,0.999999,40,14,7,2368,3648,2880,4096,3648,3264,3584,4096,3648,2432,2816,3264,3264,3200,1.66714,2.28374e-05,0.00175582,5.42671e-05,264
sopt,0.1,7,2,0.999999,40,14,8,4672,6592,6720,6080,5568,6272,7232,5312,6720,6080,5568,4928,6016,5632,2.46792,6.04904e-06,1.71308e-05,9.85668e-07,266
qdeim,0.1,7,2,0.999999,40,14,8,2944,4160,5120,3072,4672,4224,4672,4416,4160,3264,3776,4032,4032,3200,1.80866,1.36905e-05,1.82254e-05,5.94266e-06,266
gnat,0.1,7,2,0.999999,40,14,8,2560,4096,3072,4608,4096,3584,4096,4608,4096,2560,3072,3584,3584,3584,1.70304,2.17283e-05,0.00175884,5.4238e-05,264
sopt,0.1,7,2,0.999999,40,14,9,5696,7168,7296,6656,6208,6848,8320,6016,7424,6848,6016,5632,6592,6080,2.7868,5.76183e-06,1.68354e-05,9.66585e-07,266
qdeim,0.1,7,2,0.999999,40,14,9,3200,4288,5568,3456,4992,4672,5184,4800,4608,3712,4160,4416,4544,3392,1.93662,1.28495e-05,2.48855e-05,5.26737e-06,266
gnat,0.1,7,2,0.999999,40,14,9,2176,4672,3136,4864,4160,3264,4352,4864,3840,2880,3392,3904,3712,3840,1.69589,2.08807e-05,0.0017199,4.96451e-05,265
sopt,0.1,7,2,0.999999,40,14,10,6272,7872,8192,7616,6656,7360,9216,7168,8832,8064,6336,6080,6912,6656,2.98736,5.83399e-06,1.67633e-05,9.79793e-07,266
qdeim,0.1,7,2,0.999999,40,14,10,3520,4416,6016,3712,5248,5248,5696,5120,4928,4224,4416,4928,5120,3520,2.02192,1.11246e-05,1.92793e-05,6.36537e-06,266
gnat,0.1,7,2,0.999999,40,14,10,2816,4736,3200,4992,4160,3392,4608,5120,4352,3328,3968,4224,3840,4160,1.78976,1.94048e-05,0.00166745,4.69607e-05,265
sopt,0.1,4,2,0.99,60,18,2,,0.0611299,0.165948,8.2463e-05,-1
qdeim,0.1,4,2,0.99,60,18,2,448,576,384,384,448,448,384,448,384,320,576,576,512,256,384,384,448,384,0.668682,0.058088,1.55564,0.0105662,243
gnat,0.1,4,2,0.99,60,18,2,384,384,384,320,384,384,384,384,320,384,512,384,384,256,256,320,320,384,0.715622,0.0582701,1.34137,0.0118413,243
sopt,0.1,4,2,0.99,60,18,3,,0.0611299,0.165948,8.2463e-05,-1
qdeim,0.1,4,2,0.99,60,18,3,704,960,768,704,704,704,576,640,640,448,768,1024,768,384,640,640,704,768,0.899553,0.0568067,1.9151,0.00972048,243
gnat,0.1,4,2,0.99,60,18,3,512,576,576,512,576,512,576,512,512,512,704,512,576,256,384,384,448,576,0.842405,0.0571076,1.28538,0.0116626,243
sopt,0.1,4,2,0.99,60,18,4,,0.0611299,0.165948,8.2463e-05,-1
qdeim,0.1,4,2,0.99,60,18,4,960,1216,960,896,896,960,704,768,896,704,1024,1344,1152,576,1024,832,960,1024,1.06501,0.0552301,1.49974,0.00653707,244
gnat,0.1,4,2,0.99,60,18,4,640,768,768,640,768,640,704,640,640,576,896,640,704,256,512,448,576,768,0.876922,0.056017,1.22613,0.0115837,244
sopt,0.1,4,2,0.99,60,18,5,,0.0611299,0.165948,8.2463e-05,-1
qdeim,0.1,4,2,0.99,60,18,5,1216,1600,1088,1152,1216,1088,1088,1024,1088,896,1344,1536,1408,896,1280,1088,1216,1280,1.12956,0.0536845,1.38757,0.00551515,244
gnat,0.1,4,2,0.99,60,18,5,768,960,960,768,960,704,832,768,768,704,1088,704,832,320,512,512,704,960,0.994008,0.0550717,1.18859,0.0112766,244
sopt,0.1,4,2,0.99,60,18,6,,0.0611299,0.165948,8.2463e-05,-1
qdeim,0.1,4,2,0.99,60,18,6,1344,2112,1280,1280,1408,1280,1216,1408,1280,1024,1600,1856,1536,1024,1536,1344,1408,1664,1.33717,0.0523925,1.32932,0.00407499,244
gnat,0.1,4,2,0.99,60,18,6,896,1152,1152,832,1152,896,896,896,896,832,1216,832,896,448,512,512,832,1152,1.04651,0.0541668,1.15413,0.0109944,244
sopt,0.1,4,2,0.99,60,18,7,,0.0611299,0.165948,8.2463e-05,-1
qdeim,0.1,4,2,0.99,60,18,7,1536,2304,1664,1536,1664,1472,1600,1728,1536,1152,2176,2112,1664,1152,1728,1536,1600,1728,1.57191,0.0509801,1.27988,0.0033842,244
gnat,0.1,4,2,0.99,60,18,7,960,1344,1344,960,1344,960,960,960,960,896,1408,896,960,512,512,512,960,1344,1.03256,0.0534462,1.12752,0.0107752,244
sopt,0.1,4,2,0.99,60,18,8,,0.0611299,0.165948,8.2463e-05,-1
qdeim,0.1,4,2,0.99,60,18,8,1728,2496,1856,1920,1728,1728,1728,1920,1664,1408,2368,2368,1728,1344,1792,1664,1792,1856,1.56488,0.0499679,1.23588,0.00533159,244
gnat,0.1,4,2,0.99,60,18,8,1024,1536,1536,1024,1536,1024,1024,1024,1024,1024,1536,1024,1024,512,512,512,1024,1536,1.17001,0.0527211,1.07313,0.0092534,244
sopt,0.1,4,2,0.99,60,18,9,,0.0611299,0.165948,8.2463e-05,-1
qdeim,0.1,4,2,0.99,60,18,9,2112,2752,2112,2112,1856,1920,1920,2432,1792,1984,2624,2496,1856,1472,1984,1728,2048,1920,1.71516,0.0491311,1.16852,0.00545918,244
gnat,0.1,4,2,0.99,60,18,9,1088,1600,1728,1152,1728,1216,1088,1152,1088,1088,1728,1280,1152,640,704,640,1088,1600,1.11727,0.051794,1.1111,0.00962939,244
sopt,0.1,4,2,0.99,60,18,10,,0.0611299,0.165948,8.2463e-05,-1
qdeim,0.1,4,2,0.99,60,18,10,2432,2944,2304,2496,1920,2176,2112,2624,1920,2112,2880,2880,2112,1600,2048,1920,2240,2176,1.86365,0.0481926,1.10659,0.00537772,244
gnat,0.1,4,2,0.99,60,18,10,1152,1664,1920,1280,1920,1408,1152,1280,768,1152,1920,1536,1280,768,896,768,1152,1664,1.31606,0.0509657,1.0833,0.00948951,244
sopt,0.1,4,2,0.9999,60,18,2,,0.0611299,0.165948,8.2463e-05,-1
qdeim,0.1,4,2,0.9999,60,18,2,512,704,448,512,576,576,448,576,512,576,576,576,640,448,576,512,576,448,0.941775,0.0551278,35.9484,0.607023,284
gnat,0.1,4,2,0.9999,60,18,2,512,512,512,448,512,448,512,448,448,512,512,384,512,512,384,448,448,512,0.777224,0.056721,0.341965,0.00678078,243
sopt,0.1,4,2,0.9999,60,18,3,,0.0611299,0.165948,8.2463e-05,-1
qdeim,0.1,4,2,0.9999,60,18,3,832,1152,896,960,896,896,704,832,832,832,768,1024,832,640,896,768,896,896,0.946623,0.0551648,5.7399,0.0768786,250
gnat,0.1,4,2,0.9999,60,18,3,704,704,768,704,768,576,768,512,704,704,704,512,768,640,576,576,640,768,0.882496,0.0549364,0.299066,0.00644753,244
sopt,0.1,4,2,0.9999,60,18,4,,0.0611299,0.165948,8.2463e-05,-1
qdeim,0.1,4,2,0.9999,60,18,4,1152,1472,1152,1216,1088,1216,896,1088,1088,1024,1024,1344,1280,960,1216,1088,1216,1216,1.13298,0.0537237,2.27463,0.0423947,243
gnat,0.1,4,2,0.9999,60,18,4,896,960,1024,896,1024,704,960,704,896,832,896,640,960,768,768,704,832,960,1.00095,0.0532888,0.293785,0.00604881,244
sopt,0.1,4,2,0.9999,60,18,5,,0.0611299,0.165948,8.2463e-05,-1
qdeim,0.1,4,2,0.9999,60,18,5,1408,1792,1408,1472,1536,1408,1344,1408,1152,1152,1344,1536,1472,1408,1472,1408,1536,1536,1.33877,0.0533116,1.02066,0.0208555,244
gnat,0.1,4,2,0.9999,60,18,5,1088,1088,1152,1088,1280,768,1152,768,1088,1024,1088,704,1152,960,832,832,1024,1152,1.0098,0.0520008,0.287456,0.00573929,244
sopt,0.1,4,2,0.9999,60,18,6,,0.0611299,0.165948,8.2463e-05,-1
qdeim,0.1,4,2,0.9999,60,18,6,1600,2176,1664,1600,1792,1472,1408,1856,1216,1408,1600,1856,1536,1728,1664,1728,1792,1984,1.48722,0.0519144,1.04797,0.0424893,250
gnat,0.1,4,2,0.9999,60,18,6,1280,1216,1280,1216,1536,896,1280,896,1280,1216,1216,832,1280,1216,896,896,1216,1280,1.16376,0.050808,0.284954,0.00547215,244
sopt,0.1,4,2,0.9999,60,18,7,,0.0611299,0.165948,8.2463e-05,-1
qdeim,0.1,4,2,0.9999,60,18,7,1856,2240,2048,1728,2112,1536,1856,2304,1344,1600,2176,2112,1664,1856,1856,1920,2048,2240,1.61777,0.0506298,1.75257,0.0439286,244
gnat,0.1,4,2,0.9999,60,18,7,1408,1408,1408,1408,1792,960,1408,960,1408,1344,1408,896,1408,1408,960,960,1408,1408,1.22483,0.0497737,0.28159,0.00526986,244
sopt,0.1,4,2,0.9999,60,18,8,,0.0611299,0.165948,8.2463e-05,-1
qdeim,0.1,4,2,0.9999,60,18,8,2048,2368,2304,2048,2368,1664,1920,2496,1408,1728,2368,2368,1728,1984,2112,2176,2304,2560,1.80194,0.0494883,2.07839,0.0428224,250
gnat,0.1,4,2,0.9999,60,18,8,1536,1536,1536,1536,2048,1024,1536,1024,1536,1536,1536,1024,1536,1536,1024,1024,1536,1536,1.32889,0.0487499,0.301012,0.00545013,244
sopt,0.1,4,2,0.9999,60,18,9,,0.0611299,0.165948,8.2463e-05,-1
qdeim,0.1,4,2,0.9999,60,18,9,2368,2688,2624,2240,2560,1920,1984,3136,1472,2432,2624,2496,1856,2112,2496,2432,2560,2816,1.93604,0.048388,1.7796,0.0384392,250
gnat,0.1,4,2,0.9999,60,18,9,1600,1600,1728,1664,2240,1216,1600,1152,1664,1664,1728,1280,1728,1664,1216,1216,1536,1664,1.68684,0.0481723,0.118151,0.00973776,244
sopt,0.1,4,2,0.9999,60,18,10,,0.0611299,0.165948,8.2463e-05,-1
qdeim,0.1,4,2,0.9999,60,18,10,2624,2944,2752,2560,2624,2176,2176,3456,1600,2560,2880,2880,2112,2432,2752,2752,2688,3264,2.14962,0.0473547,1.7514,0.0446093,250
gnat,0.1,4,2,0.9999,60,18,10,1664,1664,1920,1792,2432,1408,1664,1280,1280,1792,1920,1536,1920,1792,1408,1408,1536,1792,1.58997,0.0474201,0.219458,0.00502033,244
sopt,0.1,4,2,0.999999,60,3,2,,,,,-1
qdeim,0.1,4,2,0.999999,60,3,2,,,,,-1
gnat,0.1,4,2,0.999999,60,3,2,,,,,-1
sopt,0.1,4,2,0.999999,60,3,3,,,,,-1
qdeim,0.1,4,2,0.999999,60,3,3,,,,,-1
gnat,0.1,4,2,0.999999,60,3,3,,,,,-1
sopt,0.1,4,2,0.999999,60,3,4,,,,,-1
qdeim,0.1,4,2,0.999999,60,3,4,,,,,-1
gnat,0.1,4,2,0.999999,60,3,4,,,,,-1
sopt,0.1,4,2,0.999999,60,3,5,,,,,-1
qdeim,0.1,4,2,0.999999,60,3,5,,,,,-1
gnat,0.1,4,2,0.999999,60,3,5,,,,,-1
sopt,0.1,4,2,0.999999,60,3,6,,,,,-1
qdeim,0.1,4,2,0.999999,60,3,6,,,,,-1
gnat,0.1,4,2,0.999999,60,3,6,,,,,-1
sopt,0.1,4,2,0.999999,60,3,7,,,,,-1
qdeim,0.1,4,2,0.999999,60,3,7,,,,,-1
gnat,0.1,4,2,0.999999,60,3,7,,,,,-1
sopt,0.1,4,2,0.999999,60,3,8,,,,,-1
qdeim,0.1,4,2,0.999999,60,3,8,,,,,-1
gnat,0.1,4,2,0.999999,60,3,8,,,,,-1
sopt,0.1,4,2,0.999999,60,3,9,,,,,-1
qdeim,0.1,4,2,0.999999,60,3,9,,,,,-1
gnat,0.1,4,2,0.999999,60,3,9,,,,,-1
sopt,0.1,4,2,0.999999,60,3,10,,,,,-1
qdeim,0.1,4,2,0.999999,60,3,10,,,,,-1
gnat,0.1,4,2,0.999999,60,3,10,,,,,-1
sopt,0.1,7,3,0.99,60,14,2,,0.0611356,0.1659,8.17733e-05,-1
qdeim,0.1,7,3,0.99,60,14,2,864,864,864,864,864,864,864,1944,1512,1080,864,864,864,1080,1.14561,9.80167e-06,0.000914832,2.98357e-07,393
gnat,0.1,7,3,0.99,60,14,2,864,864,648,864,864,864,864,1296,1296,864,864,864,864,1296,1.05526,1.72523e-05,0.00103353,2.21746e-06,380
sopt,0.1,7,3,0.99,60,14,3,,0.0611356,0.1659,8.17733e-05,-1
qdeim,0.1,7,3,0.99,60,14,3,1296,1944,1296,2808,1944,1296,1512,2592,2160,1512,1296,1512,1944,1944,1.41636,4.7388e-06,0.000892069,7.19323e-07,393
gnat,0.1,7,3,0.99,60,14,3,1296,1296,1080,1296,1296,1296,1296,1944,1944,1296,1296,1296,1296,1944,1.21342,1.72695e-05,0.00103354,2.21722e-06,380
sopt,0.1,7,3,0.99,60,14,4,,0.0611356,0.1659,8.17733e-05,-1
qdeim,0.1,7,3,0.99,60,14,4,1728,2376,1728,3240,2376,1944,1944,3240,2808,1944,2160,2160,2376,2592,1.67499,4.26926e-06,0.0010228,1.52216e-06,395
gnat,0.1,7,3,0.99,60,14,4,1728,1728,1512,1728,1728,1728,1728,2592,2592,1728,1728,1728,1728,2592,1.47633,1.72815e-05,0.0010335,2.2166e-06,380
sopt,0.1,7,3,0.99,60,14,5,,0.0611356,0.1659,8.17733e-05,-1
qdeim,0.1,7,3,0.99,60,14,5,2808,2592,2160,3672,2592,2376,3024,3888,3456,2160,2592,2592,2808,3240,2.01272,3.05183e-06,0.00105954,2.19724e-06,395
gnat,0.1,7,3,0.99,60,14,5,2160,2160,1512,2160,2160,2160,2160,3240,3240,2160,2160,2160,2160,3240,1.68354,1.72609e-05,0.00103347,2.2165e-06,380
sopt,0.1,7,3,0.99,60,14,6,,0.0611356,0.1659,8.17733e-05,-1
qdeim,0.1,7,3,0.99,60,14,6,3024,3672,2592,4752,2808,2592,3456,5184,4320,2808,3240,3672,3240,4104,2.34084,2.97699e-06,0.00109099,2.33531e-06,395
gnat,0.1,7,3,0.99,60,14,6,2592,2592,1512,2592,2592,2592,2592,3888,3888,2592,2592,2592,2592,3888,1.87701,1.72494e-05,0.00103344,2.21638e-06,380
sopt,0.1,7,3,0.99,60,14,7,,0.0611356,0.1659,8.17733e-05,-1
qdeim,0.1,7,3,0.99,60,14,7,4104,3888,3240,5400,3024,3672,4536,5616,5400,3240,3888,4104,3672,4320,2.63698,3.90359e-06,0.00107259,2.37856e-06,395
gnat,0.1,7,3,0.99,60,14,7,3024,3024,1512,3024,3024,3024,3024,4536,4536,3024,3024,3024,3024,4536,1.97691,1.72335e-05,0.00103342,2.21624e-06,380
sopt,0.1,7,3,0.99,60,14,8,,0.0611356,0.1659,8.17733e-05,-1
qdeim,0.1,7,3,0.99,60,14,8,4536,4320,3888,5832,3240,4104,4968,6480,6048,4104,4104,4320,4104,4968,2.82329,4.30541e-06,0.00110294,1.22544e-06,395
gnat,0.1,7,3,0.99,60,14,8,3456,3456,1728,3456,3456,3456,3456,5184,5184,3456,3456,3456,3456,5184,2.31822,1.72042e-05,0.0010334,2.21633e-06,380
sopt,0.1,7,3,0.99,60,14,9,,0.0611356,0.1659,8.17733e-05,-1
qdeim,0.1,7,3,0.99,60,14,9,4968,4968,4320,5832,3456,4536,5400,7128,7128,4536,5184,5400,4968,5400,3.13656,5.21921e-06,0.00110084,8.98178e-07,395
gnat,0.1,7,3,0.99,60,14,9,3888,3672,2160,3672,3672,3672,3672,5184,5400,3456,3456,3672,3888,5832,2.46196,1.376e-05,0.000998405,2.36984e-06,385
sopt,0.1,7,3,0.99,60,14,10,,0.0611356,0.1659,8.17733e-05,-1
qdeim,0.1,7,3,0.99,60,14,10,5184,5184,4536,6912,3672,4968,6048,7776,7560,4968,5400,5616,5400,5616,3.37457,4.80327e-06,0.00111539,6.50664e-07,395
gnat,0.1,7,3,0.99,60,14,10,4104,3888,2592,3888,3888,3888,3888,5184,5616,3456,3456,3888,4320,6480,2.58964,1.20257e-05,0.000964282,2.45607e-06,385
sopt,0.1,7,3,0.9999,60,14,2,,0.0611356,0.1659,8.17733e-05,-1
qdeim,0.1,7,3,0.9999,60,14,2,1728,1944,2160,1296,1296,1080,1296,2592,2592,2376,1296,1296,1728,2160,63.8923,8.17605e-06,0.000315887,1.49656e-05,398
gnat,0.1,7,3,0.9999,60,14,2,1728,2160,1944,1296,1296,1296,1296,2160,2592,2160,1296,1296,1728,2160,1.51929,1.35499e-05,0.000294943,1.40586e-05,398
sopt,0.1,7,3,0.9999,60,14,3,,0.0611356,0.1659,8.17733e-05,-1
qdeim,0.1,7,3,0.9999,60,14,3,2376,3672,3240,3456,2592,1728,2160,3456,3888,3456,1944,2160,3240,3240,2.06994,6.04902e-06,0.000270268,1.39583e-05,398
gnat,0.1,7,3,0.9999,60,14,3,2592,3240,3024,1944,1944,1944,1944,3240,3888,3240,1944,1944,2592,2808,1.89987,1.41587e-05,0.000296708,1.40649e-05,398
sopt,0.1,7,3,0.9999,60,14,4,,0.0611356,0.1659,8.17733e-05,-1
qdeim,0.1,7,3,0.9999,60,14,4,3240,4752,4104,4104,3024,2592,2808,4536,5184,4536,3240,3024,4104,4104,2.53609,5.32203e-06,0.000340267,1.63278e-05,398
gnat,0.1,7,3,0.9999,60,14,4,3456,4320,4104,2592,2592,2592,2592,4320,4968,4320,2592,2592,3456,3672,2.21833,1.41577e-05,0.000296822,1.40755e-05,398
sopt,0.1,7,3,0.9999,60,14,5,,0.0611356,0.1659,8.17733e-05,-1
qdeim,0.1,7,3,0.9999,60,14,5,4752,5400,4968,4536,3456,3240,4104,5616,6480,5184,3672,3888,4968,4320,2.8426,5.90499e-06,0.000349389,1.64315e-05,398
gnat,0.1,7,3,0.9999,60,14,5,4320,5400,4752,3240,3240,3240,3240,5400,6048,5400,3240,3240,4320,4536,2.75523,1.38757e-05,0.000296913,1.40921e-05,398
sopt,0.1,7,3,0.9999,60,14,6,,0.0611356,0.1659,8.17733e-05,-1
qdeim,0.1,7,3,0.9999,60,14,6,5400,6912,6048,5832,3888,3888,4752,7128,7776,6264,4104,4968,5832,5184,3.35478,5.80548e-06,0.000380886,1.76696e-05,398
gnat,0.1,7,3,0.9999,60,14,6,5184,6480,5400,3888,3888,3888,3888,6480,6912,6480,3888,3888,5184,5616,3.01571,1.3336e-05,0.000296158,1.41082e-05,398
sopt,0.1,7,3,0.9999,60,14,7,,0.0611356,0.1659,8.17733e-05,-1
qdeim,0.1,7,3,0.9999,60,14,7,6912,7344,7344,6912,4536,5184,5616,7776,9720,7344,4752,5616,6912,6912,3.96896,6.54406e-06,0.000397487,1.82797e-05,398
gnat,0.1,7,3,0.9999,60,14,7,6048,7560,6048,4536,4536,4536,4536,7560,7776,7560,4536,4536,6048,6264,3.68718,1.31713e-05,0.00029658,1.41302e-05,398
sopt,0.1,7,3,0.9999,60,14,8,,0.0611356,0.1659,8.17733e-05,-1
qdeim,0.1,7,3,0.9999,60,14,8,7344,7776,8424,7344,4968,5832,5832,8640,10152,9072,5184,5832,7992,7992,4.26488,6.72415e-06,0.000389498,1.778e-05,398
gnat,0.1,7,3,0.9999,60,14,8,6912,8640,6912,5184,5184,5184,5184,8640,8640,8640,5184,5184,6912,6912,3.93054,1.31609e-05,0.0002968,1.41404e-05,398
sopt,0.1,7,3,0.9999,60,14,9,,0.0611356,0.1659,8.17733e-05,-1
qdeim,0.1,7,3,0.9999,60,14,9,8424,8208,9720,7560,4968,6480,6048,9288,11448,9936,6480,6912,9504,8424,4.72989,6.88797e-06,0.000390047,1.77971e-05,398
gnat,0.1,7,3,0.9999,60,14,9,7344,9072,7344,5400,5400,5400,5400,8640,9072,8640,5184,5400,7560,7344,4.09342,1.18593e-05,0.000293832,1.39064e-05,398
sopt,0.1,7,3,0.9999,60,14,10,,0.0611356,0.1659,8.17733e-05,-1
qdeim,0.1,7,3,0.9999,60,14,10,9072,8208,10584,8640,5184,7128,6480,10152,12528,10368,6912,7128,10152,8424,4.93909,6.17393e-06,0.0003954,1.81214e-05,398
gnat,0.1,7,3,0.9999,60,14,10,7560,9504,7776,5616,5616,5616,5616,8640,9504,9072,5184,5616,8208,7776,4.24323,1.24763e-05,0.00029439,1.36432e-05,398
sopt,0.1,7,3,0.999999,60,14,2,,0.0611356,0.1659,8.17733e-05,-1
qdeim,0.1,7,3,0.999999,60,14,2,2160,3024,2808,3024,2808,2808,3024,3024,3456,3024,3024,2376,3024,2808,2.09437,1.10101e-05,4.8669e-05,6.49121e-06,398
gnat,0.1,7,3,0.999999,60,14,2,2160,3024,2592,3024,3024,3024,3024,3024,3456,3024,3024,2592,3024,3024,2.03563,5.59305e-06,5.48333e-05,4.60067e-06,398
sopt,0.1,7,3,0.999999,60,14,3,,0.0611356,0.1659,8.17733e-05,-1
qdeim,0.1,7,3,0.999999,60,14,3,3240,4536,4320,4536,4104,4320,4536,4320,4968,4536,4536,3240,4320,4104,2.71432,1.12099e-05,3.81164e-05,6.10439e-06,398
gnat,0.1,7,3,0.999999,60,14,3,3240,4536,4104,4536,4536,4536,4536,4536,5184,4536,4536,3888,4536,3888,2.792,6.15424e-06,5.41327e-05,4.57086e-06,398
sopt,0.1,7,3,0.999999,60,14,4,,0.0611356,0.1659,8.17733e-05,-1
qdeim,0.1,7,3,0.999999,60,14,4,4320,6048,5832,5832,5616,5400,6048,5832,6696,5616,5832,4104,5400,5184,3.39999,9.72888e-06,4.67766e-05,5.78945e-06,398
gnat,0.1,7,3,0.999999,60,14,4,4320,5832,5616,6048,5832,6048,6048,6048,6696,5832,6048,5184,6048,4968,3.52561,6.11214e-06,5.45861e-05,4.54977e-06,398
sopt,0.1,7,3,0.999999,60,14,5,,0.0611356,0.1659,8.17733e-05,-1
qdeim,0.1,7,3,0.999999,60,14,5,6048,7344,7128,6912,6696,6912,7560,6264,8424,6912,7344,5184,6696,6264,3.95179,1.04981e-05,4.0736e-05,5.77215e-06,398
gnat,0.1,7,3,0.999999,60,14,5,5400,6912,6264,7560,6912,7560,7560,7560,8208,7128,7560,6480,7560,5832,4.20931,5.8815e-06,5.45159e-05,4.49072e-06,398
sopt,0.1,7,3,0.999999,60,14,6,,0.0611356,0.1659,8.17733e-05,-1
qdeim,0.1,7,3,0.999999,60,14,6,6912,8856,8424,7776,7992,8424,9072,6912,9720,7992,8856,6264,7992,6912,4.69876,1.00609e-05,4.34477e-05,5.71984e-06,398
gnat,0.1,7,3,0.999999,60,14,6,6480,7992,7128,9072,8208,9072,9072,9072,9504,8208,9072,7776,9072,6912,5.01304,5.45638e-06,5.49914e-05,4.4497e-06,398
sopt,0.1,7,3,0.999999,60,14,7,,0.0611356,0.1659,8.17733e-05,-1
qdeim,0.1,7,3,0.999999,60,14,7,8640,10368,9504,8208,8856,9720,10368,7344,11448,9288,9936,7560,8424,8208,5.20137,9.78375e-06,4.25846e-05,5.44493e-06,398
gnat,0.1,7,3,0.999999,60,14,7,7560,9288,7776,10584,9288,10584,10584,10584,10800,9288,10584,9072,10584,7776,5.64256,5.17765e-06,5.5314e-05,4.4076e-06,398
sopt,0.1,7,3,0.999999,60,14,8,,0.0611356,0.1659,8.17733e-05,-1
qdeim,0.1,7,3,0.999999,60,14,8,9720,11664,11016,9072,9504,11232,11448,7776,12960,10584,11016,8856,8856,9504,5.76396,1.00255e-05,4.15386e-05,5.34494e-06,398
gnat,0.1,7,3,0.999999,60,14,8,8640,10368,8640,12096,10368,12096,12096,12096,12096,10368,12096,10368,12096,8640,6.26434,5.25418e-06,5.51508e-05,4.37696e-06,398
sopt,0.1,7,3,0.999999,60,14,9,,0.0611356,0.1659,8.17733e-05,-1
qdeim,0.1,7,3,0.999999,60,14,9,10800,12960,12312,9936,9936,12312,12312,8424,14472,11232,11880,10152,9288,10584,6.26938,9.02387e-06,4.81905e-05,5.37066e-06,398
gnat,0.1,7,3,0.999999,60,14,9,9072,11016,9072,12528,10584,12312,12312,12312,12744,10368,12096,10800,11232,9504,6.4449,4.3814e-06,5.86657e-05,4.48863e-06,398
sopt,0.1,7,3,0.999999,60,14,10,,0.0611356,0.1659,8.17733e-05,-1
qdeim,0.1,7,3,0.999999,60,14,10,11232,13176,13824,10152,10584,12960,13176,9072,15768,12312,12960,11232,9504,11664,6.6729,8.59999e-06,4.93715e-05,5.32214e-06,398
gnat,0.1,7,3,0.999999,60,14,10,9288,12960,9504,12528,10800,12528,12528,12096,12096,10800,12096,11664,12096,10368,6.41091,5.8648e-06,4.97723e-05,4.53156e-06,398
sopt,0.1,4,3,0.99,80,20,2,,0.0611356,0.165902,8.17681e-05,-1
qdeim,0.1,4,3,0.99,80,20,2,864,864,1080,864,864,1080,864,864,864,648,864,864,864,864,1080,864,864,864,1512,1944,1.46535,0.0595237,1.2411,0.00711112,365
gnat,0.1,4,3,0.99,80,20,2,864,864,864,864,864,864,864,864,864,864,864,864,864,864,864,864,864,864,864,1296,1.36386,0.059292,1.27357,0.00812916,361
sopt,0.1,4,3,0.99,80,20,3,,0.0611356,0.165902,8.17681e-05,-1
qdeim,0.1,4,3,0.99,80,20,3,1296,1296,1512,1296,1944,1512,1728,1944,1512,1080,1944,1296,1512,1296,1512,1944,1296,1512,1944,2592,2.05285,0.058903,1.22099,0.00773295,365
gnat,0.1,4,3,0.99,80,20,3,1296,1296,1296,1080,1296,1296,1296,1296,1296,1296,1296,1296,1296,1296,1296,1296,1296,1296,1296,1944,1.74556,0.0583072,1.2313,0.00784924,362
sopt,0.1,4,3,0.99,80,20,4,,0.0611356,0.165902,8.17681e-05,-1
qdeim,0.1,4,3,0.99,80,20,4,1728,1944,1944,2376,3024,2592,2160,2376,1944,1512,2376,2376,2160,1728,1944,2376,1728,2160,2376,3456,2.53336,0.0581034,1.09312,0.00242699,365
gnat,0.1,4,3,0.99,80,20,4,1728,1728,1728,1512,1728,1728,1728,1728,1728,1728,1728,1728,1728,1728,1728,1728,1728,1728,1728,2592,2.14065,0.0573156,1.18583,0.00748203,363
sopt,0.1,4,3,0.99,80,20,5,,0.0611356,0.165902,8.17681e-05,-1
qdeim,0.1,4,3,0.99,80,20,5,2808,2592,2592,2808,3456,3024,2808,2808,2376,1944,2808,2808,3024,2808,3024,3024,2160,2376,3024,4752,3.11478,0.057454,1.11463,0.00255922,365
gnat,0.1,4,3,0.99,80,20,5,2160,2160,2160,1512,2160,2160,2160,2160,2160,2160,2160,2160,2160,2160,2160,2160,2160,2160,2160,2808,2.45469,0.0564411,1.15176,0.00725804,363
sopt,0.1,4,3,0.99,80,20,6,,0.0611356,0.165902,8.17681e-05,-1
qdeim,0.1,4,3,0.99,80,20,6,3024,3240,3024,3240,3456,3456,3456,3456,2808,2376,3240,3024,3456,3240,3456,3672,2592,2592,4104,4968,3.66389,0.0568875,1.11082,0.00305497,365
gnat,0.1,4,3,0.99,80,20,6,2592,2592,2592,1728,2592,2592,2592,2592,2592,2592,2592,2592,2592,2592,2592,2592,2592,2592,2592,3024,2.8583,0.0555414,1.11178,0.00698111,364
sopt,0.1,4,3,0.99,80,20,7,,0.0611356,0.165902,8.17681e-05,-1
qdeim,0.1,4,3,0.99,80,20,7,3240,4320,3240,3672,3672,4104,4104,3888,3240,2808,3888,3456,3888,4104,3888,4104,3240,3024,4752,5184,4.12686,0.0565103,1.07258,0.00229364,365
gnat,0.1,4,3,0.99,80,20,7,3024,3024,3024,1728,3024,3024,3024,3024,3024,3024,3024,3024,3024,3024,3024,3024,3024,3024,3024,3240,3.22606,0.0546772,1.07741,0.00673591,364
sopt,0.1,4,3,0.99,80,20,8,,0.0611356,0.165902,8.17681e-05,-1
qdeim,0.1,4,3,0.99,80,20,8,3240,4752,3456,4320,3888,4752,4536,4968,3888,3240,4104,3888,4320,4320,4320,4320,3672,3888,5832,5616,4.50394,0.0561064,1.07048,0.00185412,365
gnat,0.1,4,3,0.99,80,20,8,3456,3456,3456,1728,3456,3456,3456,3456,3456,3456,3456,3456,3456,3456,3456,3456,3456,3456,3456,3456,3.59887,0.053824,1.04612,0.0065334,364
sopt,0.1,4,3,0.99,80,20,9,,0.0611356,0.165902,8.17681e-05,-1
qdeim,0.1,4,3,0.99,80,20,9,3240,4968,4320,4752,4320,4968,4752,5400,4320,4320,4320,4104,4752,4752,4968,4968,3888,4104,6048,5832,4.90141,0.0556749,1.03786,0.000529642,365
gnat,0.1,4,3,0.99,80,20,9,3672,3672,3672,2160,3672,3672,3672,3672,3672,3456,3456,3888,3456,3456,3456,3888,3672,3672,3672,3672,3.69325,0.0535011,1.03743,0.00674596,365
sopt,0.1,4,3,0.99,80,20,10,,0.0611356,0.165902,8.17681e-05,-1
qdeim,0.1,4,3,0.99,80,20,10,3240,5832,4536,5184,4752,5184,4968,5616,4752,5184,4968,4752,5184,5184,5616,6048,4320,4320,6264,5832,5.95022,0.0551388,1.0299,0.000741127,365
gnat,0.1,4,3,0.99,80,20,10,3888,3888,3888,2592,3888,3888,3888,3888,3888,3456,3456,4320,3456,3456,3456,4320,3888,3888,3888,3888,3.77906,0.0531809,1.02549,0.00681569,365
sopt,0.1,4,3,0.9999,80,20,2,,0.0611356,0.165902,8.17681e-05,-1
qdeim,0.1,4,3,0.9999,80,20,2,1296,1728,1944,1080,1296,1512,1296,1080,1296,1296,1296,1728,1728,1296,1296,1296,1296,1080,1944,2376,1.96511,0.0588447,1.14105,0.00225827,365
gnat,0.1,4,3,0.9999,80,20,2,1296,1728,1728,1296,1296,1296,1296,1296,1296,1296,1296,1728,1728,1296,1296,1296,1296,1296,1296,1728,1.91553,0.0585542,1.17899,0.00706999,365
sopt,0.1,4,3,0.9999,80,20,3,,0.0611356,0.165902,8.17681e-05,-1
qdeim,0.1,4,3,0.9999,80,20,3,1944,2376,2808,1728,2592,2160,2592,2376,2160,1944,2592,2592,2592,1944,1944,2592,1944,1944,2592,3240,2.7872,0.0577319,1.06772,0.0059779,365
gnat,0.1,4,3,0.9999,80,20,3,1944,2592,2592,1728,1944,1944,1944,1944,1944,1944,1944,2592,2592,1944,1944,1944,1944,1944,1944,2592,2.51975,0.0572445,1.12663,0.00675892,365
sopt,0.1,4,3,0.9999,80,20,4,,0.0611356,0.165902,8.17681e-05,-1
qdeim,0.1,4,3,0.9999,80,20,4,2592,3456,3672,3024,3888,3456,3240,2808,2592,2592,3024,4104,3672,2592,2592,3240,2592,2808,3240,4320,3.43687,0.0565301,1.04236,0.00563794,365
gnat,0.1,4,3,0.9999,80,20,4,2592,3456,3456,2376,2592,2592,2592,2592,2592,2592,2592,3456,3456,2592,2592,2592,2592,2592,2592,3456,3.11497,0.0558996,1.07471,0.00645041,365
sopt,0.1,4,3,0.9999,80,20,5,,0.0611356,0.165902,8.17681e-05,-1
qdeim,0.1,4,3,0.9999,80,20,5,3888,3888,4752,3672,4536,4104,3888,3240,3240,3240,3672,4968,5184,3888,3888,3888,3240,3456,4104,5184,4.26387,0.0553963,0.984044,0.00771462,365
gnat,0.1,4,3,0.9999,80,20,5,3240,4320,4320,2592,3240,3240,3240,3240,3240,3240,3240,4320,4320,3240,3240,3240,3240,3240,3240,3888,3.71418,0.0546933,1.02796,0.00614842,365
sopt,0.1,4,3,0.9999,80,20,6,,0.0611356,0.165902,8.17681e-05,-1
qdeim,0.1,4,3,0.9999,80,20,6,4536,4320,5616,4320,4968,4752,4536,3888,3888,3672,4104,5832,5832,4320,4320,4752,4104,3888,5184,5832,4.98834,0.0544387,1.00056,0.00813327,365
gnat,0.1,4,3,0.9999,80,20,6,3888,5184,5184,3024,3888,3888,3888,3888,3888,3888,3888,5184,5184,3888,3888,3888,3888,3888,3888,4320,4.39888,0.0534503,0.980609,0.00584456,365
sopt,0.1,4,3,0.9999,80,20,7,,0.0611356,0.165902,8.17681e-05,-1
qdeim,0.1,4,3,0.9999,80,20,7,5184,5184,6264,5184,5616,5616,5400,4536,4536,4320,4752,6696,6480,5616,5184,5184,4968,4752,5832,6480,5.61781,0.0535085,0.943269,0.00959071,365
gnat,0.1,4,3,0.9999,80,20,7,4536,6048,6048,3240,4536,4536,4536,4536,4536,4536,4536,6048,6048,4536,4536,4536,4536,4536,4536,4752,4.96076,0.0522732,0.939158,0.00560457,365
sopt,0.1,4,3,0.9999,80,20,8,,0.0611356,0.165902,8.17681e-05,-1
qdeim,0.1,4,3,0.9999,80,20,8,5616,5400,6912,5832,6264,6480,6048,5616,5400,4968,4752,7560,7344,6264,5832,5400,5616,6048,6696,7344,6.23809,0.0527186,0.954219,0.00696559,365
gnat,0.1,4,3,0.9999,80,20,8,5184,6912,6912,3456,5184,5184,5184,5184,5184,5184,5184,6912,6912,5184,5184,5184,5184,5184,5184,5184,5.56635,0.0511124,0.897441,0.00533931,365
sopt,0.1,4,3,0.9999,80,20,9,,0.0611356,0.165902,8.17681e-05,-1
qdeim,0.1,4,3,0.9999,80,20,9,6048,5400,8208,6480,6912,6912,6696,5832,5832,6264,4752,7992,7992,6696,6696,6048,6048,6480,6912,8208,6.75559,0.0519809,0.91202,0.00682566,365
gnat,0.1,4,3,0.9999,80,20,9,5616,7128,7344,3888,5400,5400,5400,5400,5400,5184,5184,7560,6912,5184,5184,5616,5400,5400,5400,5616,5.79812,0.0507665,0.897291,0.00543712,365
sopt,0.1,4,3,0.9999,80,20,10,,0.0611356,0.165902,8.17681e-05,-1
qdeim,0.1,4,3,0.9999,80,20,10,6480,6264,9072,7344,7344,6912,7344,5832,6480,7560,5184,9072,8424,7344,7560,7128,6696,6912,7128,8856,7.38002,0.0512301,0.899545,0.0076737,365
gnat,0.1,4,3,0.9999,80,20,10,6048,7344,7776,4320,5616,5616,5616,5616,5616,5184,5184,8208,6912,5184,5184,6048,5616,5616,5616,6048,6.24108,0.0504667,0.896862,0.00553675,365
sopt,0.1,4,3,0.999999,80,20,2,,0.0611356,0.165902,8.17681e-05,-1
qdeim,0.1,4,3,0.999999,80,20,2,2160,2376,2592,2376,2160,1944,2160,2160,2160,1944,2592,2160,2376,2592,2160,2160,1944,2160,1944,2160,2.54274,0.0575001,2.22028,0.029955,365
gnat,0.1,4,3,0.999999,80,20,2,2160,2592,2592,2592,1944,2160,2160,2160,2160,2160,2592,2592,2592,2592,1944,2160,2160,2160,2160,2592,2.64659,0.0565373,0.814768,0.00953259,365
sopt,0.1,4,3,0.999999,80,20,3,,0.0611356,0.165902,8.17681e-05,-1
qdeim,0.1,4,3,0.999999,80,20,3,3024,3672,3888,3672,3240,3024,3240,3024,2808,2808,3456,3024,3456,3672,3240,3240,3024,3240,3024,3456,3.53269,0.0559385,1.9441,0.0218051,365
gnat,0.1,4,3,0.999999,80,20,3,2808,3888,3888,3672,2808,3240,3240,3240,3024,3240,3672,3888,3672,3456,3024,3240,3240,3240,3240,3888,3.59497,0.0544328,0.75429,0.00894947,365
sopt,0.1,4,3,0.999999,80,20,4,,0.0611356,0.165902,8.17681e-05,-1
qdeim,0.1,4,3,0.999999,80,20,4,3672,4752,5400,4752,4320,4104,4104,4104,3672,3456,4752,4104,4320,4752,4320,4320,4104,4320,4104,4104,4.52461,0.0542287,1.92395,0.0201783,365
gnat,0.1,4,3,0.999999,80,20,4,3672,4968,5184,4968,3888,4320,4320,4320,3888,4320,4752,5184,4536,3888,3888,4320,4320,4320,4320,4968,4.64248,0.0524426,0.70113,0.00843387,365
sopt,0.1,4,3,0.999999,80,20,5,,0.0611356,0.165902,8.17681e-05,-1
qdeim,0.1,4,3,0.999999,80,20,5,5400,6048,6480,5400,4968,5184,4752,4968,4536,4536,5616,4752,5616,6048,5184,5184,4968,5400,5184,5400,5.5269,0.0524911,1.84934,0.0240975,365
gnat,0.1,4,3,0.999999,80,20,5,4752,5832,6480,5832,4536,5400,5400,5400,4752,5400,5832,6480,5832,4752,4752,5400,5400,5400,5400,5616,5.48075,0.0506031,0.650099,0.00786128,365
sopt,0.1,4,3,0.999999,80,20,6,,0.0611356,0.165902,8.17681e-05,-1
qdeim,0.1,4,3,0.999999,80,20,6,6048,7128,7560,6264,5832,6264,5184,5832,5616,5616,6696,5832,6480,7344,6048,5616,5616,6264,6264,6696,6.21857,0.0510713,1.7334,0.0199635,365
gnat,0.1,4,3,0.999999,80,20,6,5616,6912,7776,6912,5400,6480,6480,6480,5400,6480,6912,7776,6912,5616,5616,6480,6480,6480,6480,6048,6.38403,0.0487412,0.600822,0.00730818,365
sopt,0.1,4,3,0.999999,80,20,7,,0.0611356,0.165902,8.17681e-05,-1
qdeim,0.1,4,3,0.999999,80,20,7,6912,7776,8640,7560,6912,7128,5832,6912,6480,6480,7560,6264,7344,8640,6912,6696,5832,7128,7776,7992,7.13363,0.0495099,1.53744,0.0196256,365
gnat,0.1,4,3,0.999999,80,20,7,6264,7776,9072,7776,6048,7560,7560,7560,6264,7560,7776,9072,7776,6480,6264,7560,7560,7560,7560,6480,7.40595,0.0471293,0.559347,0.00684248,365
sopt,0.1,4,3,0.999999,80,20,8,,0.0611356,0.165902,8.17681e-05,-1
qdeim,0.1,4,3,0.999999,80,20,8,7560,8424,9504,8856,7776,8208,6264,7992,7344,6696,8856,7128,8208,9720,7560,7560,7128,7992,8640,9288,7.9753,0.0482457,1.49923,0.0204101,365
gnat,0.1,4,3,0.999999,80,20,8,6912,8640,10368,8640,6912,8640,8640,8640,6912,8640,8640,10368,8640,6912,6912,8640,8640,8640,8640,6912,8.19813,0.0456127,0.522036,0.00642321,365
sopt,0.1,4,3,0.999999,80,20,9,,0.0611356,0.165902,8.17681e-05,-1
qdeim,0.1,4,3,0.999999,80,20,9,7776,9072,10584,9504,7992,9288,6912,9072,7776,7128,9504,7560,9072,10584,7776,8424,7560,9072,9072,10152,8.43452,0.0473174,1.44078,0.0206745,365
gnat,0.1,4,3,0.999999,80,20,9,7344,8856,11016,9504,7128,8856,8856,8856,7344,8856,8856,11016,8856,7344,6912,9072,9072,9072,8856,7560,10.4986,0.0449764,0.571165,0.00714578,365
sopt,0.1,4,3,0.999999,80,20,10,,0.0611356,0.165902,8.17681e-05,-1
qdeim,0.1,4,3,0.999999,80,20,10,7776,9288,11664,10584,8424,10368,7776,10152,8208,7128,10368,7992,9936,11664,8640,8856,8424,9720,9504,10584,9.05466,0.0465421,1.43341,0.0198436,365
gnat,0.1,4,3,0.999999,80,20,10,7776,9072,11664,10368,7344,9072,9072,9072,7776,9072,10800,12096,9072,9072,6912,9936,9504,9504,9072,8208,9.05771,0.0442357,0.576214,0.00723453,365
