method,t,solver,k,ef,ws,w,q,nqp,TT3,ErrX,ErrV,ErrE,nt
sopt,0.1,7,2,0.99,10,54,2,,0.0611299,0.165944,8.24708e-05,-1
qdeim,0.1,7,2,0.99,10,54,2,576,448,448,448,448,448,448,320,448,320,576,256,192,448,320,320,320,448,256,320,256,320,320,256,256,448,320,384,384,384,384,576,448,448,448,384,448,320,256,448,256,448,256,448,448,448,256,576,448,384,384,512,384,448,1.01772,1.24932e-05,2.34444e-05,1.17014e-07,266
gnat,0.1,7,2,0.99,10,54,2,384,384,256,384,256,384,384,256,384,256,384,256,256,256,256,256,256,256,192,192,192,256,192,256,256,384,256,384,384,384,384,384,384,384,384,384,256,384,192,384,256,256,192,256,256,384,256,384,256,384,384,512,384,384,0.887633,1.88479e-05,3.37368e-05,1.87309e-07,265
sopt,0.1,7,2,0.99,10,54,3,,0.0611299,0.165944,8.24708e-05,-1
qdeim,0.1,7,2,0.99,10,54,3,768,640,640,640,576,640,576,512,640,448,768,448,320,640,512,512,512,640,576,512,384,448,512,448,832,640,448,640,512,576,640,832,640,640,640,576,640,512,448,704,384,576,448,576,576,704,384,832,576,640,640,832,640,704,1.28373,9.10462e-06,2.33228e-05,1.18881e-07,266
gnat,0.1,7,2,0.99,10,54,3,576,576,384,576,384,576,576,384,576,384,576,320,384,384,384,384,256,384,320,256,320,384,320,384,384,448,320,448,576,512,512,576,576,576,512,576,320,576,256,576,320,384,320,256,320,576,384,576,384,576,576,768,576,576,0.897215,1.85943e-05,3.35763e-05,1.85302e-07,265
sopt,0.1,7,2,0.99,10,54,4,,0.0611299,0.165944,8.24708e-05,-1
qdeim,0.1,7,2,0.99,10,54,4,1152,896,960,768,704,896,768,704,896,768,960,640,448,832,704,832,640,768,768,704,704,576,640,576,960,896,576,832,704,832,768,1024,832,832,768,768,960,704,768,896,640,704,576,896,1152,896,576,1088,704,1024,896,1088,896,896,1.18716,8.14482e-06,2.57398e-05,1.20836e-07,266
gnat,0.1,7,2,0.99,10,54,4,768,704,512,768,512,768,768,512,768,512,768,384,512,512,512,448,384,512,384,320,384,512,448,512,448,640,320,640,640,640,704,768,768,768,576,768,384,768,384,768,384,512,384,384,320,768,384,768,512,768,768,1024,768,768,1.21188,1.85125e-05,3.35145e-05,1.84709e-07,265
sopt,0.1,7,2,0.99,10,54,5,,0.0611299,0.165944,8.24708e-05,-1
qdeim,0.1,7,2,0.99,10,54,5,1344,1088,1152,960,832,1152,1024,832,1088,1088,1152,768,704,960,832,1024,704,896,1024,832,832,640,768,704,1152,1088,640,1024,832,1024,1152,1280,1088,1024,960,960,1152,896,1088,1152,832,832,704,1088,1472,1088,896,1280,896,1152,1152,1536,1088,1216,1.50324,7.1539e-06,2.56849e-05,1.22151e-07,266
gnat,0.1,7,2,0.99,10,54,5,960,832,640,960,640,960,960,640,960,640,960,448,640,640,640,448,384,640,384,448,448,640,512,640,448,768,384,768,768,832,768,960,960,960,704,960,448,960,448,960,448,640,448,448,448,960,448,960,640,960,960,1280,960,960,1.11791,1.84543e-05,3.34714e-05,1.84319e-07,265
sopt,0.1,7,2,0.99,10,54,6,,0.0611299,0.165944,8.24708e-05,-1
qdeim,0.1,7,2,0.99,10,54,6,1600,1408,1344,1152,1088,1408,1152,960,1280,1152,1536,960,896,1024,960,1216,832,1024,1216,960,960,832,896,1024,1280,1216,768,1408,960,1152,1344,1664,1472,1216,1216,1088,1216,1088,1344,1408,1024,960,832,1216,1728,1280,1216,1408,1024,1408,1344,1920,1408,1408,1.68462,6.28692e-06,3.92368e-05,1.41305e-07,266
gnat,0.1,7,2,0.99,10,54,6,1152,896,768,1152,768,1152,1152,768,1152,768,1152,512,768,768,768,512,512,768,512,448,512,768,512,768,448,896,448,832,832,896,832,1152,1152,1152,896,1152,512,1152,512,1152,448,768,512,512,512,1152,512,1152,768,1152,1152,1536,1152,1152,1.15199,1.83771e-05,3.34122e-05,1.83812e-07,265
sopt,0.1,7,2,0.99,10,54,7,,0.0611299,0.165944,8.24708e-05,-1
qdeim,0.1,7,2,0.99,10,54,7,1664,1536,1408,1344,1280,1600,1344,1152,1472,1344,1792,1088,1216,1344,1088,1344,1088,1216,1472,1024,1152,1152,1024,1088,1408,1408,896,1600,1088,1344,1600,1856,1600,1344,1344,1280,1472,1344,1472,1792,1216,1152,960,1280,2048,1920,1536,1536,1152,1600,1472,2112,1536,1600,1.34856,5.72759e-06,4.4648e-05,1.53932e-07,266
gnat,0.1,7,2,0.99,10,54,7,1344,960,896,1344,896,1344,1344,896,1344,896,1344,512,896,896,896,512,512,896,512,448,512,896,512,896,448,960,512,960,896,960,896,1344,1344,1344,960,1344,512,1344,512,1344,448,896,512,512,512,1344,512,1344,896,1344,1344,1792,1344,1344,1.22528,1.82633e-05,3.33308e-05,1.82979e-07,265
sopt,0.1,7,2,0.99,10,54,8,,0.0611299,0.165944,8.24708e-05,-1
qdeim,0.1,7,2,0.99,10,54,8,1920,1728,1536,1600,1344,1728,1728,1344,1536,1664,1984,1152,1344,1472,1280,1472,1216,1408,1728,1088,1344,1280,1152,1408,1728,1600,1024,1792,1344,1728,1920,2240,1856,1472,1792,1344,1664,1536,1664,1984,1344,1472,1280,1408,2368,2048,1728,1664,1472,1856,1856,2304,1728,1856,1.4292,5.22749e-06,4.44661e-05,1.56491e-07,266
gnat,0.1,7,2,0.99,10,54,8,1536,1024,1024,1536,1024,1536,1536,1024,1536,1024,1536,512,1024,1024,1024,512,512,1024,512,512,512,1024,512,1024,512,1024,512,1024,1024,1024,1024,1536,1536,1536,1024,1536,512,1536,512,1536,512,1024,512,512,512,1536,512,1536,1024,1536,1536,2048,1536,1536,1.30212,1.81203e-05,3.32339e-05,1.81923e-07,265
sopt,0.1,7,2,0.99,10,54,9,,0.0611299,0.165944,8.24708e-05,-1
qdeim,0.1,7,2,0.99,10,54,9,1920,1792,1600,1920,1408,2048,1856,1472,1600,1728,2240,1344,1536,1792,1408,1792,1344,1472,1792,1152,1472,1472,1472,1728,1984,1728,1216,1984,1536,1920,2176,2368,2048,1728,2048,1408,1792,1920,1792,2368,1664,1600,1408,1536,2368,2176,1856,1728,1600,1920,2048,2560,2048,2112,1.43944,5.2434e-06,5.17761e-05,1.70971e-07,266
gnat,0.1,7,2,0.99,10,54,9,1664,1152,1088,1600,1088,1600,1600,1024,1600,1024,1536,640,1088,1152,1088,576,576,1088,640,576,576,1088,576,1088,576,1152,576,1216,1152,1088,1152,1600,1664,1664,1216,1600,576,1664,576,1600,640,1088,576,640,640,1664,576,1664,1024,1600,1664,2176,1600,1728,1.28632,1.67003e-05,2.5446e-05,1.92243e-07,266
sopt,0.1,7,2,0.99,10,54,10,,0.0611299,0.165944,8.24708e-05,-1
qdeim,0.1,7,2,0.99,10,54,10,1984,1856,1664,2048,1536,2304,1984,1600,1728,1984,2496,1408,1600,1920,1728,1856,1472,1536,2112,1344,1792,1600,1664,1920,2112,1856,1408,2176,1856,2240,2368,2688,2176,1856,2240,1664,1856,2112,2112,2560,1984,1664,1600,1664,2688,2240,1984,1792,1920,2176,2240,2816,2112,2432,1.56984,4.92236e-06,6.2483e-05,1.85591e-07,266
gnat,0.1,7,2,0.99,10,54,10,1792,1280,1152,1664,1152,1664,1664,1024,1664,1024,1536,704,1152,1280,1152,640,640,1152,768,640,640,1152,640,1152,640,1280,640,1408,1280,1152,1280,1664,1792,1792,1408,1664,640,1792,640,1664,768,1152,640,768,768,1792,640,1792,1024,1664,1792,2304,1664,1920,1.36105,1.55176e-05,1.88333e-05,1.90684e-07,266
sopt,0.1,7,2,0.9999,10,54,2,,0.0611299,0.165944,8.24708e-05,-1
qdeim,0.1,7,2,0.9999,10,54,2,576,576,704,576,704,576,448,576,576,512,640,512,512,704,576,576,576,640,576,576,576,512,512,448,512,512,512,512,512,512,448,704,576,512,512,512,704,576,448,576,448,640,448,704,704,512,512,640,704,512,512,512,512,576,0.931416,7.04305e-06,3.17663e-05,4.0487e-06,266
gnat,0.1,7,2,0.9999,10,54,2,384,512,512,512,512,512,512,512,512,512,512,512,512,512,512,512,512,448,448,384,448,448,448,512,512,512,512,512,512,512,512,512,512,512,512,384,512,512,448,448,512,448,448,512,512,512,512,448,512,512,512,512,512,512,1.09039,1.45911e-05,5.66725e-05,4.228e-06,266
sopt,0.1,7,2,0.9999,10,54,3,,0.0611299,0.165944,8.24708e-05,-1
qdeim,0.1,7,2,0.9999,10,54,3,768,832,1024,896,960,832,704,896,896,768,832,832,768,832,896,896,896,960,1024,832,704,768,832,768,1216,768,704,768,768,768,704,896,768,768,768,768,1024,768,704,896,640,896,768,896,960,832,768,960,960,832,832,832,832,832,1.20018,5.13909e-06,2.53443e-05,3.79146e-06,266
gnat,0.1,7,2,0.9999,10,54,3,576,768,768,768,704,768,768,768,768,768,768,704,768,768,768,768,640,640,640,512,704,640,704,768,768,640,704,640,768,704,704,768,768,768,704,640,704,768,640,704,704,640,704,640,704,704,768,640,640,768,768,768,768,768,1.35099,1.40782e-05,5.49765e-05,4.22756e-06,266
sopt,0.1,7,2,0.9999,10,54,4,,0.0611299,0.165944,8.24708e-05,-1
qdeim,0.1,7,2,0.9999,10,54,4,1152,1152,1408,1152,1216,1152,960,1216,1216,1216,1024,1152,1024,1088,1152,1280,1088,1088,1344,1024,1152,960,1024,960,1472,1024,896,960,960,1088,832,1152,1024,1088,1024,1024,1472,960,1152,1152,1088,1088,1024,1344,1664,960,1088,1280,1216,1216,1152,1088,1152,1088,1.27694,4.35394e-06,2.76257e-05,3.50982e-06,266
gnat,0.1,7,2,0.9999,10,54,4,768,960,1024,1024,896,1024,1024,1024,1024,1024,1024,896,1024,1024,1024,960,896,832,768,704,896,832,960,1024,960,896,832,896,896,896,960,1024,1024,1024,832,832,896,1024,896,896,896,832,896,704,832,832,896,832,768,1024,1024,1024,1024,1024,1.23621,1.3491e-05,5.29088e-05,4.18883e-06,266
sopt,0.1,7,2,0.9999,10,54,5,,0.0611299,0.165944,8.24708e-05,-1
qdeim,0.1,7,2,0.9999,10,54,5,1344,1344,1664,1408,1472,1344,1280,1472,1408,1664,1152,1344,1408,1216,1408,1408,1152,1152,1792,1088,1472,1088,1152,1216,1792,1216,1152,1216,1216,1216,1216,1472,1408,1152,1280,1280,1792,1088,1600,1408,1408,1280,1280,1600,2048,1088,1536,1536,1536,1280,1472,1536,1408,1472,1.29527,4.49487e-06,2.995e-05,3.16167e-06,266
gnat,0.1,7,2,0.9999,10,54,5,960,1152,1280,1280,1088,1280,1280,1280,1280,1280,1280,1088,1280,1280,1280,1088,1024,1024,896,832,1088,1088,1152,1280,1088,1088,1024,1088,1088,1152,1088,1280,1280,1280,1024,1024,1088,1280,1088,1152,1088,1088,1088,768,1088,1088,1088,1024,960,1280,1280,1280,1280,1280,1.07796,1.32712e-05,5.2142e-05,4.20253e-06,266
sopt,0.1,7,2,0.9999,10,54,6,,0.0611299,0.165944,8.24708e-05,-1
qdeim,0.1,7,2,0.9999,10,54,6,1600,1792,1920,1664,1920,1536,1408,1792,1664,1920,1408,1472,1600,1408,1600,1536,1472,1216,2048,1152,1664,1216,1216,1664,2048,1408,1408,1600,1472,1280,1408,1920,1856,1216,1536,1408,2048,1216,1984,1664,1728,1472,1536,1792,2432,1088,1984,1728,1664,1536,1664,1920,1856,1664,1.26893,4.17746e-06,3.89076e-05,2.86146e-06,266
gnat,0.1,7,2,0.9999,10,54,6,1152,1280,1536,1536,1216,1536,1536,1536,1536,1536,1536,1280,1536,1536,1536,1280,1280,1152,1024,896,1280,1216,1280,1536,1216,1280,1216,1216,1216,1280,1216,1536,1536,1536,1280,1216,1280,1536,1280,1280,1216,1216,1280,896,1280,1216,1280,1152,1152,1536,1536,1536,1536,1536,1.55359,1.27282e-05,5.02926e-05,4.18844e-06,266
sopt,0.1,7,2,0.9999,10,54,7,,,,,-1
qdeim,0.1,7,2,0.9999,10,54,7,,,,,-1
gnat,0.1,7,2,0.9999,10,54,7,,,,,-1
sopt,0.1,7,2,0.9999,10,54,8,,,,,-1
qdeim,0.1,7,2,0.9999,10,54,8,,,,,-1
gnat,0.1,7,2,0.9999,10,54,8,,,,,-1
sopt,0.1,7,2,0.9999,10,54,9,,,,,-1
qdeim,0.1,7,2,0.9999,10,54,9,,,,,-1
gnat,0.1,7,2,0.9999,10,54,9,,,,,-1
sopt,0.1,7,2,0.9999,10,54,10,,,,,-1
qdeim,0.1,7,2,0.9999,10,54,10,,,,,-1
gnat,0.1,7,2,0.9999,10,54,10,,,,,-1
