method,t,n,ef,xx,vv,ee,q,condV,condE,time,ErrX,ErrV,ErrE
clssopt,0.1,1,0.99,10,10,31,5,18.212880,10.553913,,0.0546943,1.45523,0.163893
clssopt,0.1,1,0.99,10,10,31,10,12.267695,5.196213,,0.046013,0.938574,0.124532
clssopt,0.1,1,0.99,10,10,31,15,9.700472,5.320562,,0.0246186,1.09749,0.13975
clssopt,0.1,1,0.99,10,10,31,20,7.930802,2.869680,,0.0179737,1.21988,0.15483
clssopt,0.1,1,0.99,10,10,31,25,6.153156,3.230954,1.1203,0.00260827,0.583139,0.0761784
clssopt,0.1,1,0.99,10,10,31,30,5.603124,2.670762,0.999783,0.00116838,0.193664,0.0165012
clssopt,0.1,1,0.99,10,10,31,35,5.174394,2.521520,0.986702,0.000736711,0.166036,0.0135005
clssopt,0.1,1,0.99,10,10,31,40,3.842782,3.428103,1.08858,0.000736817,0.125432,0.0156023
clssopt,0.1,1,0.99,10,10,31,45,3.920916,2.343259,1.06453,0.000386695,0.0687103,0.0066138
clssopt,0.1,1,0.99,10,10,31,50,3.841776,2.362281,1.12532,0.000123875,0.0330689,0.00306384
clssopt,0.1,1,0.99,10,10,31,55,3.872886,2.155665,1.17674,0.000247691,0.0426637,0.00382737
clssopt,0.1,1,0.99,10,10,31,60,3.828324,2.377359,1.20959,0.000179443,0.027972,0.0030567
clssopt,0.1,1,0.99,10,10,31,65,3.482628,2.139129,1.27395,0.000112477,0.00901798,0.000648238
clssopt,0.1,1,0.99,10,10,31,70,2.999421,2.193092,1.32516,0.000180046,0.0201246,0.00160264
clssopt,0.1,1,0.99,10,10,31,75,3.296562,1.930941,1.42914,8.36596e-05,0.00787113,0.000563651
clssopt,0.1,1,0.99,10,10,31,80,3.085651,2.703740,1.52117,0.000979156,0.093178,0.00819126
clssopt,0.1,1,0.99,10,10,31,85,2.798716,1.891536,1.46537,0.000743152,0.0625533,0.00629533
clssopt,0.1,1,0.99,10,10,31,90,2.790012,1.937321,1.46854,0.000437697,0.040286,0.00314871
clssopt,0.1,1,0.99,10,10,31,95,2.588656,1.965422,1.56749,0.000456923,0.0376563,0.00183709
clssopt,0.1,1,0.99,10,10,31,100,2.587081,2.062965,1.48965,0.000337301,0.0277178,0.00254044
clsqdeim,0.1,1,0.99,10,10,31,5,30.047276,5.610087,,0.0337346,1.81231,0.288829
clsqdeim,0.1,1,0.99,10,10,31,10,12.700443,3.921212,,0.0350731,1.08965,0.165843
clsqdeim,0.1,1,0.99,10,10,31,15,7.822358,2.978331,,0.0486698,1.05151,0.104137
clsqdeim,0.1,1,0.99,10,10,31,20,6.498664,4.031621,,0.0425458,0.796674,0.0690147
clsqdeim,0.1,1,0.99,10,10,31,25,7.154570,2.678592,,0.0364442,1.02718,0.103493
clsqdeim,0.1,1,0.99,10,10,31,30,5.239832,3.925782,,0.0347146,0.773276,0.0652697
clsqdeim,0.1,1,0.99,10,10,31,35,4.967097,2.247860,,0.0299323,0.717882,0.0819649
clsqdeim,0.1,1,0.99,10,10,31,40,3.574779,3.327608,,0.0300597,0.669731,0.066925
clsqdeim,0.1,1,0.99,10,10,31,45,4.173022,1.854003,,0.0257218,6.29463,0.204283
clsqdeim,0.1,1,0.99,10,10,31,50,3.633741,2.748253,,0.0232949,4.81379,0.0990815
clsqdeim,0.1,1,0.99,10,10,31,55,3.798205,1.848568,,0.0261258,2.79418,0.0961446
clsqdeim,0.1,1,0.99,10,10,31,60,3.753261,2.869791,,0.0267172,2.61906,0.0906154
clsqdeim,0.1,1,0.99,10,10,31,65,3.368669,2.167793,,0.0265551,1.00767,0.0591585
clsqdeim,0.1,1,0.99,10,10,31,70,3.069928,2.748741,,0.0254085,0.456127,0.0461086
clsqdeim,0.1,1,0.99,10,10,31,75,3.114209,1.814627,,0.0167829,1.80644,0.496935
clsqdeim,0.1,1,0.99,10,10,31,80,2.736387,2.095891,,0.0187607,0.745299,0.0663116
clsqdeim,0.1,1,0.99,10,10,31,85,2.767651,1.837843,,0.0163821,0.812956,0.0702434
clsqdeim,0.1,1,0.99,10,10,31,90,2.718581,2.153271,,0.0166138,0.850884,0.0733682
clsqdeim,0.1,1,0.99,10,10,31,95,2.810739,1.718235,,0.0161127,1.08282,0.0942155
clsqdeim,0.1,1,0.99,10,10,31,100,2.351865,2.331189,,0.0203971,1.12156,0.0958533
clssopt,0.1,2,0.999,10,22,52,5,28.512127,11.799597,,0.0615882,0.960389,0.124079
clssopt,0.1,2,0.999,10,22,52,10,15.615519,8.376639,,0.0518597,1.0965,0.20512
clssopt,0.1,2,0.999,10,22,52,15,11.990042,6.847582,,0.0430538,2.00476,0.320729
clssopt,0.1,2,0.999,10,22,52,20,11.190252,4.436573,,0.0280486,2.99324,0.149142
clssopt,0.1,2,0.999,10,22,52,25,10.633746,4.724464,,0.0300907,0.772086,0.08084
clssopt,0.1,2,0.999,10,22,52,30,6.986811,3.164739,,0.0234414,2.42656,0.348009
clssopt,0.1,2,0.999,10,22,52,35,6.674443,3.840404,,0.0379912,1.76984,0.260094
clssopt,0.1,2,0.999,10,22,52,40,5.989783,3.145709,,0.0348088,2.08116,0.329263
clssopt,0.1,2,0.999,10,22,52,45,5.838087,3.087422,,0.0256585,1.43936,0.200735
clssopt,0.1,2,0.999,10,22,52,50,5.742348,2.817248,,0.036619,1.4123,0.192073
clssopt,0.1,2,0.999,10,22,52,55,5.607997,3.235692,,0.0279037,1.59618,0.217607
clssopt,0.1,2,0.999,10,22,52,60,4.291191,2.642229,,0.0246916,1.54481,0.228004
clssopt,0.1,2,0.999,10,22,52,65,4.249667,2.413336,,0.0244384,1.80779,0.244753
clssopt,0.1,2,0.999,10,22,52,70,4.192738,2.528712,,0.0238809,1.58585,0.258051
clssopt,0.1,2,0.999,10,22,52,75,4.002106,2.517148,,0.0142217,1.54429,0.181476
clssopt,0.1,2,0.999,10,22,52,80,4.099920,2.466375,,0.00414979,2.00553,0.264913
clssopt,0.1,2,0.999,10,22,52,85,3.705405,2.159067,,0.00398803,1.93305,0.269221
clssopt,0.1,2,0.999,10,22,52,90,3.786860,2.417435,1.89782,0.000776756,0.248908,0.0411145
clssopt,0.1,2,0.999,10,22,52,95,3.796010,2.195988,,0.00332237,1.70916,0.19377
clssopt,0.1,2,0.999,10,22,52,100,3.930985,2.236428,,0.00955898,1.2898,0.203159
clsqdeim,0.1,2,0.999,10,22,52,5,22.583489,16.584217,,0.0470269,2.56486,0.358888
clsqdeim,0.1,2,0.999,10,22,52,10,16.088085,7.029787,,0.0198124,1.89508,0.298525
clsqdeim,0.1,2,0.999,10,22,52,15,17.626108,5.388656,,0.0262053,1.33073,0.523688
clsqdeim,0.1,2,0.999,10,22,52,20,11.753711,4.795071,,0.0363398,1.63883,0.224436
clsqdeim,0.1,2,0.999,10,22,52,25,7.809609,3.818663,,0.03608,1.27778,0.17605
clsqdeim,0.1,2,0.999,10,22,52,30,8.269289,3.599312,,0.0336415,1.16604,0.154047
clsqdeim,0.1,2,0.999,10,22,52,35,6.958024,4.556371,,0.0392896,2.05661,0.317048
clsqdeim,0.1,2,0.999,10,22,52,40,5.772997,3.085843,,0.0316625,1.3489,0.229544
clsqdeim,0.1,2,0.999,10,22,52,45,6.618863,3.414755,,0.022087,1.2893,0.198484
clsqdeim,0.1,2,0.999,10,22,52,50,5.310105,2.997648,,0.0135466,6.12505,0.337252
clsqdeim,0.1,2,0.999,10,22,52,55,5.155275,2.769055,1.82175,0.0036382,1.28544,0.173335
clsqdeim,0.1,2,0.999,10,22,52,60,4.827826,2.793192,,0.0142876,2.41184,0.202314
clsqdeim,0.1,2,0.999,10,22,52,65,4.742417,2.657015,,0.0140574,1.35383,0.21698
clsqdeim,0.1,2,0.999,10,22,52,70,3.804743,2.790264,,0.0162042,1.44596,2.07597
clsqdeim,0.1,2,0.999,10,22,52,75,3.983015,2.682036,,0.00612573,1.55899,0.257214
clsqdeim,0.1,2,0.999,10,22,52,80,3.974962,2.247878,,0.0258604,2.34629,0.268624
clsqdeim,0.1,2,0.999,10,22,52,85,3.860904,2.557317,,0.0249059,2.51749,0.326779
clsqdeim,0.1,2,0.999,10,22,52,90,3.802978,2.400347,,0.0246195,2.54594,0.294367
clsqdeim,0.1,2,0.999,10,22,52,95,3.771891,2.360150,,0.00446317,2.48461,0.400743
clsqdeim,0.1,2,0.999,10,22,52,100,3.689101,2.149974,1.77045,0.00059484,0.249395,0.0359186
clssopt,0.1,3,0.9999,10,32,72,5,42.075678,37.756370,,0.0332965,2.43402,0.149778
clssopt,0.1,3,0.9999,10,32,72,10,19.274921,10.535871,,0.0206997,1.18535,0.132321
clssopt,0.1,3,0.9999,10,32,72,15,22.421793,8.386274,,0.0326875,8.28552,1.14091
clssopt,0.1,3,0.9999,10,32,72,20,15.950480,5.896457,,0.0143167,3.80613,1.57426
clssopt,0.1,3,0.9999,10,32,72,25,12.877759,4.743261,,0.00484814,4.0296,2.04286
clssopt,0.1,3,0.9999,10,32,72,30,10.416769,5.841604,,0.00954802,1.39062,0.16664
clssopt,0.1,3,0.9999,10,32,72,35,8.911461,5.061327,,0.0170176,1.37483,0.145098
clssopt,0.1,3,0.9999,10,32,72,40,8.269853,4.381601,,0.00554493,2.35445,0.270063
clssopt,0.1,3,0.9999,10,32,72,45,6.960518,4.625074,1.84704,0.00152812,0.473486,0.0583362
clssopt,0.1,3,0.9999,10,32,72,50,6.912155,3.872151,1.71786,0.00125535,0.252733,0.0267361
clssopt,0.1,3,0.9999,10,32,72,55,6.814523,3.086991,1.73566,0.000576653,0.108168,0.0128093
clssopt,0.1,3,0.9999,10,32,72,60,5.967295,3.515419,1.80554,0.00019307,0.0291771,0.00337669
clssopt,0.1,3,0.9999,10,32,72,65,5.559104,2.974661,1.88342,5.33147e-05,0.00706182,0.000638132
clssopt,0.1,3,0.9999,10,32,72,70,5.338236,3.085540,1.93626,8.67455e-05,0.0133599,0.00157421
clssopt,0.1,3,0.9999,10,32,72,75,5.237651,2.935738,1.95222,1.65053e-05,0.00266292,0.000287496
clssopt,0.1,3,0.9999,10,32,72,80,4.714781,3.312058,2.0812,1.56768e-05,0.00228663,0.000253684
clssopt,0.1,3,0.9999,10,32,72,85,4.654597,2.898185,2.06341,2.17623e-05,0.00236584,0.000180981
clssopt,0.1,3,0.9999,10,32,72,90,4.092000,2.753060,2.1203,1.25124e-05,0.00275015,0.000166934
clssopt,0.1,3,0.9999,10,32,72,95,4.718502,2.712896,2.16985,2.09746e-05,0.00364165,0.000261456
clssopt,0.1,3,0.9999,10,32,72,100,4.110115,3.019932,2.16958,4.23683e-05,0.003089,0.000295658
clsqdeim,0.1,3,0.9999,10,32,72,5,25.280301,29.217965,,0.0422213,8.66045,5.23827
clsqdeim,0.1,3,0.9999,10,32,72,10,19.547587,20.175922,,0.0276983,1.85696,0.261335
clsqdeim,0.1,3,0.9999,10,32,72,15,21.775957,7.954653,,0.0298484,9.05142,1.1821
clsqdeim,0.1,3,0.9999,10,32,72,20,13.349836,7.198653,,0.0362702,3.33016,0.211418
clsqdeim,0.1,3,0.9999,10,32,72,25,11.217033,5.783927,,0.0263844,1.90833,0.324999
clsqdeim,0.1,3,0.9999,10,32,72,30,11.229680,5.561372,,0.0252391,65.1991,1.87481
clsqdeim,0.1,3,0.9999,10,32,72,35,8.009305,5.431521,,0.0332107,1.74106,0.182572
clsqdeim,0.1,3,0.9999,10,32,72,40,8.559498,7.392161,,0.0367664,1.6128,0.177403
clsqdeim,0.1,3,0.9999,10,32,72,45,8.096771,4.046249,,0.0359228,14.2391,1.998
clsqdeim,0.1,3,0.9999,10,32,72,50,6.740762,3.863792,,0.0586127,5.77416,2.31496
clsqdeim,0.1,3,0.9999,10,32,72,55,6.312193,3.474746,,0.0567539,3.29229,0.681755
clsqdeim,0.1,3,0.9999,10,32,72,60,5.932454,4.398628,,0.0547769,3.2487,0.634599
clsqdeim,0.1,3,0.9999,10,32,72,65,5.975030,3.489343,,0.0459988,3.97594,0.266551
clsqdeim,0.1,3,0.9999,10,32,72,70,5.268130,3.772765,,0.0400863,4.31688,0.245176
clsqdeim,0.1,3,0.9999,10,32,72,75,5.275022,2.983322,,0.034531,3.54063,0.250773
clsqdeim,0.1,3,0.9999,10,32,72,80,5.157633,9.545544,,0.0202524,1.52506,0.132305
clsqdeim,0.1,3,0.9999,10,32,72,85,4.967285,2.818787,,0.00945571,1.16789,0.0981972
clsqdeim,0.1,3,0.9999,10,32,72,90,5.024692,3.874625,,0.00582272,2.84301,0.190609
clsqdeim,0.1,3,0.9999,10,32,72,95,4.853208,2.902722,3.28077,0.00269922,1.1348,0.214846
clsqdeim,0.1,3,0.9999,10,32,72,100,4.237437,4.013577,2.69291,0.00251231,0.751282,0.148571
clssopt,0.1,4,0.99999,10,54,90,5,40.934291,23.914917,,0.051279,1.7654,0.202221
clssopt,0.1,4,0.99999,10,54,90,10,25.969244,26.063383,,0.0284488,3.40772,0.390156
clssopt,0.1,4,0.99999,10,54,90,15,23.093447,11.715735,,0.0321933,3.29638,0.449065
clssopt,0.1,4,0.99999,10,54,90,20,19.518710,11.142482,,0.00262965,2.30682,0.213207
clssopt,0.1,4,0.99999,10,54,90,25,16.732704,8.954624,,0.00188386,2.17414,0.22872
clssopt,0.1,4,0.99999,10,54,90,30,10.627278,12.041639,,0.00390231,1.35999,0.0862788
clssopt,0.1,4,0.99999,10,54,90,35,10.484485,6.121040,2.05302,0.000785313,0.251004,0.0310902
clssopt,0.1,4,0.99999,10,54,90,40,10.068940,6.499081,2.498,0.00030945,0.0794735,0.00969695
clssopt,0.1,4,0.99999,10,54,90,45,9.991986,7.968198,2.12554,4.16559e-05,0.00674341,0.000939234
clssopt,0.1,4,0.99999,10,54,90,50,10.058757,6.306845,2.18509,0.000118082,0.0157134,0.00214701
clssopt,0.1,4,0.99999,10,54,90,55,8.203531,4.755373,2.19302,0.000341797,0.0363907,0.00428667
clssopt,0.1,4,0.99999,10,54,90,60,6.727609,5.590984,2.2843,0.000182432,0.0204124,0.00227452
clssopt,0.1,4,0.99999,10,54,90,65,7.804595,4.957402,2.40067,0.000313208,0.0356747,0.00400535
clssopt,0.1,4,0.99999,10,54,90,70,6.006538,4.660880,2.38509,0.000110262,0.00738218,0.000964659
clssopt,0.1,4,0.99999,10,54,90,75,6.362591,4.341376,2.44022,7.60153e-05,0.00629472,0.000616706
clssopt,0.1,4,0.99999,10,54,90,80,6.066685,3.793094,2.48595,2.55785e-05,0.00189802,0.000252408
clssopt,0.1,4,0.99999,10,54,90,85,5.597050,4.331600,2.53094,5.68164e-05,0.00361565,0.000379614
clssopt,0.1,4,0.99999,10,54,90,90,5.244707,5.811095,2.57565,3.94637e-05,0.00260686,0.000278908
clssopt,0.1,4,0.99999,10,54,90,95,5.638797,3.572660,2.62875,4.14691e-05,0.00232616,0.000235393
clssopt,0.1,4,0.99999,10,54,90,100,5.077579,4.051825,2.69257,2.47888e-05,0.00143762,0.000145942
clsqdeim,0.1,4,0.99999,10,54,90,5,74.072189,43.124367,,0.076718,4.27624,0.816851
clsqdeim,0.1,4,0.99999,10,54,90,10,23.676121,15.998734,,0.0652926,3.41404,0.556941
clsqdeim,0.1,4,0.99999,10,54,90,15,23.601941,11.481448,,0.0492078,7.80624,3.45653
clsqdeim,0.1,4,0.99999,10,54,90,20,15.652338,10.426864,,0.00942073,10.0473,1.3596
clsqdeim,0.1,4,0.99999,10,54,90,25,14.412718,9.493754,,0.00382761,1.70983,0.198295
clsqdeim,0.1,4,0.99999,10,54,90,30,13.509257,9.346584,,0.00948955,2.8744,0.543345
clsqdeim,0.1,4,0.99999,10,54,90,35,11.322407,6.644190,,0.00982683,2.02644,0.2805
clsqdeim,0.1,4,0.99999,10,54,90,40,10.234238,6.849754,,0.0129394,2.73819,0.37873
clsqdeim,0.1,4,0.99999,10,54,90,45,12.946029,9.151022,,0.00926017,1.84363,0.194298
clsqdeim,0.1,4,0.99999,10,54,90,50,8.938646,5.400170,,0.00371336,1.62076,0.158381
clsqdeim,0.1,4,0.99999,10,54,90,55,7.490923,5.433251,,0.00640161,1.68417,0.161479
clsqdeim,0.1,4,0.99999,10,54,90,60,7.970765,5.962307,2.40009,0.000962711,0.509951,0.0649849
clsqdeim,0.1,4,0.99999,10,54,90,65,6.701067,5.113717,2.87292,0.00259925,1.34279,0.126756
clsqdeim,0.1,4,0.99999,10,54,90,70,6.797681,4.405716,2.42521,0.000568876,0.118344,0.0147743
clsqdeim,0.1,4,0.99999,10,54,90,75,7.161201,4.376704,,0.00584377,3.68026,0.841692
clsqdeim,0.1,4,0.99999,10,54,90,80,6.291499,4.225830,3.6162,0.00677855,3.10728,0.353661
clsqdeim,0.1,4,0.99999,10,54,90,85,5.522681,3.998239,2.55925,0.00167635,0.304489,0.050458
clsqdeim,0.1,4,0.99999,10,54,90,90,10.767365,6.743919,2.54421,0.000799499,0.183922,0.0293357
clsqdeim,0.1,4,0.99999,10,54,90,95,5.605661,3.502780,2.60115,0.000317751,0.0291179,0.00371234
clsqdeim,0.1,4,0.99999,10,54,90,100,4.869104,3.580289,2.63392,9.83527e-05,0.0478726,0.0060583
clssopt,0.1,5,0.999999,10,73,110,5,71.521325,79.291620,,0.0525662,56.7424,3.04517
clssopt,0.1,5,0.999999,10,73,110,10,38.944922,38.785029,,0.0550063,4.38255,0.75752
clssopt,0.1,5,0.999999,10,73,110,15,23.915341,13.903656,,0.046463,3.18977,0.284284
clssopt,0.1,5,0.999999,10,73,110,20,23.855583,15.774236,,0.0478249,1.38433,0.151389
clssopt,0.1,5,0.999999,10,73,110,25,16.767970,12.934171,,0.0548615,1.6694,0.220059
clssopt,0.1,5,0.999999,10,73,110,30,15.184118,11.888610,,0.0506482,1.28395,0.112522
clssopt,0.1,5,0.999999,10,73,110,35,16.512117,7.338156,,0.041133,3.87352,0.357954
clssopt,0.1,5,0.999999,10,73,110,40,13.150198,9.769152,,0.0391694,2.66319,0.234617
clssopt,0.1,5,0.999999,10,73,110,45,9.789308,7.684732,,0.0323333,2.65175,0.431294
clssopt,0.1,5,0.999999,10,73,110,50,9.408360,8.029238,,0.0326439,1.22105,0.162634
clssopt,0.1,5,0.999999,10,73,110,55,8.076571,6.863054,,0.011068,1.18149,0.136594
clssopt,0.1,5,0.999999,10,73,110,60,8.704003,6.194886,,0.0076165,0.811544,0.124676
clssopt,0.1,5,0.999999,10,73,110,65,9.193431,5.676069,,0.00228284,1.4253,0.12812
clssopt,0.1,5,0.999999,10,73,110,70,8.148845,5.449794,2.73005,0.00058496,0.154686,0.0147051
clssopt,0.1,5,0.999999,10,73,110,75,7.159872,4.860557,2.77394,0.000306871,0.0887055,0.0144657
clssopt,0.1,5,0.999999,10,73,110,80,6.716052,4.853883,2.78915,0.000644534,0.147901,0.0155012
clssopt,0.1,5,0.999999,10,73,110,85,6.608667,4.562261,2.86521,0.000172911,0.0399789,0.00311363
clssopt,0.1,5,0.999999,10,73,110,90,6.030254,4.210243,2.88542,0.000243084,0.0756351,0.0123211
clssopt,0.1,5,0.999999,10,73,110,95,6.060342,4.410680,2.94491,0.000223449,0.0558953,0.00850657
clssopt,0.1,5,0.999999,10,73,110,100,5.814048,3.922966,2.96084,0.000426487,0.0331165,0.00540433
clsqdeim,0.1,5,0.999999,10,73,110,5,64.446792,44.099018,,0.0676817,6.19743,1.56933
clsqdeim,0.1,5,0.999999,10,73,110,10,53.918906,18.603741,,0.0676246,19.6195,11.1345
clsqdeim,0.1,5,0.999999,10,73,110,15,29.894707,18.549675,,0.0536988,3.66386,0.583333
clsqdeim,0.1,5,0.999999,10,73,110,20,20.478323,17.248157,,0.0510011,1.72732,0.193469
clsqdeim,0.1,5,0.999999,10,73,110,25,15.968203,12.253665,,0.0531529,3.00904,0.338341
clsqdeim,0.1,5,0.999999,10,73,110,30,13.957705,9.292644,,0.0508016,2.99881,0.389014
clsqdeim,0.1,5,0.999999,10,73,110,35,13.778394,8.846795,,0.035329,4.56966,1.36719
clsqdeim,0.1,5,0.999999,10,73,110,40,10.887670,8.531454,,0.0280276,3.30943,0.34124
clsqdeim,0.1,5,0.999999,10,73,110,45,11.295842,7.697227,,0.0228988,2.07344,0.198791
clsqdeim,0.1,5,0.999999,10,73,110,50,10.545560,6.871592,,0.040085,2.07138,0.221229
clsqdeim,0.1,5,0.999999,10,73,110,55,17.278078,6.348873,,0.0367941,1.31619,0.119722
clsqdeim,0.1,5,0.999999,10,73,110,60,9.249492,6.823392,,0.0323729,3.33548,0.130522
clsqdeim,0.1,5,0.999999,10,73,110,65,8.557074,5.941893,,0.025233,1.81032,0.169173
clsqdeim,0.1,5,0.999999,10,73,110,70,8.107873,5.413549,,0.00597028,2.20529,0.293747
clsqdeim,0.1,5,0.999999,10,73,110,75,7.221148,5.393200,2.83048,0.000681038,0.096793,0.0140964
clsqdeim,0.1,5,0.999999,10,73,110,80,7.252578,5.084125,2.84974,0.000229654,0.0314463,0.0042437
clsqdeim,0.1,5,0.999999,10,73,110,85,6.559902,5.120174,2.89249,0.000166337,0.0263935,0.0036622
clsqdeim,0.1,5,0.999999,10,73,110,90,6.043563,4.634504,2.93537,0.000195905,0.0306851,0.0040439
clsqdeim,0.1,5,0.999999,10,73,110,95,5.780762,4.640716,2.94647,0.000215583,0.0295254,0.00293116
clsqdeim,0.1,5,0.999999,10,73,110,100,5.777836,4.429965,3.01909,0.000281541,0.0461712,0.00564664
clssopt,0.1,6,0.9999999,10,91,127,5,54.648886,72.338048,,0.0556055,11.5219,5.45056
clssopt,0.1,6,0.9999999,10,91,127,10,37.355595,36.746725,,0.0586888,5.83581,0.981933
clssopt,0.1,6,0.9999999,10,91,127,15,31.243854,14.959616,,0.0517633,4.04733,0.494552
clssopt,0.1,6,0.9999999,10,91,127,20,21.188194,17.542905,,0.0589864,3.38457,0.525653
clssopt,0.1,6,0.9999999,10,91,127,25,22.026476,14.490270,,0.0499787,4.05112,0.653797
clssopt,0.1,6,0.9999999,10,91,127,30,20.497330,11.993966,,0.0167355,3.27701,0.375938
clssopt,0.1,6,0.9999999,10,91,127,35,13.652679,11.971100,,0.00803913,10.9375,3.06597
clssopt,0.1,6,0.9999999,10,91,127,40,14.738493,10.363133,3.11524,0.00141069,0.331745,0.0450318
clssopt,0.1,6,0.9999999,10,91,127,45,10.400408,8.653410,,0.0111832,9.92763,2.89697
clssopt,0.1,6,0.9999999,10,91,127,50,11.182724,7.967665,3.12413,0.000758693,0.192661,0.0250316
clssopt,0.1,6,0.9999999,10,91,127,55,11.503024,7.920980,3.54547,0.00498076,0.998976,0.125676
clssopt,0.1,6,0.9999999,10,91,127,60,9.978263,7.640684,3.46385,0.00507801,0.82933,0.103979
clssopt,0.1,6,0.9999999,10,91,127,65,9.425730,8.231213,4.10298,0.00494292,1.59962,0.176121
clssopt,0.1,6,0.9999999,10,91,127,70,8.875554,6.203328,3.28485,0.00265756,0.308776,0.0325847
clssopt,0.1,6,0.9999999,10,91,127,75,8.160811,6.179255,3.3096,0.00187345,0.207131,0.0186102
clssopt,0.1,6,0.9999999,10,91,127,80,7.720798,6.013253,3.33688,0.00146591,0.165719,0.0161061
clssopt,0.1,6,0.9999999,10,91,127,85,7.408976,5.829233,3.38913,0.00086813,0.138015,0.0148651
clssopt,0.1,6,0.9999999,10,91,127,90,7.139559,5.631691,3.38188,0.000577189,0.0920881,0.00962111
clssopt,0.1,6,0.9999999,10,91,127,95,6.585511,5.336561,3.39166,0.000284195,0.0251015,0.00204197
clssopt,0.1,6,0.9999999,10,91,127,100,6.574301,4.949146,3.44762,2.95623e-05,0.00453887,0.000485337
clsqdeim,0.1,6,0.9999999,10,91,127,5,89.075171,65.371770,,0.0615224,12.95,4.27092
clsqdeim,0.1,6,0.9999999,10,91,127,10,41.912678,42.716327,,0.0625426,4.56382,0.975837
clsqdeim,0.1,6,0.9999999,10,91,127,15,32.544331,27.500785,,0.0594278,5.8854,0.975434
clsqdeim,0.1,6,0.9999999,10,91,127,20,25.980604,17.353108,,0.0562059,3.39737,0.418508
clsqdeim,0.1,6,0.9999999,10,91,127,25,20.231382,14.593967,,0.0682172,3.93329,0.56782
clsqdeim,0.1,6,0.9999999,10,91,127,30,20.887332,11.604300,,0.0597667,3.50096,0.40242
clsqdeim,0.1,6,0.9999999,10,91,127,35,15.452529,12.052188,,0.0639545,3.44267,0.440108
clsqdeim,0.1,6,0.9999999,10,91,127,40,13.247679,9.155981,,0.0667213,3.40715,0.488758
clsqdeim,0.1,6,0.9999999,10,91,127,45,10.952320,9.377262,,0.0586889,2.51777,0.273709
clsqdeim,0.1,6,0.9999999,10,91,127,50,10.909592,7.895082,,0.0496631,1.69146,0.16202
clsqdeim,0.1,6,0.9999999,10,91,127,55,10.293380,7.791310,,0.0422837,3.3979,0.391222
clsqdeim,0.1,6,0.9999999,10,91,127,60,8.885965,7.951835,,0.0478136,1.9272,0.205466
clsqdeim,0.1,6,0.9999999,10,91,127,65,9.534929,14.686733,,0.0517668,3.3182,0.466159
clsqdeim,0.1,6,0.9999999,10,91,127,70,8.061008,8.747017,,0.0471093,3.40226,0.478274
clsqdeim,0.1,6,0.9999999,10,91,127,75,7.987870,6.101505,,0.0443382,3.44633,0.471717
clsqdeim,0.1,6,0.9999999,10,91,127,80,7.085884,6.302254,,0.0367498,3.34947,0.473603
clsqdeim,0.1,6,0.9999999,10,91,127,85,7.506134,5.844959,,0.037156,2.07435,0.229953
clsqdeim,0.1,6,0.9999999,10,91,127,90,7.003098,5.794949,,0.0167676,2.41748,0.239629
clsqdeim,0.1,6,0.9999999,10,91,127,95,6.505851,4.914819,,0.0108531,3.12132,0.394146
clsqdeim,0.1,6,0.9999999,10,91,127,100,6.472922,5.283133,,0.0161823,0.974189,0.130905
sopt,0.1,1,0.99,10,10,31,5,20.364437,8.036760,,0.0350183,1.52141,0.133382
sopt,0.1,1,0.99,10,10,31,10,12.931583,4.373825,,0.0135482,3.39677,0.167402
sopt,0.1,1,0.99,10,10,31,15,12.394951,4.102951,,0.0108541,2.55958,0.153412
sopt,0.1,1,0.99,10,10,31,20,8.096011,3.259379,0.67871,0.00196935,0.618805,0.0430842
sopt,0.1,1,0.99,10,10,31,25,6.897122,3.065423,0.59433,0.000146526,0.0444286,0.0040903
sopt,0.1,1,0.99,10,10,31,30,6.277743,3.683540,0.702038,0.000128919,0.0341201,0.00312974
sopt,0.1,1,0.99,10,10,31,35,6.298179,2.887327,1.30285,0.00046542,0.10923,0.012748
sopt,0.1,1,0.99,10,10,31,40,4.488137,3.033197,0.77512,0.000280774,0.0897009,0.0109203
sopt,0.1,1,0.99,10,10,31,45,4.693009,2.805475,0.82071,0.000102118,0.0431115,0.00433022
sopt,0.1,1,0.99,10,10,31,50,5.425153,2.249545,0.895958,5.59134e-05,0.0203474,0.0016952
sopt,0.1,1,0.99,10,10,31,55,4.320971,2.404223,0.872893,4.67025e-05,0.0126177,0.00167153
sopt,0.1,1,0.99,10,10,31,60,4.631907,2.708935,0.956364,2.73866e-05,0.00623793,0.000993325
sopt,0.1,1,0.99,10,10,31,65,3.967894,2.303488,0.991709,4.7516e-05,0.00988162,0.00168746
sopt,0.1,1,0.99,10,10,31,70,4.168610,2.457504,0.980021,6.46587e-05,0.0133647,0.00208404
sopt,0.1,1,0.99,10,10,31,75,3.852521,2.423920,1.01467,2.77617e-05,0.00378331,0.000457281
sopt,0.1,1,0.99,10,10,31,80,4.094162,2.031368,1.04601,4.36067e-05,0.00654014,0.000678179
sopt,0.1,1,0.99,10,10,31,85,3.637904,2.050751,1.07583,2.26497e-05,0.00394807,0.000370803
sopt,0.1,1,0.99,10,10,31,90,3.623696,1.866799,1.06905,4.95006e-05,0.00889819,0.000644267
sopt,0.1,1,0.99,10,10,31,95,3.364516,2.206883,1.15831,4.34403e-05,0.00767553,0.000625664
sopt,0.1,1,0.99,10,10,31,100,3.323025,2.270484,1.13476,1.60786e-05,0.00509722,0.000371277
qdeim,0.1,1,0.99,10,10,31,5,21.058779,7.999560,,0.0395473,1.73664,0.11631
qdeim,0.1,1,0.99,10,10,31,10,17.384318,8.205289,,0.00977605,1.72358,0.156109
qdeim,0.1,1,0.99,10,10,31,15,14.871040,5.230750,,0.0342538,1.43945,0.7677
qdeim,0.1,1,0.99,10,10,31,20,16.230790,10.477374,,0.0372069,1.69923,1.41536
qdeim,0.1,1,0.99,10,10,31,25,10.442216,6.388306,,0.0283368,1.60894,1.10396
qdeim,0.1,1,0.99,10,10,31,30,11.834342,9.938774,,0.00886128,4.19481,0.0885865
qdeim,0.1,1,0.99,10,10,31,35,10.108176,4.866832,0.700044,0.000312799,0.0449103,0.0055624
qdeim,0.1,1,0.99,10,10,31,40,10.238421,6.726769,0.896496,0.00223548,0.561814,0.0563072
qdeim,0.1,1,0.99,10,10,31,45,8.522802,4.040456,0.849017,0.00144348,0.371319,0.042693
qdeim,0.1,1,0.99,10,10,31,50,8.752482,6.338745,0.872545,0.00184143,0.501206,0.0555031
qdeim,0.1,1,0.99,10,10,31,55,9.284223,4.443984,0.881321,0.00107743,0.215523,0.0250027
qdeim,0.1,1,0.99,10,10,31,60,8.343027,5.469419,0.859477,0.000177495,0.0381136,0.00420409
qdeim,0.1,1,0.99,10,10,31,65,6.987699,4.463088,0.870426,0.000187051,0.0277354,0.00306624
qdeim,0.1,1,0.99,10,10,31,70,6.442797,4.912015,0.897668,0.000235242,0.0328218,0.0037541
qdeim,0.1,1,0.99,10,10,31,75,7.131901,3.048835,0.945342,0.000200867,0.0279727,0.00297608
qdeim,0.1,1,0.99,10,10,31,80,6.321886,4.695507,0.978469,0.000167635,0.0241205,0.00263825
qdeim,0.1,1,0.99,10,10,31,85,5.601813,2.988087,0.949751,9.9086e-05,0.0134726,0.00125228
qdeim,0.1,1,0.99,10,10,31,90,5.280963,4.232002,0.98031,3.62183e-05,0.00984281,0.000607123
qdeim,0.1,1,0.99,10,10,31,95,5.693644,2.742745,0.9918,6.08039e-05,0.0133605,0.0011307
qdeim,0.1,1,0.99,10,10,31,100,5.713592,3.971250,1.04112,0.000217112,0.0284564,0.00335671
sopt,0.1,2,0.999,10,22,52,5,38.647341,13.480136,,0.0594459,1.22132,0.114865
sopt,0.1,2,0.999,10,22,52,10,37.721312,10.787511,,0.0486765,4.29008,0.29348
sopt,0.1,2,0.999,10,22,52,15,14.766988,5.996458,,0.0401417,1.94729,0.183999
sopt,0.1,2,0.999,10,22,52,20,12.781813,6.230922,,0.00287612,2.2071,0.259728
sopt,0.1,2,0.999,10,22,52,25,12.963797,6.132230,1.00442,0.00167778,0.601032,0.0525131
sopt,0.1,2,0.999,10,22,52,30,10.720470,4.898317,0.917481,0.000770034,0.200288,0.0191827
sopt,0.1,2,0.999,10,22,52,35,11.477090,4.293089,0.964736,0.000540355,0.187442,0.0215548
sopt,0.1,2,0.999,10,22,52,40,7.510350,4.216958,0.998792,0.000290308,0.171447,0.0240767
sopt,0.1,2,0.999,10,22,52,45,6.641849,3.486315,1.04815,6.91345e-05,0.0530323,0.00599739
sopt,0.1,2,0.999,10,22,52,50,6.792824,3.738426,1.09014,7.2002e-05,0.0172466,0.0023351
sopt,0.1,2,0.999,10,22,52,55,6.876666,3.653867,1.12535,6.25533e-05,0.0122484,0.00131579
sopt,0.1,2,0.999,10,22,52,60,5.925517,3.588701,1.15596,7.31873e-05,0.0312863,0.00325469
sopt,0.1,2,0.999,10,22,52,65,5.560203,3.638142,1.18762,7.1257e-05,0.0227847,0.00242203
sopt,0.1,2,0.999,10,22,52,70,5.699675,3.387500,1.24054,4.12252e-05,0.0148035,0.00163676
sopt,0.1,2,0.999,10,22,52,75,5.620619,2.977988,1.24825,2.45722e-05,0.0112708,0.0013165
sopt,0.1,2,0.999,10,22,52,80,4.795002,3.392765,1.31409,4.1783e-05,0.00955759,0.00136758
sopt,0.1,2,0.999,10,22,52,85,5.225429,2.833439,1.34498,4.67358e-05,0.0127695,0.00169994
sopt,0.1,2,0.999,10,22,52,90,5.428582,3.409143,1.37903,1.41781e-05,0.00446781,0.000661052
sopt,0.1,2,0.999,10,22,52,95,5.213055,3.056938,1.41898,8.31044e-06,0.00258955,0.000395006
sopt,0.1,2,0.999,10,22,52,100,5.053982,2.861531,1.45203,7.36222e-06,0.00238481,0.000360881
qdeim,0.1,2,0.999,10,22,52,5,43.453556,16.749467,,0.0207357,2.23457,0.219703
qdeim,0.1,2,0.999,10,22,52,10,31.592931,12.253742,,0.0169729,489.683,19527.7
qdeim,0.1,2,0.999,10,22,52,15,39.789749,10.844145,,0.00993971,2.64552,0.320953
qdeim,0.1,2,0.999,10,22,52,20,42.004961,10.469419,,0.0145176,1.25957,0.137013
qdeim,0.1,2,0.999,10,22,52,25,31.414331,10.064659,,0.00526245,2.14774,0.20878
qdeim,0.1,2,0.999,10,22,52,30,39.157844,8.467012,,0.0166744,1.8869,0.288549
qdeim,0.1,2,0.999,10,22,52,35,33.438331,7.371224,,0.0150874,1.84919,0.213538
qdeim,0.1,2,0.999,10,22,52,40,27.574735,6.444809,,0.00503317,2.56588,0.362149
qdeim,0.1,2,0.999,10,22,52,45,28.304517,6.737507,1.05345,0.00326064,0.668537,0.0663826
qdeim,0.1,2,0.999,10,22,52,50,17.081653,6.259007,,0.00997636,3.15309,0.248718
qdeim,0.1,2,0.999,10,22,52,55,16.602241,7.596174,,0.00675082,2.82258,0.264372
qdeim,0.1,2,0.999,10,22,52,60,19.552286,4.819416,,0.0146469,3.9475,0.290808
qdeim,0.1,2,0.999,10,22,52,65,17.439896,4.563448,1.48094,0.00445539,0.998721,0.110134
qdeim,0.1,2,0.999,10,22,52,70,12.336180,5.315257,2.42075,0.00370047,0.79914,0.0839594
qdeim,0.1,2,0.999,10,22,52,75,14.661627,5.110310,1.43535,0.00395797,1.21094,0.124221
qdeim,0.1,2,0.999,10,22,52,80,14.418943,4.877882,1.37648,0.00250133,0.538721,0.0574603
qdeim,0.1,2,0.999,10,22,52,85,13.303889,4.674474,1.34002,0.00198491,0.361704,0.0386767
qdeim,0.1,2,0.999,10,22,52,90,13.941424,4.718231,1.71013,0.00453426,1.57709,0.166791
qdeim,0.1,2,0.999,10,22,52,95,11.255459,4.154304,1.48048,0.00267343,0.552277,0.063766
qdeim,0.1,2,0.999,10,22,52,100,13.682526,4.559859,1.52267,0.00214922,0.402172,0.0473931
sopt,0.1,3,0.9999,10,32,72,5,54.538215,20.332343,,0.0527932,2.05038,0.247508
sopt,0.1,3,0.9999,10,32,72,10,25.373839,29.822395,,0.0567364,2.35605,0.177049
sopt,0.1,3,0.9999,10,32,72,15,22.976596,10.289438,,0.0560276,1.6731,0.209489
sopt,0.1,3,0.9999,10,32,72,20,23.980033,8.929105,,0.0550853,1.72512,0.176554
sopt,0.1,3,0.9999,10,32,72,25,15.118729,6.736387,,0.0495958,3.82914,0.422582
sopt,0.1,3,0.9999,10,32,72,30,11.527875,7.364097,,0.0427426,1.48414,0.130852
sopt,0.1,3,0.9999,10,32,72,35,12.789619,7.281366,,0.0382285,1.62372,0.154632
sopt,0.1,3,0.9999,10,32,72,40,13.998130,7.709906,,0.0318867,1.354,0.140357
sopt,0.1,3,0.9999,10,32,72,45,9.684750,6.032284,,0.0287611,1.07496,0.114102
sopt,0.1,3,0.9999,10,32,72,50,8.722672,5.915987,,0.031412,1.48032,0.155036
sopt,0.1,3,0.9999,10,32,72,55,7.960682,4.608989,,0.0270049,1.73445,0.158567
sopt,0.1,3,0.9999,10,32,72,60,9.332125,5.497898,,0.0172765,1.67203,0.205981
sopt,0.1,3,0.9999,10,32,72,65,9.056862,4.457616,,0.0108084,1.65756,0.212981
sopt,0.1,3,0.9999,10,32,72,70,8.020810,5.006228,,0.0119087,1.60129,0.202469
sopt,0.1,3,0.9999,10,32,72,75,7.138135,4.881573,,0.00663908,2.10113,0.229244
sopt,0.1,3,0.9999,10,32,72,80,6.711273,5.361886,,0.00433257,4.21152,0.309112
sopt,0.1,3,0.9999,10,32,72,85,7.887022,4.359960,,0.00327723,3.80008,0.3833
sopt,0.1,3,0.9999,10,32,72,90,6.054288,4.659835,,0.0026094,3.16652,0.277612
sopt,0.1,3,0.9999,10,32,72,95,7.094307,4.374976,,0.00272244,3.23136,0.310055
sopt,0.1,3,0.9999,10,32,72,100,6.698825,4.197572,,0.0029123,3.20675,0.324789
qdeim,0.1,3,0.9999,10,32,72,5,63.481037,22.178504,,0.0584526,9.0546,1.97554
qdeim,0.1,3,0.9999,10,32,72,10,41.507119,16.073744,,0.0555346,10.4846,2.13361
qdeim,0.1,3,0.9999,10,32,72,15,24.644292,8.387831,,0.0562009,5.91423,2.20722
qdeim,0.1,3,0.9999,10,32,72,20,23.995097,12.400983,,0.0390042,6.73639,1.77704
qdeim,0.1,3,0.9999,10,32,72,25,19.133390,7.506407,,0.0532443,3.42781,4.51879
qdeim,0.1,3,0.9999,10,32,72,30,22.286343,8.765254,,0.0522807,2.90784,0.600935
qdeim,0.1,3,0.9999,10,32,72,35,22.571066,6.786536,,0.0472687,1.98273,0.294925
qdeim,0.1,3,0.9999,10,32,72,40,23.552119,7.050573,,0.0424901,3.10095,0.357476
qdeim,0.1,3,0.9999,10,32,72,45,26.658410,5.795260,,0.0379762,11.0199,2.71036
qdeim,0.1,3,0.9999,10,32,72,50,17.954616,6.440500,,0.0346009,2.54723,0.364951
qdeim,0.1,3,0.9999,10,32,72,55,16.371435,4.480977,,0.0329762,4.22986,0.402797
qdeim,0.1,3,0.9999,10,32,72,60,18.755975,5.225695,,0.0337868,2.28275,0.309559
qdeim,0.1,3,0.9999,10,32,72,65,15.421354,4.553269,,0.0343262,2.13218,0.282212
qdeim,0.1,3,0.9999,10,32,72,70,16.588133,5.836050,,0.0305841,5.73735,11.9821
qdeim,0.1,3,0.9999,10,32,72,75,13.792819,4.087750,,0.0329,2.19564,0.286398
qdeim,0.1,3,0.9999,10,32,72,80,16.907581,8.277094,,0.0317633,5.52155,24.4131
qdeim,0.1,3,0.9999,10,32,72,85,11.280003,3.663155,,0.0180332,3.11284,0.354989
qdeim,0.1,3,0.9999,10,32,72,90,12.522534,3.923620,,0.00434966,2.34928,0.23876
qdeim,0.1,3,0.9999,10,32,72,95,11.874602,3.710330,1.98526,0.00177237,0.828609,0.136122
qdeim,0.1,3,0.9999,10,32,72,100,11.367835,5.191119,2.27873,0.00191363,2.03772,0.294669
sopt,0.1,4,0.99999,10,54,90,5,70.407945,36.852017,,0.0522701,1.63379,0.184543
sopt,0.1,4,0.99999,10,54,90,10,40.753789,22.948781,,0.0417106,2.75466,0.443015
sopt,0.1,4,0.99999,10,54,90,15,30.770245,19.222141,,0.025681,2.33597,0.351231
sopt,0.1,4,0.99999,10,54,90,20,23.110168,15.150639,,0.016493,38.6627,1.26682
sopt,0.1,4,0.99999,10,54,90,25,18.254548,10.619147,,0.00486595,15.0487,6.34292
sopt,0.1,4,0.99999,10,54,90,30,19.620942,13.496090,1.57966,0.00153104,0.584822,0.0716134
sopt,0.1,4,0.99999,10,54,90,35,23.074645,8.489197,1.44108,0.000233501,0.0512011,0.00765522
sopt,0.1,4,0.99999,10,54,90,40,12.422098,7.570951,1.49556,0.000291152,0.0580726,0.0081247
sopt,0.1,4,0.99999,10,54,90,45,13.176681,9.276794,1.59223,0.000339509,0.0944695,0.0105789
sopt,0.1,4,0.99999,10,54,90,50,12.264064,7.213859,1.66496,6.64632e-05,0.00918571,0.00136971
sopt,0.1,4,0.99999,10,54,90,55,11.585954,6.205779,1.70294,5.76902e-05,0.00581273,0.000998332
sopt,0.1,4,0.99999,10,54,90,60,10.648188,6.887971,1.68233,8.45741e-05,0.0163059,0.00224527
sopt,0.1,4,0.99999,10,54,90,65,9.600399,6.316436,1.75509,6.79027e-05,0.00865472,0.00143077
sopt,0.1,4,0.99999,10,54,90,70,10.205605,5.821079,1.71899,3.25117e-05,0.00349629,0.000569922
sopt,0.1,4,0.99999,10,54,90,75,8.393321,6.350075,1.80921,2.12515e-05,0.00375017,0.000513283
sopt,0.1,4,0.99999,10,54,90,80,8.515240,5.241193,1.82917,2.21237e-05,0.00311835,0.000543507
sopt,0.1,4,0.99999,10,54,90,85,8.592640,4.758166,1.85628,2.97638e-05,0.00352086,0.0006022
sopt,0.1,4,0.99999,10,54,90,90,8.538124,8.145255,1.88484,3.49807e-05,0.00357987,0.000694127
sopt,0.1,4,0.99999,10,54,90,95,8.225423,5.339385,1.95331,3.32833e-05,0.00335041,0.0006371
sopt,0.1,4,0.99999,10,54,90,100,7.348267,5.287711,1.98532,2.45098e-05,0.00316202,0.000493808
qdeim,0.1,4,0.99999,10,54,90,5,136.176246,44.581686,,0.0514812,3.59612,0.783246
qdeim,0.1,4,0.99999,10,54,90,10,49.141787,28.386140,,0.0487312,2.75268,0.389066
qdeim,0.1,4,0.99999,10,54,90,15,70.767151,19.219476,,0.0395597,4.83429,0.931883
qdeim,0.1,4,0.99999,10,54,90,20,28.768344,13.465479,,0.0281432,5.47799,1.21778
qdeim,0.1,4,0.99999,10,54,90,25,24.108352,15.074686,,0.0256281,2.20955,0.274882
qdeim,0.1,4,0.99999,10,54,90,30,34.273330,15.627439,,0.0266454,3.94477,0.693503
qdeim,0.1,4,0.99999,10,54,90,35,24.079325,12.359945,,0.0285167,4.39401,0.949123
qdeim,0.1,4,0.99999,10,54,90,40,18.705924,14.345115,,0.0347066,3.04906,0.286992
qdeim,0.1,4,0.99999,10,54,90,45,21.498572,16.259343,,0.0069204,2.29427,0.231722
qdeim,0.1,4,0.99999,10,54,90,50,19.390255,11.354441,,0.00765342,1.96984,0.231977
qdeim,0.1,4,0.99999,10,54,90,55,16.488973,11.312009,,0.0127675,1.44668,0.178747
qdeim,0.1,4,0.99999,10,54,90,60,20.156592,10.403176,,0.0104275,2.65774,0.349513
qdeim,0.1,4,0.99999,10,54,90,65,17.141994,8.913738,,0.0111003,1.9082,0.212572
qdeim,0.1,4,0.99999,10,54,90,70,13.930099,7.912065,,0.00754066,2.79618,0.352315
qdeim,0.1,4,0.99999,10,54,90,75,19.053389,9.174900,,0.00417434,6.11234,1.26639
qdeim,0.1,4,0.99999,10,54,90,80,17.449860,7.706718,,0.013636,3.04999,0.600987
qdeim,0.1,4,0.99999,10,54,90,85,15.858575,7.690772,,0.0115659,3.68927,0.360504
qdeim,0.1,4,0.99999,10,54,90,90,21.967060,10.325827,,0.00491156,2.9918,0.256602
qdeim,0.1,4,0.99999,10,54,90,95,16.716195,6.558360,2.04793,0.00105356,0.453803,0.0521639
qdeim,0.1,4,0.99999,10,54,90,100,14.744905,7.313771,1.99186,0.000577579,0.255584,0.0313363
sopt,0.1,5,0.999999,10,73,110,5,79.527169,55.093725,,0.0711254,2.35693,0.225106
sopt,0.1,5,0.999999,10,73,110,10,44.095124,27.340810,,0.042568,4.76702,0.644468
sopt,0.1,5,0.999999,10,73,110,15,37.793717,20.828139,,0.0355804,1.61049,0.169132
sopt,0.1,5,0.999999,10,73,110,20,38.508073,16.310619,,0.0369851,1.94375,0.121886
sopt,0.1,5,0.999999,10,73,110,25,23.979397,14.183896,,0.039585,5.35682,0.281319
sopt,0.1,5,0.999999,10,73,110,30,20.784517,14.500180,,0.0219654,5.83477,1.14867
sopt,0.1,5,0.999999,10,73,110,35,18.423628,11.264218,,0.0239542,3.28866,0.123309
sopt,0.1,5,0.999999,10,73,110,40,18.326977,10.292481,,0.0092493,4.54707,0.496534
sopt,0.1,5,0.999999,10,73,110,45,15.816982,9.661918,,0.00308443,1.28834,0.108765
sopt,0.1,5,0.999999,10,73,110,50,13.764918,8.544771,2.51828,0.00140914,0.327227,0.0514888
sopt,0.1,5,0.999999,10,73,110,55,15.532112,8.857436,5.97306,0.000239191,0.0632009,0.00902967
sopt,0.1,5,0.999999,10,73,110,60,11.044994,7.404294,2.36842,0.000129729,0.0191836,0.00282769
sopt,0.1,5,0.999999,10,73,110,65,12.524629,7.439677,2.47773,7.89237e-05,0.00788877,0.00114505
sopt,0.1,5,0.999999,10,73,110,70,10.338822,6.715675,2.35211,0.000182925,0.0143813,0.00206336
sopt,0.1,5,0.999999,10,73,110,75,9.482999,6.750507,2.45616,9.5763e-05,0.00738762,0.0012083
sopt,0.1,5,0.999999,10,73,110,80,10.178792,6.574472,2.5168,8.68705e-05,0.0059557,0.000908612
sopt,0.1,5,0.999999,10,73,110,85,10.156123,7.179307,2.61448,8.79344e-05,0.00748624,0.00126396
sopt,0.1,5,0.999999,10,73,110,90,9.561825,6.223313,2.55337,0.000101064,0.00846913,0.0013112
sopt,0.1,5,0.999999,10,73,110,95,8.958066,6.212864,2.58478,0.000101934,0.00840824,0.0012348
sopt,0.1,5,0.999999,10,73,110,100,8.200117,6.255408,2.35863,9.64403e-05,0.00804535,0.00117638
qdeim,0.1,5,0.999999,10,73,110,5,112.087753,41.880121,,0.0598111,24.8642,27.1668
qdeim,0.1,5,0.999999,10,73,110,10,43.891235,22.329854,,0.0480852,9.09149,2.03242
qdeim,0.1,5,0.999999,10,73,110,15,41.654213,29.338669,,0.0427672,2.49478,0.327585
qdeim,0.1,5,0.999999,10,73,110,20,34.902741,18.488623,,0.0364547,2.46862,0.261334
qdeim,0.1,5,0.999999,10,73,110,25,21.821198,23.588308,,0.035831,2.0542,0.226297
qdeim,0.1,5,0.999999,10,73,110,30,26.855512,16.932326,,0.0392935,3.24997,12.1458
qdeim,0.1,5,0.999999,10,73,110,35,21.026945,17.372266,,0.0363948,3.02723,0.357811
qdeim,0.1,5,0.999999,10,73,110,40,27.503018,12.890325,,0.0234727,4.84213,0.970659
qdeim,0.1,5,0.999999,10,73,110,45,21.376419,12.380229,,0.0193116,4.44254,0.753373
qdeim,0.1,5,0.999999,10,73,110,50,21.754212,13.025531,,0.00907735,2.54924,0.249244
qdeim,0.1,5,0.999999,10,73,110,55,37.414885,11.454170,,0.00406376,3.78256,0.672625
qdeim,0.1,5,0.999999,10,73,110,60,19.454667,10.522820,3.3233,0.00291103,2.89913,0.328473
qdeim,0.1,5,0.999999,10,73,110,65,16.064826,9.715307,2.43573,0.000688654,0.303046,0.0304397
qdeim,0.1,5,0.999999,10,73,110,70,18.933069,9.585614,2.39519,0.000430948,0.236203,0.0232794
qdeim,0.1,5,0.999999,10,73,110,75,16.586895,8.748613,2.37573,4.90123e-05,0.0211426,0.00226652
qdeim,0.1,5,0.999999,10,73,110,80,40.018530,9.023289,2.50495,4.15643e-05,0.0119222,0.00112847
qdeim,0.1,5,0.999999,10,73,110,85,16.507180,9.062147,2.38608,4.04369e-05,0.0104641,0.00112213
qdeim,0.1,5,0.999999,10,73,110,90,16.664250,8.576367,2.48622,2.6329e-05,0.00654031,0.00080847
qdeim,0.1,5,0.999999,10,73,110,95,13.024214,8.791585,2.70081,2.41182e-05,0.00525878,0.000755312
qdeim,0.1,5,0.999999,10,73,110,100,13.529384,8.571340,2.66966,1.74372e-05,0.00493236,0.000636885
sopt,0.1,6,0.9999999,10,91,127,5,116.493274,60.469284,,0.0715865,2.72323,0.275925
sopt,0.1,6,0.9999999,10,91,127,10,53.280989,40.240878,,0.0560532,9.58391,2.45017
sopt,0.1,6,0.9999999,10,91,127,15,40.073705,23.910341,,0.045575,5.32814,0.748679
sopt,0.1,6,0.9999999,10,91,127,20,32.262177,20.672070,,0.047899,1.4893,0.113883
sopt,0.1,6,0.9999999,10,91,127,25,25.417439,19.894749,,0.0349773,1.77407,0.170104
sopt,0.1,6,0.9999999,10,91,127,30,22.081413,15.928561,,0.0286136,1.55888,0.159005
sopt,0.1,6,0.9999999,10,91,127,35,21.593035,17.686285,,0.0257758,1.17796,0.124847
sopt,0.1,6,0.9999999,10,91,127,40,19.406852,13.763332,,0.0193396,1.32586,0.138838
sopt,0.1,6,0.9999999,10,91,127,45,19.363831,10.397684,,0.00401466,4.92412,0.684509
sopt,0.1,6,0.9999999,10,91,127,50,15.673936,10.561997,2.8185,0.0011513,0.190449,0.0222143
sopt,0.1,6,0.9999999,10,91,127,55,14.185673,10.512089,2.8993,0.00120675,0.17785,0.0201613
sopt,0.1,6,0.9999999,10,91,127,60,12.798601,9.707000,2.76434,0.000576409,0.0647698,0.00762187
sopt,0.1,6,0.9999999,10,91,127,65,12.370754,10.113862,2.81354,0.000378944,0.0465307,0.00574998
sopt,0.1,6,0.9999999,10,91,127,70,11.115119,9.629352,2.88153,0.000122156,0.0100105,0.00119987
sopt,0.1,6,0.9999999,10,91,127,75,10.570031,8.473052,2.92169,3.7619e-05,0.00455333,0.0006341
sopt,0.1,6,0.9999999,10,91,127,80,12.187194,8.094086,2.84612,8.8932e-05,0.00775249,0.00118796
sopt,0.1,6,0.9999999,10,91,127,85,11.059490,7.248182,2.97236,0.000152255,0.011672,0.0017601
sopt,0.1,6,0.9999999,10,91,127,90,10.827921,7.421877,2.96665,3.23003e-05,0.00334356,0.000448277
sopt,0.1,6,0.9999999,10,91,127,95,10.547502,7.040341,3.01893,1.59766e-05,0.00169534,0.000231349
sopt,0.1,6,0.9999999,10,91,127,100,9.485980,7.043207,3.08304,2.17138e-05,0.00162784,0.000206081
qdeim,0.1,6,0.9999999,10,91,127,5,104.089731,67.146270,,0.0649896,4.3102,1.0738
qdeim,0.1,6,0.9999999,10,91,127,10,60.234915,30.409312,,0.0652743,5.62597,1.69545
qdeim,0.1,6,0.9999999,10,91,127,15,35.333095,30.228055,,0.0605828,3.12401,0.517624
qdeim,0.1,6,0.9999999,10,91,127,20,35.243704,19.800312,,0.0613478,5.49196,0.517082
qdeim,0.1,6,0.9999999,10,91,127,25,31.790002,23.648088,,0.0590261,6.05426,2.29832
qdeim,0.1,6,0.9999999,10,91,127,30,28.744386,21.668787,,0.0562451,40.2247,54.7175
qdeim,0.1,6,0.9999999,10,91,127,35,25.063449,23.524674,,0.0435997,7.3721,1.6604
qdeim,0.1,6,0.9999999,10,91,127,40,21.711191,20.739127,,0.0390217,2.52614,0.316102
qdeim,0.1,6,0.9999999,10,91,127,45,24.068829,16.020094,,0.040032,2.41692,0.306995
qdeim,0.1,6,0.9999999,10,91,127,50,21.415758,22.514964,,0.0404826,2.32786,0.269638
qdeim,0.1,6,0.9999999,10,91,127,55,20.991848,23.150310,,0.0349101,2.51812,0.299778
qdeim,0.1,6,0.9999999,10,91,127,60,15.802592,25.997876,,0.0297978,3.9069,0.616606
qdeim,0.1,6,0.9999999,10,91,127,65,15.921931,53.186433,,0.0200054,57.8418,119.181
qdeim,0.1,6,0.9999999,10,91,127,70,14.537100,31.890303,,0.0148676,1.65934,0.204962
qdeim,0.1,6,0.9999999,10,91,127,75,15.409424,28.491340,,0.0154662,2.22528,0.277172
qdeim,0.1,6,0.9999999,10,91,127,80,16.158538,24.629633,,0.0114056,2.17046,0.237454
qdeim,0.1,6,0.9999999,10,91,127,85,13.708038,23.810688,,0.00411437,3.03763,0.395368
qdeim,0.1,6,0.9999999,10,91,127,90,13.122944,22.715569,2.66218,0.00253281,0.810624,0.112155
qdeim,0.1,6,0.9999999,10,91,127,95,15.515741,26.430615,2.49129,0.000358711,0.169007,0.0202755
qdeim,0.1,6,0.9999999,10,91,127,100,11.682778,21.242409,2.48583,0.000324639,0.133601,0.0206655
