method,t,ef,ws,w,q,nqp,TT3,ErrX,ErrV,ErrE
sopt,1.0,0.999,40,48,2,,nan,nan,nan
qdeim,1.0,0.999,40,48,2,320,448,448,448,448,448,448,448,448,512,448,448,384,384,384,384,320,320,320,384,384,384,384,384,448,384,384,384,384,384,384,384,384,448,512,448,448,384,384,384,320,256,576,512,512,512,768,640,3.46429,0.00118927,0.000586573,0.00396751
gnat,1.0,0.999,40,48,2,256,448,384,384,384,448,448,384,384,448,384,384,384,384,448,448,384,448,384,448,384,320,320,320,448,448,384,320,320,320,320,320,320,384,384,384,384,256,256,256,256,256,448,448,384,512,576,512,3.65421,0.00118885,0.00058009,0.00396358
sopt,1.0,0.999,40,48,3,,nan,nan,nan
qdeim,1.0,0.999,40,48,3,448,640,640,640,704,640,640,640,640,704,640,640,576,576,576,512,512,448,448,448,512,576,576,576,704,704,640,576,576,576,576,576,512,576,640,512,448,512,512,512,448,384,768,704,640,512,1024,768,4.20676,1.15578e-06,1.23701e-05,2.21931e-06
gnat,1.0,0.999,40,48,3,320,640,640,640,640,640,640,640,640,640,640,640,512,640,640,576,640,640,512,512,512,512,512,512,576,576,576,512,512,512,512,512,512,512,448,448,448,384,384,384,384,384,576,576,448,576,832,832,3.66724,0.00118881,0.00057974,0.00396294
sopt,1.0,0.999,40,48,4,,nan,nan,nan
qdeim,1.0,0.999,40,48,4,576,768,768,768,896,832,832,832,832,832,768,768,768,832,704,640,576,576,576,640,576,704,704,704,832,832,768,704,704,640,704,768,640,704,768,640,576,640,704,640,576,576,960,832,832,512,1408,1024,4.35781,0.00118862,0.000584737,0.00396626
gnat,1.0,0.999,40,48,4,384,768,768,768,768,768,768,768,768,768,768,768,640,768,640,640,768,768,640,640,640,640,640,640,640,640,640,640,640,640,640,640,640,640,512,512,512,512,512,512,512,512,640,640,512,640,1024,896,3.59435,0.00118874,0.00057896,0.00396233
sopt,1.0,0.999,40,48,5,,nan,nan,nan
qdeim,1.0,0.999,40,48,5,768,1024,960,960,1088,1024,1024,1024,1088,960,896,896,960,960,832,768,768,768,768,768,768,768,896,960,832,960,832,768,832,768,832,896,704,768,832,768,768,768,832,768,768,704,1088,1088,960,640,1536,1152,4.96915,0.00118829,0.000583472,0.00396512
gnat,1.0,0.999,40,48,5,448,960,960,960,960,960,960,960,960,960,896,896,768,832,832,768,832,832,704,768,768,768,768,768,768,768,768,768,768,768,768,768,768,768,640,640,640,640,640,640,640,640,768,768,640,704,1344,1024,4.39903,1.04803e-06,4.02251e-06,3.39577e-06
sopt,1.0,0.999,40,48,6,,nan,nan,nan
qdeim,1.0,0.999,40,48,6,960,1024,1024,1152,1280,1152,1216,1216,1344,1024,896,960,1088,1024,896,896,896,960,896,960,960,832,1088,1024,960,1024,832,832,960,832,1024,1024,768,832,896,896,896,896,960,896,896,896,1280,1216,1216,768,1728,1152,5.22385,0.0011882,0.000581434,0.00396436
gnat,1.0,0.999,40,48,6,512,1088,1088,1088,1088,1088,1088,1152,1088,1152,1024,1024,960,896,896,896,896,896,768,896,896,896,896,896,896,896,896,896,896,896,896,896,896,896,768,768,768,768,768,768,768,768,896,896,768,768,1536,1152,4.47284,0.00118877,0.000583204,0.00396369
sopt,1.0,0.999,40,48,7,,nan,nan,nan
qdeim,1.0,0.999,40,48,7,1152,1216,1088,1408,1344,1216,1472,1408,1472,1024,960,960,1152,1152,1024,1024,960,1024,1024,1152,1024,960,1216,1088,1088,1088,960,960,1152,960,1216,1152,896,960,1088,1088,1024,1024,1088,1024,1216,1024,1344,1408,1344,896,1856,1152,7.52728,4.77973e-07,6.77685e-06,3.16278e-06
gnat,1.0,0.999,40,48,7,576,1216,1216,1280,1280,1280,1280,1280,1280,1280,1152,1152,1216,1216,1024,1024,1024,1024,960,896,896,960,960,960,1024,1024,1024,1024,1024,1024,960,960,960,960,896,896,896,896,896,896,896,832,960,960,896,896,1728,1344,5.34555,0.00119,0.000581367,0.00396449
sopt,1.0,0.999,40,48,8,,nan,nan,nan
qdeim,1.0,0.999,40,48,8,1280,1280,1152,1472,1472,1280,1728,1536,1600,1152,1152,1152,1280,1280,1088,1152,1024,1152,1088,1280,1024,1024,1216,1152,1216,1216,1088,1088,1280,1088,1344,1280,1024,1088,1152,1152,1088,1088,1152,1216,1280,1152,1536,1472,1536,1024,2048,1152,6.88774,5.29107e-07,7.30755e-06,2.93078e-06
gnat,1.0,0.999,40,48,8,640,1280,1408,1408,1408,1408,1408,1408,1408,1408,1280,1280,1280,1280,1280,1152,1152,1152,1024,1024,896,1024,1024,1024,1024,1152,1152,1152,1152,1152,1024,1024,1024,1024,1024,1024,1024,1024,1024,1024,1024,896,1024,1024,1024,1024,1920,1536,5.40767,0.00119,0.000581717,0.00396465
sopt,1.0,0.999,40,48,9,,nan,nan,nan
qdeim,1.0,0.999,40,48,9,1408,1344,1216,1664,1536,1280,1920,1664,1664,1280,1280,1280,1408,1408,1216,1280,1152,1280,1152,1344,1088,1152,1216,1280,1280,1216,1216,1216,1408,1216,1408,1408,1152,1152,1216,1280,1216,1216,1280,1408,1408,1216,1728,1664,1792,1152,2240,1216,7.14362,0.00118837,0.000580673,0.00396456
gnat,1.0,0.999,40,48,9,768,1472,1600,1600,1664,1664,1664,1600,1600,1600,1472,1408,1344,1280,1280,1280,1216,1152,1152,1152,1024,1152,1216,1088,1152,1344,1344,1344,1344,1280,1216,1152,1216,1152,1152,1152,1152,1152,1152,1152,1088,960,1152,1216,1152,1152,2112,1728,5.95489,0.00118998,0.000581903,0.00396513
sopt,1.0,0.999,80,24,2,640,640,512,576,640,832,768,768,1152,1024,448,512,512,704,448,576,576,384,384,384,448,896,768,896,4.82123,1.86979e-06,4.1331e-05,2.73667e-05
qdeim,1.0,0.999,80,24,2,448,448,448,448,512,448,384,384,320,384,320,384,384,448,384,384,448,448,512,384,256,448,896,832,3.55186,4.17083e-06,6.98021e-05,1.28505e-05
gnat,1.0,0.999,80,24,2,448,384,448,384,448,384,448,448,384,384,320,384,512,384,320,320,320,384,384,256,256,576,768,704,3.04025,3.65236e-06,5.14608e-05,4.81929e-06
sopt,1.0,0.999,80,24,3,896,1152,832,768,960,1280,1280,1280,1600,1344,704,768,704,1024,832,1024,832,832,640,704,960,1280,1088,1344,5.97642,1.79528e-06,3.43374e-05,2.38501e-05
qdeim,1.0,0.999,80,24,3,640,640,640,640,704,640,576,576,512,448,512,576,704,640,576,640,576,512,512,576,448,576,1024,1024,3.84403,3.88167e-06,6.91775e-05,1.96494e-05
gnat,1.0,0.999,80,24,3,640,640,640,640,640,640,640,576,640,512,512,512,576,576,512,512,512,448,448,384,384,704,960,960,2.89189,3.56775e-06,5.57501e-05,5.49852e-06
sopt,1.0,0.999,80,24,4,1216,1536,1024,960,1280,1536,1728,1536,1984,1600,960,1024,960,1472,1024,1152,1536,1088,1600,1024,1088,1536,1344,1728,7.06987,1.9605e-06,3.56455e-05,2.47097e-05
qdeim,1.0,0.999,80,24,4,768,768,832,832,832,768,832,704,576,512,512,704,832,768,704,704,704,640,640,704,704,768,1344,1152,3.87161,3.61966e-06,6.38035e-05,1.58122e-05
gnat,1.0,0.999,80,24,4,768,768,768,768,768,768,768,640,768,640,640,640,640,640,640,640,640,512,512,512,512,768,1024,1152,3.29202,3.55234e-06,6.01169e-05,5.85047e-06
sopt,1.0,0.999,80,24,5,1472,1728,1472,1216,1472,1856,1984,1856,2240,1792,1280,1280,1024,1664,1280,1344,1792,1408,1856,1792,1472,1600,1792,2048,8.84325,2.07811e-06,3.73045e-05,2.43303e-05
qdeim,1.0,0.999,80,24,5,960,960,1088,960,1024,896,960,832,768,768,704,960,960,832,832,832,832,768,768,832,832,896,1408,1152,4.26857,3.6501e-06,6.67741e-05,1.58909e-05
gnat,1.0,0.999,80,24,5,960,960,960,960,960,896,960,768,832,768,768,768,768,768,768,768,768,640,640,640,640,896,1216,1344,4.8961,3.41839e-06,5.33969e-05,5.87738e-06
sopt,1.0,0.999,80,24,6,1920,2048,1728,1728,1792,2048,2240,2048,2560,1984,1472,1728,1472,1984,1536,1792,1920,1600,2048,1984,1728,1664,2048,2240,9.04075,2.11838e-06,3.73643e-05,2.40055e-05
qdeim,1.0,0.999,80,24,6,960,1216,1152,1088,1152,960,1088,960,896,960,896,1024,960,896,960,960,832,896,896,960,832,1024,1600,1536,5.17883,3.62439e-06,6.70505e-05,1.48358e-05
gnat,1.0,0.999,80,24,6,1088,1088,1088,1088,1088,1024,1024,896,896,896,896,896,896,896,896,896,896,768,768,768,768,1024,1344,1536,3.99894,3.42099e-06,5.4136e-05,5.25431e-06
sopt,1.0,0.999,80,24,7,2048,2368,1856,2240,1920,2176,2432,2304,2688,2368,1856,2176,1728,2496,1920,1984,2304,2112,2240,2112,2112,1856,2112,2496,10.0775,2.15952e-06,3.75612e-05,2.39012e-05
qdeim,1.0,0.999,80,24,7,1152,1600,1280,1152,1280,960,1152,1024,1088,1088,960,1024,1088,960,1152,1088,896,1088,1024,1152,960,1216,1728,1664,5.08914,3.64873e-06,6.5995e-05,1.47025e-05
gnat,1.0,0.999,80,24,7,1216,1280,1280,1280,1280,1152,1216,1024,1024,896,960,960,1024,1024,1024,960,960,896,896,896,832,1088,1792,1792,4.2385,3.45229e-06,5.88915e-05,1.24845e-05
sopt,1.0,0.999,80,24,8,2304,2816,1984,2432,2240,2560,2624,2688,3136,2624,2112,2560,2112,2816,2112,2432,2432,2432,2688,2368,2496,1920,2112,2688,10.3607,2.2224e-06,3.83497e-05,2.3905e-05
qdeim,1.0,0.999,80,24,8,1280,1664,1408,1216,1472,1152,1152,1152,1216,1216,1024,1152,1216,1088,1280,1216,1024,1152,1088,1280,1088,1472,1920,1792,5.55748,3.68459e-06,6.65102e-05,1.51187e-05
gnat,1.0,0.999,80,24,8,1280,1408,1408,1408,1408,1280,1280,1152,1152,1024,1024,1024,1024,1152,1152,1024,1024,1024,1024,1024,896,1152,1792,2048,4.28617,3.38987e-06,6.1122e-05,1.3021e-05
sopt,1.0,0.999,80,24,9,2752,2944,2368,2688,2304,2816,2816,2880,3584,2752,2688,2880,2432,3264,2496,2624,2816,2880,3136,2688,2880,1920,2176,2688,11.2997,2.24703e-06,3.84145e-05,2.37013e-05
qdeim,1.0,0.999,80,24,9,1344,1664,1536,1344,1600,1216,1280,1216,1344,1344,1088,1216,1280,1216,1408,1344,1152,1216,1216,1408,1216,1728,2112,1920,5.60872,3.62296e-06,6.54992e-05,1.43765e-05
gnat,1.0,0.999,80,24,9,1472,1600,1664,1664,1600,1536,1344,1280,1216,1152,1152,1216,1152,1344,1344,1152,1152,1152,1152,1152,960,1344,1792,2304,5.20077,3.34705e-06,6.38217e-05,1.26415e-05
sopt,1.0,0.99,80,24,2,,nan,nan,nan
qdeim,1.0,0.99,80,24,2,256,384,448,448,512,448,384,384,320,384,320,384,384,448,384,384,448,448,512,384,256,576,512,576,3.10433,1.68787e-05,8.95835e-05,1.85038e-05
gnat,1.0,0.99,80,24,2,192,256,448,384,448,384,448,448,384,384,320,384,512,384,320,320,320,384,384,256,256,448,448,704,2.5348,1.88175e-05,7.96363e-05,7.04677e-05
sopt,1.0,0.99,80,24,3,,nan,nan,nan
qdeim,1.0,0.99,80,24,3,576,512,640,640,704,640,576,576,512,448,512,576,704,640,576,640,576,512,512,576,448,768,640,704,3.61076,1.63491e-05,9.19597e-05,1.9064e-05
gnat,1.0,0.99,80,24,3,320,448,640,640,640,640,640,576,640,512,512,512,576,576,512,512,512,448,448,384,384,576,576,960,2.89986,1.91646e-05,8.32474e-05,6.6417e-05
sopt,1.0,0.99,80,24,4,,nan,nan,nan
qdeim,1.0,0.99,80,24,4,704,576,832,832,832,768,832,704,576,512,512,704,832,768,704,704,704,640,640,704,704,960,640,832,3.76822,1.71692e-05,0.000108209,1.85432e-05
gnat,1.0,0.99,80,24,4,384,512,768,768,768,768,768,640,768,640,640,640,640,640,640,640,640,512,512,512,512,640,640,1152,3.10691,1.93365e-05,8.85786e-05,6.43625e-05
sopt,1.0,0.99,80,24,5,,nan,nan,nan
qdeim,1.0,0.99,80,24,5,832,768,1088,960,1024,896,960,832,768,768,704,960,960,832,832,832,832,768,768,832,832,1216,640,1024,4.06126,1.71322e-05,0.00010732,1.84977e-05
gnat,1.0,0.99,80,24,5,448,640,960,960,960,896,960,768,832,768,768,768,768,768,768,768,768,640,640,640,640,768,704,1344,3.5781,1.86964e-05,9.23355e-05,6.35558e-05
sopt,1.0,0.99,80,24,6,,nan,nan,nan
qdeim,1.0,0.99,80,24,6,960,960,1152,1088,1152,960,1088,960,896,960,896,1024,960,896,960,960,832,896,896,960,832,1280,768,1024,4.72761,1.5188e-05,9.33949e-05,2.11053e-05
gnat,1.0,0.99,80,24,6,512,704,1088,1088,1088,1024,1024,896,896,896,896,896,896,896,896,896,896,768,768,768,768,896,768,1536,3.84305,1.86991e-05,0.000102732,6.41199e-05
sopt,1.0,0.99,80,24,7,,nan,nan,nan
qdeim,1.0,0.99,80,24,7,1152,1088,1280,1152,1280,960,1152,1024,1088,1088,960,1024,1088,960,1152,1088,896,1088,1024,1152,960,1472,896,1024,4.94274,1.50068e-05,9.31639e-05,2.00517e-05
gnat,1.0,0.99,80,24,7,576,832,1280,1280,1280,1152,1216,1024,1024,896,960,960,1024,1024,1024,960,960,896,896,896,832,960,896,1600,4.1386,1.33204e-05,0.000116008,8.73099e-05
sopt,1.0,0.99,80,24,8,,nan,nan,nan
qdeim,1.0,0.99,80,24,8,1344,1216,1408,1216,1472,1152,1152,1152,1216,1216,1024,1152,1216,1088,1280,1216,1024,1152,1088,1280,1088,1536,1024,1088,4.905,1.1751e-05,7.68327e-05,2.89867e-05
gnat,1.0,0.99,80,24,8,640,896,1408,1408,1408,1280,1280,1152,1152,1024,1024,1024,1024,1152,1152,1024,1024,1024,1024,1024,896,1024,1024,1664,4.21988,1.07475e-05,0.000121877,9.66023e-05
sopt,1.0,0.99,80,24,9,,nan,nan,nan
qdeim,1.0,0.99,80,24,9,1472,1408,1536,1344,1600,1216,1280,1216,1344,1344,1088,1216,1280,1216,1408,1344,1152,1216,1216,1408,1216,1728,1152,1216,5.64932,8.85133e-06,7.67609e-05,4.31048e-05
gnat,1.0,0.99,80,24,9,768,1024,1664,1664,1600,1536,1344,1280,1216,1152,1152,1216,1152,1344,1344,1152,1152,1152,1152,1152,960,1152,1152,1728,4.93602,1.05706e-05,0.000148802,0.000120929
