method,t,ef,ws,w,q,nqp,TT3,ErrX,ErrV,ErrE
sopt,0.8,0.999,40,70,2,,nan,nan,nan
qdeim,0.8,0.999,40,70,2,256,384,384,384,384,384,448,384,384,320,384,320,320,384,384,384,384,384,384,384,384,384,384,384,384,448,448,384,384,384,384,448,448,448,384,448,448,384,384,384,384,448,448,320,448,512,384,320,320,320,384,384,384,320,320,320,320,320,448,512,640,448,448,512,512,512,512,576,576,576,7.97825,0.0263455,0.0419483,0.0216671
gnat,0.8,0.999,40,70,2,256,448,384,448,384,384,448,384,448,448,448,448,384,384,384,384,320,384,320,384,320,384,448,448,512,448,448,448,320,384,320,320,320,384,384,384,320,320,320,384,320,320,384,320,384,320,320,320,256,256,256,256,256,256,256,256,256,256,384,448,512,384,384,384,512,512,448,512,448,512,4.21858,0.0280559,0.123568,0.0147057
sopt,0.8,0.999,40,70,3,,nan,nan,nan
qdeim,0.8,0.999,40,70,3,384,576,576,576,576,512,576,512,512,448,448,448,448,448,512,512,512,576,576,576,576,576,704,704,704,640,640,640,640,576,576,576,576,576,576,640,640,512,512,512,512,576,640,512,512,512,448,384,448,448,512,512,512,512,512,512,512,448,640,832,832,704,576,704,640,512,576,640,704,704,5.62504,0.0249002,0.0428042,0.0207502
gnat,0.8,0.999,40,70,3,320,640,640,640,576,576,640,640,640,640,640,512,512,512,512,576,512,512,512,512,512,512,576,576,576,576,576,576,512,512,512,512,512,512,512,512,512,512,512,512,512,512,512,448,448,448,448,448,384,384,384,384,384,384,384,384,384,384,512,576,576,448,448,512,576,576,640,640,704,704,6.57239,0.0263311,0.101905,0.000439716
sopt,0.8,0.999,40,70,4,,nan,nan,nan
qdeim,0.8,0.999,40,70,4,576,768,704,704,704,640,640,576,576,576,576,576,512,576,576,512,576,704,704,704,704,704,768,768,832,768,768,768,768,704,704,704,704,640,640,704,704,640,640,640,640,704,832,640,640,640,576,512,576,576,640,704,576,640,640,704,704,640,768,1024,1088,832,768,832,640,512,640,768,896,960,13.898,0.0238377,0.0295422,0.0190831
gnat,0.8,0.999,40,70,4,384,768,640,640,640,640,768,768,768,768,768,640,640,640,640,640,640,640,640,640,640,640,640,640,640,640,640,640,640,640,640,640,640,640,640,640,640,640,640,640,640,640,640,512,512,512,512,512,512,512,512,512,512,512,512,512,512,512,640,640,640,512,512,640,640,640,768,768,896,896,6.29327,0.0246434,0.0783988,0.0243862
sopt,0.8,0.999,40,70,5,,nan,nan,nan
qdeim,0.8,0.999,40,70,5,768,896,896,832,832,768,768,768,768,768,768,768,768,832,768,640,640,768,832,896,960,960,832,896,960,896,832,832,832,768,768,768,832,768,768,832,832,768,768,768,704,768,896,704,768,768,768,640,768,704,832,896,768,768,768,832,896,768,960,1088,1216,1024,1024,960,640,640,704,832,896,1088,6.0419,0.0224782,0.0248103,0.0172254
gnat,0.8,0.999,40,70,5,448,832,768,832,768,768,832,832,832,832,768,768,832,768,768,768,768,768,768,768,768,768,768,768,768,768,768,768,768,768,768,768,768,768,768,768,768,768,768,768,768,768,704,640,640,640,640,640,640,640,640,640,640,640,640,640,640,576,768,768,768,704,640,704,704,704,896,960,1024,1088,5.24164,0.0237932,0.0739458,0.00773158
sopt,0.8,0.999,40,70,6,,nan,nan,nan
qdeim,0.8,0.999,40,70,6,960,960,1280,960,960,896,896,896,896,960,896,896,896,960,960,960,768,960,896,896,1024,1024,960,896,960,1024,832,832,896,832,832,832,960,896,896,960,960,960,832,768,768,832,960,768,896,960,896,768,896,832,960,1024,896,896,960,960,960,960,1024,1280,1280,1152,1152,1216,768,768,768,896,960,1152,6.54868,0.0216794,0.0206426,0.0164577
gnat,0.8,0.999,40,70,6,512,896,896,896,896,896,896,896,896,896,896,896,896,896,896,896,896,896,896,896,896,896,896,896,896,896,896,896,896,896,896,896,896,896,896,896,896,896,896,896,896,896,768,768,768,768,768,768,768,768,768,768,768,768,768,768,768,640,896,896,896,896,768,768,768,768,1024,1152,1152,1152,5.83252,0.0222782,0.0517401,0.0251413
sopt,0.8,0.999,40,70,7,,nan,nan,nan
qdeim,0.8,0.999,40,70,7,1152,1088,1344,960,1024,1024,1024,1024,1024,1088,1088,1024,1088,1088,1088,1088,832,960,960,1024,1024,1088,1088,1024,1088,1088,960,960,960,960,960,960,1024,1024,1024,1088,1088,1152,960,896,896,896,1088,896,1088,1088,1024,960,1024,960,1088,1088,1024,960,1152,1088,960,1088,1088,1408,1408,1280,1344,1344,896,896,896,960,1088,1152,6.75092,0.0208077,0.0177216,0.0159083
gnat,0.8,0.999,40,70,7,576,1152,1024,1024,1024,1024,1024,1024,1024,1024,1024,896,896,896,896,896,960,960,960,960,960,960,1024,1024,1024,1024,1024,1024,1024,1024,1024,1024,1024,1024,960,960,960,960,960,960,960,960,960,896,896,896,896,896,896,896,896,896,896,896,896,896,832,704,960,960,960,960,960,896,896,960,1152,1280,1216,1280,6.36448,0.0218917,0.0517115,0.0115299
sopt,0.8,0.999,40,70,8,,nan,nan,nan
qdeim,0.8,0.999,40,70,8,1344,1152,1344,1024,1408,1152,1152,1152,1152,1216,1152,1216,1216,1216,1216,1216,960,1088,1088,1088,1152,1152,1216,1152,1216,1216,1088,1088,1088,1088,1088,1088,1152,1152,1152,1216,1152,1280,1024,1024,1024,1024,1216,1024,1152,1152,1152,1024,1088,1088,1280,1216,1152,1088,1280,1216,1024,1152,1280,1536,1472,1536,1600,1536,1024,1024,1024,1024,1216,1152,7.3852,0.020081,0.0152638,0.0153438
gnat,0.8,0.999,40,70,8,640,1280,1280,1280,1152,1024,1152,1152,1152,1152,1152,1024,1024,1024,1024,896,1024,1024,1024,1024,1024,1024,1024,1024,1152,1152,1152,1152,1152,1152,1152,1152,1152,1152,1024,1024,1024,1024,1024,1024,1024,1024,1024,1024,1024,1024,1024,1024,1024,1024,1024,1024,1024,1024,1024,1024,896,768,1024,1024,1024,1024,1024,1024,1024,1152,1280,1408,1280,1344,6.4786,0.0206278,0.0339076,0.0225517
sopt,0.8,0.999,40,70,9,,nan,nan,nan
qdeim,0.8,0.999,40,70,9,1536,1280,1408,1152,1600,1344,1280,1280,1280,1280,1280,1344,1280,1280,1280,1280,1088,1152,1152,1152,1280,1280,1280,1216,1216,1344,1216,1216,1216,1216,1216,1216,1216,1216,1216,1280,1280,1344,1088,1152,1152,1152,1280,1152,1280,1280,1280,1152,1216,1216,1408,1344,1344,1152,1408,1344,1152,1344,1408,1664,1664,1728,1728,1792,1152,1152,1088,1088,1344,1152,10.1478,0.0198621,0.0239196,0.0101043
gnat,0.8,0.999,40,70,9,768,1280,1280,1280,1280,1280,1216,1216,1216,1152,1152,1152,1152,1152,1152,1024,1152,1216,1216,1216,1152,1088,1088,1152,1216,1344,1344,1344,1344,1344,1344,1280,1280,1280,1152,1152,1152,1152,1216,1152,1216,1152,1152,1152,1152,1152,1152,1152,1152,1152,1152,1152,1152,1152,1152,1088,960,896,1216,1152,1152,1152,1152,1152,1152,1280,1344,1536,1344,1344,7.48656,0.0208342,0.0390548,0.0126321
