method,window,w,t,q,ErrX,ErrV,ErrE,TT2,nqp
EQPglobal,80,18,0.8,0.999,,1.50787e-07,1.20987e-05,2.65359e-06,3.40243,4,4,162,162,162,162,162,162,162,162,162,162,162,162,162,162,162,162,162,162,162,162,162,162,162,162,162,162,162,162,243,162,243,243,332,249,
EQP,80,18,0.8,0.999,80,0.00566796,0.11569,0.0115731,3.18452,4,4,80,80,80,80,80,80,80,80,80,80,80,80,80,80,80,80,80,80,80,80,80,80,80,80,80,80,80,80,80,80,80,80,80,80,
EQP,80,18,0.8,0.999,120,0.00268889,0.0443981,0.00933374,2.79981,4,4,120,120,120,120,120,120,120,120,120,120,120,120,120,120,120,120,120,120,120,120,120,120,120,120,120,120,120,120,120,120,120,120,120,120,
EQP,80,18,0.8,0.999,160,0.00174994,0.0276486,0.00800256,3.59788,4,4,160,160,160,160,160,160,160,160,160,160,160,160,160,160,160,160,160,160,160,160,160,160,160,160,160,160,160,160,160,160,160,160,160,160,
EQP,80,18,0.8,0.999,200,0.00119381,0.018047,0.00120485,3.82711,4,4,162,162,162,162,162,162,162,162,162,162,162,162,162,162,162,162,162,162,162,162,162,162,162,162,162,162,162,162,200,162,200,200,200,200,
EQP,80,18,0.8,0.999,240,0.000178017,0.0037181,0.00181643,3.28107,4,4,162,162,162,162,162,162,162,162,162,162,162,162,162,162,162,162,162,162,162,162,162,162,162,162,162,162,162,162,240,162,240,240,240,240,
EQP,80,18,0.8,0.999,280,0.000127882,0.00142304,0.000966846,3.42605,4,4,162,162,162,162,162,162,162,162,162,162,162,162,162,162,162,162,162,162,162,162,162,162,162,162,162,162,162,162,243,162,243,243,280,249,
EQP,80,18,0.8,0.999,320,1.04687e-06,1.932e-05,2.41597e-05,4.103,4,4,162,162,162,162,162,162,162,162,162,162,162,162,162,162,162,162,162,162,162,162,162,162,162,162,162,162,162,162,243,162,243,243,320,249,
EQP,80,18,0.8,0.999,360,1.50787e-07,1.20987e-05,2.65359e-06,4.21851,4,4,162,162,162,162,162,162,162,162,162,162,162,162,162,162,162,162,162,162,162,162,162,162,162,162,162,162,162,162,243,162,243,243,332,249,
EQP,80,18,0.8,0.999,400,1.50787e-07,1.20987e-05,2.65359e-06,4.31058,4,4,162,162,162,162,162,162,162,162,162,162,162,162,162,162,162,162,162,162,162,162,162,162,162,162,162,162,162,162,243,162,243,243,332,249,
EQPglobal,80,18,0.8,0.9999,,3.39825e-08,8.85342e-07,4.46964e-07,5.09212,8,8,243,243,243,243,324,243,243,243,243,243,243,243,243,243,243,243,243,243,243,243,243,243,243,243,243,243,243,243,324,243,324,324,415,332,
EQP,80,18,0.8,0.9999,80,0.0104279,0.222948,0.0394404,3.09236,8,8,80,80,80,80,80,80,80,80,80,80,80,80,80,80,80,80,80,80,80,80,80,80,80,80,80,80,80,80,80,80,80,80,80,80,
EQP,80,18,0.8,0.9999,120,0.00521973,0.111866,0.0163705,3.88476,8,8,120,120,120,120,120,120,120,120,120,120,120,120,120,120,120,120,120,120,120,120,120,120,120,120,120,120,120,120,120,120,120,120,120,120,
EQP,80,18,0.8,0.9999,160,0.00360577,0.079131,0.00872568,4.20567,8,8,160,160,160,160,160,160,160,160,160,160,160,160,160,160,160,160,160,160,160,160,160,160,160,160,160,160,160,160,160,160,160,160,160,160,
EQP,80,18,0.8,0.9999,200,0.00239077,0.0553755,0.00753115,4.78566,8,8,200,200,200,200,200,200,200,200,200,200,200,200,200,200,200,200,200,200,200,200,200,200,200,200,200,200,200,200,200,200,200,200,200,200,
EQP,80,18,0.8,0.9999,240,0.00153296,0.0242671,0.00240214,4.83793,8,8,240,240,240,240,240,240,240,240,240,240,240,240,240,240,240,240,240,240,240,240,240,240,240,240,240,240,240,240,240,240,240,240,240,240,
EQP,80,18,0.8,0.9999,280,0.00112912,0.0201784,0.00188237,4.20236,8,8,243,243,243,243,280,243,243,243,243,243,243,243,243,243,243,243,243,243,243,243,243,243,243,243,243,243,243,243,280,243,280,280,280,280,
EQP,80,18,0.8,0.9999,320,0.000226375,0.00399522,0.00333195,4.31587,8,8,243,243,243,243,320,243,243,243,243,243,243,243,243,243,243,243,243,243,243,243,243,243,243,243,243,243,243,243,320,243,320,320,320,320,
EQP,80,18,0.8,0.9999,360,0.000155517,0.00215604,0.000263748,5.20182,8,8,243,243,243,243,324,243,243,243,243,243,243,243,243,243,243,243,243,243,243,243,243,243,243,243,243,243,243,243,324,243,324,324,360,332,
EQP,80,18,0.8,0.9999,400,1.53611e-05,0.000259051,0.000114839,5.30733,8,8,243,243,243,243,324,243,243,243,243,243,243,243,243,243,243,243,243,243,243,243,243,243,243,243,243,243,243,243,324,243,324,324,400,332,
EQPglobal,40,34,0.8,0.999,,4.87198e-07,1.67572e-05,4.09114e-06,2.78872,56,56,82,82,82,82,82,82,82,82,82,82,82,82,82,82,82,82,82,82,82,82,82,82,82,82,82,82,82,82,82,82,82,82,82,82,82,82,82,82,82,82,82,82,82,82,82,82,82,82,82,82,82,82,82,82,82,82,82,82,82,82,82,82,123,82,129,129,
EQP,40,34,0.8,0.999,40,0.00116918,0.0716519,0.0219799,2.27025,40,40,40,40,40,40,40,40,40,40,40,40,40,40,40,40,40,40,40,40,40,40,40,40,40,40,40,40,40,40,40,40,40,40,40,40,40,40,40,40,40,40,40,40,40,40,40,40,40,40,40,40,40,40,40,40,40,40,40,40,40,40,40,40,40,40,40,40,
EQP,40,34,0.8,0.999,60,0.000355616,0.0105798,0.00480831,2.67797,56,56,60,60,60,60,60,60,60,60,60,60,60,60,60,60,60,60,60,60,60,60,60,60,60,60,60,60,60,60,60,60,60,60,60,60,60,60,60,60,60,60,60,60,60,60,60,60,60,60,60,60,60,60,60,60,60,60,60,60,60,60,60,60,60,60,60,60,
EQP,40,34,0.8,0.999,80,0.000165168,0.00253208,0.000893396,2.5803,56,56,80,80,80,80,80,80,80,80,80,80,80,80,80,80,80,80,80,80,80,80,80,80,80,80,80,80,80,80,80,80,80,80,80,80,80,80,80,80,80,80,80,80,80,80,80,80,80,80,80,80,80,80,80,80,80,80,80,80,80,80,80,80,80,80,80,80,
EQP,40,34,0.8,0.999,100,0.000133067,0.00123376,0.000480162,2.76768,56,56,82,82,82,82,82,82,82,82,82,82,82,82,82,82,82,82,82,82,82,82,82,82,82,82,82,82,82,82,82,82,82,82,82,82,82,82,82,82,82,82,82,82,82,82,82,82,82,82,82,82,82,82,82,82,82,82,82,82,82,82,82,82,100,82,100,100,
EQP,40,34,0.8,0.999,120,3.94701e-05,0.000611724,0.00023445,3.02294,56,56,82,82,82,82,82,82,82,82,82,82,82,82,82,82,82,82,82,82,82,82,82,82,82,82,82,82,82,82,82,82,82,82,82,82,82,82,82,82,82,82,82,82,82,82,82,82,82,82,82,82,82,82,82,82,82,82,82,82,82,82,82,82,120,82,120,120,
EQP,40,34,0.8,0.999,140,4.87198e-07,1.67572e-05,4.09114e-06,2.66864,56,56,82,82,82,82,82,82,82,82,82,82,82,82,82,82,82,82,82,82,82,82,82,82,82,82,82,82,82,82,82,82,82,82,82,82,82,82,82,82,82,82,82,82,82,82,82,82,82,82,82,82,82,82,82,82,82,82,82,82,82,82,82,82,123,82,129,129,
EQP,40,34,0.8,0.999,160,4.87198e-07,1.67572e-05,4.09114e-06,3.08622,56,56,82,82,82,82,82,82,82,82,82,82,82,82,82,82,82,82,82,82,82,82,82,82,82,82,82,82,82,82,82,82,82,82,82,82,82,82,82,82,82,82,82,82,82,82,82,82,82,82,82,82,82,82,82,82,82,82,82,82,82,82,82,82,123,82,129,129,
EQP,40,34,0.8,0.999,180,4.87198e-07,1.67572e-05,4.09114e-06,2.62815,56,56,82,82,82,82,82,82,82,82,82,82,82,82,82,82,82,82,82,82,82,82,82,82,82,82,82,82,82,82,82,82,82,82,82,82,82,82,82,82,82,82,82,82,82,82,82,82,82,82,82,82,82,82,82,82,82,82,82,82,82,82,82,82,123,82,129,129,
EQP,40,34,0.8,0.999,200,4.87198e-07,1.67572e-05,4.09114e-06,2.51031,56,56,82,82,82,82,82,82,82,82,82,82,82,82,82,82,82,82,82,82,82,82,82,82,82,82,82,82,82,82,82,82,82,82,82,82,82,82,82,82,82,82,82,82,82,82,82,82,82,82,82,82,82,82,82,82,82,82,82,82,82,82,82,82,123,82,129,129,
