method,t,energy_frac,rxdim,rvdim,nldim,nqp,time,err_x,err_v
EQP,1.0,0.9,1,2,198,202,,0.0259165,7.19825e-05,0.144835
SOPT,1.0,0.9,1,2,3,50,477,0.133075,0.000916466,0.15712
gappy-POD,1.0,0.9,1,2,3,50,324,0.092593,0.00170597,0.268318
QDEIM,1.0,0.9,1,2,3,50,288,0.0798486,0.00170597,0.268318
SOPT,1.0,0.9,1,2,3,100,765,0.204294,0.000562461,0.107045
gappy-POD,1.0,0.9,1,2,3,100,621,0.169133,0.00117076,0.193779
QDEIM,1.0,0.9,1,2,3,100,540,0.146382,0.00117076,0.193779
SOPT,1.0,0.9,1,2,3,150,891,0.236606,0.000362733,0.0797262
gappy-POD,1.0,0.9,1,2,3,150,720,0.192938,0.00100296,0.1703
QDEIM,1.0,0.9,1,2,3,150,747,0.201441,0.00100296,0.1703
SOPT,1.0,0.9,1,2,3,200,981,0.263983,0.000224464,0.0608267
gappy-POD,1.0,0.9,1,2,3,200,810,0.217358,0.000755708,0.135715
QDEIM,1.0,0.9,1,2,3,200,801,0.216445,0.000755708,0.135715
SOPT,1.0,0.9,1,2,3,250,1071,0.282871,0.000124888,0.0459973
gappy-POD,1.0,0.9,1,2,3,250,864,0.231934,0.00059606,0.113254
QDEIM,1.0,0.9,1,2,3,250,873,0.23594,0.00059606,0.113254
SOPT,1.0,0.9,1,2,3,300,1143,0.301909,6.48887e-05,0.0326282
gappy-POD,1.0,0.9,1,2,3,300,918,0.246297,0.000463657,0.0946886
QDEIM,1.0,0.9,1,2,3,300,954,0.253968,0.000463657,0.0946886
SOPT,1.0,0.9,1,2,3,350,1152,0.306341,6.51216e-05,0.0314103
gappy-POD,1.0,0.9,1,2,3,350,990,0.261648,0.000359422,0.0800448
QDEIM,1.0,0.9,1,2,3,350,963,0.258043,0.000359422,0.0800448
SOPT,1.0,0.9,1,2,3,400,1152,0.305169,6.5172e-05,0.0320389
gappy-POD,1.0,0.9,1,2,3,400,1152,0.304902,6.51618e-05,0.0321242
QDEIM,1.0,0.9,1,2,3,400,1107,0.297727,6.51618e-05,0.0321242
SOPT,1.0,0.9,1,2,3,450,1152,0.316088,6.52103e-05,0.0328287
gappy-POD,1.0,0.9,1,2,3,450,1152,0.303792,6.51613e-05,0.0321101
QDEIM,1.0,0.9,1,2,3,450,1116,0.294927,6.51613e-05,0.0321101
SOPT,1.0,0.9,1,2,3,500,1152,0.307029,6.51921e-05,0.0326877
gappy-POD,1.0,0.9,1,2,3,500,1152,0.308907,6.51603e-05,0.0320856
QDEIM,1.0,0.9,1,2,3,500,1134,0.299954,6.51603e-05,0.0320856
SOPT,1.0,0.9,1,2,3,550,1152,0.307028,6.52044e-05,0.0326034
gappy-POD,1.0,0.9,1,2,3,550,1152,0.30523,6.51606e-05,0.0320849
QDEIM,1.0,0.9,1,2,3,550,1152,0.308992,6.51606e-05,0.0320849
SOPT,1.0,0.9,1,2,3,600,1152,0.30401,6.52093e-05,0.0328466
gappy-POD,1.0,0.9,1,2,3,600,1152,0.304455,6.51601e-05,0.0320779
QDEIM,1.0,0.9,1,2,3,600,1152,0.306376,6.51601e-05,0.0320779
SOPT,1.0,0.9,1,2,3,650,1152,0.305862,6.51794e-05,0.0324621
gappy-POD,1.0,0.9,1,2,3,650,1152,0.305666,6.51595e-05,0.0320713
QDEIM,1.0,0.9,1,2,3,650,1152,0.304558,6.51595e-05,0.0320713
SOPT,1.0,0.9,1,2,3,700,1152,0.308047,6.51761e-05,0.0322471
gappy-POD,1.0,0.9,1,2,3,700,1152,0.304537,6.51595e-05,0.032069
QDEIM,1.0,0.9,1,2,3,700,1152,0.30663,6.51595e-05,0.032069
SOPT,1.0,0.9,1,2,3,750,1152,0.308075,6.51567e-05,0.0320921
gappy-POD,1.0,0.9,1,2,3,750,1152,0.30695,6.51592e-05,0.0320643
QDEIM,1.0,0.9,1,2,3,750,1152,0.307331,6.51592e-05,0.0320643
SOPT,1.0,0.9,1,2,3,800,1152,0.30589,6.51537e-05,0.0320692
gappy-POD,1.0,0.9,1,2,3,800,1152,0.309699,6.51568e-05,0.0320464
QDEIM,1.0,0.9,1,2,3,800,1152,0.307205,6.51568e-05,0.0320464
SOPT,1.0,0.9,1,2,3,850,1152,0.306148,6.51519e-05,0.0319812
gappy-POD,1.0,0.9,1,2,3,850,1152,0.307159,6.5157e-05,0.0320564
QDEIM,1.0,0.9,1,2,3,850,1152,0.308398,6.5157e-05,0.0320564
SOPT,1.0,0.9,1,2,3,900,1152,0.303541,6.51538e-05,0.0319873
gappy-POD,1.0,0.9,1,2,3,900,1152,0.305926,6.51576e-05,0.032067
QDEIM,1.0,0.9,1,2,3,900,1152,0.308464,6.51576e-05,0.032067
SOPT,1.0,0.9,1,2,3,950,1152,0.305689,6.51583e-05,0.0320178
gappy-POD,1.0,0.9,1,2,3,950,1152,0.310852,6.51565e-05,0.0320573
QDEIM,1.0,0.9,1,2,3,950,1152,0.309533,6.51565e-05,0.0320573
SOPT,1.0,0.9,1,2,3,1000,1152,0.304627,6.51617e-05,0.0320722
gappy-POD,1.0,0.9,1,2,3,1000,1152,0.304859,6.51584e-05,0.0320645
QDEIM,1.0,0.9,1,2,3,1000,1152,0.307511,6.51584e-05,0.0320645
SOPT,1.0,0.9,1,2,3,1050,1152,0.305531,6.51602e-05,0.032067
gappy-POD,1.0,0.9,1,2,3,1050,1152,0.30454,6.51597e-05,0.0320812
QDEIM,1.0,0.9,1,2,3,1050,1152,0.312336,6.51597e-05,0.0320812
SOPT,1.0,0.9,1,2,3,1100,1152,0.305135,6.51595e-05,0.0320604
gappy-POD,1.0,0.9,1,2,3,1100,1152,0.308144,6.51601e-05,0.0320852
QDEIM,1.0,0.9,1,2,3,1100,1152,0.308579,6.51601e-05,0.0320852
SOPT,1.0,0.9,1,2,3,1150,1152,0.308701,6.516e-05,0.0320824
gappy-POD,1.0,0.9,1,2,3,1150,1152,0.306586,6.51602e-05,0.0320876
QDEIM,1.0,0.9,1,2,3,1150,1152,0.309258,6.51602e-05,0.0320876
EQP,1.0,0.99,2,4,363,404,,0.0467435,0.000102599,0.137697
SOPT,1.0,0.99,2,4,6,50,450,0.124636,0.00068543,0.0716826
gappy-POD,1.0,0.99,2,4,6,50,252,0.0720773,0.00170815,0.250525
QDEIM,1.0,0.99,2,4,6,50,342,0.0955117,0.00170815,0.250525
SOPT,1.0,0.99,2,4,6,100,702,0.192164,0.000330058,0.0540253
gappy-POD,1.0,0.99,2,4,6,100,495,0.135191,0.00135385,0.225312
QDEIM,1.0,0.99,2,4,6,100,594,0.161218,0.00135385,0.225312
SOPT,1.0,0.99,2,4,6,150,828,0.221804,0.000244913,0.0352496
gappy-POD,1.0,0.99,2,4,6,150,693,0.185086,0.000990117,0.16328
QDEIM,1.0,0.99,2,4,6,150,891,0.24053,0.000990117,0.16328
SOPT,1.0,0.99,2,4,6,200,981,0.261576,0.000129416,0.0311217
gappy-POD,1.0,0.99,2,4,6,200,828,0.219085,0.000713266,0.11413
QDEIM,1.0,0.99,2,4,6,200,972,0.260783,0.000713266,0.11413
SOPT,1.0,0.99,2,4,6,250,1044,0.277281,8.58504e-05,0.0151637
gappy-POD,1.0,0.99,2,4,6,250,972,0.260342,0.000349032,0.0772876
QDEIM,1.0,0.99,2,4,6,250,1026,0.273197,0.000349032,0.0772876
SOPT,1.0,0.99,2,4,6,300,1125,0.298652,1.89631e-05,0.00967949
gappy-POD,1.0,0.99,2,4,6,300,1071,0.283843,0.000130972,0.0245517
QDEIM,1.0,0.99,2,4,6,300,1026,0.276141,0.000130972,0.0245517
SOPT,1.0,0.99,2,4,6,350,1152,0.307279,7.88834e-06,0.00867229
gappy-POD,1.0,0.99,2,4,6,350,1116,0.295093,6.82869e-05,0.0119765
QDEIM,1.0,0.99,2,4,6,350,1026,0.272698,6.82869e-05,0.0119765
SOPT,1.0,0.99,2,4,6,400,1152,0.3042,7.89241e-06,0.00868057
gappy-POD,1.0,0.99,2,4,6,400,1152,0.305956,7.88734e-06,0.00846666
QDEIM,1.0,0.99,2,4,6,400,1062,0.285441,7.88734e-06,0.00846666
SOPT,1.0,0.99,2,4,6,450,1152,0.305534,7.89985e-06,0.00860927
gappy-POD,1.0,0.99,2,4,6,450,1152,0.30578,7.88703e-06,0.00846562
QDEIM,1.0,0.99,2,4,6,450,1152,0.308366,7.88703e-06,0.00846562
SOPT,1.0,0.99,2,4,6,500,1152,0.306423,7.89734e-06,0.00857777
gappy-POD,1.0,0.99,2,4,6,500,1152,0.309909,7.88684e-06,0.00846987
QDEIM,1.0,0.99,2,4,6,500,1152,0.309582,7.88684e-06,0.00846987
SOPT,1.0,0.99,2,4,6,550,1152,0.305773,7.88787e-06,0.00864059
gappy-POD,1.0,0.99,2,4,6,550,1152,0.307933,7.88673e-06,0.00847588
QDEIM,1.0,0.99,2,4,6,550,1152,0.309756,7.88673e-06,0.00847588
SOPT,1.0,0.99,2,4,6,600,1152,0.304389,7.88972e-06,0.00851518
gappy-POD,1.0,0.99,2,4,6,600,1152,0.30414,7.88686e-06,0.00847126
QDEIM,1.0,0.99,2,4,6,600,1152,0.308547,7.88686e-06,0.00847126
SOPT,1.0,0.99,2,4,6,650,1152,0.308584,7.89443e-06,0.00853802
gappy-POD,1.0,0.99,2,4,6,650,1152,0.308989,7.8874e-06,0.00846391
QDEIM,1.0,0.99,2,4,6,650,1152,0.315414,7.8874e-06,0.00846391
SOPT,1.0,0.99,2,4,6,700,1152,0.309095,7.8884e-06,0.00856688
gappy-POD,1.0,0.99,2,4,6,700,1152,0.303366,7.88711e-06,0.00846504
QDEIM,1.0,0.99,2,4,6,700,1152,0.306512,7.88711e-06,0.00846504
SOPT,1.0,0.99,2,4,6,750,1152,0.303978,7.89234e-06,0.00852453
gappy-POD,1.0,0.99,2,4,6,750,1152,0.307053,7.88708e-06,0.0084683
QDEIM,1.0,0.99,2,4,6,750,1152,0.313651,7.88708e-06,0.0084683
SOPT,1.0,0.99,2,4,6,800,1152,0.306037,7.89108e-06,0.00853832
gappy-POD,1.0,0.99,2,4,6,800,1152,0.308164,7.88713e-06,0.00847131
QDEIM,1.0,0.99,2,4,6,800,1152,0.315458,7.88713e-06,0.00847131
SOPT,1.0,0.99,2,4,6,850,1152,0.304866,7.89055e-06,0.00851116
gappy-POD,1.0,0.99,2,4,6,850,1152,0.311364,7.88727e-06,0.00846887
QDEIM,1.0,0.99,2,4,6,850,1152,0.310453,7.88727e-06,0.00846887
SOPT,1.0,0.99,2,4,6,900,1152,0.303827,7.89183e-06,0.0084707
gappy-POD,1.0,0.99,2,4,6,900,1152,0.306884,7.88762e-06,0.00846841
QDEIM,1.0,0.99,2,4,6,900,1152,0.307306,7.88762e-06,0.00846841
SOPT,1.0,0.99,2,4,6,950,1152,0.308824,7.89056e-06,0.00850101
gappy-POD,1.0,0.99,2,4,6,950,1152,0.307395,7.88729e-06,0.00846875
QDEIM,1.0,0.99,2,4,6,950,1152,0.306636,7.88729e-06,0.00846875
SOPT,1.0,0.99,2,4,6,1000,1152,0.307083,7.88911e-06,0.00847008
gappy-POD,1.0,0.99,2,4,6,1000,1152,0.308225,7.88808e-06,0.00846546
QDEIM,1.0,0.99,2,4,6,1000,1152,0.306964,7.88808e-06,0.00846546
SOPT,1.0,0.99,2,4,6,1050,1152,0.30713,7.88655e-06,0.00848535
gappy-POD,1.0,0.99,2,4,6,1050,1152,0.306099,7.88813e-06,0.00846667
QDEIM,1.0,0.99,2,4,6,1050,1152,0.308449,7.88813e-06,0.00846667
SOPT,1.0,0.99,2,4,6,1100,1152,0.309369,7.88631e-06,0.00847722
gappy-POD,1.0,0.99,2,4,6,1100,1152,0.306887,7.88801e-06,0.00846879
QDEIM,1.0,0.99,2,4,6,1100,1152,0.309377,7.88801e-06,0.00846879
SOPT,1.0,0.99,2,4,6,1150,1152,0.304154,7.88804e-06,0.00847005
gappy-POD,1.0,0.99,2,4,6,1150,1152,0.310804,7.88806e-06,0.00846939
QDEIM,1.0,0.99,2,4,6,1150,1152,0.312942,7.88806e-06,0.00846939
EQP,1.0,0.999,4,8,653,808,,0.0867358,2.0997e-05,0.0948746
SOPT,1.0,0.999,4,8,13,50,414,0.115682,0.00106795,0.118845
gappy-POD,1.0,0.999,4,8,13,50,252,0.0720994,0.00150595,0.215462
QDEIM,1.0,0.999,4,8,13,50,270,0.0771046,0.00150595,0.215462
SOPT,1.0,0.999,4,8,13,100,756,0.20525,0.000402555,0.0576511
gappy-POD,1.0,0.999,4,8,13,100,405,0.113761,0.00135881,0.186529
QDEIM,1.0,0.999,4,8,13,100,324,0.0901425,0.00135881,0.186529
SOPT,1.0,0.999,4,8,13,150,918,0.246363,0.000262682,0.0354237
gappy-POD,1.0,0.999,4,8,13,150,558,0.152364,0.0010263,0.143147
QDEIM,1.0,0.999,4,8,13,150,396,0.109167,0.0010263,0.143147
SOPT,1.0,0.999,4,8,13,200,1026,0.27912,0.000189309,0.0297969
gappy-POD,1.0,0.999,4,8,13,200,729,0.197464,0.000630453,0.0919845
QDEIM,1.0,0.999,4,8,13,200,513,0.143078,0.000630453,0.0919845
SOPT,1.0,0.999,4,8,13,250,1116,0.297377,7.04636e-05,0.0128026
gappy-POD,1.0,0.999,4,8,13,250,837,0.22353,0.000451971,0.0688334
QDEIM,1.0,0.999,4,8,13,250,711,0.193695,0.000451971,0.0688334
SOPT,1.0,0.999,4,8,13,300,1152,0.308154,4.89274e-07,0.000375955
gappy-POD,1.0,0.999,4,8,13,300,1008,0.268099,0.000148464,0.028887
QDEIM,1.0,0.999,4,8,13,300,828,0.219935,0.000148464,0.028887
SOPT,1.0,0.999,4,8,13,350,1152,0.31136,4.89272e-07,0.000375895
gappy-POD,1.0,0.999,4,8,13,350,1107,0.297737,3.73547e-05,0.00885095
QDEIM,1.0,0.999,4,8,13,350,945,0.254471,3.73547e-05,0.00885095
SOPT,1.0,0.999,4,8,13,400,1152,0.311397,4.88999e-07,0.000376222
gappy-POD,1.0,0.999,4,8,13,400,1152,0.31164,4.91729e-07,0.000377114
QDEIM,1.0,0.999,4,8,13,400,1035,0.277015,4.91729e-07,0.000377114
SOPT,1.0,0.999,4,8,13,450,1152,0.30734,4.88955e-07,0.000375919
gappy-POD,1.0,0.999,4,8,13,450,1152,0.308376,4.91564e-07,0.000377146
QDEIM,1.0,0.999,4,8,13,450,1116,0.298945,4.91564e-07,0.000377146
SOPT,1.0,0.999,4,8,13,500,1152,0.308182,4.88789e-07,0.000375997
gappy-POD,1.0,0.999,4,8,13,500,1152,0.309723,4.91661e-07,0.00037696
QDEIM,1.0,0.999,4,8,13,500,1152,0.309232,4.91661e-07,0.00037696
SOPT,1.0,0.999,4,8,13,550,1152,0.31039,4.88768e-07,0.000377036
gappy-POD,1.0,0.999,4,8,13,550,1152,0.312719,4.91705e-07,0.0003771
QDEIM,1.0,0.999,4,8,13,550,1152,0.313777,4.91705e-07,0.0003771
SOPT,1.0,0.999,4,8,13,600,1152,0.307211,4.90219e-07,0.00037611
gappy-POD,1.0,0.999,4,8,13,600,1152,0.312326,4.91659e-07,0.000377126
QDEIM,1.0,0.999,4,8,13,600,1152,0.313811,4.91659e-07,0.000377126
SOPT,1.0,0.999,4,8,13,650,1152,0.31388,4.89701e-07,0.000375511
gappy-POD,1.0,0.999,4,8,13,650,1152,0.311515,4.91532e-07,0.000376825
QDEIM,1.0,0.999,4,8,13,650,1152,0.315603,4.91532e-07,0.000376825
SOPT,1.0,0.999,4,8,13,700,1152,0.313302,4.89898e-07,0.000374937
gappy-POD,1.0,0.999,4,8,13,700,1152,0.314498,4.91373e-07,0.000376731
QDEIM,1.0,0.999,4,8,13,700,1152,0.311228,4.91373e-07,0.000376731
SOPT,1.0,0.999,4,8,13,750,1152,0.310219,4.90109e-07,0.000376064
gappy-POD,1.0,0.999,4,8,13,750,1152,0.312119,4.91403e-07,0.000377112
QDEIM,1.0,0.999,4,8,13,750,1152,0.316866,4.91403e-07,0.000377112
SOPT,1.0,0.999,4,8,13,800,1152,0.307042,4.90452e-07,0.000375646
gappy-POD,1.0,0.999,4,8,13,800,1152,0.311375,4.91478e-07,0.000377189
QDEIM,1.0,0.999,4,8,13,800,1152,0.310493,4.91478e-07,0.000377189
SOPT,1.0,0.999,4,8,13,850,1152,0.3105,4.90684e-07,0.000377557
gappy-POD,1.0,0.999,4,8,13,850,1152,0.31416,4.91323e-07,0.000377104
QDEIM,1.0,0.999,4,8,13,850,1152,0.314558,4.91323e-07,0.000377104
SOPT,1.0,0.999,4,8,13,900,1152,0.315622,4.91214e-07,0.000378126
gappy-POD,1.0,0.999,4,8,13,900,1152,0.319586,4.91302e-07,0.000377193
QDEIM,1.0,0.999,4,8,13,900,1152,0.311868,4.91302e-07,0.000377193
SOPT,1.0,0.999,4,8,13,950,1152,0.30913,4.91458e-07,0.000375327
gappy-POD,1.0,0.999,4,8,13,950,1152,0.313077,4.91284e-07,0.00037733
QDEIM,1.0,0.999,4,8,13,950,1152,0.311951,4.91284e-07,0.00037733
SOPT,1.0,0.999,4,8,13,1000,1152,0.311478,4.90917e-07,0.000375949
gappy-POD,1.0,0.999,4,8,13,1000,1152,0.314296,4.91405e-07,0.000377633
QDEIM,1.0,0.999,4,8,13,1000,1152,0.313583,4.91405e-07,0.000377633
SOPT,1.0,0.999,4,8,13,1050,1152,0.314366,4.91054e-07,0.00037652
gappy-POD,1.0,0.999,4,8,13,1050,1152,0.313006,4.91443e-07,0.000377719
QDEIM,1.0,0.999,4,8,13,1050,1152,0.312035,4.91443e-07,0.000377719
SOPT,1.0,0.999,4,8,13,1100,1152,0.312019,4.91088e-07,0.000377004
gappy-POD,1.0,0.999,4,8,13,1100,1152,0.314606,4.91377e-07,0.000377612
QDEIM,1.0,0.999,4,8,13,1100,1152,0.320064,4.91377e-07,0.000377612
SOPT,1.0,0.999,4,8,13,1150,1152,0.316692,4.9106e-07,0.000377107
gappy-POD,1.0,0.999,4,8,13,1150,1152,0.31323,4.91357e-07,0.000377578
QDEIM,1.0,0.999,4,8,13,1150,1152,0.315033,4.91357e-07,0.000377578
EQP,1.0,0.9999,5,15,831,1515,,0.128502,8.61921e-06,0.0323375
SOPT,1.0,0.9999,5,15,20,50,405,0.112289,0.000922788,0.124538
gappy-POD,1.0,0.9999,5,15,20,50,270,0.0761264,0.00144288,0.214181
QDEIM,1.0,0.9999,5,15,20,50,252,0.0716412,0.00144288,0.214181
SOPT,1.0,0.9999,5,15,20,100,639,0.172475,0.000578339,0.0786709
gappy-POD,1.0,0.9999,5,15,20,100,414,0.114161,0.00110857,0.146651
QDEIM,1.0,0.9999,5,15,20,100,333,0.0933773,0.00110857,0.146651
SOPT,1.0,0.9999,5,15,20,150,738,0.199004,0.000486379,0.0661726
gappy-POD,1.0,0.9999,5,15,20,150,504,0.140112,0.000994052,0.135017
QDEIM,1.0,0.9999,5,15,20,150,405,0.113147,0.000994052,0.135017
SOPT,1.0,0.9999,5,15,20,200,801,0.216125,0.000390659,0.0488346
gappy-POD,1.0,0.9999,5,15,20,200,693,0.187857,0.000538809,0.0717357
QDEIM,1.0,0.9999,5,15,20,200,540,0.147934,0.000538809,0.0717357
SOPT,1.0,0.9999,5,15,20,250,954,0.260721,0.000126077,0.0141726
gappy-POD,1.0,0.9999,5,15,20,250,828,0.226489,0.000326945,0.063002
QDEIM,1.0,0.9999,5,15,20,250,702,0.190352,0.000326945,0.063002
SOPT,1.0,0.9999,5,15,20,300,1035,0.277024,8.47469e-05,0.0104197
gappy-POD,1.0,0.9999,5,15,20,300,900,0.241632,0.000246225,0.048539
QDEIM,1.0,0.9999,5,15,20,300,837,0.226369,0.000246225,0.048539
SOPT,1.0,0.9999,5,15,20,350,1080,0.290589,6.25642e-05,0.00955406
gappy-POD,1.0,0.9999,5,15,20,350,1026,0.27515,0.00011729,0.0276218
QDEIM,1.0,0.9999,5,15,20,350,909,0.246954,0.00011729,0.0276218
SOPT,1.0,0.9999,5,15,20,400,1134,0.303106,1.77527e-05,0.00481472
gappy-POD,1.0,0.9999,5,15,20,400,1098,0.293787,3.32485e-05,0.00914151
QDEIM,1.0,0.9999,5,15,20,400,936,0.253913,3.32485e-05,0.00914151
SOPT,1.0,0.9999,5,15,20,450,1143,0.305877,9.7075e-06,0.00263485
gappy-POD,1.0,0.9999,5,15,20,450,1152,0.308483,1.30661e-07,0.000152216
QDEIM,1.0,0.9999,5,15,20,450,1017,0.27267,1.30661e-07,0.000152216
SOPT,1.0,0.9999,5,15,20,500,1152,0.309344,1.30899e-07,0.00014986
gappy-POD,1.0,0.9999,5,15,20,500,1152,0.311082,1.30652e-07,0.000152585
QDEIM,1.0,0.9999,5,15,20,500,1089,0.294278,1.30652e-07,0.000152585
SOPT,1.0,0.9999,5,15,20,550,1152,0.311495,1.309e-07,0.000149736
gappy-POD,1.0,0.9999,5,15,20,550,1152,0.31182,1.30667e-07,0.000152754
QDEIM,1.0,0.9999,5,15,20,550,1143,0.312018,1.30667e-07,0.000152754
SOPT,1.0,0.9999,5,15,20,600,1152,0.312932,1.30904e-07,0.000149737
gappy-POD,1.0,0.9999,5,15,20,600,1152,0.311127,1.30673e-07,0.000152557
QDEIM,1.0,0.9999,5,15,20,600,1152,0.318367,1.30673e-07,0.000152557
SOPT,1.0,0.9999,5,15,20,650,1152,0.313297,1.30902e-07,0.000149722
gappy-POD,1.0,0.9999,5,15,20,650,1152,0.311548,1.30686e-07,0.000151974
QDEIM,1.0,0.9999,5,15,20,650,1152,0.311854,1.30686e-07,0.000151974
SOPT,1.0,0.9999,5,15,20,700,1152,0.311267,1.30902e-07,0.000149536
gappy-POD,1.0,0.9999,5,15,20,700,1152,0.318269,1.30666e-07,0.00015175
QDEIM,1.0,0.9999,5,15,20,700,1152,0.312331,1.30666e-07,0.00015175
SOPT,1.0,0.9999,5,15,20,750,1152,0.310358,1.30906e-07,0.000149353
gappy-POD,1.0,0.9999,5,15,20,750,1152,0.314055,1.30695e-07,0.000151667
QDEIM,1.0,0.9999,5,15,20,750,1152,0.312688,1.30695e-07,0.000151667
SOPT,1.0,0.9999,5,15,20,800,1152,0.314021,1.30895e-07,0.000148967
gappy-POD,1.0,0.9999,5,15,20,800,1152,0.320317,1.30723e-07,0.000151499
QDEIM,1.0,0.9999,5,15,20,800,1152,0.316057,1.30723e-07,0.000151499
SOPT,1.0,0.9999,5,15,20,850,1152,0.311202,1.30855e-07,0.000149161
gappy-POD,1.0,0.9999,5,15,20,850,1152,0.315158,1.30729e-07,0.000151449
QDEIM,1.0,0.9999,5,15,20,850,1152,0.320437,1.30729e-07,0.000151449
SOPT,1.0,0.9999,5,15,20,900,1152,0.31489,1.30836e-07,0.000149546
gappy-POD,1.0,0.9999,5,15,20,900,1152,0.320516,1.30733e-07,0.000151375
QDEIM,1.0,0.9999,5,15,20,900,1152,0.314867,1.30733e-07,0.000151375
SOPT,1.0,0.9999,5,15,20,950,1152,0.313999,1.30836e-07,0.000149827
gappy-POD,1.0,0.9999,5,15,20,950,1152,0.315174,1.3073e-07,0.000151425
QDEIM,1.0,0.9999,5,15,20,950,1152,0.315079,1.3073e-07,0.000151425
SOPT,1.0,0.9999,5,15,20,1000,1152,0.315542,1.30797e-07,0.000149734
gappy-POD,1.0,0.9999,5,15,20,1000,1152,0.315769,1.30728e-07,0.000151444
QDEIM,1.0,0.9999,5,15,20,1000,1152,0.3168,1.30728e-07,0.000151444
SOPT,1.0,0.9999,5,15,20,1050,1152,0.316856,1.30808e-07,0.000150139
gappy-POD,1.0,0.9999,5,15,20,1050,1152,0.31721,1.30731e-07,0.00015141
QDEIM,1.0,0.9999,5,15,20,1050,1152,0.314718,1.30731e-07,0.00015141
SOPT,1.0,0.9999,5,15,20,1100,1152,0.316978,1.30738e-07,0.000150656
gappy-POD,1.0,0.9999,5,15,20,1100,1152,0.320312,1.30731e-07,0.000151422
QDEIM,1.0,0.9999,5,15,20,1100,1152,0.321916,1.30731e-07,0.000151422
SOPT,1.0,0.9999,5,15,20,1150,1152,0.313803,1.30743e-07,0.000151038
gappy-POD,1.0,0.9999,5,15,20,1150,1152,0.315396,1.30731e-07,0.000151418
QDEIM,1.0,0.9999,5,15,20,1150,1152,0.313234,1.30731e-07,0.000151418
EQP,1.0,0.99999,8,22,1150,2222,,0.217292,2.59099e-06,0.0309559
SOPT,1.0,0.99999,8,22,25,50,351,0.0977899,0.00114414,0.205517
gappy-POD,1.0,0.99999,8,22,25,50,234,0.067546,0.00151539,0.312169
QDEIM,1.0,0.99999,8,22,25,50,351,0.0989262,0.00151539,0.312169
SOPT,1.0,0.99999,8,22,25,100,567,0.15682,0.000714569,0.107955
gappy-POD,1.0,0.99999,8,22,25,100,369,0.103585,0.00116441,0.17465
QDEIM,1.0,0.99999,8,22,25,100,423,0.118148,0.00116441,0.17465
SOPT,1.0,0.99999,8,22,25,150,711,0.193493,0.000451593,0.0676994
gappy-POD,1.0,0.99999,8,22,25,150,504,0.140469,0.000848165,0.139268
QDEIM,1.0,0.99999,8,22,25,150,450,0.126286,0.000848165,0.139268
SOPT,1.0,0.99999,8,22,25,200,855,0.233514,0.000282174,0.0307672
gappy-POD,1.0,0.99999,8,22,25,200,603,0.16584,0.00069988,0.118809
QDEIM,1.0,0.99999,8,22,25,200,477,0.13315,0.00069988,0.118809
SOPT,1.0,0.99999,8,22,25,250,954,0.25892,0.000146699,0.0175331
gappy-POD,1.0,0.99999,8,22,25,250,738,0.202094,0.00042506,0.0814595
QDEIM,1.0,0.99999,8,22,25,250,486,0.138252,0.00042506,0.0814595
SOPT,1.0,0.99999,8,22,25,300,1053,0.283607,5.42684e-05,0.00815381
gappy-POD,1.0,0.99999,8,22,25,300,828,0.227531,0.000309195,0.0815798
QDEIM,1.0,0.99999,8,22,25,300,549,0.152905,0.000309195,0.0815798
SOPT,1.0,0.99999,8,22,25,350,1125,0.304929,1.24312e-05,0.00219264
gappy-POD,1.0,0.99999,8,22,25,350,900,0.246714,0.000238845,0.059899
QDEIM,1.0,0.99999,8,22,25,350,657,0.180172,0.000238845,0.059899
SOPT,1.0,0.99999,8,22,25,400,1134,0.307145,1.24242e-05,0.0020775
gappy-POD,1.0,0.99999,8,22,25,400,972,0.26562,0.000169075,0.0511789
QDEIM,1.0,0.99999,8,22,25,400,873,0.240267,0.000169075,0.0511789
SOPT,1.0,0.99999,8,22,25,450,1143,0.309105,5.43422e-06,0.00191629
gappy-POD,1.0,0.99999,8,22,25,450,1035,0.282318,0.000101684,0.0343755
QDEIM,1.0,0.99999,8,22,25,450,927,0.257017,0.000101684,0.0343755
SOPT,1.0,0.99999,8,22,25,500,1152,0.312592,7.75975e-09,4.47716e-05
gappy-POD,1.0,0.99999,8,22,25,500,1116,0.30529,2.10408e-05,0.00801472
QDEIM,1.0,0.99999,8,22,25,500,999,0.273518,2.10408e-05,0.00801472
SOPT,1.0,0.99999,8,22,25,550,1152,0.315639,7.76108e-09,4.4725e-05
gappy-POD,1.0,0.99999,8,22,25,550,1152,0.315983,7.76462e-09,4.41094e-05
QDEIM,1.0,0.99999,8,22,25,550,1044,0.285939,7.76462e-09,4.41094e-05
SOPT,1.0,0.99999,8,22,25,600,1152,0.313616,7.76143e-09,4.47258e-05
gappy-POD,1.0,0.99999,8,22,25,600,1152,0.313795,7.76501e-09,4.41056e-05
QDEIM,1.0,0.99999,8,22,25,600,1116,0.305918,7.76501e-09,4.41056e-05
SOPT,1.0,0.99999,8,22,25,650,1152,0.314864,7.76148e-09,4.47259e-05
gappy-POD,1.0,0.99999,8,22,25,650,1152,0.316761,7.76511e-09,4.40932e-05
QDEIM,1.0,0.99999,8,22,25,650,1143,0.312424,7.76511e-09,4.40932e-05
SOPT,1.0,0.99999,8,22,25,700,1152,0.31295,7.76158e-09,4.47131e-05
gappy-POD,1.0,0.99999,8,22,25,700,1152,0.313365,7.7645e-09,4.40743e-05
QDEIM,1.0,0.99999,8,22,25,700,1152,0.312926,7.7645e-09,4.40743e-05
SOPT,1.0,0.99999,8,22,25,750,1152,0.311197,7.76254e-09,4.47072e-05
gappy-POD,1.0,0.99999,8,22,25,750,1152,0.315631,7.76464e-09,4.40492e-05
QDEIM,1.0,0.99999,8,22,25,750,1152,0.316957,7.76464e-09,4.40492e-05
SOPT,1.0,0.99999,8,22,25,800,1152,0.314146,7.76235e-09,4.46661e-05
gappy-POD,1.0,0.99999,8,22,25,800,1152,0.315101,7.76464e-09,4.40343e-05
QDEIM,1.0,0.99999,8,22,25,800,1152,0.318574,7.76464e-09,4.40343e-05
SOPT,1.0,0.99999,8,22,25,850,1152,0.316339,7.76115e-09,4.46736e-05
gappy-POD,1.0,0.99999,8,22,25,850,1152,0.31397,7.76527e-09,4.40029e-05
QDEIM,1.0,0.99999,8,22,25,850,1152,0.315816,7.76527e-09,4.40029e-05
SOPT,1.0,0.99999,8,22,25,900,1152,0.314135,7.76319e-09,4.47502e-05
gappy-POD,1.0,0.99999,8,22,25,900,1152,0.315921,7.76523e-09,4.4e-05
QDEIM,1.0,0.99999,8,22,25,900,1152,0.321102,7.76523e-09,4.4e-05
SOPT,1.0,0.99999,8,22,25,950,1152,0.312995,7.76351e-09,4.46126e-05
gappy-POD,1.0,0.99999,8,22,25,950,1152,0.320144,7.7652e-09,4.39879e-05
QDEIM,1.0,0.99999,8,22,25,950,1152,0.317545,7.7652e-09,4.39879e-05
SOPT,1.0,0.99999,8,22,25,1000,1152,0.315804,7.75312e-09,4.4732e-05
gappy-POD,1.0,0.99999,8,22,25,1000,1152,0.320494,7.76532e-09,4.39811e-05
QDEIM,1.0,0.99999,8,22,25,1000,1152,0.32546,7.76532e-09,4.39811e-05
SOPT,1.0,0.99999,8,22,25,1050,1152,0.315734,7.75413e-09,4.47145e-05
gappy-POD,1.0,0.99999,8,22,25,1050,1152,0.320441,7.76547e-09,4.39815e-05
QDEIM,1.0,0.99999,8,22,25,1050,1152,0.316825,7.76547e-09,4.39815e-05
SOPT,1.0,0.99999,8,22,25,1100,1152,0.316562,7.7659e-09,4.4176e-05
gappy-POD,1.0,0.99999,8,22,25,1100,1152,0.324364,7.76552e-09,4.39813e-05
QDEIM,1.0,0.99999,8,22,25,1100,1152,0.322092,7.76552e-09,4.39813e-05
SOPT,1.0,0.99999,8,22,25,1150,1152,0.31684,7.76687e-09,4.3953e-05
gappy-POD,1.0,0.99999,8,22,25,1150,1152,0.321417,7.76555e-09,4.39814e-05
QDEIM,1.0,0.99999,8,22,25,1150,1152,0.326398,7.76555e-09,4.39814e-05
EQP,1.0,0.999999,14,26,1239,2626,,0.257136,9.09022e-07,0.0239165
SOPT,1.0,0.999999,14,26,29,50,306,0.0892959,0.00122488,0.249058
gappy-POD,1.0,0.999999,14,26,29,50,252,0.0754253,0.0014024,0.2714
QDEIM,1.0,0.999999,14,26,29,50,351,0.102198,0.0014024,0.2714
SOPT,1.0,0.999999,14,26,29,100,477,0.134886,0.000733436,0.123066
gappy-POD,1.0,0.999999,14,26,29,100,351,0.101779,0.00123747,0.213723
QDEIM,1.0,0.999999,14,26,29,100,441,0.12404,0.00123747,0.213723
SOPT,1.0,0.999999,14,26,29,150,675,0.186498,0.000430845,0.0739478
gappy-POD,1.0,0.999999,14,26,29,150,477,0.136594,0.000912516,0.155676
QDEIM,1.0,0.999999,14,26,29,150,477,0.134182,0.000912516,0.155676
SOPT,1.0,0.999999,14,26,29,200,864,0.23885,0.000232501,0.0373088
gappy-POD,1.0,0.999999,14,26,29,200,540,0.151886,0.000816895,0.127622
QDEIM,1.0,0.999999,14,26,29,200,684,0.185764,0.000816895,0.127622
SOPT,1.0,0.999999,14,26,29,250,963,0.263847,0.000147589,0.0235545
gappy-POD,1.0,0.999999,14,26,29,250,657,0.181379,0.000572772,0.0902324
QDEIM,1.0,0.999999,14,26,29,250,711,0.198579,0.000572772,0.0902324
SOPT,1.0,0.999999,14,26,29,300,1008,0.275664,0.000107959,0.0281995
gappy-POD,1.0,0.999999,14,26,29,300,756,0.211479,0.000415262,0.0839594
QDEIM,1.0,0.999999,14,26,29,300,747,0.206859,0.000415262,0.0839594
SOPT,1.0,0.999999,14,26,29,350,1071,0.293409,4.80118e-05,0.0159089
gappy-POD,1.0,0.999999,14,26,29,350,882,0.245844,0.000264422,0.0736071
QDEIM,1.0,0.999999,14,26,29,350,783,0.218047,0.000264422,0.0736071
SOPT,1.0,0.999999,14,26,29,400,1098,0.299347,3.99515e-05,0.0129471
gappy-POD,1.0,0.999999,14,26,29,400,909,0.25171,0.000233351,0.0642187
QDEIM,1.0,0.999999,14,26,29,400,801,0.221766,0.000233351,0.0642187
SOPT,1.0,0.999999,14,26,29,450,1134,0.310868,1.70785e-05,0.00746188
gappy-POD,1.0,0.999999,14,26,29,450,981,0.269517,0.000180003,0.0647558
QDEIM,1.0,0.999999,14,26,29,450,927,0.257403,0.000180003,0.0647558
SOPT,1.0,0.999999,14,26,29,500,1152,0.316147,6.13554e-10,6.20076e-06
gappy-POD,1.0,0.999999,14,26,29,500,1026,0.28671,0.00010309,0.0314423
QDEIM,1.0,0.999999,14,26,29,500,972,0.269803,0.00010309,0.0314423
SOPT,1.0,0.999999,14,26,29,550,1152,0.317514,6.1373e-10,6.20024e-06
gappy-POD,1.0,0.999999,14,26,29,550,1116,0.308025,1.79157e-05,0.00917969
QDEIM,1.0,0.999999,14,26,29,550,1053,0.294029,1.79157e-05,0.00917969
SOPT,1.0,0.999999,14,26,29,600,1152,0.328209,6.13733e-10,6.20026e-06
gappy-POD,1.0,0.999999,14,26,29,600,1143,0.318408,4.46533e-06,0.00216863
QDEIM,1.0,0.999999,14,26,29,600,1098,0.306609,4.46533e-06,0.00216863
SOPT,1.0,0.999999,14,26,29,650,1152,0.316292,6.14309e-10,6.20021e-06
gappy-POD,1.0,0.999999,14,26,29,650,1152,0.319578,6.1637e-10,6.20472e-06
QDEIM,1.0,0.999999,14,26,29,650,1152,0.317031,6.1637e-10,6.20472e-06
SOPT,1.0,0.999999,14,26,29,700,1152,0.317698,6.15811e-10,6.19769e-06
gappy-POD,1.0,0.999999,14,26,29,700,1152,0.319701,6.16571e-10,6.20409e-06
QDEIM,1.0,0.999999,14,26,29,700,1152,0.324869,6.16571e-10,6.20409e-06
SOPT,1.0,0.999999,14,26,29,750,1152,0.32048,6.16247e-10,6.197e-06
gappy-POD,1.0,0.999999,14,26,29,750,1152,0.323235,6.1486e-10,6.20485e-06
QDEIM,1.0,0.999999,14,26,29,750,1152,0.322837,6.1486e-10,6.20485e-06
SOPT,1.0,0.999999,14,26,29,800,1152,0.320849,6.15378e-10,6.19837e-06
gappy-POD,1.0,0.999999,14,26,29,800,1152,0.324013,6.14524e-10,6.20409e-06
QDEIM,1.0,0.999999,14,26,29,800,1152,0.320652,6.14524e-10,6.20409e-06
SOPT,1.0,0.999999,14,26,29,850,1152,0.319739,6.14699e-10,6.19964e-06
gappy-POD,1.0,0.999999,14,26,29,850,1152,0.323079,6.13486e-10,6.20271e-06
QDEIM,1.0,0.999999,14,26,29,850,1152,0.321602,6.13486e-10,6.20271e-06
SOPT,1.0,0.999999,14,26,29,900,1152,0.322502,6.15189e-10,6.20145e-06
gappy-POD,1.0,0.999999,14,26,29,900,1152,0.322503,6.13411e-10,6.20309e-06
QDEIM,1.0,0.999999,14,26,29,900,1152,0.330225,6.13411e-10,6.20309e-06
SOPT,1.0,0.999999,14,26,29,950,1152,0.322864,6.14309e-10,6.19796e-06
gappy-POD,1.0,0.999999,14,26,29,950,1152,0.325651,6.13464e-10,6.20247e-06
QDEIM,1.0,0.999999,14,26,29,950,1152,0.320513,6.13464e-10,6.20247e-06
SOPT,1.0,0.999999,14,26,29,1000,1152,0.323931,6.15094e-10,6.19928e-06
gappy-POD,1.0,0.999999,14,26,29,1000,1152,0.324965,6.133e-10,6.20152e-06
QDEIM,1.0,0.999999,14,26,29,1000,1152,0.322085,6.133e-10,6.20152e-06
SOPT,1.0,0.999999,14,26,29,1050,1152,0.322859,6.14722e-10,6.19187e-06
gappy-POD,1.0,0.999999,14,26,29,1050,1152,0.324222,6.1296e-10,6.20164e-06
QDEIM,1.0,0.999999,14,26,29,1050,1152,0.322883,6.1296e-10,6.20164e-06
SOPT,1.0,0.999999,14,26,29,1100,1152,0.322181,6.13419e-10,6.20123e-06
gappy-POD,1.0,0.999999,14,26,29,1100,1152,0.32507,6.12933e-10,6.20174e-06
QDEIM,1.0,0.999999,14,26,29,1100,1152,0.332339,6.12933e-10,6.20174e-06
SOPT,1.0,0.999999,14,26,29,1150,1152,0.322565,6.13544e-10,6.20127e-06
gappy-POD,1.0,0.999999,14,26,29,1150,1152,0.324751,6.12937e-10,6.20174e-06
QDEIM,1.0,0.999999,14,26,29,1150,1152,0.327632,6.12937e-10,6.20174e-06
EQP,1.0,0.9999999,21,30,1520,3030,,0.452559,2.32894e-07,0.00382753
SOPT,1.0,0.9999999,21,30,32,50,324,0.0946176,0.00113797,0.291054
gappy-POD,1.0,0.9999999,21,30,32,50,261,0.0771298,0.00135213,0.354111
QDEIM,1.0,0.9999999,21,30,32,50,378,0.108474,0.00135213,0.354111
SOPT,1.0,0.9999999,21,30,32,100,495,0.138716,0.000705733,0.221957
gappy-POD,1.0,0.9999999,21,30,32,100,369,0.106092,0.00117154,0.314964
QDEIM,1.0,0.9999999,21,30,32,100,405,0.116431,0.00117154,0.314964
SOPT,1.0,0.9999999,21,30,32,150,639,0.180814,0.000514066,0.13221
gappy-POD,1.0,0.9999999,21,30,32,150,459,0.131833,0.000908159,0.286351
QDEIM,1.0,0.9999999,21,30,32,150,459,0.130995,0.000908159,0.286351
SOPT,1.0,0.9999999,21,30,32,200,765,0.218914,0.00039134,0.103282
gappy-POD,1.0,0.9999999,21,30,32,200,549,0.156702,0.000753987,0.253732
QDEIM,1.0,0.9999999,21,30,32,200,504,0.14442,0.000753987,0.253732
SOPT,1.0,0.9999999,21,30,32,250,891,0.24764,0.000265365,0.0817923
gappy-POD,1.0,0.9999999,21,30,32,250,621,0.176485,0.000656558,0.205512
QDEIM,1.0,0.9999999,21,30,32,250,603,0.171713,0.000656558,0.205512
SOPT,1.0,0.9999999,21,30,32,300,990,0.274592,0.000136197,0.0369865
gappy-POD,1.0,0.9999999,21,30,32,300,738,0.206053,0.000429029,0.130905
QDEIM,1.0,0.9999999,21,30,32,300,684,0.194309,0.000429029,0.130905
SOPT,1.0,0.9999999,21,30,32,350,1062,0.291537,5.96663e-05,0.020203
gappy-POD,1.0,0.9999999,21,30,32,350,837,0.236683,0.000301145,0.113588
QDEIM,1.0,0.9999999,21,30,32,350,792,0.222018,0.000301145,0.113588
SOPT,1.0,0.9999999,21,30,32,400,1098,0.301218,4.16737e-05,0.0172041
gappy-POD,1.0,0.9999999,21,30,32,400,909,0.255028,0.000239072,0.0917167
QDEIM,1.0,0.9999999,21,30,32,400,891,0.246747,0.000239072,0.0917167
SOPT,1.0,0.9999999,21,30,32,450,1134,0.314598,6.62759e-06,0.00318966
gappy-POD,1.0,0.9999999,21,30,32,450,981,0.272674,0.000155602,0.0621211
QDEIM,1.0,0.9999999,21,30,32,450,963,0.27519,0.000155602,0.0621211
SOPT,1.0,0.9999999,21,30,32,500,1152,0.319368,6.44525e-11,1.8404e-06
gappy-POD,1.0,0.9999999,21,30,32,500,1044,0.289015,9.97065e-05,0.0400589
QDEIM,1.0,0.9999999,21,30,32,500,1026,0.288312,9.97065e-05,0.0400589
SOPT,1.0,0.9999999,21,30,32,550,1152,0.318611,6.43899e-11,1.84028e-06
gappy-POD,1.0,0.9999999,21,30,32,550,1089,0.300268,3.96679e-05,0.0124698
QDEIM,1.0,0.9999999,21,30,32,550,1035,0.289393,3.96679e-05,0.0124698
SOPT,1.0,0.9999999,21,30,32,600,1152,0.326253,6.43913e-11,1.8403e-06
gappy-POD,1.0,0.9999999,21,30,32,600,1143,0.322757,4.29762e-06,0.00243332
QDEIM,1.0,0.9999999,21,30,32,600,1116,0.309916,4.29762e-06,0.00243332
SOPT,1.0,0.9999999,21,30,32,650,1152,0.327725,6.4376e-11,1.84077e-06
gappy-POD,1.0,0.9999999,21,30,32,650,1152,0.322179,6.18629e-11,1.82686e-06
QDEIM,1.0,0.9999999,21,30,32,650,1143,0.317239,6.18629e-11,1.82686e-06
SOPT,1.0,0.9999999,21,30,32,700,1152,0.317647,6.42221e-11,1.83892e-06
gappy-POD,1.0,0.9999999,21,30,32,700,1152,0.318996,6.17268e-11,1.82565e-06
QDEIM,1.0,0.9999999,21,30,32,700,1152,0.321086,6.17268e-11,1.82565e-06
SOPT,1.0,0.9999999,21,30,32,750,1152,0.320512,6.425e-11,1.83744e-06
gappy-POD,1.0,0.9999999,21,30,32,750,1152,0.328366,6.15237e-11,1.82414e-06
QDEIM,1.0,0.9999999,21,30,32,750,1152,0.320272,6.15237e-11,1.82414e-06
SOPT,1.0,0.9999999,21,30,32,800,1152,0.324483,6.49471e-11,1.83919e-06
gappy-POD,1.0,0.9999999,21,30,32,800,1152,0.32053,6.15594e-11,1.82252e-06
QDEIM,1.0,0.9999999,21,30,32,800,1152,0.322,6.15594e-11,1.82252e-06
SOPT,1.0,0.9999999,21,30,32,850,1152,0.325645,6.5042e-11,1.83791e-06
gappy-POD,1.0,0.9999999,21,30,32,850,1152,0.32418,6.16222e-11,1.82228e-06
QDEIM,1.0,0.9999999,21,30,32,850,1152,0.324896,6.16222e-11,1.82228e-06
SOPT,1.0,0.9999999,21,30,32,900,1152,0.32533,6.44849e-11,1.83469e-06
gappy-POD,1.0,0.9999999,21,30,32,900,1152,0.325722,6.16412e-11,1.82172e-06
QDEIM,1.0,0.9999999,21,30,32,900,1152,0.322059,6.16412e-11,1.82172e-06
SOPT,1.0,0.9999999,21,30,32,950,1152,0.32904,6.45737e-11,1.83469e-06
gappy-POD,1.0,0.9999999,21,30,32,950,1152,0.331552,6.16297e-11,1.82169e-06
QDEIM,1.0,0.9999999,21,30,32,950,1152,0.329191,6.16297e-11,1.82169e-06
SOPT,1.0,0.9999999,21,30,32,1000,1152,0.327835,6.25321e-11,1.83607e-06
gappy-POD,1.0,0.9999999,21,30,32,1000,1152,0.329375,6.1602e-11,1.82105e-06
QDEIM,1.0,0.9999999,21,30,32,1000,1152,0.335017,6.1602e-11,1.82105e-06
SOPT,1.0,0.9999999,21,30,32,1050,1152,0.33162,6.39346e-11,1.84169e-06
gappy-POD,1.0,0.9999999,21,30,32,1050,1152,0.330612,6.15688e-11,1.82085e-06
QDEIM,1.0,0.9999999,21,30,32,1050,1152,0.33373,6.15688e-11,1.82085e-06
SOPT,1.0,0.9999999,21,30,32,1100,1152,0.343575,6.14331e-11,1.82225e-06
gappy-POD,1.0,0.9999999,21,30,32,1100,1152,0.338818,6.15714e-11,1.82088e-06
QDEIM,1.0,0.9999999,21,30,32,1100,1152,0.34162,6.15714e-11,1.82088e-06
SOPT,1.0,0.9999999,21,30,32,1150,1152,0.34386,6.15183e-11,1.82162e-06
gappy-POD,1.0,0.9999999,21,30,32,1150,1152,0.34765,6.1573e-11,1.82089e-06
QDEIM,1.0,0.9999999,21,30,32,1150,1152,0.348084,6.1573e-11,1.82089e-06
