method,t,energy_frac,rxdim,rvdim,nldim,q,nqp,time,err_x,err_v
EQP,1.0,0.9,1,2,198,202,,0.0249684,7.19825e-05,0.144835
SOPT,1.0,0.9,1,2,3,40,360,0.102144,0.00118782,0.195167
gappy-POD,1.0,0.9,1,2,3,40,261,0.0736734,0.00175896,0.275633
QDEIM,1.0,0.9,1,2,3,40,234,0.0674267,0.00175896,0.275633
SOPT,1.0,0.9,1,2,3,60,531,0.142792,0.000839056,0.146275
gappy-POD,1.0,0.9,1,2,3,60,378,0.105506,0.00164808,0.260254
QDEIM,1.0,0.9,1,2,3,60,351,0.0983162,0.00164808,0.260254
SOPT,1.0,0.9,1,2,3,80,711,0.190965,0.000608378,0.113424
gappy-POD,1.0,0.9,1,2,3,80,504,0.136602,0.00143101,0.230123
QDEIM,1.0,0.9,1,2,3,80,441,0.119899,0.00143101,0.230123
SOPT,1.0,0.9,1,2,3,100,765,0.204369,0.000562461,0.107045
gappy-POD,1.0,0.9,1,2,3,100,621,0.167667,0.00117076,0.193779
QDEIM,1.0,0.9,1,2,3,100,540,0.145541,0.00117076,0.193779
SOPT,1.0,0.9,1,2,3,120,801,0.213324,0.00049629,0.097371
gappy-POD,1.0,0.9,1,2,3,120,684,0.183294,0.00103173,0.174319
QDEIM,1.0,0.9,1,2,3,120,639,0.173875,0.00103173,0.174319
SOPT,1.0,0.9,1,2,3,140,873,0.229672,0.000374135,0.0808155
gappy-POD,1.0,0.9,1,2,3,140,693,0.186603,0.00101294,0.171705
QDEIM,1.0,0.9,1,2,3,140,747,0.201929,0.00101294,0.171705
SOPT,1.0,0.9,1,2,3,160,918,0.245344,0.000316382,0.0733274
gappy-POD,1.0,0.9,1,2,3,160,729,0.197523,0.000983481,0.167592
QDEIM,1.0,0.9,1,2,3,160,747,0.199685,0.000983481,0.167592
SOPT,1.0,0.9,1,2,3,180,945,0.253227,0.000264141,0.0657763
gappy-POD,1.0,0.9,1,2,3,180,765,0.205975,0.000913773,0.157836
QDEIM,1.0,0.9,1,2,3,180,774,0.207554,0.000913773,0.157836
SOPT,1.0,0.9,1,2,3,200,981,0.263588,0.000224464,0.0608267
gappy-POD,1.0,0.9,1,2,3,200,810,0.219708,0.000755708,0.135715
QDEIM,1.0,0.9,1,2,3,200,801,0.216264,0.000755708,0.135715
SOPT,1.0,0.9,1,2,3,220,1017,0.272589,0.000186518,0.055834
gappy-POD,1.0,0.9,1,2,3,220,837,0.225292,0.000673733,0.124178
QDEIM,1.0,0.9,1,2,3,220,837,0.226144,0.000673733,0.124178
SOPT,1.0,0.9,1,2,3,240,1044,0.28102,0.000153533,0.0509533
gappy-POD,1.0,0.9,1,2,3,240,855,0.227613,0.000629712,0.118005
QDEIM,1.0,0.9,1,2,3,240,864,0.231922,0.000629712,0.118005
SOPT,1.0,0.9,1,2,3,260,1080,0.286917,0.000109517,0.0436139
gappy-POD,1.0,0.9,1,2,3,260,882,0.234954,0.000527826,0.103645
QDEIM,1.0,0.9,1,2,3,260,882,0.239192,0.000527826,0.103645
SOPT,1.0,0.9,1,2,3,280,1107,0.290854,8.43217e-05,0.0389275
gappy-POD,1.0,0.9,1,2,3,280,900,0.238541,0.000485011,0.0976692
QDEIM,1.0,0.9,1,2,3,280,927,0.248358,0.000485011,0.0976692
SOPT,1.0,0.9,1,2,3,300,1143,0.296927,6.48887e-05,0.0326282
gappy-POD,1.0,0.9,1,2,3,300,918,0.245411,0.000463657,0.0946886
QDEIM,1.0,0.9,1,2,3,300,954,0.255147,0.000463657,0.0946886
SOPT,1.0,0.9,1,2,3,320,1152,0.310784,6.51193e-05,0.0313782
gappy-POD,1.0,0.9,1,2,3,320,954,0.255526,0.000429438,0.0898602
QDEIM,1.0,0.9,1,2,3,320,954,0.257114,0.000429438,0.0898602
SOPT,1.0,0.9,1,2,3,340,1152,0.306523,6.51358e-05,0.0315872
gappy-POD,1.0,0.9,1,2,3,340,972,0.26194,0.0003827,0.0833253
QDEIM,1.0,0.9,1,2,3,340,954,0.256637,0.0003827,0.0833253
SOPT,1.0,0.9,1,2,3,360,1152,0.307279,6.51301e-05,0.0316035
gappy-POD,1.0,0.9,1,2,3,360,990,0.258973,0.000359423,0.0800437
QDEIM,1.0,0.9,1,2,3,360,981,0.264157,0.000359423,0.0800437
SOPT,1.0,0.9,1,2,3,380,1152,0.300015,6.51499e-05,0.0318345
gappy-POD,1.0,0.9,1,2,3,380,1089,0.288837,0.000119573,0.0457091
QDEIM,1.0,0.9,1,2,3,380,1053,0.285764,0.000119573,0.0457091
SOPT,1.0,0.9,1,2,3,400,1152,0.305356,6.5172e-05,0.0320389
gappy-POD,1.0,0.9,1,2,3,400,1152,0.308233,6.51618e-05,0.0321242
QDEIM,1.0,0.9,1,2,3,400,1107,0.296739,6.51618e-05,0.0321242
EQP,1.0,0.99,2,4,363,404,,0.0464699,0.000102599,0.137697
SOPT,1.0,0.99,2,4,6,40,387,0.106115,0.000869749,0.0927468
gappy-POD,1.0,0.99,2,4,6,40,216,0.0626926,0.00171966,0.251849
QDEIM,1.0,0.99,2,4,6,40,270,0.0764959,0.00171966,0.251849
SOPT,1.0,0.99,2,4,6,60,540,0.148497,0.000497792,0.0688305
gappy-POD,1.0,0.99,2,4,6,60,315,0.0880068,0.00158153,0.247896
QDEIM,1.0,0.99,2,4,6,60,369,0.103128,0.00158153,0.247896
SOPT,1.0,0.99,2,4,6,80,639,0.174621,0.000373048,0.0637899
gappy-POD,1.0,0.99,2,4,6,80,396,0.103927,0.00153941,0.241091
QDEIM,1.0,0.99,2,4,6,80,450,0.123105,0.00153941,0.241091
SOPT,1.0,0.99,2,4,6,100,702,0.191794,0.000330058,0.0540253
gappy-POD,1.0,0.99,2,4,6,100,495,0.135132,0.00135385,0.225312
QDEIM,1.0,0.99,2,4,6,100,594,0.160768,0.00135385,0.225312
SOPT,1.0,0.99,2,4,6,120,756,0.202727,0.00030658,0.045473
gappy-POD,1.0,0.99,2,4,6,120,576,0.156176,0.00122988,0.201585
QDEIM,1.0,0.99,2,4,6,120,864,0.230246,0.00122988,0.201585
SOPT,1.0,0.99,2,4,6,140,828,0.222926,0.000244913,0.0352496
gappy-POD,1.0,0.99,2,4,6,140,657,0.176501,0.00107882,0.175099
QDEIM,1.0,0.99,2,4,6,140,891,0.237921,0.00107882,0.175099
SOPT,1.0,0.99,2,4,6,160,828,0.225412,0.000244913,0.0352496
gappy-POD,1.0,0.99,2,4,6,160,720,0.193488,0.000934893,0.155121
QDEIM,1.0,0.99,2,4,6,160,891,0.237605,0.000934893,0.155121
SOPT,1.0,0.99,2,4,6,180,891,0.236883,0.000208668,0.0332221
gappy-POD,1.0,0.99,2,4,6,180,792,0.211876,0.000809831,0.137002
QDEIM,1.0,0.99,2,4,6,180,909,0.241003,0.000809831,0.137002
SOPT,1.0,0.99,2,4,6,200,981,0.260771,0.000129416,0.0311217
gappy-POD,1.0,0.99,2,4,6,200,828,0.221357,0.000713266,0.11413
QDEIM,1.0,0.99,2,4,6,200,972,0.260895,0.000713266,0.11413
SOPT,1.0,0.99,2,4,6,220,981,0.260288,0.000129417,0.0311067
gappy-POD,1.0,0.99,2,4,6,220,900,0.24157,0.000580196,0.0996348
QDEIM,1.0,0.99,2,4,6,220,1008,0.269818,0.000580196,0.0996348
SOPT,1.0,0.99,2,4,6,240,1017,0.27181,0.000106262,0.0203061
gappy-POD,1.0,0.99,2,4,6,240,954,0.256973,0.000407511,0.0819165
QDEIM,1.0,0.99,2,4,6,240,1026,0.273221,0.000407511,0.0819165
SOPT,1.0,0.99,2,4,6,260,1062,0.288127,7.44933e-05,0.0145401
gappy-POD,1.0,0.99,2,4,6,260,981,0.262857,0.00032591,0.070226
QDEIM,1.0,0.99,2,4,6,260,1026,0.279049,0.00032591,0.070226
SOPT,1.0,0.99,2,4,6,280,1098,0.29551,3.43619e-05,0.010544
gappy-POD,1.0,0.99,2,4,6,280,1026,0.27478,0.000217816,0.043605
QDEIM,1.0,0.99,2,4,6,280,1026,0.277742,0.000217816,0.043605
SOPT,1.0,0.99,2,4,6,300,1125,0.301071,1.89631e-05,0.00967949
gappy-POD,1.0,0.99,2,4,6,300,1071,0.28576,0.000130972,0.0245517
QDEIM,1.0,0.99,2,4,6,300,1026,0.277073,0.000130972,0.0245517
SOPT,1.0,0.99,2,4,6,320,1143,0.307582,9.75407e-06,0.00965637
gappy-POD,1.0,0.99,2,4,6,320,1089,0.293393,0.000108731,0.0229658
QDEIM,1.0,0.99,2,4,6,320,1026,0.276353,0.000108731,0.0229658
SOPT,1.0,0.99,2,4,6,340,1152,0.306458,7.89159e-06,0.0086721
gappy-POD,1.0,0.99,2,4,6,340,1116,0.297831,6.82868e-05,0.0119799
QDEIM,1.0,0.99,2,4,6,340,1026,0.2729,6.82868e-05,0.0119799
SOPT,1.0,0.99,2,4,6,360,1152,0.305829,7.89611e-06,0.00866882
gappy-POD,1.0,0.99,2,4,6,360,1134,0.299738,2.44885e-05,0.0036351
QDEIM,1.0,0.99,2,4,6,360,1026,0.279528,2.44885e-05,0.0036351
SOPT,1.0,0.99,2,4,6,380,1152,0.305965,7.89887e-06,0.00869168
gappy-POD,1.0,0.99,2,4,6,380,1152,0.304593,7.88731e-06,0.00846577
QDEIM,1.0,0.99,2,4,6,380,1044,0.278131,7.88731e-06,0.00846577
SOPT,1.0,0.99,2,4,6,400,1152,0.303866,7.89241e-06,0.00868057
gappy-POD,1.0,0.99,2,4,6,400,1152,0.306879,7.88734e-06,0.00846666
QDEIM,1.0,0.99,2,4,6,400,1062,0.286856,7.88734e-06,0.00846666
EQP,1.0,0.999,4,8,653,808,,0.086654,2.0997e-05,0.0948746
SOPT,1.0,0.999,4,8,13,40,378,0.107,0.00115536,0.13741
gappy-POD,1.0,0.999,4,8,13,40,234,0.0685412,0.00153033,0.223348
QDEIM,1.0,0.999,4,8,13,40,252,0.0728911,0.00153033,0.223348
SOPT,1.0,0.999,4,8,13,60,459,0.127229,0.000954069,0.105014
gappy-POD,1.0,0.999,4,8,13,60,288,0.0822934,0.00148685,0.212799
QDEIM,1.0,0.999,4,8,13,60,270,0.0773608,0.00148685,0.212799
SOPT,1.0,0.999,4,8,13,80,558,0.152752,0.000751239,0.0892656
gappy-POD,1.0,0.999,4,8,13,80,378,0.105852,0.00136764,0.187556
QDEIM,1.0,0.999,4,8,13,80,297,0.084296,0.00136764,0.187556
SOPT,1.0,0.999,4,8,13,100,756,0.209418,0.000402555,0.0576511
gappy-POD,1.0,0.999,4,8,13,100,405,0.113078,0.00135881,0.186529
QDEIM,1.0,0.999,4,8,13,100,324,0.0907543,0.00135881,0.186529
SOPT,1.0,0.999,4,8,13,120,855,0.230206,0.000332734,0.0479916
gappy-POD,1.0,0.999,4,8,13,120,459,0.127705,0.00121926,0.170493
QDEIM,1.0,0.999,4,8,13,120,387,0.107636,0.00121926,0.170493
SOPT,1.0,0.999,4,8,13,140,909,0.247567,0.00027085,0.0364975
gappy-POD,1.0,0.999,4,8,13,140,504,0.140121,0.00111266,0.157242
QDEIM,1.0,0.999,4,8,13,140,387,0.107929,0.00111266,0.157242
SOPT,1.0,0.999,4,8,13,160,981,0.264658,0.000244832,0.0399341
gappy-POD,1.0,0.999,4,8,13,160,576,0.157119,0.00101309,0.142267
QDEIM,1.0,0.999,4,8,13,160,423,0.117414,0.00101309,0.142267
SOPT,1.0,0.999,4,8,13,180,990,0.263727,0.000224351,0.034235
gappy-POD,1.0,0.999,4,8,13,180,630,0.170738,0.000901106,0.130392
QDEIM,1.0,0.999,4,8,13,180,450,0.123896,0.000901106,0.130392
SOPT,1.0,0.999,4,8,13,200,1026,0.275927,0.000189309,0.0297969
gappy-POD,1.0,0.999,4,8,13,200,729,0.194671,0.000630453,0.0919845
QDEIM,1.0,0.999,4,8,13,200,513,0.14318,0.000630453,0.0919845
SOPT,1.0,0.999,4,8,13,220,1089,0.293248,0.000103507,0.0175966
gappy-POD,1.0,0.999,4,8,13,220,756,0.207152,0.000595908,0.0889934
QDEIM,1.0,0.999,4,8,13,220,558,0.15396,0.000595908,0.0889934
SOPT,1.0,0.999,4,8,13,240,1107,0.298963,8.16894e-05,0.016078
gappy-POD,1.0,0.999,4,8,13,240,819,0.222862,0.000470424,0.0705387
QDEIM,1.0,0.999,4,8,13,240,684,0.185501,0.000470424,0.0705387
SOPT,1.0,0.999,4,8,13,260,1134,0.310568,2.35787e-05,0.00417093
gappy-POD,1.0,0.999,4,8,13,260,864,0.23414,0.000380834,0.0585496
QDEIM,1.0,0.999,4,8,13,260,738,0.200468,0.000380834,0.0585496
SOPT,1.0,0.999,4,8,13,280,1134,0.303149,2.35781e-05,0.00417048
gappy-POD,1.0,0.999,4,8,13,280,927,0.247214,0.000295527,0.0464682
QDEIM,1.0,0.999,4,8,13,280,756,0.205918,0.000295527,0.0464682
SOPT,1.0,0.999,4,8,13,300,1152,0.310076,4.89274e-07,0.000375955
gappy-POD,1.0,0.999,4,8,13,300,1008,0.268303,0.000148464,0.028887
QDEIM,1.0,0.999,4,8,13,300,828,0.222603,0.000148464,0.028887
SOPT,1.0,0.999,4,8,13,320,1152,0.310429,4.89276e-07,0.000375952
gappy-POD,1.0,0.999,4,8,13,320,1071,0.287757,7.39044e-05,0.016542
QDEIM,1.0,0.999,4,8,13,320,900,0.242576,7.39044e-05,0.016542
SOPT,1.0,0.999,4,8,13,340,1152,0.306646,4.89277e-07,0.000375951
gappy-POD,1.0,0.999,4,8,13,340,1107,0.296197,3.73553e-05,0.00884397
QDEIM,1.0,0.999,4,8,13,340,936,0.25266,3.73553e-05,0.00884397
SOPT,1.0,0.999,4,8,13,360,1152,0.310307,4.89273e-07,0.000375946
gappy-POD,1.0,0.999,4,8,13,360,1116,0.298348,3.07525e-05,0.00748714
QDEIM,1.0,0.999,4,8,13,360,963,0.256917,3.07525e-05,0.00748714
SOPT,1.0,0.999,4,8,13,380,1152,0.326133,4.89271e-07,0.000375941
gappy-POD,1.0,0.999,4,8,13,380,1143,0.306467,8.10317e-06,0.00189553
QDEIM,1.0,0.999,4,8,13,380,1017,0.272,8.10317e-06,0.00189553
SOPT,1.0,0.999,4,8,13,400,1152,0.312312,4.88999e-07,0.000376222
gappy-POD,1.0,0.999,4,8,13,400,1152,0.314977,4.91729e-07,0.000377114
QDEIM,1.0,0.999,4,8,13,400,1035,0.276975,4.91729e-07,0.000377114
EQP,1.0,0.9999,5,15,831,1515,,0.132467,8.61921e-06,0.0323375
SOPT,1.0,0.9999,5,15,20,40,333,0.0942956,0.00116942,0.161179
gappy-POD,1.0,0.9999,5,15,20,40,225,0.0633522,0.00153393,0.234087
QDEIM,1.0,0.9999,5,15,20,40,234,0.0689483,0.00153393,0.234087
SOPT,1.0,0.9999,5,15,20,60,486,0.134019,0.000739762,0.0961283
gappy-POD,1.0,0.9999,5,15,20,60,288,0.0819984,0.00143074,0.207477
QDEIM,1.0,0.9999,5,15,20,60,288,0.0820821,0.00143074,0.207477
SOPT,1.0,0.9999,5,15,20,80,585,0.161472,0.000631106,0.0815937
gappy-POD,1.0,0.9999,5,15,20,80,333,0.0952565,0.0013367,0.187365
QDEIM,1.0,0.9999,5,15,20,80,288,0.0820788,0.0013367,0.187365
SOPT,1.0,0.9999,5,15,20,100,639,0.173677,0.000578339,0.0786709
gappy-POD,1.0,0.9999,5,15,20,100,414,0.114022,0.00110857,0.146651
QDEIM,1.0,0.9999,5,15,20,100,333,0.0943774,0.00110857,0.146651
SOPT,1.0,0.9999,5,15,20,120,693,0.1903,0.000517514,0.0706725
gappy-POD,1.0,0.9999,5,15,20,120,450,0.126253,0.00107402,0.144097
QDEIM,1.0,0.9999,5,15,20,120,360,0.101278,0.00107402,0.144097
SOPT,1.0,0.9999,5,15,20,140,720,0.199713,0.000497206,0.0684842
gappy-POD,1.0,0.9999,5,15,20,140,468,0.128604,0.0010388,0.139075
QDEIM,1.0,0.9999,5,15,20,140,387,0.108045,0.0010388,0.139075
SOPT,1.0,0.9999,5,15,20,160,765,0.209911,0.000482533,0.0668369
gappy-POD,1.0,0.9999,5,15,20,160,549,0.150797,0.000883372,0.116071
QDEIM,1.0,0.9999,5,15,20,160,432,0.121441,0.000883372,0.116071
SOPT,1.0,0.9999,5,15,20,180,792,0.212881,0.000427698,0.0563511
gappy-POD,1.0,0.9999,5,15,20,180,594,0.162638,0.000760016,0.104298
QDEIM,1.0,0.9999,5,15,20,180,486,0.135702,0.000760016,0.104298
SOPT,1.0,0.9999,5,15,20,200,801,0.216325,0.000390659,0.0488346
gappy-POD,1.0,0.9999,5,15,20,200,693,0.18915,0.000538809,0.0717357
QDEIM,1.0,0.9999,5,15,20,200,540,0.148062,0.000538809,0.0717357
SOPT,1.0,0.9999,5,15,20,220,864,0.233214,0.000260163,0.0369316
gappy-POD,1.0,0.9999,5,15,20,220,747,0.206287,0.000470126,0.0916128
QDEIM,1.0,0.9999,5,15,20,220,603,0.166751,0.000470126,0.0916128
SOPT,1.0,0.9999,5,15,20,240,927,0.250172,0.000151558,0.0197781
gappy-POD,1.0,0.9999,5,15,20,240,792,0.213205,0.000396671,0.0801352
QDEIM,1.0,0.9999,5,15,20,240,675,0.183817,0.000396671,0.0801352
SOPT,1.0,0.9999,5,15,20,260,963,0.26061,0.000113147,0.0136815
gappy-POD,1.0,0.9999,5,15,20,260,846,0.23125,0.00029465,0.0573815
QDEIM,1.0,0.9999,5,15,20,260,711,0.196756,0.00029465,0.0573815
SOPT,1.0,0.9999,5,15,20,280,1008,0.272614,8.79104e-05,0.0115984
gappy-POD,1.0,0.9999,5,15,20,280,891,0.242715,0.000243621,0.0451071
QDEIM,1.0,0.9999,5,15,20,280,774,0.212174,0.000243621,0.0451071
SOPT,1.0,0.9999,5,15,20,300,1035,0.278358,8.47469e-05,0.0104197
gappy-POD,1.0,0.9999,5,15,20,300,900,0.241587,0.000246225,0.048539
QDEIM,1.0,0.9999,5,15,20,300,837,0.225425,0.000246225,0.048539
SOPT,1.0,0.9999,5,15,20,320,1035,0.280146,8.47485e-05,0.0104181
gappy-POD,1.0,0.9999,5,15,20,320,945,0.253432,0.000195721,0.042731
QDEIM,1.0,0.9999,5,15,20,320,846,0.229696,0.000195721,0.042731
SOPT,1.0,0.9999,5,15,20,340,1080,0.288543,6.25651e-05,0.00955497
gappy-POD,1.0,0.9999,5,15,20,340,990,0.26698,0.000135168,0.0273978
QDEIM,1.0,0.9999,5,15,20,340,891,0.241944,0.000135168,0.0273978
SOPT,1.0,0.9999,5,15,20,360,1107,0.299777,3.38949e-05,0.00775326
gappy-POD,1.0,0.9999,5,15,20,360,1035,0.277639,0.000102425,0.0241314
QDEIM,1.0,0.9999,5,15,20,360,927,0.250955,0.000102425,0.0241314
SOPT,1.0,0.9999,5,15,20,380,1134,0.303898,1.7754e-05,0.00481069
gappy-POD,1.0,0.9999,5,15,20,380,1071,0.290076,5.95045e-05,0.0147469
QDEIM,1.0,0.9999,5,15,20,380,936,0.251007,5.95045e-05,0.0147469
SOPT,1.0,0.9999,5,15,20,400,1134,0.303106,1.77527e-05,0.00481472
gappy-POD,1.0,0.9999,5,15,20,400,1098,0.293968,3.32485e-05,0.00914151
QDEIM,1.0,0.9999,5,15,20,400,936,0.254802,3.32485e-05,0.00914151
EQP,1.0,0.99999,8,22,1150,2222,,0.22873,2.59099e-06,0.0309559
SOPT,1.0,0.99999,8,22,25,40,288,0.0829251,0.00130969,0.269708
gappy-POD,1.0,0.99999,8,22,25,40,225,0.0654899,0.00151084,0.325002
QDEIM,1.0,0.99999,8,22,25,40,306,0.0880752,0.00151084,0.325002
SOPT,1.0,0.99999,8,22,25,60,378,0.10504,0.00105482,0.178125
gappy-POD,1.0,0.99999,8,22,25,60,315,0.0885355,0.00126319,0.193841
QDEIM,1.0,0.99999,8,22,25,60,351,0.0981286,0.00126319,0.193841
SOPT,1.0,0.99999,8,22,25,80,477,0.130268,0.000888945,0.138613
gappy-POD,1.0,0.99999,8,22,25,80,342,0.0960827,0.00125599,0.193409
QDEIM,1.0,0.99999,8,22,25,80,378,0.108137,0.00125599,0.193409
SOPT,1.0,0.99999,8,22,25,100,567,0.155841,0.000714569,0.107955
gappy-POD,1.0,0.99999,8,22,25,100,369,0.102963,0.00116441,0.17465
QDEIM,1.0,0.99999,8,22,25,100,423,0.117534,0.00116441,0.17465
SOPT,1.0,0.99999,8,22,25,120,621,0.169812,0.000640091,0.0892271
gappy-POD,1.0,0.99999,8,22,25,120,450,0.121743,0.000939724,0.152429
QDEIM,1.0,0.99999,8,22,25,120,441,0.121387,0.000939724,0.152429
SOPT,1.0,0.99999,8,22,25,140,684,0.185499,0.000491238,0.0766329
gappy-POD,1.0,0.99999,8,22,25,140,486,0.133852,0.0008983,0.153809
QDEIM,1.0,0.99999,8,22,25,140,441,0.122134,0.0008983,0.153809
SOPT,1.0,0.99999,8,22,25,160,720,0.195485,0.000442591,0.0689364
gappy-POD,1.0,0.99999,8,22,25,160,513,0.140776,0.000835731,0.150454
QDEIM,1.0,0.99999,8,22,25,160,459,0.126998,0.000835731,0.150454
SOPT,1.0,0.99999,8,22,25,180,792,0.214151,0.000375507,0.0494591
gappy-POD,1.0,0.99999,8,22,25,180,549,0.154755,0.000833222,0.140416
QDEIM,1.0,0.99999,8,22,25,180,477,0.133625,0.000833222,0.140416
SOPT,1.0,0.99999,8,22,25,200,855,0.232304,0.000282174,0.0307672
gappy-POD,1.0,0.99999,8,22,25,200,603,0.16497,0.00069988,0.118809
QDEIM,1.0,0.99999,8,22,25,200,477,0.1326,0.00069988,0.118809
SOPT,1.0,0.99999,8,22,25,220,900,0.246161,0.000223449,0.0289506
gappy-POD,1.0,0.99999,8,22,25,220,657,0.179031,0.000585639,0.0994527
QDEIM,1.0,0.99999,8,22,25,220,477,0.131697,0.000585639,0.0994527
SOPT,1.0,0.99999,8,22,25,240,945,0.256945,0.000156981,0.0186654
gappy-POD,1.0,0.99999,8,22,25,240,738,0.20223,0.000425065,0.0814283
QDEIM,1.0,0.99999,8,22,25,240,477,0.13496,0.000425065,0.0814283
SOPT,1.0,0.99999,8,22,25,260,963,0.262599,0.000126944,0.0160126
gappy-POD,1.0,0.99999,8,22,25,260,756,0.205335,0.000414641,0.0800044
QDEIM,1.0,0.99999,8,22,25,260,486,0.1361,0.000414641,0.0800044
SOPT,1.0,0.99999,8,22,25,280,999,0.26667,0.000112313,0.0137898
gappy-POD,1.0,0.99999,8,22,25,280,792,0.216369,0.000371868,0.08406
QDEIM,1.0,0.99999,8,22,25,280,495,0.138359,0.000371868,0.08406
SOPT,1.0,0.99999,8,22,25,300,1053,0.281981,5.42684e-05,0.00815381
gappy-POD,1.0,0.99999,8,22,25,300,828,0.226349,0.000309195,0.0815798
QDEIM,1.0,0.99999,8,22,25,300,549,0.152406,0.000309195,0.0815798
SOPT,1.0,0.99999,8,22,25,320,1071,0.288129,5.1864e-05,0.00764763
gappy-POD,1.0,0.99999,8,22,25,320,846,0.228973,0.000295814,0.0799056
QDEIM,1.0,0.99999,8,22,25,320,612,0.169178,0.000295814,0.0799056
SOPT,1.0,0.99999,8,22,25,340,1116,0.300762,2.02869e-05,0.00499732
gappy-POD,1.0,0.99999,8,22,25,340,882,0.24114,0.000263693,0.0690376
QDEIM,1.0,0.99999,8,22,25,340,657,0.180905,0.000263693,0.0690376
SOPT,1.0,0.99999,8,22,25,360,1125,0.306112,1.24312e-05,0.0021926
gappy-POD,1.0,0.99999,8,22,25,360,918,0.249872,0.000237047,0.0654939
QDEIM,1.0,0.99999,8,22,25,360,675,0.186212,0.000237047,0.0654939
SOPT,1.0,0.99999,8,22,25,380,1134,0.304594,1.24223e-05,0.00207518
gappy-POD,1.0,0.99999,8,22,25,380,954,0.258362,0.000207871,0.0666508
QDEIM,1.0,0.99999,8,22,25,380,774,0.213695,0.000207871,0.0666508
SOPT,1.0,0.99999,8,22,25,400,1134,0.303355,1.24242e-05,0.0020775
gappy-POD,1.0,0.99999,8,22,25,400,972,0.265228,0.000169075,0.0511789
QDEIM,1.0,0.99999,8,22,25,400,873,0.240017,0.000169075,0.0511789
EQP,1.0,0.999999,14,26,1239,2626,,0.257937,9.09022e-07,0.0239165
SOPT,1.0,0.999999,14,26,29,40,279,0.0802912,0.00131336,0.382724
gappy-POD,1.0,0.999999,14,26,29,40,225,0.0668453,0.00145323,0.320739
QDEIM,1.0,0.999999,14,26,29,40,297,0.0807038,0.00145323,0.320739
SOPT,1.0,0.999999,14,26,29,60,324,0.092118,0.00116677,0.209483
gappy-POD,1.0,0.999999,14,26,29,60,306,0.0885138,0.00132688,0.235116
QDEIM,1.0,0.999999,14,26,29,60,405,0.114303,0.00132688,0.235116
SOPT,1.0,0.999999,14,26,29,80,396,0.114946,0.000942264,0.164789
gappy-POD,1.0,0.999999,14,26,29,80,324,0.0934796,0.00125994,0.217436
QDEIM,1.0,0.999999,14,26,29,80,414,0.118987,0.00125994,0.217436
SOPT,1.0,0.999999,14,26,29,100,477,0.134884,0.000733436,0.123066
gappy-POD,1.0,0.999999,14,26,29,100,351,0.101749,0.00123747,0.213723
QDEIM,1.0,0.999999,14,26,29,100,441,0.119676,0.00123747,0.213723
SOPT,1.0,0.999999,14,26,29,120,567,0.160417,0.000582409,0.0898107
gappy-POD,1.0,0.999999,14,26,29,120,396,0.112391,0.00114349,0.192749
QDEIM,1.0,0.999999,14,26,29,120,477,0.133712,0.00114349,0.192749
SOPT,1.0,0.999999,14,26,29,140,621,0.174953,0.000501181,0.0857562
gappy-POD,1.0,0.999999,14,26,29,140,450,0.129116,0.000945165,0.165892
QDEIM,1.0,0.999999,14,26,29,140,477,0.137151,0.000945165,0.165892
SOPT,1.0,0.999999,14,26,29,160,711,0.197163,0.000415555,0.0668945
gappy-POD,1.0,0.999999,14,26,29,160,486,0.135072,0.000903022,0.162608
QDEIM,1.0,0.999999,14,26,29,160,522,0.145318,0.000903022,0.162608
SOPT,1.0,0.999999,14,26,29,180,783,0.215805,0.00032909,0.0522271
gappy-POD,1.0,0.999999,14,26,29,180,513,0.144618,0.000840056,0.156254
QDEIM,1.0,0.999999,14,26,29,180,639,0.177426,0.000840056,0.156254
SOPT,1.0,0.999999,14,26,29,200,864,0.237342,0.000232501,0.0373088
gappy-POD,1.0,0.999999,14,26,29,200,540,0.150837,0.000816895,0.127622
QDEIM,1.0,0.999999,14,26,29,200,684,0.191843,0.000816895,0.127622
SOPT,1.0,0.999999,14,26,29,220,891,0.246958,0.000226854,0.0332677
gappy-POD,1.0,0.999999,14,26,29,220,594,0.166642,0.00070817,0.118963
QDEIM,1.0,0.999999,14,26,29,220,693,0.19202,0.00070817,0.118963
SOPT,1.0,0.999999,14,26,29,240,954,0.263065,0.000156629,0.0269697
gappy-POD,1.0,0.999999,14,26,29,240,621,0.171457,0.000702593,0.126898
QDEIM,1.0,0.999999,14,26,29,240,702,0.19561,0.000702593,0.126898
SOPT,1.0,0.999999,14,26,29,260,972,0.269814,0.000131406,0.0255506
gappy-POD,1.0,0.999999,14,26,29,260,684,0.190095,0.000521557,0.0795579
QDEIM,1.0,0.999999,14,26,29,260,711,0.199246,0.000521557,0.0795579
SOPT,1.0,0.999999,14,26,29,280,999,0.272279,0.000108783,0.0295962
gappy-POD,1.0,0.999999,14,26,29,280,738,0.203882,0.000425788,0.0854854
QDEIM,1.0,0.999999,14,26,29,280,720,0.1985,0.000425788,0.0854854
SOPT,1.0,0.999999,14,26,29,300,1008,0.274589,0.000107959,0.0281995
gappy-POD,1.0,0.999999,14,26,29,300,756,0.208746,0.000415262,0.0839594
QDEIM,1.0,0.999999,14,26,29,300,747,0.206166,0.000415262,0.0839594
SOPT,1.0,0.999999,14,26,29,320,1035,0.284838,8.17069e-05,0.0255374
gappy-POD,1.0,0.999999,14,26,29,320,801,0.222128,0.000353804,0.0863131
QDEIM,1.0,0.999999,14,26,29,320,747,0.20662,0.000353804,0.0863131
SOPT,1.0,0.999999,14,26,29,340,1071,0.289237,4.80139e-05,0.0159077
gappy-POD,1.0,0.999999,14,26,29,340,855,0.236109,0.000300492,0.0840687
QDEIM,1.0,0.999999,14,26,29,340,774,0.21441,0.000300492,0.0840687
SOPT,1.0,0.999999,14,26,29,360,1071,0.291132,4.80174e-05,0.0159131
gappy-POD,1.0,0.999999,14,26,29,360,882,0.24298,0.000264435,0.0735994
QDEIM,1.0,0.999999,14,26,29,360,783,0.214576,0.000264435,0.0735994
SOPT,1.0,0.999999,14,26,29,380,1089,0.295919,4.13302e-05,0.0126552
gappy-POD,1.0,0.999999,14,26,29,380,900,0.247476,0.000253456,0.072515
QDEIM,1.0,0.999999,14,26,29,380,801,0.221939,0.000253456,0.072515
SOPT,1.0,0.999999,14,26,29,400,1098,0.299968,3.99515e-05,0.0129471
gappy-POD,1.0,0.999999,14,26,29,400,909,0.252352,0.000233351,0.0642187
QDEIM,1.0,0.999999,14,26,29,400,801,0.221614,0.000233351,0.0642187
EQP,1.0,0.9999999,21,30,1520,3030,,0.362763,2.32894e-07,0.00382753
SOPT,1.0,0.9999999,21,30,32,40,288,0.0832625,0.00122563,0.320203
gappy-POD,1.0,0.9999999,21,30,32,40,234,0.0696563,0.00141812,0.404267
QDEIM,1.0,0.9999999,21,30,32,40,279,0.0814569,0.00141812,0.404267
SOPT,1.0,0.9999999,21,30,32,60,351,0.0993116,0.00109103,0.301245
gappy-POD,1.0,0.9999999,21,30,32,60,288,0.0830231,0.00129601,0.357785
QDEIM,1.0,0.9999999,21,30,32,60,387,0.108907,0.00129601,0.357785
SOPT,1.0,0.9999999,21,30,32,80,405,0.115147,0.000971259,0.276122
gappy-POD,1.0,0.9999999,21,30,32,80,333,0.0957723,0.0012298,0.345815
QDEIM,1.0,0.9999999,21,30,32,80,405,0.11389,0.0012298,0.345815
SOPT,1.0,0.9999999,21,30,32,100,495,0.139169,0.000705733,0.221957
gappy-POD,1.0,0.9999999,21,30,32,100,369,0.10628,0.00117154,0.314964
QDEIM,1.0,0.9999999,21,30,32,100,405,0.115037,0.00117154,0.314964
SOPT,1.0,0.9999999,21,30,32,120,558,0.157268,0.000632748,0.172264
gappy-POD,1.0,0.9999999,21,30,32,120,387,0.112408,0.001105,0.303397
QDEIM,1.0,0.9999999,21,30,32,120,423,0.119182,0.001105,0.303397
SOPT,1.0,0.9999999,21,30,32,140,603,0.170029,0.000547899,0.145926
gappy-POD,1.0,0.9999999,21,30,32,140,423,0.121329,0.00105761,0.287312
QDEIM,1.0,0.9999999,21,30,32,140,459,0.128436,0.00105761,0.287312
SOPT,1.0,0.9999999,21,30,32,160,657,0.184521,0.000482215,0.127474
gappy-POD,1.0,0.9999999,21,30,32,160,477,0.134371,0.000850496,0.259124
QDEIM,1.0,0.9999999,21,30,32,160,477,0.135091,0.000850496,0.259124
SOPT,1.0,0.9999999,21,30,32,180,729,0.201233,0.000420636,0.11511
gappy-POD,1.0,0.9999999,21,30,32,180,513,0.145059,0.000815641,0.253615
QDEIM,1.0,0.9999999,21,30,32,180,486,0.139057,0.000815641,0.253615
SOPT,1.0,0.9999999,21,30,32,200,765,0.217381,0.00039134,0.103282
gappy-POD,1.0,0.9999999,21,30,32,200,549,0.15579,0.000753987,0.253732
QDEIM,1.0,0.9999999,21,30,32,200,504,0.143436,0.000753987,0.253732
SOPT,1.0,0.9999999,21,30,32,220,801,0.225892,0.000335456,0.0958425
gappy-POD,1.0,0.9999999,21,30,32,220,549,0.155992,0.000779324,0.218887
QDEIM,1.0,0.9999999,21,30,32,220,585,0.165427,0.000779324,0.218887
SOPT,1.0,0.9999999,21,30,32,240,837,0.232323,0.000298174,0.0904292
gappy-POD,1.0,0.9999999,21,30,32,240,594,0.167583,0.000716145,0.229194
QDEIM,1.0,0.9999999,21,30,32,240,585,0.168896,0.000716145,0.229194
SOPT,1.0,0.9999999,21,30,32,260,909,0.255826,0.000238166,0.0685985
gappy-POD,1.0,0.9999999,21,30,32,260,657,0.184777,0.00060635,0.176963
QDEIM,1.0,0.9999999,21,30,32,260,621,0.175579,0.00060635,0.176963
SOPT,1.0,0.9999999,21,30,32,280,936,0.259401,0.000180104,0.0522178
gappy-POD,1.0,0.9999999,21,30,32,280,702,0.198403,0.000480204,0.134353
QDEIM,1.0,0.9999999,21,30,32,280,666,0.185497,0.000480204,0.134353
SOPT,1.0,0.9999999,21,30,32,300,990,0.275249,0.000136197,0.0369865
gappy-POD,1.0,0.9999999,21,30,32,300,738,0.206407,0.000429029,0.130905
QDEIM,1.0,0.9999999,21,30,32,300,684,0.194848,0.000429029,0.130905
SOPT,1.0,0.9999999,21,30,32,320,1017,0.281974,9.74805e-05,0.0293931
gappy-POD,1.0,0.9999999,21,30,32,320,774,0.218444,0.000371249,0.122865
QDEIM,1.0,0.9999999,21,30,32,320,720,0.203598,0.000371249,0.122865
SOPT,1.0,0.9999999,21,30,32,340,1026,0.281661,9.07264e-05,0.0284649
gappy-POD,1.0,0.9999999,21,30,32,340,810,0.229528,0.000346948,0.133575
QDEIM,1.0,0.9999999,21,30,32,340,747,0.211695,0.000346948,0.133575
SOPT,1.0,0.9999999,21,30,32,360,1071,0.295207,5.60259e-05,0.0183607
gappy-POD,1.0,0.9999999,21,30,32,360,846,0.23821,0.000298539,0.110714
QDEIM,1.0,0.9999999,21,30,32,360,792,0.225189,0.000298539,0.110714
SOPT,1.0,0.9999999,21,30,32,380,1089,0.301905,5.2675e-05,0.017042
gappy-POD,1.0,0.9999999,21,30,32,380,900,0.248945,0.000239654,0.090091
QDEIM,1.0,0.9999999,21,30,32,380,846,0.235652,0.000239654,0.090091
SOPT,1.0,0.9999999,21,30,32,400,1098,0.301394,4.16737e-05,0.0172041
gappy-POD,1.0,0.9999999,21,30,32,400,909,0.255528,0.000239072,0.0917167
QDEIM,1.0,0.9999999,21,30,32,400,891,0.247233,0.000239072,0.0917167
