method,t,n,ef,xx,vv,ee,q,condV,condE,time,ErrX,ErrV,ErrE
clssopt,0.1,1,0.99,10,10,31,5,28.227967,11.325153,,0.0147654,1.78681,0.116219
clssopt,0.1,1,0.99,10,10,31,10,11.675077,5.648872,,0.00392764,1.74288,0.126659
clssopt,0.1,1,0.99,10,10,31,15,9.916823,3.326622,0.824041,0.00191803,1.09874,0.0751294
clssopt,0.1,1,0.99,10,10,31,20,8.993196,3.229927,0.689187,0.00112996,0.433842,0.0233269
clssopt,0.1,1,0.99,10,10,31,25,6.220799,2.994611,0.809322,0.00143464,0.636909,0.0668813
clssopt,0.1,1,0.99,10,10,31,30,5.740975,2.642936,0.831934,0.00113934,0.387662,0.0522368
clssopt,0.1,1,0.99,10,10,31,35,7.157634,2.465719,0.785433,0.000303665,0.107565,0.0108957
clssopt,0.1,1,0.99,10,10,31,40,5.604895,3.045882,0.850503,0.000388997,0.0864172,0.0103343
clssopt,0.1,1,0.99,10,10,31,45,6.275590,2.363559,0.927995,0.000166799,0.0557694,0.00580743
clssopt,0.1,1,0.99,10,10,31,50,6.538491,2.573365,0.937319,0.000451297,0.0561733,0.00316816
clssopt,0.1,1,0.99,10,10,31,55,5.413172,2.315082,0.969656,0.000314048,0.0461353,0.00237996
clssopt,0.1,1,0.99,10,10,31,60,5.845629,2.303497,0.953561,0.000110186,0.0190851,0.00215161
clssopt,0.1,1,0.99,10,10,31,65,4.533002,2.031176,0.99305,0.000176481,0.0359937,0.002804
clssopt,0.1,1,0.99,10,10,31,70,6.001715,2.384900,1.10154,0.000173971,0.0260452,0.0018634
clssopt,0.1,1,0.99,10,10,31,75,5.073679,2.179344,1.19541,5.48093e-05,0.00958665,0.000917582
clssopt,0.1,1,0.99,10,10,31,80,4.657222,2.427823,1.11997,4.12908e-05,0.00900216,0.000812566
clssopt,0.1,1,0.99,10,10,31,85,4.964345,2.225250,1.18401,3.34383e-05,0.00992805,0.000881163
clssopt,0.1,1,0.99,10,10,31,90,4.303915,2.201302,1.25268,0.000102856,0.0113997,0.000998172
clssopt,0.1,1,0.99,10,10,31,95,4.825307,1.957078,1.21132,0.000102119,0.0114065,0.000995001
clssopt,0.1,1,0.99,10,10,31,100,4.016043,2.385152,1.2887,6.74552e-05,0.00742959,0.000668412
clsqdeim,0.1,1,0.99,10,10,31,5,26.928133,9.813961,,0.0518609,1.81771,0.201152
clsqdeim,0.1,1,0.99,10,10,31,10,18.507061,8.502661,,0.0513283,1.21678,0.113844
clsqdeim,0.1,1,0.99,10,10,31,15,13.207563,8.055296,,0.0572096,1.6616,0.142025
clsqdeim,0.1,1,0.99,10,10,31,20,14.876014,12.635809,,0.0542918,1.17105,0.0760578
clsqdeim,0.1,1,0.99,10,10,31,25,11.488775,5.092841,,0.0331973,1.23555,0.0825108
clsqdeim,0.1,1,0.99,10,10,31,30,12.907251,6.003454,,0.0345392,1.6889,0.37892
clsqdeim,0.1,1,0.99,10,10,31,35,8.439934,3.310641,,0.0228143,2.08813,0.146786
clsqdeim,0.1,1,0.99,10,10,31,40,10.722150,4.356103,,0.0200967,1.04549,0.104037
clsqdeim,0.1,1,0.99,10,10,31,45,7.329704,3.117282,,0.0363519,0.963298,0.0468667
clsqdeim,0.1,1,0.99,10,10,31,50,10.049787,3.893670,,0.0362361,1.1196,0.0522384
clsqdeim,0.1,1,0.99,10,10,31,55,7.602928,3.289828,0.908733,0.0046839,0.389036,0.0272932
clsqdeim,0.1,1,0.99,10,10,31,60,7.903405,3.086525,0.889261,0.000929426,0.0672779,0.00328023
clsqdeim,0.1,1,0.99,10,10,31,65,6.747800,2.245670,0.917886,0.000713873,0.0623729,0.00448627
clsqdeim,0.1,1,0.99,10,10,31,70,6.046238,2.377741,0.949604,0.000794248,0.0903128,0.00715526
clsqdeim,0.1,1,0.99,10,10,31,75,7.369580,2.065691,0.951301,0.000833096,0.0681594,0.0062087
clsqdeim,0.1,1,0.99,10,10,31,80,6.108098,2.938295,2.14804,0.000822144,0.0688599,0.00618412
clsqdeim,0.1,1,0.99,10,10,31,85,5.777967,2.316376,1.05595,0.000524754,0.12048,0.00925137
clsqdeim,0.1,1,0.99,10,10,31,90,6.043255,2.581141,1.07487,0.000287734,0.0401293,0.00240033
clsqdeim,0.1,1,0.99,10,10,31,95,6.308474,1.802457,1.13869,0.000258957,0.0359606,0.00254253
clsqdeim,0.1,1,0.99,10,10,31,100,6.448976,2.336950,1.14256,0.000192203,0.0498453,0.0034869
clssopt,0.1,2,0.999,10,22,52,5,30.961526,14.053492,,0.0611477,1.47253,0.281566
clssopt,0.1,2,0.999,10,22,52,10,31.995142,10.775180,,0.0184625,1.80264,0.226976
clssopt,0.1,2,0.999,10,22,52,15,18.225035,5.990488,,0.00846247,2.15588,0.125739
clssopt,0.1,2,0.999,10,22,52,20,15.374563,6.758365,,0.00418477,1.10309,0.117727
clssopt,0.1,2,0.999,10,22,52,25,10.920514,4.429674,,0.00954991,4.50641,0.465795
clssopt,0.1,2,0.999,10,22,52,30,9.723178,4.191854,,0.0127425,3.60836,0.244337
clssopt,0.1,2,0.999,10,22,52,35,10.043697,5.063835,,0.0107759,2.64536,0.273812
clssopt,0.1,2,0.999,10,22,52,40,9.366980,4.667739,,0.00821511,2.48433,0.252025
clssopt,0.1,2,0.999,10,22,52,45,8.453827,3.979005,,0.00369195,0.847274,0.0906295
clssopt,0.1,2,0.999,10,22,52,50,7.383466,3.828389,1.17613,0.0013555,0.640633,0.0676329
clssopt,0.1,2,0.999,10,22,52,55,7.388200,3.464842,1.143,0.000342051,0.169116,0.0190867
clssopt,0.1,2,0.999,10,22,52,60,6.143745,3.738139,1.16775,9.89031e-05,0.0486052,0.00562338
clssopt,0.1,2,0.999,10,22,52,65,9.651018,3.304283,1.21829,3.20727e-05,0.0104417,0.00137951
clssopt,0.1,2,0.999,10,22,52,70,5.731361,3.767122,1.23969,5.61692e-05,0.0189974,0.00218398
clssopt,0.1,2,0.999,10,22,52,75,5.956861,3.612198,1.28222,6.36955e-05,0.0238076,0.00269187
clssopt,0.1,2,0.999,10,22,52,80,6.401430,3.517060,1.3095,4.8506e-05,0.0212811,0.00252746
clssopt,0.1,2,0.999,10,22,52,85,6.592339,3.608176,1.35199,3.7155e-05,0.0124866,0.00156269
clssopt,0.1,2,0.999,10,22,52,90,6.141244,3.594022,1.39267,3.56689e-05,0.0128757,0.00174853
clssopt,0.1,2,0.999,10,22,52,95,5.484626,3.265214,1.46523,6.42762e-05,0.0217908,0.00274247
clssopt,0.1,2,0.999,10,22,52,100,5.987670,3.866586,1.99332,6.66158e-05,0.0226404,0.00274367
clsqdeim,0.1,2,0.999,10,22,52,5,60.884948,18.220573,,0.0481849,3.79739,0.645355
clsqdeim,0.1,2,0.999,10,22,52,10,44.174450,16.020254,,0.0467934,4.0811,0.441876
clsqdeim,0.1,2,0.999,10,22,52,15,31.511905,15.860664,,0.0528348,2.43636,0.272059
clsqdeim,0.1,2,0.999,10,22,52,20,28.135043,12.194228,,0.0421118,2.03356,0.166534
clsqdeim,0.1,2,0.999,10,22,52,25,30.513855,12.456380,,0.0352495,6.60732,2.36524
clsqdeim,0.1,2,0.999,10,22,52,30,27.337821,13.320571,,0.0337534,2.97511,0.252678
clsqdeim,0.1,2,0.999,10,22,52,35,29.153732,7.179678,,0.0185563,2.60586,0.21005
clsqdeim,0.1,2,0.999,10,22,52,40,23.624551,6.858151,,0.0252098,2.3145,0.176131
clsqdeim,0.1,2,0.999,10,22,52,45,20.404713,5.712988,,0.0242204,2.01648,0.140519
clsqdeim,0.1,2,0.999,10,22,52,50,21.515477,5.455526,,0.0217389,1.96533,0.124176
clsqdeim,0.1,2,0.999,10,22,52,55,20.695123,6.801465,,0.024172,2.31876,0.194293
clsqdeim,0.1,2,0.999,10,22,52,60,20.418010,4.568643,,0.0205868,2.16804,0.180263
clsqdeim,0.1,2,0.999,10,22,52,65,26.854103,4.740230,,0.0198559,2.48258,0.558521
clsqdeim,0.1,2,0.999,10,22,52,70,19.265986,4.421267,,0.0136349,3.08888,0.749571
clsqdeim,0.1,2,0.999,10,22,52,75,18.003914,4.393518,,0.0144879,2.81235,0.593611
clsqdeim,0.1,2,0.999,10,22,52,80,19.059403,4.275887,,0.00909896,3.14195,0.639197
clsqdeim,0.1,2,0.999,10,22,52,85,16.320182,3.610407,,0.00804702,32.394,1.10059
clsqdeim,0.1,2,0.999,10,22,52,90,17.357062,3.290125,,0.0135404,2.91227,0.515628
clsqdeim,0.1,2,0.999,10,22,52,95,17.040445,3.792032,,0.00925133,2.42886,0.334097
clsqdeim,0.1,2,0.999,10,22,52,100,15.999913,3.329861,,0.00512554,1.27585,0.103511
clssopt,0.1,3,0.9999,10,32,72,5,43.684508,21.013609,,0.0611997,3.15768,0.503339
clssopt,0.1,3,0.9999,10,32,72,10,36.643651,26.645479,,0.0553802,1.95498,0.179003
clssopt,0.1,3,0.9999,10,32,72,15,20.869343,10.444834,,0.0458421,2.58292,0.40427
clssopt,0.1,3,0.9999,10,32,72,20,17.056939,12.541595,,0.0220742,0.791002,0.0831834
clssopt,0.1,3,0.9999,10,32,72,25,12.821139,8.892396,,0.0161956,3.12732,0.45529
clssopt,0.1,3,0.9999,10,32,72,30,12.151248,9.942016,4.21555,0.00165147,0.576013,0.0528924
clssopt,0.1,3,0.9999,10,32,72,35,11.307564,6.853462,1.18779,0.00101226,0.32262,0.0325424
clssopt,0.1,3,0.9999,10,32,72,40,11.319646,8.564257,,0.00206231,3.99247,1.36562
clssopt,0.1,3,0.9999,10,32,72,45,10.251276,6.129438,1.34479,0.00049976,0.250166,0.0346609
clssopt,0.1,3,0.9999,10,32,72,50,9.112547,7.553198,1.38215,0.000279037,0.0934756,0.0156138
clssopt,0.1,3,0.9999,10,32,72,55,8.058356,5.458220,1.43379,0.000647158,0.366922,0.0427415
clssopt,0.1,3,0.9999,10,32,72,60,10.188420,7.349033,1.46931,0.000607908,0.301348,0.0341656
clssopt,0.1,3,0.9999,10,32,72,65,7.276046,6.535193,1.45966,0.000361752,0.158703,0.0197688
clssopt,0.1,3,0.9999,10,32,72,70,7.544527,5.874828,1.4842,3.61357e-05,0.0180017,0.00226644
clssopt,0.1,3,0.9999,10,32,72,75,6.541977,5.228963,1.53109,1.836e-05,0.0138574,0.00181305
clssopt,0.1,3,0.9999,10,32,72,80,6.074069,7.880895,1.52831,6.70782e-05,0.0355605,0.00432015
clssopt,0.1,3,0.9999,10,32,72,85,6.355591,4.714638,1.56465,0.000179394,0.0488592,0.00685478
clssopt,0.1,3,0.9999,10,32,72,90,6.714310,5.968439,1.61888,0.00025047,0.0625131,0.00881081
clssopt,0.1,3,0.9999,10,32,72,95,6.459919,5.223604,1.66427,0.000206947,0.0552757,0.00859179
clssopt,0.1,3,0.9999,10,32,72,100,6.511326,6.092831,1.68556,0.000162297,0.0417949,0.00629435
clsqdeim,0.1,3,0.9999,10,32,72,5,107.377390,11.500163,,0.0673496,4.27888,1.53496
clsqdeim,0.1,3,0.9999,10,32,72,10,42.308515,16.040090,,0.0668434,8.86841,3.81388
clsqdeim,0.1,3,0.9999,10,32,72,15,36.709279,8.505376,,0.0653829,9.03829,4.70893
clsqdeim,0.1,3,0.9999,10,32,72,20,36.542068,27.496890,,0.0615159,3.06727,0.572208
clsqdeim,0.1,3,0.9999,10,32,72,25,42.761046,5.737736,,0.0575353,2.20158,0.268559
clsqdeim,0.1,3,0.9999,10,32,72,30,35.184808,8.338562,,0.0571749,4.03249,0.439302
clsqdeim,0.1,3,0.9999,10,32,72,35,28.457800,5.050842,,0.0584276,4.49718,0.576638
clsqdeim,0.1,3,0.9999,10,32,72,40,25.818349,18.949813,,0.0566251,4.09177,0.590322
clsqdeim,0.1,3,0.9999,10,32,72,45,24.544554,3.676557,,0.0465885,8.03019,1.84457
clsqdeim,0.1,3,0.9999,10,32,72,50,21.773158,6.450664,,0.0436675,7.05857,9.6929
clsqdeim,0.1,3,0.9999,10,32,72,55,22.695797,4.414987,,0.0490501,2.72053,0.38344
clsqdeim,0.1,3,0.9999,10,32,72,60,30.591073,6.780579,,0.0468533,23.0071,27.797
clsqdeim,0.1,3,0.9999,10,32,72,65,20.199250,6.461665,,0.049922,13.5571,11.1581
clsqdeim,0.1,3,0.9999,10,32,72,70,17.516246,7.509801,,0.0526177,8.96043,4.90514
clsqdeim,0.1,3,0.9999,10,32,72,75,19.888998,4.896415,,0.0463322,13.3819,9.14875
clsqdeim,0.1,3,0.9999,10,32,72,80,17.745760,16.219551,,0.0412497,5.55865,5.96176
clsqdeim,0.1,3,0.9999,10,32,72,85,16.237089,4.880934,,0.0456032,2.11675,0.244516
clsqdeim,0.1,3,0.9999,10,32,72,90,16.037129,6.574894,,0.0426897,2.20732,0.28854
clsqdeim,0.1,3,0.9999,10,32,72,95,18.015662,6.157418,,0.0416037,1.92215,0.240736
clsqdeim,0.1,3,0.9999,10,32,72,100,17.067652,9.687442,,0.0413859,1.99599,0.248638
clssopt,0.1,4,0.99999,10,54,90,5,74.638466,56.686777,,0.051032,1.6412,0.191457
clssopt,0.1,4,0.99999,10,54,90,10,52.534253,30.112099,,0.0451802,3.04075,0.448475
clssopt,0.1,4,0.99999,10,54,90,15,39.047197,23.755677,,0.0424156,2.57442,0.208092
clssopt,0.1,4,0.99999,10,54,90,20,29.637933,13.514082,,0.047507,2.07342,0.211642
clssopt,0.1,4,0.99999,10,54,90,25,20.373751,15.010558,,0.0331295,2.59305,0.242887
clssopt,0.1,4,0.99999,10,54,90,30,22.566581,14.455896,,0.0172398,2.56499,0.24181
clssopt,0.1,4,0.99999,10,54,90,35,17.901344,9.663451,,0.0168949,2.13856,0.301365
clssopt,0.1,4,0.99999,10,54,90,40,13.693450,9.085955,,0.0109453,3389.87,2.61597e+06
clssopt,0.1,4,0.99999,10,54,90,45,16.948861,11.178866,1.61245,0.000974872,0.293198,0.0283738
clssopt,0.1,4,0.99999,10,54,90,50,15.329919,8.295697,1.60908,0.000867432,0.376417,0.0490319
clssopt,0.1,4,0.99999,10,54,90,55,14.623411,8.000614,2.96028,0.000356209,0.0692182,0.00991838
clssopt,0.1,4,0.99999,10,54,90,60,15.673588,9.709510,1.86543,0.000259928,0.0450226,0.00507215
clssopt,0.1,4,0.99999,10,54,90,65,9.662234,6.552730,1.65981,0.000104512,0.0232076,0.0033633
clssopt,0.1,4,0.99999,10,54,90,70,10.384348,6.291723,1.6872,9.99131e-05,0.0241697,0.0031976
clssopt,0.1,4,0.99999,10,54,90,75,12.859332,7.297148,1.7583,0.000153243,0.0392742,0.00520627
clssopt,0.1,4,0.99999,10,54,90,80,10.198193,6.835630,3.13413,0.000125404,0.0218961,0.00264518
clssopt,0.1,4,0.99999,10,54,90,85,9.726280,5.634374,1.85347,4.29779e-05,0.00996027,0.0011416
clssopt,0.1,4,0.99999,10,54,90,90,10.385490,11.104321,1.89854,5.82329e-05,0.0119498,0.00135836
clssopt,0.1,4,0.99999,10,54,90,95,8.439426,7.137216,1.90282,5.52164e-05,0.0119219,0.00140084
clssopt,0.1,4,0.99999,10,54,90,100,8.440461,5.451651,1.91753,4.16722e-05,0.0112437,0.00138811
clsqdeim,0.1,4,0.99999,10,54,90,5,108.499642,57.691973,,0.0769144,5.07563,1.57595
clsqdeim,0.1,4,0.99999,10,54,90,10,62.491156,30.686671,,0.0729833,3.84055,1.06065
clsqdeim,0.1,4,0.99999,10,54,90,15,69.646847,63.995028,,0.0683102,4.69563,1.32534
clsqdeim,0.1,4,0.99999,10,54,90,20,41.315983,35.470804,,0.0609112,4.32816,0.839315
clsqdeim,0.1,4,0.99999,10,54,90,25,45.570772,28.276808,,0.0510544,8.25168,7.1974
clsqdeim,0.1,4,0.99999,10,54,90,30,81.730402,36.367903,,0.054889,16.1531,18.7252
clsqdeim,0.1,4,0.99999,10,54,90,35,33.495116,24.327784,,0.0510119,24.5499,37.1742
clsqdeim,0.1,4,0.99999,10,54,90,40,33.931173,19.192651,,0.0397353,3.55134,0.486802
clsqdeim,0.1,4,0.99999,10,54,90,45,78.607813,21.793560,,0.0338299,2.5959,0.353532
clsqdeim,0.1,4,0.99999,10,54,90,50,30.984009,14.223436,,0.0311474,2.9852,0.411855
clsqdeim,0.1,4,0.99999,10,54,90,55,24.241420,18.973837,,0.031836,1.99298,0.293695
clsqdeim,0.1,4,0.99999,10,54,90,60,38.245346,16.544002,,0.0240276,4.2803,0.995755
clsqdeim,0.1,4,0.99999,10,54,90,65,24.935854,15.137400,,0.0303071,3.47327,0.729657
clsqdeim,0.1,4,0.99999,10,54,90,70,23.399858,16.838105,,0.0247353,3.82952,0.800409
clsqdeim,0.1,4,0.99999,10,54,90,75,24.816072,14.086118,,0.0211515,8.3278,4.44648
clsqdeim,0.1,4,0.99999,10,54,90,80,28.641424,11.738092,,0.0267507,2.7331,0.273247
clsqdeim,0.1,4,0.99999,10,54,90,85,19.193542,10.066804,,0.0296098,2.47993,0.245833
clsqdeim,0.1,4,0.99999,10,54,90,90,85.979470,16.655156,,0.0276244,2.50992,0.269728
clsqdeim,0.1,4,0.99999,10,54,90,95,17.105088,14.861641,,0.0181013,3.9658,0.546883
clsqdeim,0.1,4,0.99999,10,54,90,100,16.862321,10.823307,,0.0117985,3.84438,0.555019
clssopt,0.1,5,0.999999,10,73,110,5,138.811877,38.874772,,0.062079,8.66831,0.908698
clssopt,0.1,5,0.999999,10,73,110,10,79.200007,33.605116,,0.0540032,4.60298,0.938371
clssopt,0.1,5,0.999999,10,73,110,15,40.763827,30.049162,,0.0515746,1.49377,0.185982
clssopt,0.1,5,0.999999,10,73,110,20,34.955912,23.597149,,0.0414847,1560.52,23476.5
clssopt,0.1,5,0.999999,10,73,110,25,26.058234,14.306005,,0.0286204,5.52374,0.952595
clssopt,0.1,5,0.999999,10,73,110,30,20.647758,12.643922,,0.0197793,2.08383,0.19132
clssopt,0.1,5,0.999999,10,73,110,35,16.540651,11.375413,1.94447,0.00280186,0.700229,0.0858638
clssopt,0.1,5,0.999999,10,73,110,40,16.233904,11.788027,1.80965,0.000809009,0.268239,0.0306702
clssopt,0.1,5,0.999999,10,73,110,45,14.777456,10.336890,1.85898,0.000251413,0.0657835,0.00865298
clssopt,0.1,5,0.999999,10,73,110,50,14.831731,8.589763,1.87997,7.03285e-05,0.0191902,0.00293423
clssopt,0.1,5,0.999999,10,73,110,55,16.556325,9.916261,1.92166,3.99088e-05,0.0131694,0.00209459
clssopt,0.1,5,0.999999,10,73,110,60,13.438793,7.924256,3.70587,5.99178e-05,0.0120382,0.00186221
clssopt,0.1,5,0.999999,10,73,110,65,12.820767,10.735446,1.98131,5.81912e-05,0.00639717,0.00127897
clssopt,0.1,5,0.999999,10,73,110,70,12.103751,8.374588,2.00074,5.97924e-05,0.0142671,0.0022351
clssopt,0.1,5,0.999999,10,73,110,75,11.792797,7.213743,2.06688,2.95585e-05,0.00358498,0.000527139
clssopt,0.1,5,0.999999,10,73,110,80,12.257304,8.964073,2.09378,2.39556e-05,0.0025759,0.000411031
clssopt,0.1,5,0.999999,10,73,110,85,12.157201,6.974589,2.0911,1.72589e-05,0.00328036,0.000618928
clssopt,0.1,5,0.999999,10,73,110,90,10.211989,6.749126,2.16799,6.77304e-06,0.000930376,0.000119742
clssopt,0.1,5,0.999999,10,73,110,95,10.012439,6.847426,2.2141,5.32259e-05,0.0106646,0.00153602
clssopt,0.1,5,0.999999,10,73,110,100,10.025328,7.119280,2.27233,1.9807e-05,0.00444936,0.000670628
clsqdeim,0.1,5,0.999999,10,73,110,5,84.341600,66.539792,,0.0820051,15.5585,4.31605
clsqdeim,0.1,5,0.999999,10,73,110,10,47.027721,48.317314,,0.0806933,17.8323,15.1007
clsqdeim,0.1,5,0.999999,10,73,110,15,54.615006,23.759253,,0.0800954,16.1625,15.0827
clsqdeim,0.1,5,0.999999,10,73,110,20,43.213783,23.690232,,0.0773186,1494.52,2.33784e+06
clsqdeim,0.1,5,0.999999,10,73,110,25,45.941228,18.941241,,0.0689339,4.47912,0.732859
clsqdeim,0.1,5,0.999999,10,73,110,30,53.901050,14.872604,,0.0670397,3.13366,0.56212
clsqdeim,0.1,5,0.999999,10,73,110,35,37.145858,14.968934,,0.0672194,2.88129,0.444997
clsqdeim,0.1,5,0.999999,10,73,110,40,47.569546,13.488759,,0.0574716,4.70988,0.83466
clsqdeim,0.1,5,0.999999,10,73,110,45,40.580595,13.260046,,0.0567029,9.01709,3.38753
clsqdeim,0.1,5,0.999999,10,73,110,50,36.986466,14.551220,,0.0612212,4.84132,0.890098
clsqdeim,0.1,5,0.999999,10,73,110,55,53.717901,14.743741,,0.0612811,3.47014,0.570411
clsqdeim,0.1,5,0.999999,10,73,110,60,35.506028,12.836895,,0.0488741,4.71206,0.727792
clsqdeim,0.1,5,0.999999,10,73,110,65,28.700372,14.475784,,0.0464429,4.78465,0.759131
clsqdeim,0.1,5,0.999999,10,73,110,70,27.009888,18.775698,,0.0426584,4.09972,0.59697
clsqdeim,0.1,5,0.999999,10,73,110,75,22.841438,21.284610,,0.0393519,4.72533,0.717597
clsqdeim,0.1,5,0.999999,10,73,110,80,27.784374,29.109095,,0.0341195,5.81525,1.06405
clsqdeim,0.1,5,0.999999,10,73,110,85,22.372003,25.112974,,0.0373378,6.39023,1.42211
clsqdeim,0.1,5,0.999999,10,73,110,90,24.265884,31.601984,,0.0380315,6.06833,1.34317
clsqdeim,0.1,5,0.999999,10,73,110,95,22.135983,31.341109,,0.0281197,5.62401,1.20368
clsqdeim,0.1,5,0.999999,10,73,110,100,22.495889,21.146725,,0.0294896,3.96567,0.613243
clssopt,0.1,6,0.9999999,10,91,127,5,70.239878,69.722815,,0.0757459,4.5058,0.199624
clssopt,0.1,6,0.9999999,10,91,127,10,74.943908,39.109798,,0.0407586,2.71861,0.54855
clssopt,0.1,6,0.9999999,10,91,127,15,41.111024,24.610376,,0.0521819,1.25574,0.135552
clssopt,0.1,6,0.9999999,10,91,127,20,32.648348,25.278736,,0.0473951,4.56398,0.831743
clssopt,0.1,6,0.9999999,10,91,127,25,24.682764,21.252827,,0.0456883,2.86778,0.369372
clssopt,0.1,6,0.9999999,10,91,127,30,27.898887,16.933108,,0.0268132,3.78789,0.486415
clssopt,0.1,6,0.9999999,10,91,127,35,22.144942,21.238182,,0.02094,1.99466,0.185902
clssopt,0.1,6,0.9999999,10,91,127,40,26.964462,13.440200,,0.0174138,13.375,3.28304
clssopt,0.1,6,0.9999999,10,91,127,45,18.957325,14.920623,2.59265,0.00218079,1.12852,0.112678
clssopt,0.1,6,0.9999999,10,91,127,50,19.453156,11.939000,2.4035,0.00174265,0.959479,0.120406
clssopt,0.1,6,0.9999999,10,91,127,55,16.346367,10.318627,2.33425,0.000422675,0.185498,0.0257553
clssopt,0.1,6,0.9999999,10,91,127,60,16.484623,11.434100,2.41682,5.96335e-05,0.0137466,0.00185607
clssopt,0.1,6,0.9999999,10,91,127,65,13.998207,16.629593,2.44316,0.000128951,0.025306,0.00368013
clssopt,0.1,6,0.9999999,10,91,127,70,13.573811,12.274352,2.48361,0.00029423,0.0707606,0.010072
clssopt,0.1,6,0.9999999,10,91,127,75,14.227803,9.019109,3.99682,7.40776e-05,0.0376026,0.00432957
clssopt,0.1,6,0.9999999,10,91,127,80,14.304591,8.454089,2.49759,0.000106703,0.0534732,0.0052585
clssopt,0.1,6,0.9999999,10,91,127,85,12.329098,8.177551,2.54885,3.4534e-05,0.0175546,0.00190358
clssopt,0.1,6,0.9999999,10,91,127,90,12.552957,7.934756,2.60068,2.62548e-05,0.00995978,0.00108034
clssopt,0.1,6,0.9999999,10,91,127,95,11.488830,7.250299,2.66948,7.46091e-06,0.00677891,0.000714786
clssopt,0.1,6,0.9999999,10,91,127,100,10.902759,8.996636,2.67212,1.20805e-05,0.00470385,0.000560027
clsqdeim,0.1,6,0.9999999,10,91,127,5,150.857324,81.688592,,0.070178,46.606,93.507
clsqdeim,0.1,6,0.9999999,10,91,127,10,117.138258,51.408240,,0.0696621,33.472,58.1541
clsqdeim,0.1,6,0.9999999,10,91,127,15,76.008128,40.706656,,0.067493,3.75573,3.12811
clsqdeim,0.1,6,0.9999999,10,91,127,20,55.541663,52.058248,,0.0707285,27.4051,38.5514
clsqdeim,0.1,6,0.9999999,10,91,127,25,51.358198,36.664921,,0.0713986,3.48861,0.61276
clsqdeim,0.1,6,0.9999999,10,91,127,30,37.840710,34.140019,,0.0677709,4.84731,0.809745
clsqdeim,0.1,6,0.9999999,10,91,127,35,46.155989,42.953134,,0.0669129,5.20947,0.976882
clsqdeim,0.1,6,0.9999999,10,91,127,40,42.850231,35.041216,,0.0665863,5.63994,1.11169
clsqdeim,0.1,6,0.9999999,10,91,127,45,34.009264,28.456510,,0.0676579,18.6645,15.5998
clsqdeim,0.1,6,0.9999999,10,91,127,50,36.694570,31.578958,,0.0655361,11.6784,4.99063
clsqdeim,0.1,6,0.9999999,10,91,127,55,48.316825,31.570556,,0.0664245,21.6259,18.4
clsqdeim,0.1,6,0.9999999,10,91,127,60,26.943640,33.606556,,0.0620783,140.644,5346.02
clsqdeim,0.1,6,0.9999999,10,91,127,65,52.626644,51.084874,,0.0613925,10.4278,4.7966
clsqdeim,0.1,6,0.9999999,10,91,127,70,35.008906,38.980272,,0.0629669,11.1925,5.84906
clsqdeim,0.1,6,0.9999999,10,91,127,75,29.681417,24.415649,,0.0621239,8.58165,3.47123
clsqdeim,0.1,6,0.9999999,10,91,127,80,30.665594,22.620912,,0.0571612,10.7068,2.11414
clsqdeim,0.1,6,0.9999999,10,91,127,85,40.848729,22.265554,,0.0553976,8.37274,3.28666
clsqdeim,0.1,6,0.9999999,10,91,127,90,26.893328,22.632257,,0.0519119,4.98709,0.705702
clsqdeim,0.1,6,0.9999999,10,91,127,95,27.742107,20.599776,,0.0490185,4491.06,
clsqdeim,0.1,6,0.9999999,10,91,127,100,25.739740,20.624246,,0.0408556,5.34473,0.890051
