method,t,n,xx,vv,ee,q,condV,condE,time,ErrX,ErrV,ErrE
sopt,0.05,1,7,8,20,10,14.371724,3.664435,0.217518,7.86908e-06,0.000832924,7.55061e-05
qdeim,0.05,1,7,8,20,10,25.743906,4.669280,0.216981,1.86285e-05,0.00218752,0.000279894
sopt,0.05,1,7,8,20,20,6.791734,3.722991,0.261732,1.13777e-05,0.000777163,7.5177e-05
qdeim,0.05,1,7,8,20,20,27.290786,2.865056,0.256757,1.3636e-05,0.00155372,0.000211053
sopt,0.05,1,7,8,20,30,5.285902,3.206614,0.304427,1.30178e-05,0.00087572,0.000122174
qdeim,0.05,1,7,8,20,30,20.028243,1.958960,0.27182,1.1525e-05,0.00125789,0.000196432
sopt,0.05,1,7,8,20,40,5.249810,3.519457,0.33089,9.70298e-06,0.000572567,7.56277e-05
qdeim,0.05,1,7,8,20,40,14.158397,2.688360,0.319501,6.26344e-06,0.000734206,0.000112851
sopt,0.05,1,7,8,20,50,4.600692,2.636101,0.364725,9.69854e-06,0.00047626,4.69049e-05
qdeim,0.05,1,7,8,20,50,8.541786,2.307716,0.336105,2.81036e-06,0.00046463,5.43378e-05
sopt,0.05,1,7,8,20,60,4.528578,2.557967,0.412384,8.84278e-06,0.000376462,4.64541e-05
qdeim,0.05,1,7,8,20,60,7.757324,2.133432,0.386554,2.75305e-06,0.000456998,5.13493e-05
sopt,0.05,1,7,8,20,70,4.048971,2.562427,0.438316,8.34639e-06,0.000474637,4.13999e-05
qdeim,0.05,1,7,8,20,70,7.797562,1.852723,0.405488,2.12221e-06,0.000487376,4.73998e-05
sopt,0.05,1,7,8,20,80,3.684256,2.452979,0.481571,8.07081e-06,0.000498459,3.97849e-05
qdeim,0.05,1,7,8,20,80,7.254623,3.143273,0.430294,2.14521e-06,0.000427949,4.54919e-05
sopt,0.05,1,7,8,20,90,3.106081,2.451832,0.497171,8.41675e-06,0.000509124,3.93769e-05
qdeim,0.05,1,7,8,20,90,6.900608,2.480624,0.462186,2.06908e-06,0.000471951,4.52156e-05
sopt,0.05,1,7,8,20,100,3.452236,2.289569,0.504641,6.50083e-06,0.000525838,3.78865e-05
qdeim,0.05,1,7,8,20,100,5.856763,2.344436,0.469786,2.52635e-06,0.000393286,4.69277e-05
sopt,0.05,1,7,8,20,110,3.095747,2.438729,0.545077,7.43451e-06,0.000581467,4.01896e-05
qdeim,0.05,1,7,8,20,110,4.693217,2.263213,0.47955,2.4477e-06,0.000392297,4.17295e-05
sopt,0.05,1,7,8,20,120,2.886253,2.685705,0.562818,7.73829e-06,0.000574608,3.96175e-05
qdeim,0.05,1,7,8,20,120,5.607613,3.365349,0.491419,2.29948e-06,0.000378423,4.19289e-05
sopt,0.05,1,7,8,20,130,2.672269,2.370103,0.589071,7.26273e-06,0.000607163,4.74834e-05
qdeim,0.05,1,7,8,20,130,4.808231,2.074745,0.508387,1.74082e-06,0.000342331,4.14306e-05
sopt,0.05,1,7,8,20,140,2.839766,2.296132,0.62776,7.41707e-06,0.000622274,5.3486e-05
qdeim,0.05,1,7,8,20,140,5.028429,2.499709,0.505283,1.98986e-06,0.000304386,4.4204e-05
sopt,0.05,1,7,8,20,150,2.750512,2.292335,0.616859,6.56077e-06,0.000628604,5.41073e-05
qdeim,0.05,1,7,8,20,150,4.198712,2.380028,0.516081,1.74539e-06,0.000308346,4.30896e-05
sopt,0.05,1,7,8,20,160,3.185105,2.368405,0.641946,6.63513e-06,0.000607089,5.21651e-05
qdeim,0.05,1,7,8,20,160,4.088930,2.842532,0.534276,1.9173e-06,0.00028968,4.74545e-05
sopt,0.05,1,7,8,20,170,2.992139,2.257295,0.662315,6.61349e-06,0.000610331,5.21064e-05
qdeim,0.05,1,7,8,20,170,3.536501,2.240388,0.539287,2.5036e-06,0.000284514,4.69645e-05
sopt,0.05,1,7,8,20,180,3.228322,2.181876,0.688678,6.33952e-06,0.000600252,5.01484e-05
qdeim,0.05,1,7,8,20,180,3.514343,2.015463,0.553442,2.60562e-06,0.000305567,4.3829e-05
sopt,0.05,1,7,8,20,190,2.933429,2.123878,0.713671,6.03538e-06,0.000584246,4.58037e-05
qdeim,0.05,1,7,8,20,190,3.298288,1.601518,0.548759,2.36498e-06,0.000332866,4.30731e-05
sopt,0.05,1,7,8,20,200,3.024685,2.277566,0.723315,6.10074e-06,0.000577081,4.23838e-05
qdeim,0.05,1,7,8,20,200,3.835859,2.278758,0.560323,2.40809e-06,0.000325425,4.1466e-05
sopt,0.05,2,7,14,33,10,16.122239,6.525746,0.259471,6.54369e-05,0.00721673,0.000851634
qdeim,0.05,2,7,14,33,10,40.152379,9.803022,0.259147,1.2294e-05,0.0021465,0.000279973
sopt,0.05,2,7,14,33,20,9.599729,6.133416,0.305036,1.25707e-05,0.00101575,0.00016373
qdeim,0.05,2,7,14,33,20,18.594864,4.580666,0.311475,3.73822e-06,0.000618561,8.9653e-05
sopt,0.05,2,7,14,33,30,7.480319,4.884479,0.348278,1.10278e-05,0.000595203,7.78411e-05
qdeim,0.05,2,7,14,33,30,16.296526,4.287890,0.34838,2.33726e-06,0.000417903,5.50624e-05
sopt,0.05,2,7,14,33,40,5.653864,4.232570,0.384984,1.43504e-05,0.000831179,0.000109426
qdeim,0.05,2,7,14,33,40,10.746366,4.222492,0.39528,4.44692e-06,0.00058779,8.55849e-05
sopt,0.05,2,7,14,33,50,5.836078,3.634622,0.424726,1.3188e-05,0.000800555,8.709e-05
qdeim,0.05,2,7,14,33,50,9.754135,3.869490,0.439589,3.37101e-06,0.000458567,6.12156e-05
sopt,0.05,2,7,14,33,60,6.343746,3.305785,0.450178,6.48367e-06,0.000560389,0.000113962
qdeim,0.05,2,7,14,33,60,9.155493,3.618407,0.466427,2.42594e-06,0.000399515,4.88826e-05
sopt,0.05,2,7,14,33,70,5.055240,3.346528,0.479084,5.19226e-06,0.000545497,9.42322e-05
qdeim,0.05,2,7,14,33,70,10.175680,3.869747,0.493477,5.60888e-06,0.000967948,0.000127164
sopt,0.05,2,7,14,33,80,5.035558,2.564327,0.516191,3.99979e-06,0.000439595,7.63396e-05
qdeim,0.05,2,7,14,33,80,8.994915,2.846607,0.523509,3.45406e-06,0.000787827,9.50853e-05
sopt,0.05,2,7,14,33,90,4.548439,2.884182,0.566183,3.4615e-06,0.000385369,6.08873e-05
qdeim,0.05,2,7,14,33,90,6.783855,2.856445,0.549856,3.16062e-06,0.000818975,8.69988e-05
sopt,0.05,2,7,14,33,100,4.352981,3.048420,0.589254,3.16783e-06,0.000360662,5.18378e-05
qdeim,0.05,2,7,14,33,100,8.631350,2.589010,0.570508,2.8347e-06,0.000718008,9.10156e-05
sopt,0.05,2,7,14,33,110,5.131208,2.960655,0.607728,2.89988e-06,0.000365288,4.9975e-05
qdeim,0.05,2,7,14,33,110,6.638530,2.898137,0.600128,3.62301e-06,0.000762124,9.95979e-05
sopt,0.05,2,7,14,33,120,4.288843,3.059671,0.645526,2.70732e-06,0.000344543,4.55812e-05
qdeim,0.05,2,7,14,33,120,6.285898,2.870493,0.611586,6.6834e-06,0.00141175,0.000218886
sopt,0.05,2,7,14,33,130,4.134137,2.714006,0.66607,2.71893e-06,0.000356624,4.36509e-05
qdeim,0.05,2,7,14,33,130,5.462850,2.574701,0.618223,8.46274e-06,0.00159723,0.00025112
sopt,0.05,2,7,14,33,140,4.039819,3.105222,0.70012,2.48477e-06,0.000354404,4.31876e-05
qdeim,0.05,2,7,14,33,140,5.335805,2.939331,0.655823,1.22934e-05,0.00217122,0.000342796
sopt,0.05,2,7,14,33,150,4.047801,2.716937,0.744185,2.19972e-06,0.000344678,3.81578e-05
qdeim,0.05,2,7,14,33,150,4.912934,2.364241,0.656687,1.25184e-05,0.00218834,0.000363074
sopt,0.05,2,7,14,33,160,3.969273,2.681416,0.766144,1.92191e-06,0.000340057,3.24488e-05
qdeim,0.05,2,7,14,33,160,5.951047,2.323806,0.672555,1.61662e-05,0.00215752,0.000332026
sopt,0.05,2,7,14,33,170,3.831894,2.757177,0.785494,2.23885e-06,0.000344703,3.3458e-05
qdeim,0.05,2,7,14,33,170,4.963718,2.527167,0.678663,8.08553e-06,0.00101389,0.000162901
sopt,0.05,2,7,14,33,180,3.637550,2.513896,0.935183,2.23358e-06,0.00035302,3.36146e-05
qdeim,0.05,2,7,14,33,180,5.004074,2.421993,0.684806,4.76934e-06,0.000782153,0.000103753
sopt,0.05,2,7,14,33,190,3.761601,2.566835,0.813543,2.35428e-06,0.000356335,3.19481e-05
qdeim,0.05,2,7,14,33,190,4.908007,2.568204,0.716584,4.32343e-06,0.00072549,0.000100353
sopt,0.05,2,7,14,33,200,3.416071,2.472682,0.853395,2.53205e-06,0.000367178,3.21521e-05
qdeim,0.05,2,7,14,33,200,4.747317,2.479214,0.727763,4.48251e-06,0.000690659,9.7073e-05
sopt,0.05,3,7,23,43,10,35.485740,14.356260,0.349829,1.02239e-05,0.00280636,0.000430935
qdeim,0.05,3,7,23,43,10,35.353357,16.972391,0.298377,2.28081e-05,0.0138686,0.001522
sopt,0.05,3,7,23,43,20,9.944192,8.789848,0.429035,2.5005e-06,0.000489659,6.85528e-05
qdeim,0.05,3,7,23,43,20,14.247760,13.012838,0.370385,9.66443e-06,0.00251823,0.000284583
sopt,0.05,3,7,23,43,30,12.015815,6.434691,0.460123,2.07521e-06,0.000406823,4.18048e-05
qdeim,0.05,3,7,23,43,30,11.137772,7.698815,0.427652,4.01052e-06,0.000728846,7.00886e-05
sopt,0.05,3,7,23,43,40,10.822394,5.635845,0.50705,2.39067e-06,0.000389353,2.48215e-05
qdeim,0.05,3,7,23,43,40,9.564336,6.711944,0.491476,1.06125e-05,0.00129547,0.000134418
sopt,0.05,3,7,23,43,50,7.617102,5.410926,0.568065,2.01734e-06,0.000374892,2.39596e-05
qdeim,0.05,3,7,23,43,50,10.448576,7.930344,0.494138,9.89692e-06,0.00115532,0.000129723
sopt,0.05,3,7,23,43,60,6.697243,5.289152,0.60401,2.02918e-06,0.000376018,2.42628e-05
qdeim,0.05,3,7,23,43,60,7.941627,6.279667,0.533754,1.01729e-05,0.000934347,0.000119947
sopt,0.05,3,7,23,43,70,6.502984,4.585448,0.625297,1.66085e-06,0.000387838,2.6859e-05
qdeim,0.05,3,7,23,43,70,7.785046,6.552552,0.539627,7.99755e-06,0.00089638,0.000124857
sopt,0.05,3,7,23,43,80,5.124183,4.514044,0.671345,1.78771e-06,0.000391955,3.94644e-05
qdeim,0.05,3,7,23,43,80,7.598742,5.028119,0.582469,6.3146e-06,0.000749839,8.21357e-05
sopt,0.05,3,7,23,43,90,4.888441,4.249389,0.699636,2.04236e-06,0.000392879,3.87014e-05
qdeim,0.05,3,7,23,43,90,7.130923,5.812409,0.606056,5.5696e-06,0.000688903,7.40948e-05
sopt,0.05,3,7,23,43,100,5.128644,4.805023,0.728614,2.12875e-06,0.000374369,3.16648e-05
qdeim,0.05,3,7,23,43,100,6.611590,5.205018,0.616033,6.63559e-06,0.000738795,9.15367e-05
sopt,0.05,3,7,23,43,110,5.752527,4.391307,0.734849,2.06908e-06,0.000365592,2.95497e-05
qdeim,0.05,3,7,23,43,110,6.181440,4.924360,0.652848,5.31654e-06,0.00066864,7.82516e-05
sopt,0.05,3,7,23,43,120,4.859077,5.105953,0.799791,2.42943e-06,0.000373176,2.83912e-05
qdeim,0.05,3,7,23,43,120,5.947261,4.495184,0.67278,4.19185e-06,0.000581551,6.04416e-05
sopt,0.05,3,7,23,43,130,4.620051,5.010526,0.832101,2.1637e-06,0.00037185,3.04847e-05
qdeim,0.05,3,7,23,43,130,5.512638,4.664861,0.707155,3.80602e-06,0.000589589,5.47631e-05
sopt,0.05,3,7,23,43,140,4.413005,4.951104,0.85503,2.17788e-06,0.000366499,2.79745e-05
qdeim,0.05,3,7,23,43,140,5.421290,4.328150,0.726163,3.73026e-06,0.000519868,4.33335e-05
sopt,0.05,3,7,23,43,150,4.626343,5.312098,0.871286,1.87423e-06,0.000363134,2.98181e-05
qdeim,0.05,3,7,23,43,150,5.579318,4.699693,0.74572,2.86799e-06,0.000489885,3.71664e-05
sopt,0.05,3,7,23,43,160,3.988687,5.306258,0.88691,1.83799e-06,0.000359905,2.94727e-05
qdeim,0.05,3,7,23,43,160,5.524884,4.453291,0.775903,2.64785e-06,0.000462007,3.48775e-05
sopt,0.05,3,7,23,43,170,4.464956,5.597349,0.90278,1.89593e-06,0.000360488,2.56412e-05
qdeim,0.05,3,7,23,43,170,5.540973,4.868623,1.04998,2.53147e-06,0.000435504,3.22353e-05
sopt,0.05,3,7,23,43,180,4.216121,5.842089,0.940549,1.9336e-06,0.000360381,2.66258e-05
qdeim,0.05,3,7,23,43,180,4.976239,4.933311,0.826832,2.60327e-06,0.000428707,3.25377e-05
sopt,0.05,3,7,23,43,190,4.232267,5.075801,0.950946,2.03833e-06,0.000358999,2.54641e-05
qdeim,0.05,3,7,23,43,190,5.024739,4.339581,0.831636,2.94736e-06,0.000425267,3.42766e-05
sopt,0.05,3,7,23,43,200,4.099530,5.405150,0.95687,2.01741e-06,0.000358358,2.60357e-05
qdeim,0.05,3,7,23,43,200,5.065713,4.200494,0.848644,2.96928e-06,0.000423362,3.35728e-05
sopt,0.05,4,7,36,53,10,34.282470,22.133130,0.421948,7.71803e-06,0.000584002,4.89802e-05
qdeim,0.05,4,7,36,53,10,27.153996,15.864170,0.366307,6.50788e-06,0.00294308,0.00034416
sopt,0.05,4,7,36,53,20,17.406074,11.230603,0.460157,1.43069e-06,0.000437084,5.97214e-05
qdeim,0.05,4,7,36,53,20,25.702447,21.233020,0.435448,4.28719e-06,0.00125462,0.000160528
sopt,0.05,4,7,36,53,30,10.668986,8.708388,0.499908,1.49572e-06,0.000391813,4.36592e-05
qdeim,0.05,4,7,36,53,30,20.980080,18.797768,0.521002,2.55425e-06,0.000879187,9.2748e-05
sopt,0.05,4,7,36,53,40,10.024349,8.889974,0.526355,1.27743e-06,0.000324981,2.92755e-05
qdeim,0.05,4,7,36,53,40,17.701282,15.954130,0.574437,2.99575e-06,0.00106578,0.000106615
sopt,0.05,4,7,36,53,50,8.698308,6.922582,0.602783,1.65601e-06,0.000339191,2.54779e-05
qdeim,0.05,4,7,36,53,50,16.308752,16.086844,0.622155,1.79128e-06,0.000480601,4.52065e-05
sopt,0.05,4,7,36,53,60,8.390706,9.391796,0.639603,4.86112e-06,0.000564301,5.95467e-05
qdeim,0.05,4,7,36,53,60,13.396303,17.116538,0.656394,2.42945e-06,0.000533072,5.53509e-05
sopt,0.05,4,7,36,53,70,7.108662,5.944742,0.664215,3.44598e-06,0.00043317,3.57208e-05
qdeim,0.05,4,7,36,53,70,14.495340,9.984968,0.707809,3.76852e-06,0.00058081,5.43381e-05
sopt,0.05,4,7,36,53,80,6.242332,7.181893,0.72621,4.56242e-06,0.000548151,5.71312e-05
qdeim,0.05,4,7,36,53,80,13.672025,9.829283,0.741418,5.73369e-06,0.000713711,7.66176e-05
sopt,0.05,4,7,36,53,90,6.422691,9.141090,0.741308,6.66417e-06,0.000742754,9.48918e-05
qdeim,0.05,4,7,36,53,90,14.564601,12.960216,0.78187,4.38259e-06,0.000603291,6.59792e-05
sopt,0.05,4,7,36,53,100,5.737803,7.281046,0.793376,6.05669e-06,0.000735846,0.000102994
qdeim,0.05,4,7,36,53,100,13.591241,8.514231,0.803708,1.61149e-06,0.000475768,3.20243e-05
sopt,0.05,4,7,36,53,110,5.599412,7.456556,1.13184,4.90848e-06,0.000564988,7.3103e-05
qdeim,0.05,4,7,36,53,110,9.917484,7.166077,0.844796,1.67036e-06,0.000485516,3.21289e-05
sopt,0.05,4,7,36,53,120,4.829400,8.666108,0.843951,4.92351e-06,0.000561884,7.43642e-05
qdeim,0.05,4,7,36,53,120,8.449656,12.964180,0.84188,2.13486e-06,0.000493232,4.43793e-05
sopt,0.05,4,7,36,53,130,4.904533,8.287219,0.895169,4.93298e-06,0.000576202,7.39453e-05
qdeim,0.05,4,7,36,53,130,10.623069,7.036365,0.849996,1.68252e-06,0.000455977,4.00422e-05
sopt,0.05,4,7,36,53,140,5.353798,8.280038,0.91881,4.4873e-06,0.000525604,6.17609e-05
qdeim,0.05,4,7,36,53,140,9.874778,6.725214,0.870186,1.44791e-06,0.000417805,3.09023e-05
sopt,0.05,4,7,36,53,150,4.718656,7.708206,0.944453,4.49337e-06,0.000509952,5.4515e-05
qdeim,0.05,4,7,36,53,150,9.235905,7.724623,0.925831,1.44112e-06,0.000408605,3.03006e-05
sopt,0.05,4,7,36,53,160,4.721448,7.823938,0.957986,4.56982e-06,0.000517885,5.96275e-05
qdeim,0.05,4,7,36,53,160,8.429126,7.314424,0.914762,1.47801e-06,0.0003949,2.89346e-05
sopt,0.05,4,7,36,53,170,4.459449,7.229098,0.995929,4.13938e-06,0.000489701,5.47623e-05
qdeim,0.05,4,7,36,53,170,7.743320,6.103448,0.952465,1.56481e-06,0.000413028,2.90894e-05
sopt,0.05,4,7,36,53,180,4.346684,10.353265,1.01729,3.57946e-06,0.00044741,4.64654e-05
qdeim,0.05,4,7,36,53,180,8.284180,13.477389,0.961298,1.55526e-06,0.000406189,2.84583e-05
sopt,0.05,4,7,36,53,190,4.300469,7.996209,1.04264,3.37954e-06,0.000438828,4.17682e-05
qdeim,0.05,4,7,36,53,190,6.535826,5.724872,0.987455,1.79304e-06,0.000401179,2.75247e-05
sopt,0.05,4,7,36,53,200,4.099241,7.724933,1.07265,3.43226e-06,0.00043625,4.02489e-05
qdeim,0.05,4,7,36,53,200,6.525842,6.556723,1.02724,1.73016e-06,0.000398402,2.69588e-05
sopt,0.05,5,7,46,62,10,33.250685,24.184717,0.484975,5.09664e-05,0.021344,0.00266998
qdeim,0.05,5,7,46,62,10,44.356377,34.492794,,0.00549604,4.88199,0.854265
sopt,0.05,5,7,46,62,20,18.616151,15.274850,0.558166,1.51944e-05,0.00238055,0.000396641
qdeim,0.05,5,7,46,62,20,29.127352,23.952368,0.497546,7.96332e-05,0.03819,0.00456576
sopt,0.05,5,7,46,62,30,17.338893,9.422610,0.596331,6.266e-05,0.0102449,0.00162376
qdeim,0.05,5,7,46,62,30,19.937702,19.672971,0.56103,1.3437e-05,0.00590621,0.000620088
sopt,0.05,5,7,46,62,40,10.429836,9.082385,0.637098,8.3373e-06,0.000618325,0.000103367
qdeim,0.05,5,7,46,62,40,17.117845,13.662790,0.59194,0.000121016,0.0551811,0.00765131
sopt,0.05,5,7,46,62,50,10.157355,7.550033,0.668074,5.49935e-06,0.000435209,7.04117e-05
qdeim,0.05,5,7,46,62,50,14.344738,12.803380,0.645977,2.29017e-05,0.00714607,0.000927849
sopt,0.05,5,7,46,62,60,7.532345,6.800242,0.724448,3.1306e-06,0.00038703,4.28676e-05
qdeim,0.05,5,7,46,62,60,13.220638,14.609360,0.69431,1.33194e-05,0.00332455,0.000410748
sopt,0.05,5,7,46,62,70,7.149107,6.913561,0.763961,5.82872e-06,0.00052708,5.6747e-05
qdeim,0.05,5,7,46,62,70,13.089982,13.168450,0.742669,9.06756e-06,0.0018693,0.000242421
sopt,0.05,5,7,46,62,80,7.465881,6.668463,0.765726,7.22769e-06,0.000597011,7.45461e-05
qdeim,0.05,5,7,46,62,80,10.752943,10.704358,0.786129,5.12457e-06,0.00100228,0.000148852
sopt,0.05,5,7,46,62,90,6.273443,6.640262,0.810791,9.64258e-06,0.000808064,0.000105542
qdeim,0.05,5,7,46,62,90,9.807031,10.623382,0.796227,3.03495e-06,0.00052106,7.46916e-05
sopt,0.05,5,7,46,62,100,5.997906,6.448401,0.840879,1.18005e-05,0.00100679,0.000123375
qdeim,0.05,5,7,46,62,100,9.072735,10.202395,0.82965,3.07469e-06,0.000477905,5.90505e-05
sopt,0.05,5,7,46,62,110,6.179964,7.231801,0.890603,4.6117e-06,0.000480846,4.80409e-05
qdeim,0.05,5,7,46,62,110,8.475394,9.502889,0.879378,2.47799e-06,0.000439644,3.93031e-05
sopt,0.05,5,7,46,62,120,5.521543,6.514180,0.917926,3.22429e-06,0.000430907,3.68897e-05
qdeim,0.05,5,7,46,62,120,8.859986,10.307983,0.895104,2.45475e-06,0.000421284,3.02272e-05
sopt,0.05,5,7,46,62,130,5.669295,7.973891,0.947335,2.57795e-06,0.000416888,3.70286e-05
qdeim,0.05,5,7,46,62,130,7.491829,9.109826,0.882811,2.7845e-06,0.000424838,3.2982e-05
sopt,0.05,5,7,46,62,140,5.136290,6.963108,0.963216,2.7642e-06,0.000420898,4.03138e-05
qdeim,0.05,5,7,46,62,140,6.715197,9.611745,0.946653,3.95813e-06,0.000606783,6.23656e-05
sopt,0.05,5,7,46,62,150,5.067990,7.754563,1.0012,2.8015e-06,0.000423827,4.39019e-05
qdeim,0.05,5,7,46,62,150,7.785274,9.107491,0.9477,3.28517e-06,0.000500944,4.27198e-05
sopt,0.05,5,7,46,62,160,4.675626,7.291813,1.01581,2.33195e-06,0.00041057,3.75736e-05
qdeim,0.05,5,7,46,62,160,6.719737,8.108199,0.980692,2.40488e-06,0.000435022,3.03407e-05
sopt,0.05,5,7,46,62,170,4.339646,7.533888,1.0253,2.3107e-06,0.000407415,3.57213e-05
qdeim,0.05,5,7,46,62,170,6.721217,8.413870,1.03236,1.80717e-06,0.000399402,2.39986e-05
sopt,0.05,5,7,46,62,180,4.715171,7.259941,1.04442,2.26377e-06,0.000399188,3.22691e-05
qdeim,0.05,5,7,46,62,180,6.362057,8.774161,0.9857,1.9069e-06,0.000404645,2.60927e-05
sopt,0.05,5,7,46,62,190,4.548571,7.696814,1.07617,1.99445e-06,0.000393286,2.89965e-05
qdeim,0.05,5,7,46,62,190,5.983447,8.499368,1.0126,1.65104e-06,0.000389888,2.31609e-05
sopt,0.05,5,7,46,62,200,4.633099,7.721931,1.12962,1.89715e-06,0.000387983,2.70459e-05
qdeim,0.05,5,7,46,62,200,5.669109,7.892784,1.03554,1.63647e-06,0.000385812,2.30513e-05
sopt,0.05,6,7,55,69,10,28.263298,37.785335,0.544175,0.000100634,0.0437646,0.00683653
qdeim,0.05,6,7,55,69,10,47.752116,27.004143,,0.0276261,5.13197,1.28472
sopt,0.05,6,7,55,69,20,15.578480,16.829085,0.589344,6.5883e-06,0.00110915,0.000140599
qdeim,0.05,6,7,55,69,20,31.196658,26.540138,,0.0246216,4.40844,5.92473
sopt,0.05,6,7,55,69,30,13.474561,12.086649,0.609578,7.77251e-06,0.00130168,0.000188231
qdeim,0.05,6,7,55,69,30,24.147640,15.572721,,0.00558895,2.26796,0.323802
sopt,0.05,6,7,55,69,40,10.990302,11.585085,0.681328,4.61026e-06,0.000549562,6.52523e-05
qdeim,0.05,6,7,55,69,40,15.983785,15.177828,,0.0126009,3.18755,0.498765
sopt,0.05,6,7,55,69,50,11.153122,9.188080,0.721204,3.05939e-06,0.00038919,3.5926e-05
qdeim,0.05,6,7,55,69,50,17.281215,16.149948,,0.0100833,28.9575,28.9156
sopt,0.05,6,7,55,69,60,8.983650,9.048971,0.784003,3.16961e-06,0.000458794,3.59003e-05
qdeim,0.05,6,7,55,69,60,15.434397,14.852516,,0.00616752,41.9235,26.1398
sopt,0.05,6,7,55,69,70,7.942135,8.809556,0.846601,1.23245e-06,0.000376639,2.57136e-05
qdeim,0.05,6,7,55,69,70,12.680100,15.398320,0.989323,0.00119446,1.06046,0.157484
sopt,0.05,6,7,55,69,80,7.849355,10.105358,0.83241,1.22589e-06,0.000370128,2.41296e-05
qdeim,0.05,6,7,55,69,80,12.904258,20.603368,0.969534,0.000899489,0.674277,0.0920804
sopt,0.05,6,7,55,69,90,6.965714,7.828259,0.874052,1.39838e-06,0.000354048,2.3203e-05
qdeim,0.05,6,7,55,69,90,10.859164,12.235373,0.906859,7.96454e-05,0.0314231,0.00443035
sopt,0.05,6,7,55,69,100,7.406954,7.818635,0.895695,1.78572e-06,0.00035693,2.31363e-05
qdeim,0.05,6,7,55,69,100,9.394317,12.744576,0.929862,1.14238e-05,0.00263926,0.000441979
sopt,0.05,6,7,55,69,110,6.171638,15.864954,0.947476,1.83237e-06,0.000355955,2.28961e-05
qdeim,0.05,6,7,55,69,110,10.810789,33.919610,0.966707,4.83268e-06,0.000889926,0.000126555
sopt,0.05,6,7,55,69,120,6.210856,7.837968,0.989437,1.57765e-06,0.000361814,2.35907e-05
qdeim,0.05,6,7,55,69,120,8.904922,12.671639,1.01553,4.57012e-06,0.0010292,0.000164658
sopt,0.05,6,7,55,69,130,5.922849,7.706430,1.00547,1.34329e-06,0.000366249,2.42532e-05
qdeim,0.05,6,7,55,69,130,7.969447,14.173971,1.04156,3.02261e-06,0.000681925,9.19966e-05
sopt,0.05,6,7,55,69,140,5.610270,7.466035,1.0494,1.37376e-06,0.000360703,2.20644e-05
qdeim,0.05,6,7,55,69,140,8.329234,20.666279,1.08141,3.04053e-06,0.000711139,9.83718e-05
sopt,0.05,6,7,55,69,150,5.274703,7.047884,1.06084,1.34021e-06,0.000359313,2.38411e-05
qdeim,0.05,6,7,55,69,150,8.396342,19.487489,1.15822,2.95708e-06,0.000728844,9.23831e-05
sopt,0.05,6,7,55,69,160,5.379166,7.849134,1.105,1.3866e-06,0.000357011,2.28271e-05
qdeim,0.05,6,7,55,69,160,7.558060,17.423296,1.18293,2.15286e-06,0.000563876,5.66597e-05
sopt,0.05,6,7,55,69,170,5.221318,8.577028,1.12733,1.34911e-06,0.000360221,2.13999e-05
qdeim,0.05,6,7,55,69,170,8.567973,13.058210,1.19196,1.70116e-06,0.000462603,3.71291e-05
sopt,0.05,6,7,55,69,180,6.035714,6.751276,1.14253,1.30645e-06,0.00035835,2.24417e-05
qdeim,0.05,6,7,55,69,180,7.444376,13.490282,1.23325,1.68009e-06,0.000442497,3.49441e-05
sopt,0.05,6,7,55,69,190,5.466518,7.089852,1.19211,1.50568e-06,0.000362352,2.31018e-05
qdeim,0.05,6,7,55,69,190,6.956679,11.926029,1.23789,1.41747e-06,0.000409678,3.0542e-05
sopt,0.05,6,7,55,69,200,5.231754,7.642905,1.18631,1.56215e-06,0.000360134,2.21511e-05
qdeim,0.05,6,7,55,69,200,7.299312,16.120430,1.28937,1.34275e-06,0.000401979,2.76371e-05
