method,pv,pe,t,n,ef,xx,vv,ee,q,condV,condE,time,ErrX,ErrV,ErrE
qdeim,1,1,0.1,1,0.99,10,10,31,5,21.058779,7.999560,,0.0395473,1.74097,0.116298
sopt,1,1,0.1,1,0.99,10,10,31,5,20.364437,8.036760,,0.0350183,1.52141,0.13327
clsqdeim,0.03,0.1,0.1,1,0.99,10,10,31,5,70.650411,9.963107,,0.0534128,1.8179,0.200534
clssopt,0.03,0.1,0.1,1,0.99,10,10,31,5,17.484336,9.744911,,0.0440046,3.29859,0.0856164
thqdeim,0.03,0.1,0.1,1,0.99,10,10,31,5,20.776657,7.999560,,0.0393509,1.70202,0.10782
thsopt,0.03,0.1,0.1,1,0.99,10,10,31,5,20.364437,5.397194,,0.0350183,1.52141,0.13021
clsqdeim,0.1,0.1,0.1,1,0.99,10,10,31,5,48.486721,9.963107,,0.0421754,2.17996,0.150165
clssopt,0.1,0.1,0.1,1,0.99,10,10,31,5,24.779408,9.744911,,0.0468591,0.928947,0.508331
thqdeim,0.1,0.1,0.1,1,0.99,10,10,31,5,35.007697,7.999560,,0.0346041,1.15332,0.195592
thsopt,0.1,0.1,0.1,1,0.99,10,10,31,5,21.179165,5.397194,,0.0350924,1.49271,0.128127
clsqdeim,0.25,0.1,0.1,1,0.99,10,10,31,5,34.308189,9.963107,,0.0641055,1.47845,0.143262
clssopt,0.25,0.1,0.1,1,0.99,10,10,31,5,21.715331,9.744911,0.568949,0.00274261,0.775651,0.0635884
thqdeim,0.25,0.1,0.1,1,0.99,10,10,31,5,35.007697,7.999560,,0.0346041,1.15332,0.195592
thsopt,0.25,0.1,0.1,1,0.99,10,10,31,5,22.969681,5.397194,,0.0339358,1.71445,0.159664
qdeim,1,1,0.1,1,0.99,10,10,31,10,17.384318,8.205289,,0.00977605,1.72359,0.156109
sopt,1,1,0.1,1,0.99,10,10,31,10,12.931583,4.373825,,0.0135482,3.40235,0.167402
clsqdeim,0.03,0.1,0.1,1,0.99,10,10,31,10,56.703938,5.858252,,0.0491588,1.77661,0.098694
clssopt,0.03,0.1,0.1,1,0.99,10,10,31,10,13.145552,4.905988,,0.0274419,1.19625,0.0669551
thqdeim,0.03,0.1,0.1,1,0.99,10,10,31,10,21.878343,8.205289,,0.00935996,1.7516,0.157532
thsopt,0.03,0.1,0.1,1,0.99,10,10,31,10,12.931583,4.732062,,0.0139796,105.421,0.148789
clsqdeim,0.1,0.1,0.1,1,0.99,10,10,31,10,27.405256,5.858252,,0.0233894,17.2193,23.4548
clssopt,0.1,0.1,0.1,1,0.99,10,10,31,10,11.782483,4.905988,,0.040948,3.71903,1.93995
thqdeim,0.1,0.1,0.1,1,0.99,10,10,31,10,17.695613,8.205289,,0.0208727,0.983334,2.75178
thsopt,0.1,0.1,0.1,1,0.99,10,10,31,10,11.828784,4.732062,,0.0131249,3.52544,0.172489
clsqdeim,0.25,0.1,0.1,1,0.99,10,10,31,10,17.433259,5.858252,,0.0330581,1.22081,0.0560337
clssopt,0.25,0.1,0.1,1,0.99,10,10,31,10,20.360278,4.905988,0.548366,0.000453371,0.0932641,0.00677659
thqdeim,0.25,0.1,0.1,1,0.99,10,10,31,10,17.695613,8.205289,,0.0208727,0.983334,2.75178
thsopt,0.25,0.1,0.1,1,0.99,10,10,31,10,12.667453,4.732062,,0.0171318,2.76223,66729.2
qdeim,1,1,0.1,1,0.99,10,10,31,15,14.871040,5.230750,,0.0342538,1.43876,0.767683
sopt,1,1,0.1,1,0.99,10,10,31,15,12.394951,4.102951,,0.0108541,2.55958,0.153412
clsqdeim,0.03,0.1,0.1,1,0.99,10,10,31,15,36.387802,5.087252,,0.04756,1.88825,0.108337
clssopt,0.03,0.1,0.1,1,0.99,10,10,31,15,7.606965,3.795636,,0.0243645,0.949666,0.0400159
thqdeim,0.03,0.1,0.1,1,0.99,10,10,31,15,21.210911,5.230750,,0.0342038,1.44309,0.764425
thsopt,0.03,0.1,0.1,1,0.99,10,10,31,15,12.394951,4.178043,,0.0108541,2.55958,0.153412
clsqdeim,0.1,0.1,0.1,1,0.99,10,10,31,15,22.757341,5.087252,,0.0119302,1.88799,0.120947
clssopt,0.1,0.1,0.1,1,0.99,10,10,31,15,9.514339,3.795636,,0.0341975,4.98836,30.0058
thqdeim,0.1,0.1,0.1,1,0.99,10,10,31,15,12.833030,5.230750,0.644051,0.000851233,0.158755,0.00999165
thsopt,0.1,0.1,0.1,1,0.99,10,10,31,15,10.700816,4.178043,,0.0106307,2.50149,0.150404
clsqdeim,0.25,0.1,0.1,1,0.99,10,10,31,15,17.956203,5.087252,,0.024468,1.02065,0.0576457
clssopt,0.25,0.1,0.1,1,0.99,10,10,31,15,8.526248,3.795636,0.597991,0.00141987,0.191417,0.0126752
thqdeim,0.25,0.1,0.1,1,0.99,10,10,31,15,12.833030,5.230750,0.681801,0.000851233,0.158755,0.00999165
thsopt,0.25,0.1,0.1,1,0.99,10,10,31,15,8.096581,4.178043,,0.0101073,2.41909,0.14771
qdeim,1,1,0.1,1,0.99,10,10,31,20,16.230790,10.477374,,0.0372069,1.69923,1.41536
sopt,1,1,0.1,1,0.99,10,10,31,20,8.096011,3.259379,0.739688,0.00196935,0.618805,0.0430842
clsqdeim,0.03,0.1,0.1,1,0.99,10,10,31,20,32.807920,4.524540,,0.0419238,1.8566,0.0747998
clssopt,0.03,0.1,0.1,1,0.99,10,10,31,20,7.361722,3.266699,,0.0179408,1.11498,0.0666023
thqdeim,0.03,0.1,0.1,1,0.99,10,10,31,20,15.661432,10.477374,,0.0372191,1.68942,1.40921
thsopt,0.03,0.1,0.1,1,0.99,10,10,31,20,8.096011,4.774655,0.762058,0.00196935,0.618805,0.0430842
clsqdeim,0.1,0.1,0.1,1,0.99,10,10,31,20,20.900086,4.524540,,0.00579197,1.39415,0.067348
clssopt,0.1,0.1,0.1,1,0.99,10,10,31,20,8.041728,3.266699,,0.0211007,1.42904,0.254851
thqdeim,0.1,0.1,0.1,1,0.99,10,10,31,20,17.568704,10.477374,,0.0138818,1.46836,0.159999
thsopt,0.1,0.1,0.1,1,0.99,10,10,31,20,11.691636,4.774655,0.774617,0.00190974,0.603715,0.0422477
clsqdeim,0.25,0.1,0.1,1,0.99,10,10,31,20,13.514381,4.524540,0.61465,0.000940934,0.178247,0.0205285
clssopt,0.25,0.1,0.1,1,0.99,10,10,31,20,9.689105,3.266699,0.642121,0.000795195,0.245457,0.0212004
thqdeim,0.25,0.1,0.1,1,0.99,10,10,31,20,16.974193,10.477374,,0.0120093,1.46139,0.160185
thsopt,0.25,0.1,0.1,1,0.99,10,10,31,20,10.109905,4.774655,0.991627,0.00208225,0.643237,0.0450295
qdeim,1,1,0.1,1,0.99,10,10,31,25,10.442216,6.388306,,0.0283368,1.60894,1.10396
sopt,1,1,0.1,1,0.99,10,10,31,25,6.897122,3.065423,0.701179,0.000146526,0.0444286,0.0040903
clsqdeim,0.03,0.1,0.1,1,0.99,10,10,31,25,26.878884,2.955077,,0.0375233,1.64378,0.0640306
clssopt,0.03,0.1,0.1,1,0.99,10,10,31,25,6.859896,3.582761,,0.0051991,1.41614,0.0523663
thqdeim,0.03,0.1,0.1,1,0.99,10,10,31,25,11.434854,6.388306,,0.0283974,1.58697,1.07582
thsopt,0.03,0.1,0.1,1,0.99,10,10,31,25,6.897122,3.488576,0.714636,0.000148091,0.0442149,0.00416883
clsqdeim,0.1,0.1,0.1,1,0.99,10,10,31,25,18.968437,2.955077,,0.00529113,5.35511,0.244882
clssopt,0.1,0.1,0.1,1,0.99,10,10,31,25,7.302920,3.582761,,0.0238438,1.03681,0.183246
thqdeim,0.1,0.1,0.1,1,0.99,10,10,31,25,11.268136,6.388306,,0.0144003,1.91174,1.34223
thsopt,0.1,0.1,0.1,1,0.99,10,10,31,25,4.830587,3.488576,0.882025,0.000146753,0.0434866,0.00410212
clsqdeim,0.25,0.1,0.1,1,0.99,10,10,31,25,15.442220,2.955077,,0.0106591,2.52609,0.146381
clssopt,0.25,0.1,0.1,1,0.99,10,10,31,25,7.478751,3.582761,0.642647,0.000458109,0.124171,0.00897698
thqdeim,0.25,0.1,0.1,1,0.99,10,10,31,25,12.190683,6.388306,,0.00924377,1.54171,0.158604
thsopt,0.25,0.1,0.1,1,0.99,10,10,31,25,7.285029,3.488576,0.755003,0.000154037,0.0430531,0.00429463
qdeim,1,1,0.1,1,0.99,10,10,31,30,11.834342,9.938774,,0.00886128,4.19481,0.0822609
sopt,1,1,0.1,1,0.99,10,10,31,30,6.277743,3.683540,0.774758,0.000128919,0.0341201,0.00312974
clsqdeim,0.03,0.1,0.1,1,0.99,10,10,31,30,29.577797,3.455055,,0.035135,1.42179,0.0548939
clssopt,0.03,0.1,0.1,1,0.99,10,10,31,30,7.779244,3.346387,7.46517,0.00225188,1.62333,0.0761688
thqdeim,0.03,0.1,0.1,1,0.99,10,10,31,30,11.671346,9.938774,,0.00909476,4.26702,0.111865
thsopt,0.03,0.1,0.1,1,0.99,10,10,31,30,6.277743,3.002105,0.778987,0.000129217,0.0342806,0.00313869
clsqdeim,0.1,0.1,0.1,1,0.99,10,10,31,30,20.136503,3.455055,,0.00789007,4.65556,0.164364
clssopt,0.1,0.1,0.1,1,0.99,10,10,31,30,6.331706,3.346387,,0.0211121,0.729789,0.136492
thqdeim,0.1,0.1,0.1,1,0.99,10,10,31,30,12.258659,9.938774,,0.0101198,1.50562,0.144814
thsopt,0.1,0.1,0.1,1,0.99,10,10,31,30,6.617562,3.002105,0.761386,0.000128781,0.0337359,0.00310981
clsqdeim,0.25,0.1,0.1,1,0.99,10,10,31,30,13.933661,3.455055,,0.0289606,0.924343,0.0767039
clssopt,0.25,0.1,0.1,1,0.99,10,10,31,30,7.287872,3.346387,0.667617,0.00058072,0.147793,0.0111608
thqdeim,0.25,0.1,0.1,1,0.99,10,10,31,30,8.704005,9.938774,1.02626,0.00247068,0.680636,0.0637843
thsopt,0.25,0.1,0.1,1,0.99,10,10,31,30,6.310383,3.002105,0.800852,0.00013146,0.0327799,0.00318873
qdeim,1,1,0.1,1,0.99,10,10,31,35,10.108176,4.866832,0.790712,0.000312799,0.0449103,0.0055624
sopt,1,1,0.1,1,0.99,10,10,31,35,6.298179,2.887327,0.797354,0.00046542,0.10923,0.012748
clsqdeim,0.03,0.1,0.1,1,0.99,10,10,31,35,31.620001,3.063644,,0.0359612,1.91617,0.180964
clssopt,0.03,0.1,0.1,1,0.99,10,10,31,35,4.982968,2.954731,,0.00391576,1.12592,0.0731351
thqdeim,0.03,0.1,0.1,1,0.99,10,10,31,35,9.956719,4.866832,0.810803,0.000174554,0.027479,0.00329074
thsopt,0.03,0.1,0.1,1,0.99,10,10,31,35,6.298179,2.835939,0.810011,0.000462233,0.109167,0.0127111
clsqdeim,0.1,0.1,0.1,1,0.99,10,10,31,35,17.500014,3.063644,,0.00604335,4.68779,27.4492
clssopt,0.1,0.1,0.1,1,0.99,10,10,31,35,5.653766,2.954731,,0.022302,0.888501,0.152254
thqdeim,0.1,0.1,0.1,1,0.99,10,10,31,35,11.000356,4.866832,,0.0108468,1.21376,0.191219
thsopt,0.1,0.1,0.1,1,0.99,10,10,31,35,5.405123,2.835939,0.887147,0.000459989,0.108657,0.0126485
clsqdeim,0.25,0.1,0.1,1,0.99,10,10,31,35,18.115510,3.063644,,0.0343242,0.767017,0.0669903
clssopt,0.25,0.1,0.1,1,0.99,10,10,31,35,7.546402,2.954731,0.703628,8.07034e-05,0.0187277,0.00123664
thqdeim,0.25,0.1,0.1,1,0.99,10,10,31,35,9.332786,4.866832,,0.00358006,1.48653,0.144929
thsopt,0.25,0.1,0.1,1,0.99,10,10,31,35,5.549035,2.835939,0.80425,0.000470941,0.107876,0.0125843
qdeim,1,1,0.1,1,0.99,10,10,31,40,10.238421,6.726769,1.12159,0.00223548,0.561814,0.0563072
sopt,1,1,0.1,1,0.99,10,10,31,40,4.488137,3.033197,0.886256,0.000280774,0.0897009,0.0109203
clsqdeim,0.03,0.1,0.1,1,0.99,10,10,31,40,22.044057,3.713343,,0.0334892,1.86059,0.204051
clssopt,0.03,0.1,0.1,1,0.99,10,10,31,40,4.861020,3.494738,1.06421,0.00159185,0.313071,0.0152935
thqdeim,0.03,0.1,0.1,1,0.99,10,10,31,40,11.269378,7.067515,0.975256,0.00229641,0.582193,0.0580096
thsopt,0.03,0.1,0.1,1,0.99,10,10,31,40,4.488137,2.722345,1.00441,0.00027951,0.0894524,0.0108995
clsqdeim,0.1,0.1,0.1,1,0.99,10,10,31,40,15.667962,3.713343,,0.00436483,4.29941,31.4049
clssopt,0.1,0.1,0.1,1,0.99,10,10,31,40,5.061112,3.494738,,0.0201305,0.929528,0.125773
thqdeim,0.1,0.1,0.1,1,0.99,10,10,31,40,10.955642,7.067515,,0.00701846,1.99981,0.226874
thsopt,0.1,0.1,0.1,1,0.99,10,10,31,40,4.895733,2.722345,0.900566,0.000281131,0.0899975,0.0109025
clsqdeim,0.25,0.1,0.1,1,0.99,10,10,31,40,19.714816,3.713343,,0.0313911,0.755689,0.0644593
clssopt,0.25,0.1,0.1,1,0.99,10,10,31,40,5.864209,3.494738,0.737308,9.75369e-05,0.0224999,0.00157889
thqdeim,0.25,0.1,0.1,1,0.99,10,10,31,40,8.928008,7.067515,,0.00323738,1.60056,0.15915
thsopt,0.25,0.1,0.1,1,0.99,10,10,31,40,6.039717,2.722345,0.885465,0.000289397,0.0898391,0.0109638
qdeim,1,1,0.1,1,0.99,10,10,31,45,8.522802,4.040456,0.941207,0.00144348,0.371319,0.042693
sopt,1,1,0.1,1,0.99,10,10,31,45,4.693009,2.805475,0.92124,0.000102118,0.0431115,0.00433022
clsqdeim,0.03,0.1,0.1,1,0.99,10,10,31,45,18.573291,2.596820,,0.0340045,2.09069,0.131908
clssopt,0.03,0.1,0.1,1,0.99,10,10,31,45,4.117410,3.481758,1.10214,0.00192225,0.306777,0.017718
thqdeim,0.03,0.1,0.1,1,0.99,10,10,31,45,9.040168,4.129512,1.11531,0.00140953,0.358942,0.0414081
thsopt,0.03,0.1,0.1,1,0.99,10,10,31,45,4.693009,3.097313,0.908457,0.000102064,0.0430105,0.00432946
clsqdeim,0.1,0.1,0.1,1,0.99,10,10,31,45,16.785620,2.596820,,0.00918836,3.71444,0.167438
clssopt,0.1,0.1,0.1,1,0.99,10,10,31,45,6.250502,3.481758,,0.00498996,0.845482,0.127642
thqdeim,0.1,0.1,0.1,1,0.99,10,10,31,45,9.715926,4.129512,0.946538,0.00073603,0.232344,0.0217287
thsopt,0.1,0.1,0.1,1,0.99,10,10,31,45,4.945723,3.097313,0.893694,0.000104607,0.0434485,0.00436994
clsqdeim,0.25,0.1,0.1,1,0.99,10,10,31,45,19.250479,2.596820,,0.00500903,0.863104,0.0709986
clssopt,0.25,0.1,0.1,1,0.99,10,10,31,45,5.498639,3.481758,0.796797,4.32827e-05,0.0109345,0.000887037
thqdeim,0.25,0.1,0.1,1,0.99,10,10,31,45,8.775365,4.129512,0.901602,0.00165931,0.278645,0.0259116
thsopt,0.25,0.1,0.1,1,0.99,10,10,31,45,5.570052,3.097313,0.858573,9.72603e-05,0.0421082,0.00420958
qdeim,1,1,0.1,1,0.99,10,10,31,50,8.752482,6.338745,0.979974,0.00184143,0.501206,0.0555031
sopt,1,1,0.1,1,0.99,10,10,31,50,5.425153,2.249545,0.953147,5.59134e-05,0.0203474,0.0016952
clsqdeim,0.03,0.1,0.1,1,0.99,10,10,31,50,24.177415,2.933921,,0.0312044,23.592,32.2925
clssopt,0.03,0.1,0.1,1,0.99,10,10,31,50,4.174041,2.751310,1.06078,0.00167214,0.262141,0.0131663
thqdeim,0.03,0.1,0.1,1,0.99,10,10,31,50,7.720275,7.779302,1.19297,0.00159078,0.39555,0.0448138
thsopt,0.03,0.1,0.1,1,0.99,10,10,31,50,5.425153,2.625490,0.984335,5.59117e-05,0.020352,0.00169987
clsqdeim,0.1,0.1,0.1,1,0.99,10,10,31,50,14.532753,2.933921,,,,
qdeim,1,1,0.1,2,0.999,10,22,52,5,43.453556,16.749467,,0.0207357,2.23774,0.219703
sopt,1,1,0.1,2,0.999,10,22,52,5,38.647341,13.480136,,0.0594459,1.22132,0.114865
clsqdeim,0.25,0.1,0.1,2,0.999,10,22,52,5,49.611430,83.525807,,0.0695881,3.77095,1.19885
clssopt,0.25,0.1,0.1,2,0.999,10,22,52,5,39.341556,28.832652,,0.0593959,1.9511,0.373826
thqdeim,0.25,0.1,0.1,2,0.999,10,22,52,5,48.158878,14.736843,,0.0204581,2.40366,0.296218
thsopt,0.25,0.1,0.1,2,0.999,10,22,52,5,40.385340,13.654491,,0.0594045,1.20622,0.116037
qdeim,1,1,0.1,2,0.999,10,22,52,10,31.592931,12.253742,,0.0169729,488.152,19405.9
sopt,1,1,0.1,2,0.999,10,22,52,10,37.721312,10.787511,,0.0486765,4.291,0.29348
clsqdeim,0.25,0.1,0.1,2,0.999,10,22,52,10,35.329627,35.152459,,0.0671231,2.79729,0.651726
clssopt,0.25,0.1,0.1,2,0.999,10,22,52,10,23.460646,8.179357,,0.0474656,1.26295,86.5749
thqdeim,0.25,0.1,0.1,2,0.999,10,22,52,10,29.636528,17.838452,,0.0100976,2.54054,0.204112
thsopt,0.25,0.1,0.1,2,0.999,10,22,52,10,23.150728,10.756701,,0.048707,4.66265,0.306204
qdeim,1,1,0.1,2,0.999,10,22,52,15,39.789749,10.844145,,0.00993971,2.64609,0.320953
sopt,1,1,0.1,2,0.999,10,22,52,15,14.766988,5.996458,,0.0401417,1.94729,0.183999
clsqdeim,0.25,0.1,0.1,2,0.999,10,22,52,15,37.756051,20.442453,,0.0651356,1.79211,0.226394
clssopt,0.25,0.1,0.1,2,0.999,10,22,52,15,22.322592,8.191696,,0.0239668,1.80928,0.489615
thqdeim,0.25,0.1,0.1,2,0.999,10,22,52,15,23.428308,15.202910,,0.00514936,1.5595,0.182287
thsopt,0.25,0.1,0.1,2,0.999,10,22,52,15,19.444163,9.061440,,0.0392543,2.30309,0.214101
qdeim,1,1,0.1,2,0.999,10,22,52,20,42.004961,10.469419,,0.0145176,1.25957,0.137013
sopt,1,1,0.1,2,0.999,10,22,52,20,12.781813,6.230922,,0.00287612,2.20707,0.259728
clsqdeim,0.25,0.1,0.1,2,0.999,10,22,52,20,32.448773,18.543603,,0.0525383,1.39481,0.169579
clssopt,0.25,0.1,0.1,2,0.999,10,22,52,20,12.491955,6.873766,,0.0314156,1.60136,0.353664
thqdeim,0.25,0.1,0.1,2,0.999,10,22,52,20,21.093127,11.006452,0.888678,0.00244397,1.80028,0.161222
thsopt,0.25,0.1,0.1,2,0.999,10,22,52,20,17.664619,5.890876,,0.00294147,2.17839,0.244796
qdeim,1,1,0.1,2,0.999,10,22,52,25,31.414331,10.064659,,0.00526245,2.14774,0.20878
sopt,1,1,0.1,2,0.999,10,22,52,25,12.963797,6.132230,1.05231,0.00167778,0.601032,0.0525131
clsqdeim,0.25,0.1,0.1,2,0.999,10,22,52,25,27.086634,18.198692,,0.0446018,2.09751,0.226695
clssopt,0.25,0.1,0.1,2,0.999,10,22,52,25,15.504956,4.160317,,0.0135363,2.21796,0.296175
thqdeim,0.25,0.1,0.1,2,0.999,10,22,52,25,16.471264,7.541305,0.858494,0.00055042,0.27657,0.0333407
thsopt,0.25,0.1,0.1,2,0.999,10,22,52,25,11.858744,5.287306,1.0745,0.00166566,0.602389,0.0508953
qdeim,1,1,0.1,2,0.999,10,22,52,30,39.157844,8.467012,,0.0166744,1.8869,0.288549
sopt,1,1,0.1,2,0.999,10,22,52,30,10.720470,4.898317,1.02105,0.000770034,0.200288,0.0191827
clsqdeim,0.25,0.1,0.1,2,0.999,10,22,52,30,24.244319,16.483816,,0.0377563,534.955,
clssopt,0.25,0.1,0.1,2,0.999,10,22,52,30,9.906957,4.355683,,0.00723998,0.930949,0.142318
thqdeim,0.25,0.1,0.1,2,0.999,10,22,52,30,15.363965,6.648484,0.882923,0.000372299,0.169582,0.0180368
thsopt,0.25,0.1,0.1,2,0.999,10,22,52,30,9.917216,4.382654,1.16123,0.000687824,0.190422,0.0191507
qdeim,1,1,0.1,2,0.999,10,22,52,35,33.438331,7.371224,,0.0150874,1.84911,0.213538
sopt,1,1,0.1,2,0.999,10,22,52,35,11.477090,4.293089,1.04954,0.000540355,0.187442,0.0215548
clsqdeim,0.25,0.1,0.1,2,0.999,10,22,52,35,23.118412,12.859362,,0.0304802,3.08973,0.644055
clssopt,0.25,0.1,0.1,2,0.999,10,22,52,35,12.024339,5.125492,0.959403,0.00079144,0.272799,0.0452002
thqdeim,0.25,0.1,0.1,2,0.999,10,22,52,35,13.973448,6.498674,0.929601,0.000202875,0.129225,0.0153419
thsopt,0.25,0.1,0.1,2,0.999,10,22,52,35,10.020525,3.898977,0.999253,0.000498744,0.176751,0.0205334
qdeim,1,1,0.1,2,0.999,10,22,52,40,27.574735,6.444809,,0.00503317,2.56588,0.362149
sopt,1,1,0.1,2,0.999,10,22,52,40,7.510350,4.216958,1.07815,0.000290308,0.171447,0.0240767
clsqdeim,0.25,0.1,0.1,2,0.999,10,22,52,40,26.041026,12.471150,,0.0124805,3.50705,0.305839
clssopt,0.25,0.1,0.1,2,0.999,10,22,52,40,11.977878,4.339379,0.921863,0.000358574,0.119123,0.0209039
thqdeim,0.25,0.1,0.1,2,0.999,10,22,52,40,12.513103,5.602232,0.987924,0.000182992,0.113809,0.0138278
thsopt,0.25,0.1,0.1,2,0.999,10,22,52,40,9.195023,4.452472,1.1028,0.000283196,0.165977,0.0232606
qdeim,1,1,0.1,2,0.999,10,22,52,45,28.304517,6.737507,1.13655,0.00326064,0.668537,0.0663826
sopt,1,1,0.1,2,0.999,10,22,52,45,6.641849,3.486315,1.12764,6.91345e-05,0.0530323,0.00599739
clsqdeim,0.25,0.1,0.1,2,0.999,10,22,52,45,20.888630,11.090752,,0.0103133,4.68161,0.781511
clssopt,0.25,0.1,0.1,2,0.999,10,22,52,45,9.108484,3.518757,1.07095,0.00013999,0.0331362,0.00460243
thqdeim,0.25,0.1,0.1,2,0.999,10,22,52,45,11.767386,6.182167,1.10021,0.000124688,0.0777442,0.00898267
thsopt,0.25,0.1,0.1,2,0.999,10,22,52,45,8.567676,4.343542,1.11064,7.31748e-05,0.0516249,0.0058166
qdeim,1,1,0.1,2,0.999,10,22,52,50,17.081653,6.259007,,0.00997636,3.15305,0.248716
sopt,1,1,0.1,2,0.999,10,22,52,50,6.792824,3.738426,1.14219,7.2002e-05,0.0172466,0.0023351
clsqdeim,0.25,0.1,0.1,2,0.999,10,22,52,50,22.132026,10.178714,,0.0316721,1.90068,0.260538
clssopt,0.25,0.1,0.1,2,0.999,10,22,52,50,8.078670,3.980397,1.1113,6.23957e-05,0.0224999,0.00205504
thqdeim,0.25,0.1,0.1,2,0.999,10,22,52,50,13.396592,6.571583,1.12313,0.000131109,0.0641007,0.00743845
thsopt,0.25,0.1,0.1,2,0.999,10,22,52,50,6.843145,3.700837,1.15895,7.1336e-05,0.0163171,0.00220612
qdeim,1,1,0.1,3,0.9999,10,32,72,5,63.481037,22.178504,,0.0584526,9.05591,1.97554
sopt,1,1,0.1,3,0.9999,10,32,72,5,54.538215,20.332343,,0.0527932,2.0506,0.247509
clsqdeim,0.25,0.1,0.1,3,0.9999,10,32,72,5,101.720190,18.727433,,0.0712744,2.2612,0.370316
clssopt,0.25,0.1,0.1,3,0.9999,10,32,72,5,35.559091,23.887357,,0.0605368,7.87957,6.70104
thqdeim,0.25,0.1,0.1,3,0.9999,10,32,72,5,54.000401,22.178504,,0.0656882,6.70175,0.817142
thsopt,0.25,0.1,0.1,3,0.9999,10,32,72,5,67.171945,20.703964,,0.0521979,2.24547,0.273454
qdeim,1,1,0.1,3,0.9999,10,32,72,10,41.507119,16.073744,,0.0555346,10.4884,2.13362
sopt,1,1,0.1,3,0.9999,10,32,72,10,25.373839,29.822395,,0.0567364,2.35787,0.177049
clsqdeim,0.25,0.1,0.1,3,0.9999,10,32,72,10,85.009699,26.973087,,0.0672084,2.2924,0.320128
clssopt,0.25,0.1,0.1,3,0.9999,10,32,72,10,32.804153,15.251810,,0.0445709,4.48088,0.836901
thqdeim,0.25,0.1,0.1,3,0.9999,10,32,72,10,55.079469,27.781091,,0.0650583,9.97533,5.96719
thsopt,0.25,0.1,0.1,3,0.9999,10,32,72,10,32.322213,12.373604,,0.0562655,2.63622,0.184378
qdeim,1,1,0.1,3,0.9999,10,32,72,15,24.644292,8.387831,,0.0562009,5.91423,2.20722
sopt,1,1,0.1,3,0.9999,10,32,72,15,22.976596,10.289438,,0.0560276,1.67301,0.209415
clsqdeim,0.25,0.1,0.1,3,0.9999,10,32,72,15,49.116481,21.878964,,0.0701877,2.14388,0.357944
clssopt,0.25,0.1,0.1,3,0.9999,10,32,72,15,27.201440,8.882628,,0.0479159,3.04269,1.21939
thqdeim,0.25,0.1,0.1,3,0.9999,10,32,72,15,39.648947,12.241678,,0.0598509,9.89,0.935402
thsopt,0.25,0.1,0.1,3,0.9999,10,32,72,15,24.538256,9.581376,,0.0557673,1.87169,0.18515
qdeim,1,1,0.1,3,0.9999,10,32,72,20,23.995097,12.400983,,0.0390042,6.73639,1.77704
sopt,1,1,0.1,3,0.9999,10,32,72,20,23.980033,8.929105,,0.0550853,1.72512,0.176554
clsqdeim,0.25,0.1,0.1,3,0.9999,10,32,72,20,41.383864,20.748694,,0.0636386,2.16579,0.385043
clssopt,0.25,0.1,0.1,3,0.9999,10,32,72,20,26.113734,15.128823,,0.0369706,2.3653,231.367
thqdeim,0.25,0.1,0.1,3,0.9999,10,32,72,20,26.150813,16.265848,,0.057255,4.82822,2.70082
thsopt,0.25,0.1,0.1,3,0.9999,10,32,72,20,20.010738,8.383504,,0.0548229,1.81073,0.186678
qdeim,1,1,0.1,3,0.9999,10,32,72,25,19.133390,7.506407,,0.0532443,3.42859,4.55471
sopt,1,1,0.1,3,0.9999,10,32,72,25,15.118729,6.736387,,0.0495958,3.82914,0.422565
clsqdeim,0.25,0.1,0.1,3,0.9999,10,32,72,25,45.469794,14.302686,,0.0601158,2.17514,0.335785
clssopt,0.25,0.1,0.1,3,0.9999,10,32,72,25,19.118840,8.102700,,0.0303535,1.67405,63.8114
thqdeim,0.25,0.1,0.1,3,0.9999,10,32,72,25,29.490954,11.187571,,0.0543826,3.8813,1.69365
thsopt,0.25,0.1,0.1,3,0.9999,10,32,72,25,17.487430,7.666252,,0.0492925,3.93719,0.446404
qdeim,1,1,0.1,3,0.9999,10,32,72,30,22.286343,8.765254,,0.0522807,2.90784,0.600935
sopt,1,1,0.1,3,0.9999,10,32,72,30,11.527875,7.364097,,0.0427426,1.48414,0.130852
clsqdeim,0.25,0.1,0.1,3,0.9999,10,32,72,30,39.799507,17.651293,,0.0592817,1.87435,0.25481
clssopt,0.25,0.1,0.1,3,0.9999,10,32,72,30,15.100346,6.692837,,0.00393337,4.36673,0.626828
thqdeim,0.25,0.1,0.1,3,0.9999,10,32,72,30,19.446085,13.304317,,0.0514021,3.81518,1.62531
thsopt,0.25,0.1,0.1,3,0.9999,10,32,72,30,14.053548,8.382466,,0.0426192,1.48945,0.132964
qdeim,1,1,0.1,3,0.9999,10,32,72,35,22.571066,6.786536,,0.0472687,1.98273,0.294925
sopt,1,1,0.1,3,0.9999,10,32,72,35,12.789619,7.281366,,0.0382285,1.62372,0.154632
clsqdeim,0.25,0.1,0.1,3,0.9999,10,32,72,35,46.558367,14.179869,,0.0590728,1.85375,0.259926
clssopt,0.25,0.1,0.1,3,0.9999,10,32,72,35,14.864213,5.733045,,0.00420221,2.42607,0.282534
thqdeim,0.25,0.1,0.1,3,0.9999,10,32,72,35,22.191984,10.006065,,0.0463554,3.14494,0.474572
thsopt,0.25,0.1,0.1,3,0.9999,10,32,72,35,14.062618,6.524917,,0.038101,1.6272,0.156329
qdeim,1,1,0.1,3,0.9999,10,32,72,40,23.552119,7.050573,,0.0424901,3.10045,0.357476
sopt,1,1,0.1,3,0.9999,10,32,72,40,13.998130,7.709906,,0.0318867,1.35399,0.140356
clsqdeim,0.25,0.1,0.1,3,0.9999,10,32,72,40,54.006061,45.374077,,0.0544609,1.75721,0.234986
clssopt,0.25,0.1,0.1,3,0.9999,10,32,72,40,13.116644,6.324702,1.04132,0.000757911,0.351446,0.0464071
thqdeim,0.25,0.1,0.1,3,0.9999,10,32,72,40,19.314984,9.170572,,0.0440109,3.87006,0.917087
thsopt,0.25,0.1,0.1,3,0.9999,10,32,72,40,12.811555,6.535902,,0.0316921,1.40098,0.145166
qdeim,1,1,0.1,3,0.9999,10,32,72,45,26.658410,5.795260,,0.0379762,11.0198,2.71036
sopt,1,1,0.1,3,0.9999,10,32,72,45,9.684750,6.032284,,0.0287611,1.07497,0.114106
clsqdeim,0.25,0.1,0.1,3,0.9999,10,32,72,45,36.219568,12.026095,,0.0532214,1.60006,0.236265
clssopt,0.25,0.1,0.1,3,0.9999,10,32,72,45,14.326161,5.129834,1.07496,0.00197151,0.729575,0.0932586
thqdeim,0.25,0.1,0.1,3,0.9999,10,32,72,45,17.423429,6.098347,,0.0384389,4.00313,0.732547
thsopt,0.25,0.1,0.1,3,0.9999,10,32,72,45,9.613492,5.838893,,0.0287606,1.08217,0.115122
qdeim,1,1,0.1,3,0.9999,10,32,72,50,17.954616,6.440500,,0.0346009,2.54723,0.364951
sopt,1,1,0.1,3,0.9999,10,32,72,50,8.722672,5.915987,,0.031412,1.48032,0.155036
clsqdeim,0.25,0.1,0.1,3,0.9999,10,32,72,50,28.540241,27.506381,,0.0462992,1.72766,0.268363
clssopt,0.25,0.1,0.1,3,0.9999,10,32,72,50,10.182294,5.031427,1.07473,0.000953443,0.735907,0.102168
thqdeim,0.25,0.1,0.1,3,0.9999,10,32,72,50,18.624096,7.686650,,0.02993,4.47425,0.544186
thsopt,0.25,0.1,0.1,3,0.9999,10,32,72,50,9.909524,6.342820,,0.0301551,2.3403,0.193602
qdeim,1,1,0.1,4,0.99999,10,54,90,5,136.176246,44.581686,,0.0514812,3.59612,0.783246
sopt,1,1,0.1,4,0.99999,10,54,90,5,70.407945,36.852017,,0.0522701,1.63379,0.184543
clsqdeim,0.25,0.1,0.1,4,0.99999,10,54,90,5,98.277037,33.208852,,0.0684462,41.4112,31.6025
clssopt,0.25,0.1,0.1,4,0.99999,10,54,90,5,115.282959,25.111123,,0.0689249,2.7542,0.411426
thqdeim,0.25,0.1,0.1,4,0.99999,10,54,90,5,70.221759,44.581686,,0.0512877,5.64162,1.01085
thsopt,0.25,0.1,0.1,4,0.99999,10,54,90,5,141.250886,46.083207,,0.0527799,1.51567,0.171233
qdeim,1,1,0.1,4,0.99999,10,54,90,10,49.141787,28.386140,,0.0487312,2.75268,0.389066
sopt,1,1,0.1,4,0.99999,10,54,90,10,40.753789,22.948781,,0.0417106,2.75466,0.443015
clsqdeim,0.25,0.1,0.1,4,0.99999,10,54,90,10,71.299622,26.344888,,0.0677143,4.91519,1.21538
clssopt,0.25,0.1,0.1,4,0.99999,10,54,90,10,42.568267,24.748817,,0.0558422,7.35528,1.95931
thqdeim,0.25,0.1,0.1,4,0.99999,10,54,90,10,45.769038,23.837454,,0.0473652,4.52576,0.497636
thsopt,0.25,0.1,0.1,4,0.99999,10,54,90,10,69.990040,21.050046,,0.0419705,2.65358,0.417302
qdeim,1,1,0.1,4,0.99999,10,54,90,15,70.767151,19.219476,,0.0395597,4.83429,0.931883
sopt,1,1,0.1,4,0.99999,10,54,90,15,30.770245,19.222141,,0.025681,2.33597,0.351231
clsqdeim,0.25,0.1,0.1,4,0.99999,10,54,90,15,105.869731,43.570688,,0.068672,5.17122,1.37627
clssopt,0.25,0.1,0.1,4,0.99999,10,54,90,15,30.128148,17.138165,,0.037129,7.50136,1.04002
thqdeim,0.25,0.1,0.1,4,0.99999,10,54,90,15,36.793239,18.541188,,0.0463921,2207.09,28061.7
thsopt,0.25,0.1,0.1,4,0.99999,10,54,90,15,40.910055,17.526703,,0.0253827,2.91183,0.462109
qdeim,1,1,0.1,4,0.99999,10,54,90,20,28.768344,13.465479,,0.0281432,5.47833,1.21778
sopt,1,1,0.1,4,0.99999,10,54,90,20,23.110168,15.150639,,0.0166739,1.53227,0.164367
clsqdeim,0.25,0.1,0.1,4,0.99999,10,54,90,20,68.645891,56.241240,,0.0661681,3.50909,0.52967
clssopt,0.25,0.1,0.1,4,0.99999,10,54,90,20,21.023773,16.260482,,0.00794357,2.35907,0.251513
thqdeim,0.25,0.1,0.1,4,0.99999,10,54,90,20,30.050358,15.724293,,0.0472502,34.5258,0.358477
thsopt,0.25,0.1,0.1,4,0.99999,10,54,90,20,25.190846,14.846957,,0.0166667,31.6823,1.8945
qdeim,1,1,0.1,4,0.99999,10,54,90,25,24.108352,15.074686,,0.0256281,2.20953,0.274883
sopt,1,1,0.1,4,0.99999,10,54,90,25,18.254548,10.619147,,0.00486595,15.0487,6.34292
clsqdeim,0.25,0.1,0.1,4,0.99999,10,54,90,25,57.311234,26.914775,,0.0603346,3.52158,0.522131
clssopt,0.25,0.1,0.1,4,0.99999,10,54,90,25,16.856150,10.267236,,0.00352885,2.40788,0.281382
thqdeim,0.25,0.1,0.1,4,0.99999,10,54,90,25,25.326043,15.731643,,0.0472406,1.83673,0.24946
thsopt,0.25,0.1,0.1,4,0.99999,10,54,90,25,22.304291,8.989994,,0.00490183,9.43272,2.0786
qdeim,1,1,0.1,4,0.99999,10,54,90,30,34.273330,15.627439,,0.0266454,3.94477,0.693503
sopt,1,1,0.1,4,0.99999,10,54,90,30,19.620942,13.496090,1.72846,0.00153104,0.584822,0.0716134
clsqdeim,0.25,0.1,0.1,4,0.99999,10,54,90,30,58.925765,31.471445,,0.0616742,4.34929,1.21681
clssopt,0.25,0.1,0.1,4,0.99999,10,54,90,30,22.329972,11.366026,1.72664,0.00153573,0.837303,0.0902846
thqdeim,0.25,0.1,0.1,4,0.99999,10,54,90,30,29.014637,18.931775,,0.0414202,1.92384,0.238004
thsopt,0.25,0.1,0.1,4,0.99999,10,54,90,30,21.853323,12.096574,1.7111,0.00165676,0.630646,0.0765611
qdeim,1,1,0.1,4,0.99999,10,54,90,35,24.079325,12.359945,,0.0285167,4.39399,0.949123
sopt,1,1,0.1,4,0.99999,10,54,90,35,23.074645,8.489197,1.53208,0.000233501,0.0512011,0.00765522
clsqdeim,0.25,0.1,0.1,4,0.99999,10,54,90,35,39.918054,28.806919,,0.064029,3.07467,0.517406
clssopt,0.25,0.1,0.1,4,0.99999,10,54,90,35,16.109392,9.508270,,0.0250989,0.92518,0.109369
thqdeim,0.25,0.1,0.1,4,0.99999,10,54,90,35,22.347162,17.077862,,0.0324512,3.36975,0.314457
thsopt,0.25,0.1,0.1,4,0.99999,10,54,90,35,19.783619,9.831120,1.55377,0.000238462,0.0508766,0.00759559
qdeim,1,1,0.1,4,0.99999,10,54,90,40,18.705924,14.345115,,0.0347066,3.04885,0.286992
sopt,1,1,0.1,4,0.99999,10,54,90,40,12.422098,7.570951,1.65131,0.000291152,0.0580726,0.0081247
clsqdeim,0.25,0.1,0.1,4,0.99999,10,54,90,40,35.677834,23.796046,,0.0583272,4.79193,1.19881
clssopt,0.25,0.1,0.1,4,0.99999,10,54,90,40,14.112069,7.982863,,0.0197498,1.09362,0.145004
thqdeim,0.25,0.1,0.1,4,0.99999,10,54,90,40,25.239747,15.402016,,0.0278447,6.50701,1.4596
thsopt,0.25,0.1,0.1,4,0.99999,10,54,90,40,16.426123,8.416860,1.6259,0.000307163,0.0626223,0.00840754
qdeim,1,1,0.1,4,0.99999,10,54,90,45,21.498572,16.259343,,0.0069204,2.29427,0.231722
sopt,1,1,0.1,4,0.99999,10,54,90,45,13.176681,9.276794,1.75836,0.000339509,0.0944695,0.0105789
clsqdeim,0.25,0.1,0.1,4,0.99999,10,54,90,45,81.976503,28.658655,,0.0541463,3.47847,0.647454
clssopt,0.25,0.1,0.1,4,0.99999,10,54,90,45,14.510657,9.757955,,0.0113194,2.05425,0.259006
thqdeim,0.25,0.1,0.1,4,0.99999,10,54,90,45,32.446089,17.283409,,0.025145,5.8289,1.17765
thsopt,0.25,0.1,0.1,4,0.99999,10,54,90,45,14.450978,9.590439,1.57968,0.000347417,0.0978518,0.0110882
qdeim,1,1,0.1,4,0.99999,10,54,90,50,19.390255,11.354441,,0.00765342,1.96984,0.231977
sopt,1,1,0.1,4,0.99999,10,54,90,50,12.264064,7.213859,1.75931,6.64632e-05,0.00918571,0.00136971
clsqdeim,0.25,0.1,0.1,4,0.99999,10,54,90,50,37.657994,21.091266,,0.0608011,2.99024,0.65418
clssopt,0.25,0.1,0.1,4,0.99999,10,54,90,50,12.483927,6.715583,,0.00663935,2.30285,0.345795
thqdeim,0.25,0.1,0.1,4,0.99999,10,54,90,50,20.145073,12.683570,1.6675,0.000282019,0.140325,0.0151367
thsopt,0.25,0.1,0.1,4,0.99999,10,54,90,50,11.677449,6.774254,1.58864,6.82344e-05,0.00938872,0.00139138
qdeim,1,1,0.1,5,0.999999,10,73,110,5,112.087753,41.880121,,0.0598111,24.8642,27.1668
sopt,1,1,0.1,5,0.999999,10,73,110,5,79.527169,55.093725,,0.0711254,2.35895,0.225106
clsqdeim,0.25,0.1,0.1,5,0.999999,10,73,110,5,108.600041,72.061890,,0.0759943,6.44807,3.24013
clssopt,0.25,0.1,0.1,5,0.999999,10,73,110,5,65.865762,51.753970,,0.0633538,2.84967,0.575982
thqdeim,0.25,0.1,0.1,5,0.999999,10,73,110,5,73.372672,67.463402,,0.0598344,20.872,19.828
thsopt,0.25,0.1,0.1,5,0.999999,10,73,110,5,79.327768,48.981456,,0.0711731,2.35972,0.22111
qdeim,1,1,0.1,5,0.999999,10,73,110,10,43.891235,22.329854,,0.0480578,12.3364,2.01397
sopt,1,1,0.1,5,0.999999,10,73,110,10,44.095124,27.340810,,0.042568,4.76756,0.644468
clsqdeim,0.25,0.1,0.1,5,0.999999,10,73,110,10,69.431768,58.593125,,0.0727191,3.24816,0.468484
clssopt,0.25,0.1,0.1,5,0.999999,10,73,110,10,44.104329,26.016700,,0.0523573,2.05879,0.297051
thqdeim,0.25,0.1,0.1,5,0.999999,10,73,110,10,53.102705,30.340463,,0.0481987,9.12853,1.67257
thsopt,0.25,0.1,0.1,5,0.999999,10,73,110,10,48.915097,28.041045,,0.0426864,4.14761,0.571964
qdeim,1,1,0.1,5,0.999999,10,73,110,15,41.654213,29.338669,,0.0427672,2.50747,0.336866
sopt,1,1,0.1,5,0.999999,10,73,110,15,37.793717,20.828139,,0.0355804,1.61049,0.169132
clsqdeim,0.25,0.1,0.1,5,0.999999,10,73,110,15,89.096200,55.940091,,0.0653804,118.561,295.163
clssopt,0.25,0.1,0.1,5,0.999999,10,73,110,15,32.582035,22.206342,,0.0472041,6.26807,0.801547
thqdeim,0.25,0.1,0.1,5,0.999999,10,73,110,15,38.696180,25.013658,,0.0425218,2.79336,0.409933
thsopt,0.25,0.1,0.1,5,0.999999,10,73,110,15,47.481084,20.370465,,0.0354603,1.66204,0.174326
qdeim,1,1,0.1,5,0.999999,10,73,110,20,34.902741,18.488623,,0.0364547,2.89933,0.261334
sopt,1,1,0.1,5,0.999999,10,73,110,20,38.508073,16.310619,,0.0369851,1.94375,0.121886
clsqdeim,0.25,0.1,0.1,5,0.999999,10,73,110,20,69.561385,47.051777,,0.0716835,53.5132,185.287
clssopt,0.25,0.1,0.1,5,0.999999,10,73,110,20,31.909451,16.436378,,0.0483254,1.53526,0.216792
thqdeim,0.25,0.1,0.1,5,0.999999,10,73,110,20,46.381602,20.574256,,0.033354,8.56676,3.92792
thsopt,0.25,0.1,0.1,5,0.999999,10,73,110,20,24.389794,16.996270,,0.0369929,2.05546,0.122464
qdeim,1,1,0.1,5,0.999999,10,73,110,25,21.821198,23.588308,,0.035831,2.0542,0.226297
sopt,1,1,0.1,5,0.999999,10,73,110,25,23.979397,14.183896,,0.039585,5.35756,0.281895
clsqdeim,0.25,0.1,0.1,5,0.999999,10,73,110,25,61.058120,45.873321,,0.066199,6.2741,2.31119
clssopt,0.25,0.1,0.1,5,0.999999,10,73,110,25,20.581204,13.594143,,0.0188619,3.93345,3.08804
thqdeim,0.25,0.1,0.1,5,0.999999,10,73,110,25,33.577840,18.097153,,0.0271712,2.76609,0.500246
thsopt,0.25,0.1,0.1,5,0.999999,10,73,110,25,24.242807,14.327257,,0.0393373,4.3017,0.309298
qdeim,1,1,0.1,5,0.999999,10,73,110,30,26.855512,16.932326,,0.0392935,3.25034,12.1745
sopt,1,1,0.1,5,0.999999,10,73,110,30,20.784517,14.500180,,0.0219654,5.83512,1.14883
clsqdeim,0.25,0.1,0.1,5,0.999999,10,73,110,30,82.339529,36.422118,,0.0639113,3.18983,0.588927
clssopt,0.25,0.1,0.1,5,0.999999,10,73,110,30,16.262840,12.512215,,0.0264228,2.0838,0.221624
thqdeim,0.25,0.1,0.1,5,0.999999,10,73,110,30,33.508561,16.387958,,0.0259861,5.46533,1.14052
thsopt,0.25,0.1,0.1,5,0.999999,10,73,110,30,21.779895,11.847516,,0.0220524,5.49222,1.08758
qdeim,1,1,0.1,5,0.999999,10,73,110,35,21.026945,17.372266,,0.0363948,3.02723,0.357769
sopt,1,1,0.1,5,0.999999,10,73,110,35,18.423628,11.264218,,0.0239542,3.31071,0.12331
clsqdeim,0.25,0.1,0.1,5,0.999999,10,73,110,35,45.688735,32.599792,,0.0577743,2.88333,0.524011
clssopt,0.25,0.1,0.1,5,0.999999,10,73,110,35,18.068591,10.929404,,0.0313083,5.85681,7.45188
thqdeim,0.25,0.1,0.1,5,0.999999,10,73,110,35,32.572527,15.753652,,0.0127614,5.22521,0.19696
thsopt,0.25,0.1,0.1,5,0.999999,10,73,110,35,16.954692,12.980233,,0.0232337,6.59904,1.54316
qdeim,1,1,0.1,5,0.999999,10,73,110,40,27.503018,12.890325,,0.0234727,4.84213,0.970659
sopt,1,1,0.1,5,0.999999,10,73,110,40,18.326977,10.292481,,0.0092493,4.54707,0.496534
clsqdeim,0.25,0.1,0.1,5,0.999999,10,73,110,40,44.989786,35.386324,,0.0584865,3.04739,0.545222
clssopt,0.25,0.1,0.1,5,0.999999,10,73,110,40,16.189669,10.476883,,0.0353551,1.77526,0.243843
thqdeim,0.25,0.1,0.1,5,0.999999,10,73,110,40,20.685790,12.726473,,0.0166123,2.79724,0.321433
thsopt,0.25,0.1,0.1,5,0.999999,10,73,110,40,16.985036,8.954707,,0.00931862,4.36019,0.506353
qdeim,1,1,0.1,5,0.999999,10,73,110,45,21.376419,12.380229,,0.0193116,4.44254,0.753373
sopt,1,1,0.1,5,0.999999,10,73,110,45,15.816982,9.661918,,0.00308443,1.28618,0.108765
clsqdeim,0.25,0.1,0.1,5,0.999999,10,73,110,45,42.028252,33.812911,,0.0458863,4.08269,1.18075
clssopt,0.25,0.1,0.1,5,0.999999,10,73,110,45,15.479892,10.532297,,0.00967862,2.67857,0.352837
thqdeim,0.25,0.1,0.1,5,0.999999,10,73,110,45,25.275062,13.138340,,0.0239605,1.07313,0.0915531
thsopt,0.25,0.1,0.1,5,0.999999,10,73,110,45,16.883345,9.830639,,0.00330373,1.29439,0.107787
qdeim,1,1,0.1,5,0.999999,10,73,110,50,21.754212,13.025531,,0.00907735,2.54924,0.249244
sopt,1,1,0.1,5,0.999999,10,73,110,50,13.764918,8.544771,2.23051,0.00140914,0.327227,0.0514888
clsqdeim,0.25,0.1,0.1,5,0.999999,10,73,110,50,43.549344,35.284582,,0.0499964,4.74039,1.69995
clssopt,0.25,0.1,0.1,5,0.999999,10,73,110,50,13.856555,8.692733,2.53607,0.00041426,0.124579,0.0193751
thqdeim,0.25,0.1,0.1,5,0.999999,10,73,110,50,24.641734,11.498570,,0.0280718,3.7531,0.193499
thsopt,0.25,0.1,0.1,5,0.999999,10,73,110,50,14.219267,8.669713,2.04577,0.00149294,0.357162,0.0554037
