method,t,n,ef,rxdim,rvdim,nsr,time,errx,errv
SOPT,0.01,0,0.9,2,4,5,10,6.192503,0.0344253,0.00151577,0.241848
gappy-POD,0.01,0,0.9,2,4,5,10,1.264874,0.021929,0.00168853,0.266292
QDEIM,0.01,0,0.9,2,4,5,10,4.482987,0.024273,0.00170951,0.269064
clsSOPT,0.01,0,0.9,2,4,5,10,6.192503,0.0359262,0.00159368,0.252197
clsgappy-POD,0.01,0,0.9,2,4,5,10,2.770966,0.0261338,0.00170254,0.254973
clsQDEIM,0.01,0,0.9,2,4,5,10,2.883331,0.0264136,0.00166923,0.265022
SOPT,0.01,0,0.9,2,4,5,15,4.967723,0.055022,0.00127292,0.207666
gappy-POD,0.01,0,0.9,2,4,5,15,2.472812,0.0313771,0.00164094,0.259749
QDEIM,0.01,0,0.9,2,4,5,15,2.261559,0.0388966,0.00169343,0.267093
clsSOPT,0.01,0,0.9,2,4,5,15,4.967723,0.0521132,0.00146816,0.234007
clsgappy-POD,0.01,0,0.9,2,4,5,15,3.881905,0.0399184,0.0016331,0.237554
clsQDEIM,0.01,0,0.9,2,4,5,15,2.425547,0.0329589,0.00162929,0.259912
SOPT,0.01,0,0.9,2,4,5,20,9.219907,0.0843331,0.0011699,0.193741
gappy-POD,0.01,0,0.9,2,4,5,20,16.885869,0.038701,0.0016303,0.258217
QDEIM,0.01,0,0.9,2,4,5,20,1.909135,0.0483831,0.00156775,0.249884
clsSOPT,0.01,0,0.9,2,4,5,20,9.219907,0.0708448,0.00129205,0.208829
clsgappy-POD,0.01,0,0.9,2,4,5,20,14.952974,0.0518557,0.00160986,0.234264
clsQDEIM,0.01,0,0.9,2,4,5,20,2.973169,0.0397034,0.00161375,0.258049
SOPT,0.01,0,0.9,2,4,5,25,8.083570,0.0977544,0.00107016,0.179726
gappy-POD,0.01,0,0.9,2,4,5,25,1.644589,0.0479275,0.0015619,0.249266
QDEIM,0.01,0,0.9,2,4,5,25,1.859151,0.0574279,0.00144348,0.2327
clsSOPT,0.01,0,0.9,2,4,5,25,8.083570,0.0870629,0.00119726,0.195534
clsgappy-POD,0.01,0,0.9,2,4,5,25,4.765657,0.0631008,0.00153846,0.221987
clsQDEIM,0.01,0,0.9,2,4,5,25,2.498465,0.0490606,0.00153505,0.247656
SOPT,0.01,0,0.9,2,4,5,30,7.323832,0.109383,0.00104582,0.176951
gappy-POD,0.01,0,0.9,2,4,5,30,1.550194,0.0549663,0.00153466,0.245896
QDEIM,0.01,0,0.9,2,4,5,30,2.095228,0.0667627,0.00138518,0.224917
clsSOPT,0.01,0,0.9,2,4,5,30,7.323832,0.108398,0.00104415,0.174475
clsgappy-POD,0.01,0,0.9,2,4,5,30,4.255910,0.074998,0.0015018,0.216242
clsQDEIM,0.01,0,0.9,2,4,5,30,2.456145,0.0559509,0.00144275,0.235192
SOPT,0.01,0,0.9,2,4,5,35,8.908958,0.121045,0.000939895,0.16206
gappy-POD,0.01,0,0.9,2,4,5,35,1.286963,0.0640492,0.00148402,0.238637
QDEIM,0.01,0,0.9,2,4,5,35,1.774477,0.073931,0.00135844,0.221293
clsSOPT,0.01,0,0.9,2,4,5,35,8.908958,0.121614,0.000998733,0.16787
clsgappy-POD,0.01,0,0.9,2,4,5,35,4.165954,0.0836583,0.00145761,0.209081
clsQDEIM,0.01,0,0.9,2,4,5,35,3.055099,0.0658094,0.0013753,0.225929
SOPT,0.01,0,0.9,2,4,5,40,9.882639,0.133468,0.000897936,0.155973
gappy-POD,0.01,0,0.9,2,4,5,40,1.351914,0.0714017,0.00146512,0.235835
QDEIM,0.01,0,0.9,2,4,5,40,1.913491,0.0806975,0.00130672,0.21398
clsSOPT,0.01,0,0.9,2,4,5,40,9.882639,0.134808,0.00095566,0.161284
clsgappy-POD,0.01,0,0.9,2,4,5,40,4.427929,0.0952664,0.00142194,0.205455
clsQDEIM,0.01,0,0.9,2,4,5,40,4.104405,0.0737458,0.00129295,0.214772
SOPT,0.01,0,0.9,2,4,5,45,6.893495,0.142186,0.000869737,0.152311
gappy-POD,0.01,0,0.9,2,4,5,45,1.774462,0.0761892,0.00144467,0.232475
QDEIM,0.01,0,0.9,2,4,5,45,1.798745,0.0927563,0.00127673,0.210249
clsSOPT,0.01,0,0.9,2,4,5,45,6.893495,0.146397,0.000837078,0.144588
clsgappy-POD,0.01,0,0.9,2,4,5,45,4.202400,0.109451,0.00139021,0.196805
clsQDEIM,0.01,0,0.9,2,4,5,45,2.862082,0.0850808,0.00122772,0.20614
SOPT,0.01,0,0.9,2,4,5,50,7.722936,0.146472,0.0008645,0.151689
gappy-POD,0.01,0,0.9,2,4,5,50,1.579353,0.0828237,0.00141287,0.227996
QDEIM,0.01,0,0.9,2,4,5,50,1.555936,0.10633,0.00123457,0.205228
clsSOPT,0.01,0,0.9,2,4,5,50,7.722936,0.167613,0.000736603,0.130211
clsgappy-POD,0.01,0,0.9,2,4,5,50,4.201778,0.116225,0.00138173,0.195481
clsQDEIM,0.01,0,0.9,2,4,5,50,2.199902,0.0926602,0.00119944,0.202253
SOPT,0.01,0,0.9,2,4,5,55,7.806923,0.163992,0.000743089,0.134966
gappy-POD,0.01,0,0.9,2,4,5,55,1.540036,0.0926912,0.00139004,0.22529
QDEIM,0.01,0,0.9,2,4,5,55,1.957897,0.114201,0.00121687,0.203011
clsSOPT,0.01,0,0.9,2,4,5,55,7.806923,0.180726,0.000693221,0.12429
clsgappy-POD,0.01,0,0.9,2,4,5,55,3.263432,0.120754,0.00137383,0.193261
clsQDEIM,0.01,0,0.9,2,4,5,55,2.151370,0.0989458,0.0011648,0.19759
SOPT,0.01,0,0.9,2,4,5,60,5.669752,0.17252,0.00068723,0.126452
gappy-POD,0.01,0,0.9,2,4,5,60,1.277776,0.100731,0.00137642,0.22362
QDEIM,0.01,0,0.9,2,4,5,60,1.691402,0.121799,0.00117727,0.196773
clsSOPT,0.01,0,0.9,2,4,5,60,5.669752,0.195913,0.000635766,0.116031
clsgappy-POD,0.01,0,0.9,2,4,5,60,2.630121,0.13068,0.00133521,0.184354
clsQDEIM,0.01,0,0.9,2,4,5,60,2.277493,0.101652,0.00116479,0.197611
SOPT,0.01,0,0.9,2,4,5,65,5.578535,0.177494,0.000643109,0.119865
gappy-POD,0.01,0,0.9,2,4,5,65,1.786898,0.11047,0.00127464,0.209356
QDEIM,0.01,0,0.9,2,4,5,65,1.852417,0.129631,0.0011603,0.194801
clsSOPT,0.01,0,0.9,2,4,5,65,5.578535,0.206299,0.000621506,0.114161
clsgappy-POD,0.01,0,0.9,2,4,5,65,3.180502,0.139691,0.00123723,0.165457
clsQDEIM,0.01,0,0.9,2,4,5,65,2.347444,0.107511,0.00112456,0.192196
SOPT,0.01,0,0.9,2,4,5,70,5.165909,0.181254,0.000640143,0.118663
gappy-POD,0.01,0,0.9,2,4,5,70,1.488001,0.118425,0.00117494,0.19512
QDEIM,0.01,0,0.9,2,4,5,70,1.594028,0.135482,0.00114019,0.192468
clsSOPT,0.01,0,0.9,2,4,5,70,5.165909,0.235814,0.000578366,0.108475
clsgappy-POD,0.01,0,0.9,2,4,5,70,2.671206,0.147673,0.00115654,0.150224
clsQDEIM,0.01,0,0.9,2,4,5,70,2.055171,0.119383,0.00110433,0.190238
SOPT,0.01,0,0.9,2,4,5,75,6.232930,0.18946,0.000631386,0.117082
gappy-POD,0.01,0,0.9,2,4,5,75,1.348131,0.131457,0.00108075,0.182075
QDEIM,0.01,0,0.9,2,4,5,75,1.438265,0.146758,0.0011099,0.188472
clsSOPT,0.01,0,0.9,2,4,5,75,6.232930,0.24121,0.000569501,0.107051
clsgappy-POD,0.01,0,0.9,2,4,5,75,2.497126,0.152524,0.00113993,0.145359
clsQDEIM,0.01,0,0.9,2,4,5,75,2.191151,0.131451,0.00102176,0.178658
SOPT,0.01,0,0.9,2,4,5,80,118.180481,0.191787,0.000609052,0.114579
gappy-POD,0.01,0,0.9,2,4,5,80,1.783332,0.143824,0.000997159,0.170221
QDEIM,0.01,0,0.9,2,4,5,80,1.436053,0.152035,0.0010921,0.185586
clsSOPT,0.01,0,0.9,2,4,5,80,118.180481,0.254498,0.000468055,0.0916534
clsgappy-POD,0.01,0,0.9,2,4,5,80,2.552891,0.161734,0.00108723,0.13433
clsQDEIM,0.01,0,0.9,2,4,5,80,2.227445,0.145188,0.000935594,0.167354
SOPT,0.01,0,0.9,2,4,5,85,143.668871,0.201387,0.000582585,0.110301
gappy-POD,0.01,0,0.9,2,4,5,85,1.992486,0.152913,0.000946099,0.163667
QDEIM,0.01,0,0.9,2,4,5,85,1.832125,0.158558,0.00107723,0.183877
clsSOPT,0.01,0,0.9,2,4,5,85,143.668871,0.25813,0.000460494,0.0903746
clsgappy-POD,0.01,0,0.9,2,4,5,85,3.392238,0.168593,0.00105222,0.127801
clsQDEIM,0.01,0,0.9,2,4,5,85,2.250254,0.154573,0.00091687,0.164699
SOPT,0.01,0,0.9,2,4,5,90,129.436483,0.197913,0.000582585,0.110301
gappy-POD,0.01,0,0.9,2,4,5,90,1.681399,0.16083,0.000880758,0.155154
QDEIM,0.01,0,0.9,2,4,5,90,1.804302,0.168887,0.00102197,0.176906
clsSOPT,0.01,0,0.9,2,4,5,90,129.436483,0.261918,0.000449166,0.0885812
clsgappy-POD,0.01,0,0.9,2,4,5,90,3.145686,0.177751,0.00100834,0.117112
clsQDEIM,0.01,0,0.9,2,4,5,90,1.950763,0.170341,0.000861663,0.156597
SOPT,0.01,0,0.9,2,4,5,95,167.494792,0.201324,0.000582585,0.110301
gappy-POD,0.01,0,0.9,2,4,5,95,1.498695,0.172565,0.000818862,0.145611
QDEIM,0.01,0,0.9,2,4,5,95,1.624681,0.176004,0.000966333,0.168382
clsSOPT,0.01,0,0.9,2,4,5,95,167.494792,0.268451,0.000449258,0.088176
clsgappy-POD,0.01,0,0.9,2,4,5,95,2.901290,0.182595,0.000987814,0.112523
clsQDEIM,0.01,0,0.9,2,4,5,95,2.150376,0.180657,0.000847402,0.154538
SOPT,0.01,0,0.9,2,4,5,100,138.189563,0.198792,0.000582585,0.110301
gappy-POD,0.01,0,0.9,2,4,5,100,1.370527,0.177517,0.000775044,0.139064
QDEIM,0.01,0,0.9,2,4,5,100,1.584878,0.177139,0.000951436,0.166291
clsSOPT,0.01,0,0.9,2,4,5,100,138.189563,0.280966,0.000409872,0.0828852
clsgappy-POD,0.01,0,0.9,2,4,5,100,3.200016,0.185218,0.000987735,0.113233
clsQDEIM,0.01,0,0.9,2,4,5,100,2.036126,0.193534,0.000762893,0.142061
SOPT,0.01,0,0.9,2,4,5,105,173.791017,0.202641,0.000582585,0.110301
gappy-POD,0.01,0,0.9,2,4,5,105,1.508205,0.184781,0.000754355,0.137687
QDEIM,0.01,0,0.9,2,4,5,105,1.454701,0.184703,0.0009278,0.163322
clsSOPT,0.01,0,0.9,2,4,5,105,173.791017,0.289627,0.000352691,0.073524
clsgappy-POD,0.01,0,0.9,2,4,5,105,2.930778,0.192225,0.000946535,0.105697
clsQDEIM,0.01,0,0.9,2,4,5,105,1.929071,0.206291,0.000678665,0.129946
SOPT,0.01,0,0.9,2,4,5,110,154.431076,0.205777,0.000535241,0.103054
gappy-POD,0.01,0,0.9,2,4,5,110,1.284346,0.19437,0.00070891,0.130981
QDEIM,0.01,0,0.9,2,4,5,110,1.435749,0.181896,0.000927808,0.16322
clsSOPT,0.01,0,0.9,2,4,5,110,154.431076,0.291623,0.000352691,0.073524
clsgappy-POD,0.01,0,0.9,2,4,5,110,2.815768,0.202667,0.000915809,0.100603
clsQDEIM,0.01,0,0.9,2,4,5,110,1.908945,0.217403,0.000646741,0.124211
SOPT,0.01,0,0.9,2,4,5,115,129.292447,0.207148,0.000535241,0.103054
gappy-POD,0.01,0,0.9,2,4,5,115,1.377281,0.206499,0.000675321,0.126948
QDEIM,0.01,0,0.9,2,4,5,115,1.482882,0.187498,0.000894331,0.158027
clsSOPT,0.01,0,0.9,2,4,5,115,129.292447,0.294504,0.000352691,0.073524
clsgappy-POD,0.01,0,0.9,2,4,5,115,2.722145,0.211462,0.000861686,0.0888441
clsQDEIM,0.01,0,0.9,2,4,5,115,2.157048,0.232998,0.000627973,0.121548
SOPT,0.01,0,0.9,2,4,5,120,127.172918,0.206455,0.000535241,0.103054
gappy-POD,0.01,0,0.9,2,4,5,120,1.457599,0.216719,0.000650701,0.12397
QDEIM,0.01,0,0.9,2,4,5,120,1.434699,0.193129,0.000820515,0.146979
clsSOPT,0.01,0,0.9,2,4,5,120,127.172918,0.296598,0.000352691,0.073524
clsgappy-POD,0.01,0,0.9,2,4,5,120,2.724782,0.215898,0.000861251,0.0882632
clsQDEIM,0.01,0,0.9,2,4,5,120,1.991830,0.248259,0.000607459,0.118359
SOPT,0.01,1,0.99,4,8,11,16,12.206098,0.0530515,0.00129919,0.196592
gappy-POD,0.01,1,0.99,4,8,11,16,6.312988,0.0369111,0.00159636,0.438549
QDEIM,0.01,1,0.99,4,8,11,16,5.524122,0.0341057,0.00153223,0.277052
clsSOPT,0.01,1,0.99,4,8,11,16,12.206098,0.0629055,0.00142027,0.215103
clsgappy-POD,0.01,1,0.99,4,8,11,16,22.872241,0.0457344,0.00152418,0.590043
clsQDEIM,0.01,1,0.99,4,8,11,16,22.691257,0.047883,0.00152193,0.267401
SOPT,0.01,1,0.99,4,8,11,21,7.499683,0.0671428,0.00125742,0.250775
gappy-POD,0.01,1,0.99,4,8,11,21,6.033010,0.0463101,0.00155259,0.445748
QDEIM,0.01,1,0.99,4,8,11,21,7.924099,0.045851,0.00144194,0.357344
clsSOPT,0.01,1,0.99,4,8,11,21,7.499683,0.0880488,0.00126528,0.362841
clsgappy-POD,0.01,1,0.99,4,8,11,21,9.777195,0.0606858,0.0014084,0.455743
clsQDEIM,0.01,1,0.99,4,8,11,21,4.511630,0.057161,0.00146127,0.257994
SOPT,0.01,1,0.99,4,8,11,26,5.457777,0.0815421,0.00119829,0.271708
gappy-POD,0.01,1,0.99,4,8,11,26,3.399193,0.0531849,0.00153829,0.444932
QDEIM,0.01,1,0.99,4,8,11,26,3.610514,0.0531325,0.00140012,0.342657
clsSOPT,0.01,1,0.99,4,8,11,26,5.457777,0.105935,0.00116648,0.299562
clsgappy-POD,0.01,1,0.99,4,8,11,26,6.857962,0.0580299,0.00155345,0.604365
clsQDEIM,0.01,1,0.99,4,8,11,26,7.165410,0.0684457,0.00137186,0.331286
SOPT,0.01,1,0.99,4,8,11,31,4.492029,0.0880588,0.00114813,0.290687
gappy-POD,0.01,1,0.99,4,8,11,31,4.785522,0.0553733,0.00152182,0.428512
QDEIM,0.01,1,0.99,4,8,11,31,4.746519,0.0675583,0.00134237,0.320526
clsSOPT,0.01,1,0.99,4,8,11,31,4.492029,0.112919,0.00112561,0.278229
clsgappy-POD,0.01,1,0.99,4,8,11,31,5.857982,0.0635979,0.00155098,0.637767
clsQDEIM,0.01,1,0.99,4,8,11,31,6.667917,0.0864733,0.00120071,0.286225
SOPT,0.01,1,0.99,4,8,11,36,4.808141,0.11092,0.000964398,0.198579
gappy-POD,0.01,1,0.99,4,8,11,36,3.248035,0.0643242,0.00147088,0.395818
QDEIM,0.01,1,0.99,4,8,11,36,4.651117,0.0853638,0.00128974,0.314943
clsSOPT,0.01,1,0.99,4,8,11,36,4.808141,0.129056,0.000925967,0.236124
clsgappy-POD,0.01,1,0.99,4,8,11,36,5.778283,0.0752739,0.00152793,0.63588
clsQDEIM,0.01,1,0.99,4,8,11,36,4.426556,0.0967236,0.00116863,0.273486
SOPT,0.01,1,0.99,4,8,11,41,5.394072,0.114899,0.000886896,0.177164
gappy-POD,0.01,1,0.99,4,8,11,41,4.074620,0.0598505,0.00150373,0.427643
QDEIM,0.01,1,0.99,4,8,11,41,3.261886,0.0972553,0.00124533,0.308499
clsSOPT,0.01,1,0.99,4,8,11,41,5.394072,0.144178,0.000794663,0.195217
clsgappy-POD,0.01,1,0.99,4,8,11,41,6.819957,0.0814952,0.00151505,0.625897
clsQDEIM,0.01,1,0.99,4,8,11,41,3.795127,0.102986,0.00113598,0.261706
SOPT,0.01,1,0.99,4,8,11,46,3.571364,0.128778,0.000744043,0.143837
gappy-POD,0.01,1,0.99,4,8,11,46,2.794741,0.0708954,0.00142431,0.379927
QDEIM,0.01,1,0.99,4,8,11,46,3.092188,0.107794,0.0011827,0.327327
clsSOPT,0.01,1,0.99,4,8,11,46,3.571364,0.160525,0.000754055,0.196835
clsgappy-POD,0.01,1,0.99,4,8,11,46,4.874006,0.0925234,0.00148353,0.553822
clsQDEIM,0.01,1,0.99,4,8,11,46,3.337155,0.116872,0.00109623,0.255297
SOPT,0.01,1,0.99,4,8,11,51,3.459483,0.13851,0.000649579,0.129816
gappy-POD,0.01,1,0.99,4,8,11,51,2.990446,0.0720392,0.00141592,0.379637
QDEIM,0.01,1,0.99,4,8,11,51,2.711744,0.110048,0.00116256,0.324563
clsSOPT,0.01,1,0.99,4,8,11,51,3.459483,0.176,0.000681777,0.180139
clsgappy-POD,0.01,1,0.99,4,8,11,51,5.257769,0.10697,0.00130615,0.43436
clsQDEIM,0.01,1,0.99,4,8,11,51,3.351799,0.126194,0.00105826,0.25104
SOPT,0.01,1,0.99,4,8,11,56,3.270386,0.154064,0.00053283,0.109302
gappy-POD,0.01,1,0.99,4,8,11,56,2.461430,0.0758557,0.00143072,0.385212
QDEIM,0.01,1,0.99,4,8,11,56,2.823553,0.121148,0.00107789,0.305531
clsSOPT,0.01,1,0.99,4,8,11,56,3.270386,0.186094,0.000631127,0.169712
clsgappy-POD,0.01,1,0.99,4,8,11,56,6.369327,0.118315,0.00125362,0.371349
clsQDEIM,0.01,1,0.99,4,8,11,56,3.254718,0.135835,0.00100605,0.237385
SOPT,0.01,1,0.99,4,8,11,61,3.445477,0.166316,0.000497391,0.099724
gappy-POD,0.01,1,0.99,4,8,11,61,2.637248,0.08144,0.00140296,0.375838
QDEIM,0.01,1,0.99,4,8,11,61,2.915105,0.128195,0.0010429,0.290382
clsSOPT,0.01,1,0.99,4,8,11,61,3.445477,0.193845,0.000586994,0.160005
clsgappy-POD,0.01,1,0.99,4,8,11,61,5.942528,0.126367,0.00123544,0.339431
clsQDEIM,0.01,1,0.99,4,8,11,61,3.119844,0.13933,0.001006,0.237592
SOPT,0.01,1,0.99,4,8,11,66,2.723429,0.168134,0.000496103,0.0990019
gappy-POD,0.01,1,0.99,4,8,11,66,1.883191,0.0861243,0.00137545,0.371216
QDEIM,0.01,1,0.99,4,8,11,66,2.917804,0.131337,0.00103856,0.288385
clsSOPT,0.01,1,0.99,4,8,11,66,2.723429,0.204351,0.000537271,0.149331
clsgappy-POD,0.01,1,0.99,4,8,11,66,6.392219,0.132846,0.00119344,0.302714
clsQDEIM,0.01,1,0.99,4,8,11,66,3.045355,0.144992,0.000990888,0.232477
SOPT,0.01,1,0.99,4,8,11,71,3.028682,0.175613,0.00046664,0.0948742
gappy-POD,0.01,1,0.99,4,8,11,71,2.415969,0.0897563,0.00136004,0.36699
QDEIM,0.01,1,0.99,4,8,11,71,2.834322,0.131105,0.00103859,0.28806
clsSOPT,0.01,1,0.99,4,8,11,71,3.028682,0.213528,0.000534062,0.147139
clsgappy-POD,0.01,1,0.99,4,8,11,71,6.025400,0.150455,0.00105318,0.277469
clsQDEIM,0.01,1,0.99,4,8,11,71,3.405989,0.148252,0.000990889,0.232603
SOPT,0.01,1,0.99,4,8,11,76,3.141369,0.179335,0.000459923,0.0937729
gappy-POD,0.01,1,0.99,4,8,11,76,1.903583,0.093206,0.00134264,0.364793
QDEIM,0.01,1,0.99,4,8,11,76,2.911516,0.133289,0.00103674,0.287628
clsSOPT,0.01,1,0.99,4,8,11,76,3.141369,0.226161,0.000516938,0.144464
clsgappy-POD,0.01,1,0.99,4,8,11,76,5.737946,0.155377,0.00105118,0.286483
clsQDEIM,0.01,1,0.99,4,8,11,76,2.938395,0.161586,0.000858663,0.200799
SOPT,0.01,1,0.99,4,8,11,81,2.910429,0.187878,0.000370259,0.0936846
gappy-POD,0.01,1,0.99,4,8,11,81,2.361554,0.0986928,0.00133285,0.362722
QDEIM,0.01,1,0.99,4,8,11,81,2.772511,0.142046,0.000897168,0.237748
clsSOPT,0.01,1,0.99,4,8,11,81,2.910429,0.230544,0.000507836,0.144552
clsgappy-POD,0.01,1,0.99,4,8,11,81,4.897227,0.165911,0.000941169,0.262252
clsQDEIM,0.01,1,0.99,4,8,11,81,3.179671,0.166215,0.00085834,0.200669
SOPT,0.01,1,0.99,4,8,11,86,2.877861,0.193312,0.000348936,0.0901974
gappy-POD,0.01,1,0.99,4,8,11,86,2.160085,0.0903801,0.00137632,0.372541
QDEIM,0.01,1,0.99,4,8,11,86,2.489461,0.1497,0.000805613,0.19788
clsSOPT,0.01,1,0.99,4,8,11,86,2.877861,0.236194,0.000471384,0.129567
clsgappy-POD,0.01,1,0.99,4,8,11,86,5.792418,0.1703,0.000917264,0.252214
clsQDEIM,0.01,1,0.99,4,8,11,86,3.218585,0.166805,0.000858318,0.200585
SOPT,0.01,1,0.99,4,8,11,91,2.561273,0.20259,0.000306809,0.0884767
gappy-POD,0.01,1,0.99,4,8,11,91,2.332800,0.0990215,0.00132878,0.365232
QDEIM,0.01,1,0.99,4,8,11,91,2.502822,0.155187,0.000784547,0.185101
clsSOPT,0.01,1,0.99,4,8,11,91,2.561273,0.246876,0.000447741,0.122635
clsgappy-POD,0.01,1,0.99,4,8,11,91,4.561053,0.17739,0.000912829,0.251228
clsQDEIM,0.01,1,0.99,4,8,11,91,2.735146,0.173997,0.000846491,0.185976
SOPT,0.01,1,0.99,4,8,11,96,2.567825,0.2015,0.000306808,0.088463
gappy-POD,0.01,1,0.99,4,8,11,96,2.028999,0.109427,0.00128722,0.34771
QDEIM,0.01,1,0.99,4,8,11,96,2.531002,0.159043,0.000734961,0.165033
clsSOPT,0.01,1,0.99,4,8,11,96,2.567825,0.256508,0.000379454,0.104734
clsgappy-POD,0.01,1,0.99,4,8,11,96,4.989189,0.177499,0.000912465,0.249053
clsQDEIM,0.01,1,0.99,4,8,11,96,2.847887,0.180657,0.000838224,0.18412
SOPT,0.01,1,0.99,4,8,11,101,2.424206,0.204818,0.000306799,0.0879081
gappy-POD,0.01,1,0.99,4,8,11,101,2.025806,0.115151,0.00127042,0.335737
QDEIM,0.01,1,0.99,4,8,11,101,2.780024,0.159242,0.000734962,0.165025
clsSOPT,0.01,1,0.99,4,8,11,101,2.424206,0.26378,0.000367278,0.103711
clsgappy-POD,0.01,1,0.99,4,8,11,101,4.852391,0.180713,0.000912793,0.24934
clsQDEIM,0.01,1,0.99,4,8,11,101,2.851395,0.196454,0.000761691,0.164728
SOPT,0.01,1,0.99,4,8,11,106,2.532321,0.20125,0.000306756,0.0880767
gappy-POD,0.01,1,0.99,4,8,11,106,2.436290,0.11876,0.00125855,0.334789
QDEIM,0.01,1,0.99,4,8,11,106,2.676684,0.16573,0.000688157,0.153931
clsSOPT,0.01,1,0.99,4,8,11,106,2.532321,0.268746,0.000356821,0.100133
clsgappy-POD,0.01,1,0.99,4,8,11,106,4.444423,0.186321,0.000898448,0.244873
clsQDEIM,0.01,1,0.99,4,8,11,106,2.695034,0.206738,0.000756339,0.162068
SOPT,0.01,1,0.99,4,8,11,111,2.564732,0.206144,0.00030118,0.0847544
gappy-POD,0.01,1,0.99,4,8,11,111,2.087615,0.126073,0.0012579,0.336224
QDEIM,0.01,1,0.99,4,8,11,111,2.911592,0.171271,0.000675744,0.14715
clsSOPT,0.01,1,0.99,4,8,11,111,2.564732,0.279822,0.000328932,0.100417
clsgappy-POD,0.01,1,0.99,4,8,11,111,4.419041,0.190183,0.000893998,0.245787
clsQDEIM,0.01,1,0.99,4,8,11,111,2.693589,0.213345,0.000723637,0.151845
SOPT,0.01,1,0.99,4,8,11,116,2.661256,0.211657,0.000298359,0.0802138
gappy-POD,0.01,1,0.99,4,8,11,116,1.918572,0.126128,0.00125761,0.336462
QDEIM,0.01,1,0.99,4,8,11,116,3.282012,0.178895,0.00063513,0.133643
clsSOPT,0.01,1,0.99,4,8,11,116,2.661256,0.281511,0.000315072,0.0983664
clsgappy-POD,0.01,1,0.99,4,8,11,116,4.327374,0.194523,0.000893983,0.246493
clsQDEIM,0.01,1,0.99,4,8,11,116,2.566564,0.219349,0.000722007,0.152723
SOPT,0.01,1,0.99,4,8,11,121,2.221758,0.220542,0.000281047,0.0803961
gappy-POD,0.01,1,0.99,4,8,11,121,1.834339,0.126598,0.00125763,0.336945
QDEIM,0.01,1,0.99,4,8,11,121,3.806025,0.188684,0.000568049,0.120149
clsSOPT,0.01,1,0.99,4,8,11,121,2.221758,0.286984,0.000312084,0.0976754
clsgappy-POD,0.01,1,0.99,4,8,11,121,5.402184,0.200053,0.000880733,0.247232
clsQDEIM,0.01,1,0.99,4,8,11,121,2.585772,0.234165,0.000692626,0.138659
SOPT,0.01,1,0.99,4,8,11,126,2.203839,0.223107,0.000271493,0.0792495
gappy-POD,0.01,1,0.99,4,8,11,126,1.863825,0.129981,0.00125721,0.337309
QDEIM,0.01,1,0.99,4,8,11,126,3.264741,0.185358,0.000568042,0.120194
clsSOPT,0.01,1,0.99,4,8,11,126,2.203839,0.289023,0.000312084,0.0976847
clsgappy-POD,0.01,1,0.99,4,8,11,126,5.028406,0.204834,0.0008754,0.248182
clsQDEIM,0.01,1,0.99,4,8,11,126,2.506868,0.241288,0.000689482,0.136951
SOPT,0.01,2,0.999,7,15,23,28,22.525733,0.0914803,0.001058,0.22285
gappy-POD,0.01,2,0.999,7,15,23,28,20.005373,0.0662427,0.00134304,0.32486
QDEIM,0.01,2,0.999,7,15,23,28,19.397650,0.0673114,0.00135428,0.262014
clsSOPT,0.01,2,0.999,7,15,23,28,22.525733,0.0915703,0.0011742,0.250453
clsgappy-POD,0.01,2,0.999,7,15,23,28,28.024394,0.0837908,0.00130344,0.679207
clsQDEIM,0.01,2,0.999,7,15,23,28,19.552827,0.0901439,0.00124184,0.274043
SOPT,0.01,2,0.999,7,15,23,33,11.929885,0.108267,0.000963139,0.190468
gappy-POD,0.01,2,0.999,7,15,23,33,11.240109,0.069855,0.00132277,0.324866
QDEIM,0.01,2,0.999,7,15,23,33,10.086618,0.0780504,0.00129415,0.262371
clsSOPT,0.01,2,0.999,7,15,23,33,11.929885,0.110906,0.000999356,0.211253
clsgappy-POD,0.01,2,0.999,7,15,23,33,20.644355,0.0886087,0.00130255,0.666316
clsQDEIM,0.01,2,0.999,7,15,23,33,18.689384,0.0993046,0.00120091,0.251686
SOPT,0.01,2,0.999,7,15,23,38,7.438885,0.115515,0.000915112,0.163888
gappy-POD,0.01,2,0.999,7,15,23,38,8.510446,0.0765455,0.0012956,0.313485
QDEIM,0.01,2,0.999,7,15,23,38,9.109103,0.0831875,0.00126299,0.250957
clsSOPT,0.01,2,0.999,7,15,23,38,7.438885,0.126261,0.000960432,0.222769
clsgappy-POD,0.01,2,0.999,7,15,23,38,10.067439,0.09803,0.00127165,0.62545
clsQDEIM,0.01,2,0.999,7,15,23,38,9.567218,0.107016,0.00111804,0.225559
SOPT,0.01,2,0.999,7,15,23,43,7.533095,0.119419,0.000873287,0.151646
gappy-POD,0.01,2,0.999,7,15,23,43,6.814141,0.0822085,0.00122989,0.289285
QDEIM,0.01,2,0.999,7,15,23,43,8.400591,0.0919704,0.00117061,0.226557
clsSOPT,0.01,2,0.999,7,15,23,43,7.533095,0.135096,0.000932841,0.216816
clsgappy-POD,0.01,2,0.999,7,15,23,43,8.964293,0.10519,0.00122652,0.564511
clsQDEIM,0.01,2,0.999,7,15,23,43,7.584713,0.116958,0.00106274,0.20887
SOPT,0.01,2,0.999,7,15,23,48,5.238353,0.122639,0.000862046,0.166566
gappy-POD,0.01,2,0.999,7,15,23,48,7.163458,0.0942121,0.00117741,0.272064
QDEIM,0.01,2,0.999,7,15,23,48,6.201576,0.0953016,0.00110462,0.242249
clsSOPT,0.01,2,0.999,7,15,23,48,5.238353,0.142811,0.000921283,0.213623
clsgappy-POD,0.01,2,0.999,7,15,23,48,11.667087,0.120005,0.0011617,0.458054
clsQDEIM,0.01,2,0.999,7,15,23,48,6.743230,0.122185,0.00105477,0.207289
SOPT,0.01,2,0.999,7,15,23,53,5.721694,0.132858,0.000794328,0.157075
gappy-POD,0.01,2,0.999,7,15,23,53,4.871403,0.0934616,0.00119167,0.281054
QDEIM,0.01,2,0.999,7,15,23,53,6.426420,0.100684,0.00109369,0.237559
clsSOPT,0.01,2,0.999,7,15,23,53,5.721694,0.152464,0.000827474,0.195967
clsgappy-POD,0.01,2,0.999,7,15,23,53,9.379882,0.115829,0.00120245,0.495157
clsQDEIM,0.01,2,0.999,7,15,23,53,8.860316,0.132308,0.000980147,0.208694
SOPT,0.01,2,0.999,7,15,23,58,5.871257,0.134021,0.000790223,0.163343
gappy-POD,0.01,2,0.999,7,15,23,58,4.465538,0.0960564,0.00121351,0.289424
QDEIM,0.01,2,0.999,7,15,23,58,7.996581,0.10612,0.00106375,0.230536
clsSOPT,0.01,2,0.999,7,15,23,58,5.871257,0.160478,0.000773349,0.172802
clsgappy-POD,0.01,2,0.999,7,15,23,58,9.645157,0.117798,0.00117256,0.457181
clsQDEIM,0.01,2,0.999,7,15,23,58,6.483882,0.141989,0.000949437,0.202193
SOPT,0.01,2,0.999,7,15,23,63,5.150276,0.138209,0.000757665,0.166894
gappy-POD,0.01,2,0.999,7,15,23,63,3.936436,0.0995601,0.00118718,0.278898
QDEIM,0.01,2,0.999,7,15,23,63,7.170926,0.11243,0.000991492,0.217726
clsSOPT,0.01,2,0.999,7,15,23,63,5.150276,0.165001,0.000770118,0.17239
clsgappy-POD,0.01,2,0.999,7,15,23,63,8.235385,0.127536,0.00110828,0.431928
clsQDEIM,0.01,2,0.999,7,15,23,63,5.602101,0.148534,0.000940579,0.203604
SOPT,0.01,2,0.999,7,15,23,68,3.748531,0.138459,0.000756875,0.160689
gappy-POD,0.01,2,0.999,7,15,23,68,4.154193,0.101145,0.00116114,0.267366
QDEIM,0.01,2,0.999,7,15,23,68,7.854632,0.121464,0.000897174,0.206002
clsSOPT,0.01,2,0.999,7,15,23,68,3.748531,0.175854,0.000714019,0.146311
clsgappy-POD,0.01,2,0.999,7,15,23,68,7.922037,0.140039,0.00106838,0.408125
clsQDEIM,0.01,2,0.999,7,15,23,68,5.242411,0.151074,0.000940677,0.20324
SOPT,0.01,2,0.999,7,15,23,73,4.302066,0.153875,0.000730386,0.144957
gappy-POD,0.01,2,0.999,7,15,23,73,4.902645,0.106956,0.00116076,0.26493
QDEIM,0.01,2,0.999,7,15,23,73,6.385493,0.133422,0.00088687,0.20321
clsSOPT,0.01,2,0.999,7,15,23,73,4.302066,0.179735,0.000713838,0.145835
clsgappy-POD,0.01,2,0.999,7,15,23,73,7.203661,0.13623,0.00113576,0.438064
clsQDEIM,0.01,2,0.999,7,15,23,73,5.691880,0.158146,0.000909761,0.183369
SOPT,0.01,2,0.999,7,15,23,78,3.226690,0.15609,0.000702114,0.14453
gappy-POD,0.01,2,0.999,7,15,23,78,3.516256,0.105826,0.00116072,0.264361
QDEIM,0.01,2,0.999,7,15,23,78,6.898121,0.137538,0.000879517,0.20151
clsSOPT,0.01,2,0.999,7,15,23,78,3.226690,0.191162,0.000639191,0.128022
clsgappy-POD,0.01,2,0.999,7,15,23,78,7.996675,0.147119,0.00112953,0.434287
clsQDEIM,0.01,2,0.999,7,15,23,78,4.457328,0.170556,0.000788393,0.136143
SOPT,0.01,2,0.999,7,15,23,83,3.289144,0.166958,0.000679211,0.137116
gappy-POD,0.01,2,0.999,7,15,23,83,3.660117,0.105683,0.00117561,0.276264
QDEIM,0.01,2,0.999,7,15,23,83,7.643882,0.136317,0.000879429,0.201601
clsSOPT,0.01,2,0.999,7,15,23,83,3.289144,0.202537,0.000580724,0.113848
clsgappy-POD,0.01,2,0.999,7,15,23,83,7.184770,0.149373,0.00113007,0.429806
clsQDEIM,0.01,2,0.999,7,15,23,83,4.069904,0.178943,0.000717991,0.111709
SOPT,0.01,2,0.999,7,15,23,88,4.388236,0.169392,0.000666626,0.136475
gappy-POD,0.01,2,0.999,7,15,23,88,3.434715,0.108097,0.0011492,0.266166
QDEIM,0.01,2,0.999,7,15,23,88,7.277634,0.135838,0.000879312,0.201293
clsSOPT,0.01,2,0.999,7,15,23,88,4.388236,0.209529,0.000579719,0.111878
clsgappy-POD,0.01,2,0.999,7,15,23,88,6.940847,0.156427,0.0011138,0.419899
clsQDEIM,0.01,2,0.999,7,15,23,88,4.667667,0.185132,0.000718638,0.111039
SOPT,0.01,2,0.999,7,15,23,93,4.027063,0.176814,0.000624365,0.132249
gappy-POD,0.01,2,0.999,7,15,23,93,3.507656,0.113136,0.00113059,0.264373
QDEIM,0.01,2,0.999,7,15,23,93,5.879722,0.135567,0.000879485,0.201031
clsSOPT,0.01,2,0.999,7,15,23,93,4.027063,0.21107,0.000579779,0.111922
clsgappy-POD,0.01,2,0.999,7,15,23,93,8.637179,0.161185,0.00110097,0.41849
clsQDEIM,0.01,2,0.999,7,15,23,93,5.053567,0.193419,0.000647343,0.102068
SOPT,0.01,2,0.999,7,15,23,98,3.404132,0.188211,0.000585167,0.118529
gappy-POD,0.01,2,0.999,7,15,23,98,3.133403,0.117859,0.00111261,0.251879
QDEIM,0.01,2,0.999,7,15,23,98,5.451848,0.13542,0.000879306,0.202325
clsSOPT,0.01,2,0.999,7,15,23,98,3.404132,0.222505,0.000533034,0.108037
clsgappy-POD,0.01,2,0.999,7,15,23,98,7.064295,0.159389,0.00110066,0.421938
clsQDEIM,0.01,2,0.999,7,15,23,98,4.240117,0.199143,0.000632012,0.0999391
SOPT,0.01,2,0.999,7,15,23,103,3.990414,0.204763,0.000507094,0.103234
gappy-POD,0.01,2,0.999,7,15,23,103,2.908157,0.119105,0.0011125,0.253961
QDEIM,0.01,2,0.999,7,15,23,103,5.346187,0.140816,0.000835986,0.212831
clsSOPT,0.01,2,0.999,7,15,23,103,3.990414,0.227881,0.000525233,0.107415
clsgappy-POD,0.01,2,0.999,7,15,23,103,7.816248,0.166488,0.00109872,0.419648
clsQDEIM,0.01,2,0.999,7,15,23,103,4.528035,0.204952,0.000601269,0.0961959
SOPT,0.01,2,0.999,7,15,23,108,3.481412,0.212152,0.000499682,0.105511
gappy-POD,0.01,2,0.999,7,15,23,108,2.844873,0.120051,0.0011034,0.245012
QDEIM,0.01,2,0.999,7,15,23,108,5.521115,0.145975,0.000830206,0.211374
clsSOPT,0.01,2,0.999,7,15,23,108,3.481412,0.24449,0.00051226,0.107143
clsgappy-POD,0.01,2,0.999,7,15,23,108,8.071969,0.173509,0.00103206,0.401963
clsQDEIM,0.01,2,0.999,7,15,23,108,4.400759,0.209981,0.000593599,0.0992185
SOPT,0.01,2,0.999,7,15,23,113,3.298954,0.216209,0.000474855,0.103085
gappy-POD,0.01,2,0.999,7,15,23,113,2.887653,0.121044,0.00110347,0.244092
QDEIM,0.01,2,0.999,7,15,23,113,4.821986,0.148558,0.000794699,0.208725
clsSOPT,0.01,2,0.999,7,15,23,113,3.298954,0.248168,0.000502633,0.106755
clsgappy-POD,0.01,2,0.999,7,15,23,113,7.176365,0.180576,0.000971053,0.356006
clsQDEIM,0.01,2,0.999,7,15,23,113,4.649550,0.221214,0.000520969,0.100831
SOPT,0.01,2,0.999,7,15,23,118,3.648263,0.221874,0.000422755,0.0981953
gappy-POD,0.01,2,0.999,7,15,23,118,2.772532,0.125618,0.00109144,0.241085
QDEIM,0.01,2,0.999,7,15,23,118,4.950803,0.148188,0.000794722,0.208138
clsSOPT,0.01,2,0.999,7,15,23,118,3.648263,0.254364,0.000479485,0.103365
clsgappy-POD,0.01,2,0.999,7,15,23,118,6.902364,0.192372,0.000923495,0.352388
clsQDEIM,0.01,2,0.999,7,15,23,118,4.074605,0.231265,0.000514783,0.0999237
SOPT,0.01,2,0.999,7,15,23,123,3.656121,0.232087,0.000408411,0.0958771
gappy-POD,0.01,2,0.999,7,15,23,123,3.609749,0.1291,0.00102469,0.225649
QDEIM,0.01,2,0.999,7,15,23,123,5.048494,0.154426,0.000728044,0.203322
clsSOPT,0.01,2,0.999,7,15,23,123,3.656121,0.263737,0.000435817,0.0974245
clsgappy-POD,0.01,2,0.999,7,15,23,123,7.122347,0.195528,0.000919003,0.35083
clsQDEIM,0.01,2,0.999,7,15,23,123,4.272182,0.23805,0.000508925,0.0949848
SOPT,0.01,2,0.999,7,15,23,128,3.364644,0.23086,0.000408361,0.0958196
gappy-POD,0.01,2,0.999,7,15,23,128,3.205270,0.129765,0.00102467,0.225812
QDEIM,0.01,2,0.999,7,15,23,128,4.560844,0.15859,0.000684093,0.200926
clsSOPT,0.01,2,0.999,7,15,23,128,3.364644,0.267263,0.000431078,0.0966245
clsgappy-POD,0.01,2,0.999,7,15,23,128,7.955991,0.202761,0.000832925,0.302714
clsQDEIM,0.01,2,0.999,7,15,23,128,4.622829,0.247061,0.000488665,0.0919928
SOPT,0.01,2,0.999,7,15,23,133,3.344200,0.232149,0.000408261,0.0958226
gappy-POD,0.01,2,0.999,7,15,23,133,3.423225,0.131536,0.00102468,0.226065
QDEIM,0.01,2,0.999,7,15,23,133,5.255767,0.164946,0.000624122,0.198282
clsSOPT,0.01,2,0.999,7,15,23,133,3.344200,0.272124,0.000424457,0.0968833
clsgappy-POD,0.01,2,0.999,7,15,23,133,7.919438,0.204446,0.000832384,0.30229
clsQDEIM,0.01,2,0.999,7,15,23,133,4.289253,0.252026,0.000488725,0.0913674
SOPT,0.01,2,0.999,7,15,23,138,3.268781,0.2413,0.000379624,0.0946337
gappy-POD,0.01,2,0.999,7,15,23,138,2.743412,0.135495,0.000971815,0.212464
QDEIM,0.01,2,0.999,7,15,23,138,5.953435,0.167215,0.000620726,0.197882
clsSOPT,0.01,2,0.999,7,15,23,138,3.268781,0.282284,0.00039455,0.0972886
clsgappy-POD,0.01,2,0.999,7,15,23,138,6.846418,0.219911,0.00072097,0.225363
clsQDEIM,0.01,2,0.999,7,15,23,138,15.639976,0.257279,0.000487208,0.0910862
SOPT,0.01,3,0.9999,11,27,36,41,35.331997,0.121674,0.000867579,0.172703
gappy-POD,0.01,3,0.9999,11,27,36,41,28.080928,0.0931486,0.00126145,0.29988
QDEIM,0.01,3,0.9999,11,27,36,41,27.110323,0.0956987,0.00117626,0.314126
clsSOPT,0.01,3,0.9999,11,27,36,41,35.331997,0.128591,0.00102022,0.220713
clsgappy-POD,0.01,3,0.9999,11,27,36,41,48.279854,0.120777,0.00119491,0.511635
clsQDEIM,0.01,3,0.9999,11,27,36,41,91.731841,0.121644,0.00119289,0.316442
SOPT,0.01,3,0.9999,11,27,36,46,22.467657,0.128638,0.000838435,0.214126
gappy-POD,0.01,3,0.9999,11,27,36,46,12.574868,0.100621,0.00123339,0.321667
QDEIM,0.01,3,0.9999,11,27,36,46,18.686691,0.103637,0.0010705,0.31952
clsSOPT,0.01,3,0.9999,11,27,36,46,22.467657,0.136494,0.000960327,0.212497
clsgappy-POD,0.01,3,0.9999,11,27,36,46,34.530421,0.136692,0.00114785,0.51989
clsQDEIM,0.01,3,0.9999,11,27,36,46,22.092998,0.127785,0.00116854,0.299103
SOPT,0.01,3,0.9999,11,27,36,51,16.612530,0.135544,0.000760741,0.190003
gappy-POD,0.01,3,0.9999,11,27,36,51,12.012185,0.105175,0.00121807,0.307704
QDEIM,0.01,3,0.9999,11,27,36,51,14.168557,0.109991,0.00103285,0.285281
clsSOPT,0.01,3,0.9999,11,27,36,51,16.612530,0.156161,0.000874278,0.242432
clsgappy-POD,0.01,3,0.9999,11,27,36,51,39.725440,0.129247,0.00117225,0.555898
clsQDEIM,0.01,3,0.9999,11,27,36,51,10.536618,0.13766,0.00104906,0.277834
SOPT,0.01,3,0.9999,11,27,36,56,14.102834,0.146125,0.000702022,0.166655
gappy-POD,0.01,3,0.9999,11,27,36,56,9.837036,0.111615,0.00112537,0.296006
QDEIM,0.01,3,0.9999,11,27,36,56,9.889899,0.121329,0.000884028,0.253716
clsSOPT,0.01,3,0.9999,11,27,36,56,14.102834,0.170729,0.000788773,0.222724
clsgappy-POD,0.01,3,0.9999,11,27,36,56,21.665047,0.136803,0.0011185,0.474197
clsQDEIM,0.01,3,0.9999,11,27,36,56,8.436745,0.146365,0.0010427,0.275171
SOPT,0.01,3,0.9999,11,27,36,61,10.143763,0.148245,0.000696346,0.163146
gappy-POD,0.01,3,0.9999,11,27,36,61,6.951420,0.118141,0.001067,0.278625
QDEIM,0.01,3,0.9999,11,27,36,61,9.205166,0.126247,0.000821423,0.254527
clsSOPT,0.01,3,0.9999,11,27,36,61,10.143763,0.17439,0.000755929,0.197925
clsgappy-POD,0.01,3,0.9999,11,27,36,61,17.002479,0.146961,0.00107942,0.452147
clsQDEIM,0.01,3,0.9999,11,27,36,61,8.952715,0.146754,0.001043,0.272235
SOPT,0.01,3,0.9999,11,27,36,66,7.938636,0.152359,0.00067507,0.158727
gappy-POD,0.01,3,0.9999,11,27,36,66,6.417986,0.114422,0.00108914,0.27152
QDEIM,0.01,3,0.9999,11,27,36,66,6.601363,0.128346,0.000819472,0.242989
clsSOPT,0.01,3,0.9999,11,27,36,66,7.938636,0.185632,0.000657679,0.173738
clsgappy-POD,0.01,3,0.9999,11,27,36,66,13.125251,0.150519,0.00106401,0.434886
clsQDEIM,0.01,3,0.9999,11,27,36,66,9.797260,0.156386,0.000996996,0.265867
SOPT,0.01,3,0.9999,11,27,36,71,8.761086,0.162319,0.000665992,0.156478
gappy-POD,0.01,3,0.9999,11,27,36,71,6.438558,0.114369,0.00108934,0.273751
QDEIM,0.01,3,0.9999,11,27,36,71,7.605341,0.130222,0.000814718,0.243865
clsSOPT,0.01,3,0.9999,11,27,36,71,8.761086,0.191258,0.000592703,0.144103
clsgappy-POD,0.01,3,0.9999,11,27,36,71,11.397445,0.160781,0.000977493,0.405264
clsQDEIM,0.01,3,0.9999,11,27,36,71,8.556572,0.178929,0.000898146,0.250858
SOPT,0.01,3,0.9999,11,27,36,76,6.173092,0.161565,0.000662773,0.156562
gappy-POD,0.01,3,0.9999,11,27,36,76,5.831613,0.130485,0.00105994,0.270868
QDEIM,0.01,3,0.9999,11,27,36,76,5.484129,0.140283,0.000800513,0.239659
clsSOPT,0.01,3,0.9999,11,27,36,76,6.173092,0.195037,0.000573294,0.144027
clsgappy-POD,0.01,3,0.9999,11,27,36,76,14.077834,0.167949,0.0010819,0.316132
clsQDEIM,0.01,3,0.9999,11,27,36,76,8.404608,0.187079,0.000837423,0.243201
SOPT,0.01,3,0.9999,11,27,36,81,6.558015,0.164011,0.000661476,0.152242
gappy-POD,0.01,3,0.9999,11,27,36,81,5.909837,0.134597,0.00105436,0.2644
QDEIM,0.01,3,0.9999,11,27,36,81,6.089967,0.142666,0.00079791,0.225897
clsSOPT,0.01,3,0.9999,11,27,36,81,6.558015,0.202131,0.000543436,0.126695
clsgappy-POD,0.01,3,0.9999,11,27,36,81,13.676284,0.18178,0.00101565,0.421198
clsQDEIM,0.01,3,0.9999,11,27,36,81,9.278130,0.188622,0.000836973,0.244117
SOPT,0.01,3,0.9999,11,27,36,86,6.545150,0.173562,0.000639282,0.143203
gappy-POD,0.01,3,0.9999,11,27,36,86,5.069971,0.135694,0.00109383,0.268597
QDEIM,0.01,3,0.9999,11,27,36,86,5.936886,0.146618,0.000789063,0.228474
clsSOPT,0.01,3,0.9999,11,27,36,86,6.545150,0.211642,0.000519235,0.126699
clsgappy-POD,0.01,3,0.9999,11,27,36,86,11.646891,0.174304,0.000985254,0.425428
clsQDEIM,0.01,3,0.9999,11,27,36,86,8.082836,0.198101,0.000826279,0.246715
SOPT,0.01,3,0.9999,11,27,36,91,6.382992,0.176432,0.000623891,0.146155
gappy-POD,0.01,3,0.9999,11,27,36,91,4.683577,0.13847,0.00103925,0.242589
QDEIM,0.01,3,0.9999,11,27,36,91,5.193800,0.148098,0.000789805,0.228619
clsSOPT,0.01,3,0.9999,11,27,36,91,6.382992,0.221517,0.000505827,0.12874
clsgappy-POD,0.01,3,0.9999,11,27,36,91,11.246205,0.181492,0.000992878,0.349527
clsQDEIM,0.01,3,0.9999,11,27,36,91,6.922347,0.196848,0.000826261,0.247487
SOPT,0.01,3,0.9999,11,27,36,96,5.504521,0.181468,0.000561461,0.139033
gappy-POD,0.01,3,0.9999,11,27,36,96,4.754743,0.141614,0.00106039,0.250779
QDEIM,0.01,3,0.9999,11,27,36,96,4.461525,0.151561,0.000789992,0.225232
clsSOPT,0.01,3,0.9999,11,27,36,96,5.504521,0.227172,0.000474364,0.1141
clsgappy-POD,0.01,3,0.9999,11,27,36,96,10.664679,0.1853,0.00106214,0.395905
clsQDEIM,0.01,3,0.9999,11,27,36,96,7.369642,0.200264,0.000819485,0.238478
SOPT,0.01,3,0.9999,11,27,36,101,4.916364,0.184148,0.000534893,0.126131
gappy-POD,0.01,3,0.9999,11,27,36,101,4.983810,0.143895,0.00100489,0.246437
QDEIM,0.01,3,0.9999,11,27,36,101,4.727259,0.150801,0.000773413,0.232477
clsSOPT,0.01,3,0.9999,11,27,36,101,4.916364,0.231904,0.000453761,0.10767
clsgappy-POD,0.01,3,0.9999,11,27,36,101,11.096327,0.205439,0.000915632,0.323897
clsQDEIM,0.01,3,0.9999,11,27,36,101,6.792460,0.205612,0.00081822,0.238691
SOPT,0.01,3,0.9999,11,27,36,106,5.121841,0.184962,0.00053513,0.124657
gappy-POD,0.01,3,0.9999,11,27,36,106,5.015994,0.143765,0.00100468,0.245473
QDEIM,0.01,3,0.9999,11,27,36,106,4.865641,0.155158,0.000734892,0.213775
clsSOPT,0.01,3,0.9999,11,27,36,106,5.121841,0.243731,0.000435577,0.108589
clsgappy-POD,0.01,3,0.9999,11,27,36,106,11.123614,0.20568,0.000911322,0.316889
clsQDEIM,0.01,3,0.9999,11,27,36,106,5.273059,0.207632,0.000817443,0.239609
SOPT,0.01,3,0.9999,11,27,36,111,5.039931,0.186844,0.000524147,0.128327
gappy-POD,0.01,3,0.9999,11,27,36,111,4.420329,0.149977,0.0010004,0.246504
QDEIM,0.01,3,0.9999,11,27,36,111,4.126059,0.155129,0.000734782,0.213171
clsSOPT,0.01,3,0.9999,11,27,36,111,5.039931,0.24644,0.000417244,0.11212
clsgappy-POD,0.01,3,0.9999,11,27,36,111,10.184713,0.208013,0.000920393,0.320506
clsQDEIM,0.01,3,0.9999,11,27,36,111,5.923271,0.214203,0.000785352,0.240134
SOPT,0.01,3,0.9999,11,27,36,116,5.149885,0.187745,0.000515033,0.130014
gappy-POD,0.01,3,0.9999,11,27,36,116,4.057723,0.152101,0.000981137,0.247418
QDEIM,0.01,3,0.9999,11,27,36,116,4.229014,0.157858,0.00069891,0.193776
clsSOPT,0.01,3,0.9999,11,27,36,116,5.149885,0.252053,0.000358292,0.10642
clsgappy-POD,0.01,3,0.9999,11,27,36,116,11.643507,0.213536,0.000909468,0.294
clsQDEIM,0.01,3,0.9999,11,27,36,116,5.783325,0.213921,0.000785256,0.239941
SOPT,0.01,3,0.9999,11,27,36,121,4.597344,0.190132,0.000485376,0.118348
gappy-POD,0.01,3,0.9999,11,27,36,121,4.193527,0.162327,0.000965778,0.226332
QDEIM,0.01,3,0.9999,11,27,36,121,4.112956,0.156564,0.000699111,0.192752
clsSOPT,0.01,3,0.9999,11,27,36,121,4.597344,0.254273,0.000358305,0.106152
clsgappy-POD,0.01,3,0.9999,11,27,36,121,11.287589,0.218666,0.00093951,0.341896
clsQDEIM,0.01,3,0.9999,11,27,36,121,5.352301,0.217326,0.000785136,0.239949
SOPT,0.01,3,0.9999,11,27,36,126,4.659624,0.199363,0.000448929,0.117418
gappy-POD,0.01,3,0.9999,11,27,36,126,3.681854,0.158689,0.00101643,0.255821
QDEIM,0.01,3,0.9999,11,27,36,126,3.825462,0.162385,0.000689572,0.19008
clsSOPT,0.01,3,0.9999,11,27,36,126,4.659624,0.263914,0.000342922,0.0998417
clsgappy-POD,0.01,3,0.9999,11,27,36,126,8.220741,0.218371,0.000948329,0.336517
clsQDEIM,0.01,3,0.9999,11,27,36,126,4.790108,0.222484,0.000758313,0.228104
SOPT,0.01,3,0.9999,11,27,36,131,4.193312,0.205882,0.00042009,0.116243
gappy-POD,0.01,3,0.9999,11,27,36,131,4.566478,0.163899,0.000917968,0.229938
QDEIM,0.01,3,0.9999,11,27,36,131,4.296656,0.163451,0.00068931,0.191076
clsSOPT,0.01,3,0.9999,11,27,36,131,4.193312,0.270327,0.000342786,0.0992832
clsgappy-POD,0.01,3,0.9999,11,27,36,131,11.377591,0.225417,0.000917631,0.312361
clsQDEIM,0.01,3,0.9999,11,27,36,131,5.288602,0.226018,0.000758387,0.228344
SOPT,0.01,3,0.9999,11,27,36,136,3.791675,0.204622,0.00041978,0.116848
gappy-POD,0.01,3,0.9999,11,27,36,136,3.709023,0.16817,0.00090317,0.225131
QDEIM,0.01,3,0.9999,11,27,36,136,3.914011,0.174889,0.000659865,0.182775
clsSOPT,0.01,3,0.9999,11,27,36,136,3.791675,0.274802,0.000336833,0.0992998
clsgappy-POD,0.01,3,0.9999,11,27,36,136,8.970426,0.240378,0.000829576,0.269034
clsQDEIM,0.01,3,0.9999,11,27,36,136,4.725187,0.227295,0.000758335,0.227955
SOPT,0.01,3,0.9999,11,27,36,141,3.998109,0.205066,0.000419888,0.117164
gappy-POD,0.01,3,0.9999,11,27,36,141,3.321304,0.17215,0.000902017,0.222747
QDEIM,0.01,3,0.9999,11,27,36,141,3.467902,0.183105,0.000615505,0.17683
clsSOPT,0.01,3,0.9999,11,27,36,141,3.998109,0.288011,0.000300047,0.0944445
clsgappy-POD,0.01,3,0.9999,11,27,36,141,8.028199,0.240666,0.00082339,0.253011
clsQDEIM,0.01,3,0.9999,11,27,36,141,4.461838,0.228633,0.00075834,0.228278
SOPT,0.01,3,0.9999,11,27,36,146,3.686197,0.206972,0.000420208,0.117089
gappy-POD,0.01,3,0.9999,11,27,36,146,4.165585,0.17199,0.000893969,0.221286
QDEIM,0.01,3,0.9999,11,27,36,146,3.500269,0.187786,0.000583354,0.176607
clsSOPT,0.01,3,0.9999,11,27,36,146,3.686197,0.293106,0.000299851,0.0937424
clsgappy-POD,0.01,3,0.9999,11,27,36,146,9.768235,0.247683,0.000787691,0.275572
clsQDEIM,0.01,3,0.9999,11,27,36,146,4.475987,0.232453,0.000732301,0.216184
SOPT,0.01,3,0.9999,11,27,36,151,3.680535,0.210786,0.000389827,0.116845
gappy-POD,0.01,3,0.9999,11,27,36,151,3.368975,0.176672,0.00090067,0.225244
QDEIM,0.01,3,0.9999,11,27,36,151,4.164226,0.187411,0.000583586,0.175799
clsSOPT,0.01,3,0.9999,11,27,36,151,3.680535,0.299097,0.000287531,0.0917054
clsgappy-POD,0.01,3,0.9999,11,27,36,151,11.829324,0.253443,0.000800131,0.27363
clsQDEIM,0.01,3,0.9999,11,27,36,151,5.010179,0.242897,0.000685769,0.197102
SOPT,0.01,4,0.99999,16,39,47,52,59.882747,0.136166,0.000819314,0.245586
gappy-POD,0.01,4,0.99999,16,39,47,52,32.364910,0.107761,0.0012184,0.324893
QDEIM,0.01,4,0.99999,16,39,47,52,42.512337,0.108044,0.00119182,0.329701
clsSOPT,0.01,4,0.99999,16,39,47,52,59.882747,0.148682,0.00099925,0.239722
clsgappy-POD,0.01,4,0.99999,16,39,47,52,52.491516,0.138692,0.00122244,0.44566
clsQDEIM,0.01,4,0.99999,16,39,47,52,48.489924,0.141247,0.00119169,0.284224
SOPT,0.01,4,0.99999,16,39,47,57,24.411786,0.142228,0.000796738,0.230223
gappy-POD,0.01,4,0.99999,16,39,47,57,30.213288,0.101869,0.00124454,0.329196
QDEIM,0.01,4,0.99999,16,39,47,57,19.164058,0.118388,0.00117307,0.318677
clsSOPT,0.01,4,0.99999,16,39,47,57,24.411786,0.160894,0.000927653,0.247502
clsgappy-POD,0.01,4,0.99999,16,39,47,57,54.436645,0.144012,0.00120848,0.471232
clsQDEIM,0.01,4,0.99999,16,39,47,57,26.014558,0.143204,0.00118802,0.286898
SOPT,0.01,4,0.99999,16,39,47,62,14.033804,0.145032,0.000754446,0.221045
gappy-POD,0.01,4,0.99999,16,39,47,62,14.158443,0.106641,0.00122894,0.321938
QDEIM,0.01,4,0.99999,16,39,47,62,23.075355,0.123661,0.00109645,0.305858
clsSOPT,0.01,4,0.99999,16,39,47,62,14.033804,0.166263,0.000918966,0.248626
clsgappy-POD,0.01,4,0.99999,16,39,47,62,39.249479,0.14759,0.00119429,0.503744
clsQDEIM,0.01,4,0.99999,16,39,47,62,18.908819,0.159595,0.00109526,0.255349
SOPT,0.01,4,0.99999,16,39,47,67,9.914956,0.148637,0.000750931,0.21647
gappy-POD,0.01,4,0.99999,16,39,47,67,16.973017,0.117947,0.00112272,0.302109
QDEIM,0.01,4,0.99999,16,39,47,67,19.441098,0.134488,0.000970222,0.268434
clsSOPT,0.01,4,0.99999,16,39,47,67,9.914956,0.176994,0.000781609,0.217394
clsgappy-POD,0.01,4,0.99999,16,39,47,67,36.445621,0.15509,0.00108279,0.481747
clsQDEIM,0.01,4,0.99999,16,39,47,67,16.633900,0.167651,0.00100914,0.241098
SOPT,0.01,4,0.99999,16,39,47,72,13.099407,0.155242,0.000730888,0.212567
gappy-POD,0.01,4,0.99999,16,39,47,72,9.631248,0.123106,0.00107532,0.2889
QDEIM,0.01,4,0.99999,16,39,47,72,21.747711,0.138281,0.000958219,0.265728
clsSOPT,0.01,4,0.99999,16,39,47,72,13.099407,0.187415,0.000766614,0.213852
clsgappy-POD,0.01,4,0.99999,16,39,47,72,23.200953,0.159908,0.00104874,0.462596
clsQDEIM,0.01,4,0.99999,16,39,47,72,10.596171,0.173186,0.00100379,0.241215
SOPT,0.01,4,0.99999,16,39,47,77,11.024633,0.158712,0.000718484,0.210018
gappy-POD,0.01,4,0.99999,16,39,47,77,8.515646,0.11769,0.00110266,0.285595
QDEIM,0.01,4,0.99999,16,39,47,77,13.505672,0.148751,0.000878454,0.246281
clsSOPT,0.01,4,0.99999,16,39,47,77,11.024633,0.201891,0.000737433,0.211588
clsgappy-POD,0.01,4,0.99999,16,39,47,77,18.299671,0.159519,0.00110368,0.528521
clsQDEIM,0.01,4,0.99999,16,39,47,77,12.883268,0.182942,0.000998759,0.239076
SOPT,0.01,4,0.99999,16,39,47,82,8.740415,0.16251,0.000701785,0.206988
gappy-POD,0.01,4,0.99999,16,39,47,82,8.649978,0.115085,0.00110706,0.294769
QDEIM,0.01,4,0.99999,16,39,47,82,10.163716,0.153973,0.000880061,0.242183
clsSOPT,0.01,4,0.99999,16,39,47,82,8.740415,0.206158,0.000680445,0.218722
clsgappy-POD,0.01,4,0.99999,16,39,47,82,13.522875,0.163337,0.00111081,0.486436
clsQDEIM,0.01,4,0.99999,16,39,47,82,12.697098,0.196333,0.000872956,0.212516
SOPT,0.01,4,0.99999,16,39,47,87,7.732839,0.167189,0.000689684,0.204411
gappy-POD,0.01,4,0.99999,16,39,47,87,7.720241,0.125646,0.00108609,0.287455
QDEIM,0.01,4,0.99999,16,39,47,87,11.617234,0.158086,0.000847495,0.237754
clsSOPT,0.01,4,0.99999,16,39,47,87,7.732839,0.216464,0.000631209,0.195069
clsgappy-POD,0.01,4,0.99999,16,39,47,87,13.352808,0.170826,0.00108377,0.453921
clsQDEIM,0.01,4,0.99999,16,39,47,87,10.837423,0.199027,0.000804754,0.193616
SOPT,0.01,4,0.99999,16,39,47,92,7.198256,0.170075,0.000682786,0.202365
gappy-POD,0.01,4,0.99999,16,39,47,92,6.971935,0.131154,0.00107218,0.290166
QDEIM,0.01,4,0.99999,16,39,47,92,9.072565,0.159338,0.000788798,0.224396
clsSOPT,0.01,4,0.99999,16,39,47,92,7.198256,0.236768,0.000465924,0.149498
clsgappy-POD,0.01,4,0.99999,16,39,47,92,13.355432,0.177524,0.00105866,0.413388
clsQDEIM,0.01,4,0.99999,16,39,47,92,11.182405,0.205344,0.000799229,0.193936
SOPT,0.01,4,0.99999,16,39,47,97,7.980199,0.177296,0.00059922,0.180746
gappy-POD,0.01,4,0.99999,16,39,47,97,7.454664,0.132406,0.00106449,0.273757
QDEIM,0.01,4,0.99999,16,39,47,97,10.488124,0.165596,0.000725762,0.206315
clsSOPT,0.01,4,0.99999,16,39,47,97,7.980199,0.241477,0.000464962,0.149334
clsgappy-POD,0.01,4,0.99999,16,39,47,97,17.362146,0.196705,0.00101894,0.39676
clsQDEIM,0.01,4,0.99999,16,39,47,97,10.103655,0.21085,0.00076641,0.188627
SOPT,0.01,4,0.99999,16,39,47,102,6.355558,0.17637,0.000598062,0.178523
gappy-POD,0.01,4,0.99999,16,39,47,102,5.398873,0.146718,0.00104118,0.282833
QDEIM,0.01,4,0.99999,16,39,47,102,7.511253,0.169137,0.000718582,0.203864
clsSOPT,0.01,4,0.99999,16,39,47,102,6.355558,0.241921,0.000447127,0.14825
clsgappy-POD,0.01,4,0.99999,16,39,47,102,15.108511,0.205475,0.000918209,0.438987
clsQDEIM,0.01,4,0.99999,16,39,47,102,8.657542,0.220572,0.000751887,0.186091
SOPT,0.01,4,0.99999,16,39,47,107,5.764449,0.176922,0.000598066,0.179252
gappy-POD,0.01,4,0.99999,16,39,47,107,7.151685,0.152175,0.00105699,0.284262
QDEIM,0.01,4,0.99999,16,39,47,107,7.907552,0.169403,0.000668663,0.187382
clsSOPT,0.01,4,0.99999,16,39,47,107,5.764449,0.247013,0.000436033,0.14643
clsgappy-POD,0.01,4,0.99999,16,39,47,107,14.385134,0.209354,0.000933583,0.375642
clsQDEIM,0.01,4,0.99999,16,39,47,107,8.017717,0.221732,0.000751881,0.185249
SOPT,0.01,4,0.99999,16,39,47,112,6.399030,0.180549,0.000583936,0.179641
gappy-POD,0.01,4,0.99999,16,39,47,112,5.619706,0.15206,0.00102335,0.27164
QDEIM,0.01,4,0.99999,16,39,47,112,10.043635,0.175932,0.000621005,0.171075
clsSOPT,0.01,4,0.99999,16,39,47,112,6.399030,0.25468,0.000430414,0.146071
clsgappy-POD,0.01,4,0.99999,16,39,47,112,13.080135,0.202418,0.00104451,0.395238
clsQDEIM,0.01,4,0.99999,16,39,47,112,7.372331,0.233302,0.000728443,0.184312
SOPT,0.01,4,0.99999,16,39,47,117,4.914622,0.181234,0.000580643,0.179063
gappy-POD,0.01,4,0.99999,16,39,47,117,5.636683,0.151198,0.00106337,0.279609
QDEIM,0.01,4,0.99999,16,39,47,117,8.867174,0.182933,0.00054512,0.152894
clsSOPT,0.01,4,0.99999,16,39,47,117,4.914622,0.254625,0.000430518,0.146759
clsgappy-POD,0.01,4,0.99999,16,39,47,117,16.444986,0.207986,0.00102998,0.470996
clsQDEIM,0.01,4,0.99999,16,39,47,117,6.726460,0.235936,0.000728214,0.184204
SOPT,0.01,4,0.99999,16,39,47,122,5.048964,0.183436,0.000580605,0.178434
gappy-POD,0.01,4,0.99999,16,39,47,122,6.552434,0.152133,0.000998803,0.273298
QDEIM,0.01,4,0.99999,16,39,47,122,8.274874,0.195624,0.000516662,0.143102
clsSOPT,0.01,4,0.99999,16,39,47,122,5.048964,0.263158,0.000410457,0.141161
clsgappy-POD,0.01,4,0.99999,16,39,47,122,15.737905,0.218826,0.000964927,0.421382
clsQDEIM,0.01,4,0.99999,16,39,47,122,6.174251,0.234927,0.000728051,0.184336
SOPT,0.01,4,0.99999,16,39,47,127,5.104030,0.19178,0.000551847,0.167492
gappy-POD,0.01,4,0.99999,16,39,47,127,4.520235,0.152796,0.00100205,0.27299
QDEIM,0.01,4,0.99999,16,39,47,127,10.490293,0.200779,0.000491645,0.139696
clsSOPT,0.01,4,0.99999,16,39,47,127,5.104030,0.269736,0.000389941,0.133824
clsgappy-POD,0.01,4,0.99999,16,39,47,127,11.746093,0.221076,0.000984541,0.417716
clsQDEIM,0.01,4,0.99999,16,39,47,127,7.430838,0.238875,0.000728004,0.184721
SOPT,0.01,4,0.99999,16,39,47,132,5.102887,0.195682,0.00054537,0.167202
gappy-POD,0.01,4,0.99999,16,39,47,132,4.499741,0.153275,0.00100232,0.27342
QDEIM,0.01,4,0.99999,16,39,47,132,9.907526,0.199694,0.000491644,0.139549
clsSOPT,0.01,4,0.99999,16,39,47,132,5.102887,0.279289,0.000352755,0.12886
clsgappy-POD,0.01,4,0.99999,16,39,47,132,12.336583,0.22935,0.000929626,0.402054
clsQDEIM,0.01,4,0.99999,16,39,47,132,5.877270,0.246074,0.000698421,0.179344
SOPT,0.01,4,0.99999,16,39,47,137,4.855735,0.19563,0.000544222,0.167023
gappy-POD,0.01,4,0.99999,16,39,47,137,4.663274,0.156784,0.00100157,0.273127
QDEIM,0.01,4,0.99999,16,39,47,137,10.938259,0.205121,0.000445394,0.135303
clsSOPT,0.01,4,0.99999,16,39,47,137,4.855735,0.283229,0.000347962,0.130147
clsgappy-POD,0.01,4,0.99999,16,39,47,137,13.002380,0.236069,0.000924481,0.407116
clsQDEIM,0.01,4,0.99999,16,39,47,137,5.708867,0.250132,0.000684021,0.187824
SOPT,0.01,4,0.99999,16,39,47,142,4.622324,0.198728,0.000516876,0.165638
gappy-POD,0.01,4,0.99999,16,39,47,142,4.498191,0.159247,0.000989434,0.271747
QDEIM,0.01,4,0.99999,16,39,47,142,10.010330,0.203924,0.000445637,0.135212
clsSOPT,0.01,4,0.99999,16,39,47,142,4.622324,0.294521,0.00033119,0.129844
clsgappy-POD,0.01,4,0.99999,16,39,47,142,11.918070,0.242074,0.000954555,0.426575
clsQDEIM,0.01,4,0.99999,16,39,47,142,5.895916,0.252077,0.000684086,0.187916
SOPT,0.01,4,0.99999,16,39,47,147,4.623312,0.206645,0.000470096,0.154609
gappy-POD,0.01,4,0.99999,16,39,47,147,4.799581,0.160586,0.00098998,0.271098
QDEIM,0.01,4,0.99999,16,39,47,147,9.186130,0.210703,0.000416338,0.120388
clsSOPT,0.01,4,0.99999,16,39,47,147,4.623312,0.300113,0.000308338,0.124792
clsgappy-POD,0.01,4,0.99999,16,39,47,147,16.783719,0.24404,0.000896848,0.423606
clsQDEIM,0.01,4,0.99999,16,39,47,147,7.246147,0.25238,0.000683964,0.187993
SOPT,0.01,4,0.99999,16,39,47,152,4.493039,0.206978,0.000458851,0.153076
gappy-POD,0.01,4,0.99999,16,39,47,152,4.318134,0.160185,0.00098899,0.27221
QDEIM,0.01,4,0.99999,16,39,47,152,9.000995,0.211221,0.000407234,0.119797
clsSOPT,0.01,4,0.99999,16,39,47,152,4.493039,0.305725,0.000292664,0.116287
clsgappy-POD,0.01,4,0.99999,16,39,47,152,13.690916,0.245614,0.00090349,0.37235
clsQDEIM,0.01,4,0.99999,16,39,47,152,6.080571,0.256045,0.000683882,0.188653
SOPT,0.01,4,0.99999,16,39,47,157,4.339272,0.209909,0.000459243,0.152654
gappy-POD,0.01,4,0.99999,16,39,47,157,4.616172,0.16655,0.00100713,0.268625
QDEIM,0.01,4,0.99999,16,39,47,157,8.431026,0.21691,0.000394789,0.118574
clsSOPT,0.01,4,0.99999,16,39,47,157,4.339272,0.308236,0.00029303,0.116512
clsgappy-POD,0.01,4,0.99999,16,39,47,157,11.685515,0.246117,0.000900825,0.373472
clsQDEIM,0.01,4,0.99999,16,39,47,157,5.874859,0.263281,0.000662172,0.185549
SOPT,0.01,4,0.99999,16,39,47,162,5.122283,0.217146,0.000440597,0.14954
gappy-POD,0.01,4,0.99999,16,39,47,162,4.217527,0.170379,0.000982646,0.260456
QDEIM,0.01,4,0.99999,16,39,47,162,8.267654,0.215674,0.00039463,0.118863
clsSOPT,0.01,4,0.99999,16,39,47,162,5.122283,0.311483,0.000291493,0.115621
clsgappy-POD,0.01,4,0.99999,16,39,47,162,17.535839,0.257613,0.000842271,0.398257
clsQDEIM,0.01,4,0.99999,16,39,47,162,5.383531,0.26816,0.000662327,0.185461
SOPT,0.01,5,0.999999,25,49,55,60,35.273760,0.143151,0.000807029,0.258299
gappy-POD,0.01,5,0.999999,25,49,55,60,36.730217,0.11341,0.00116092,0.368285
QDEIM,0.01,5,0.999999,25,49,55,60,31.497241,0.105937,0.00128768,0.366245
clsSOPT,0.01,5,0.999999,25,49,55,60,35.273760,0.16952,0.00087455,0.275109
clsgappy-POD,0.01,5,0.999999,25,49,55,60,103.956634,0.152082,0.00109537,0.501922
clsQDEIM,0.01,5,0.999999,25,49,55,60,52.821043,0.146346,0.00114856,0.333938
SOPT,0.01,5,0.999999,25,49,55,65,26.587404,0.1466,0.000778006,0.249101
gappy-POD,0.01,5,0.999999,25,49,55,65,24.210749,0.108562,0.00123587,0.378542
QDEIM,0.01,5,0.999999,25,49,55,65,21.015366,0.112279,0.00123686,0.354966
clsSOPT,0.01,5,0.999999,25,49,55,65,26.587404,0.181202,0.000783032,0.254485
clsgappy-POD,0.01,5,0.999999,25,49,55,65,62.833629,0.153605,0.00107452,0.479657
clsQDEIM,0.01,5,0.999999,25,49,55,65,18.129448,0.154552,0.00105454,0.302815
SOPT,0.01,5,0.999999,25,49,55,70,16.340997,0.153047,0.00075163,0.247518
gappy-POD,0.01,5,0.999999,25,49,55,70,15.450159,0.113635,0.00116899,0.364552
QDEIM,0.01,5,0.999999,25,49,55,70,32.002929,0.130338,0.00106071,0.321713
clsSOPT,0.01,5,0.999999,25,49,55,70,16.340997,0.183628,0.000753174,0.242469
clsgappy-POD,0.01,5,0.999999,25,49,55,70,55.218000,0.158942,0.00108896,0.460448
clsQDEIM,0.01,5,0.999999,25,49,55,70,15.194415,0.16453,0.00104009,0.296891
SOPT,0.01,5,0.999999,25,49,55,75,15.276870,0.153087,0.00072612,0.247628
gappy-POD,0.01,5,0.999999,25,49,55,75,13.714309,0.124818,0.00108398,0.317727
QDEIM,0.01,5,0.999999,25,49,55,75,20.281135,0.138253,0.00103072,0.318615
clsSOPT,0.01,5,0.999999,25,49,55,75,15.276870,0.192478,0.000690485,0.238734
clsgappy-POD,0.01,5,0.999999,25,49,55,75,26.742857,0.169828,0.000992479,0.498693
clsQDEIM,0.01,5,0.999999,25,49,55,75,12.130536,0.170073,0.00100407,0.281942
SOPT,0.01,5,0.999999,25,49,55,80,12.911275,0.161396,0.000678965,0.228098
gappy-POD,0.01,5,0.999999,25,49,55,80,13.411137,0.12463,0.00104906,0.329747
QDEIM,0.01,5,0.999999,25,49,55,80,16.175642,0.13928,0.000992856,0.308212
clsSOPT,0.01,5,0.999999,25,49,55,80,12.911275,0.195887,0.000690471,0.23807
clsgappy-POD,0.01,5,0.999999,25,49,55,80,35.678643,0.17767,0.000888377,0.46364
clsQDEIM,0.01,5,0.999999,25,49,55,80,16.481462,0.181313,0.000891411,0.267708
SOPT,0.01,5,0.999999,25,49,55,85,11.608459,0.16584,0.000613422,0.219913
gappy-POD,0.01,5,0.999999,25,49,55,85,9.656704,0.120526,0.00107752,0.324446
QDEIM,0.01,5,0.999999,25,49,55,85,13.066030,0.146961,0.000972262,0.304361
clsSOPT,0.01,5,0.999999,25,49,55,85,11.608459,0.207353,0.000638606,0.224792
clsgappy-POD,0.01,5,0.999999,25,49,55,85,28.428541,0.180584,0.000985679,0.43807
clsQDEIM,0.01,5,0.999999,25,49,55,85,15.010445,0.186027,0.000892124,0.265802
SOPT,0.01,5,0.999999,25,49,55,90,11.856082,0.166604,0.000613297,0.221128
gappy-POD,0.01,5,0.999999,25,49,55,90,7.703627,0.121051,0.00107749,0.336927
QDEIM,0.01,5,0.999999,25,49,55,90,15.160486,0.154859,0.000970088,0.303375
clsSOPT,0.01,5,0.999999,25,49,55,90,11.856082,0.213977,0.000567232,0.203426
clsgappy-POD,0.01,5,0.999999,25,49,55,90,31.770748,0.189283,0.000903882,0.463773
clsQDEIM,0.01,5,0.999999,25,49,55,90,10.581151,0.187726,0.000892248,0.265353
SOPT,0.01,5,0.999999,25,49,55,95,10.464665,0.167819,0.0006133,0.223121
gappy-POD,0.01,5,0.999999,25,49,55,95,7.802389,0.129697,0.00105215,0.328454
QDEIM,0.01,5,0.999999,25,49,55,95,15.960326,0.162715,0.0009351,0.302251
clsSOPT,0.01,5,0.999999,25,49,55,95,10.464665,0.221847,0.000543373,0.196741
clsgappy-POD,0.01,5,0.999999,25,49,55,95,26.599452,0.193141,0.000900161,0.461677
clsQDEIM,0.01,5,0.999999,25,49,55,95,12.582186,0.192738,0.000853225,0.26461
SOPT,0.01,5,0.999999,25,49,55,100,7.287392,0.170776,0.000613252,0.220807
gappy-POD,0.01,5,0.999999,25,49,55,100,7.553680,0.137235,0.00103588,0.322301
QDEIM,0.01,5,0.999999,25,49,55,100,10.320595,0.162706,0.000937476,0.298435
clsSOPT,0.01,5,0.999999,25,49,55,100,7.287392,0.223122,0.000542972,0.197688
clsgappy-POD,0.01,5,0.999999,25,49,55,100,17.621044,0.197246,0.000892871,0.477187
clsQDEIM,0.01,5,0.999999,25,49,55,100,13.874113,0.200426,0.000833146,0.258028
SOPT,0.01,5,0.999999,25,49,55,105,6.899748,0.168428,0.000613007,0.221729
gappy-POD,0.01,5,0.999999,25,49,55,105,7.673576,0.140162,0.0010256,0.308359
QDEIM,0.01,5,0.999999,25,49,55,105,8.600945,0.167586,0.000884597,0.282961
clsSOPT,0.01,5,0.999999,25,49,55,105,6.899748,0.231395,0.000508414,0.188091
clsgappy-POD,0.01,5,0.999999,25,49,55,105,16.293786,0.200174,0.000925983,0.473124
clsQDEIM,0.01,5,0.999999,25,49,55,105,11.297873,0.20387,0.000829186,0.259218
SOPT,0.01,5,0.999999,25,49,55,110,5.442648,0.17133,0.000577755,0.218116
gappy-POD,0.01,5,0.999999,25,49,55,110,73.707585,0.141649,0.00100037,0.299768
QDEIM,0.01,5,0.999999,25,49,55,110,13.030242,0.167543,0.000881708,0.286427
clsSOPT,0.01,5,0.999999,25,49,55,110,5.442648,0.243814,0.000502483,0.18788
clsgappy-POD,0.01,5,0.999999,25,49,55,110,13.415930,0.205715,0.00087397,0.436783
clsQDEIM,0.01,5,0.999999,25,49,55,110,125.308148,0.207115,0.000829614,0.258843
SOPT,0.01,5,0.999999,25,49,55,115,6.825751,0.176106,0.000560923,0.20921
gappy-POD,0.01,5,0.999999,25,49,55,115,6.406943,0.146413,0.00100779,0.294639
QDEIM,0.01,5,0.999999,25,49,55,115,7.731703,0.168917,0.00088208,0.287485
clsSOPT,0.01,5,0.999999,25,49,55,115,6.825751,0.248992,0.000494599,0.186625
clsgappy-POD,0.01,5,0.999999,25,49,55,115,20.921853,0.22283,0.000799902,0.362015
clsQDEIM,0.01,5,0.999999,25,49,55,115,7.020564,0.219879,0.000804775,0.257624
SOPT,0.01,5,0.999999,25,49,55,120,6.426548,0.185951,0.00048992,0.190912
gappy-POD,0.01,5,0.999999,25,49,55,120,7.785922,0.149754,0.00100618,0.29898
QDEIM,0.01,5,0.999999,25,49,55,120,9.021578,0.173398,0.0008727,0.283966
clsSOPT,0.01,5,0.999999,25,49,55,120,6.426548,0.256327,0.000446309,0.178641
clsgappy-POD,0.01,5,0.999999,25,49,55,120,17.671731,0.228309,0.000819814,0.456898
clsQDEIM,0.01,5,0.999999,25,49,55,120,8.734100,0.230295,0.000796816,0.259758
SOPT,0.01,5,0.999999,25,49,55,125,6.177675,0.18549,0.000490799,0.189081
gappy-POD,0.01,5,0.999999,25,49,55,125,7.277434,0.14801,0.00100734,0.305129
QDEIM,0.01,5,0.999999,25,49,55,125,7.980143,0.177218,0.00085738,0.280514
clsSOPT,0.01,5,0.999999,25,49,55,125,6.177675,0.263956,0.000432662,0.174102
clsgappy-POD,0.01,5,0.999999,25,49,55,125,16.325854,0.228267,0.000792955,0.45361
clsQDEIM,0.01,5,0.999999,25,49,55,125,8.145977,0.231664,0.000767826,0.250588
SOPT,0.01,5,0.999999,25,49,55,130,6.262083,0.187004,0.000476843,0.187955
gappy-POD,0.01,5,0.999999,25,49,55,130,5.730248,0.15874,0.000998271,0.292238
QDEIM,0.01,5,0.999999,25,49,55,130,8.256207,0.173102,0.000857107,0.279911
clsSOPT,0.01,5,0.999999,25,49,55,130,6.262083,0.267663,0.000395922,0.162747
clsgappy-POD,0.01,5,0.999999,25,49,55,130,14.746456,0.22544,0.000855658,0.426533
clsQDEIM,0.01,5,0.999999,25,49,55,130,7.630202,0.242742,0.000723334,0.236596
SOPT,0.01,5,0.999999,25,49,55,135,5.847242,0.18942,0.000473404,0.189205
gappy-POD,0.01,5,0.999999,25,49,55,135,5.808010,0.155213,0.0010097,0.29751
QDEIM,0.01,5,0.999999,25,49,55,135,6.161963,0.178249,0.000822223,0.272088
clsSOPT,0.01,5,0.999999,25,49,55,135,5.847242,0.2778,0.000381454,0.157561
clsgappy-POD,0.01,5,0.999999,25,49,55,135,15.402245,0.237358,0.000799715,0.39161
clsQDEIM,0.01,5,0.999999,25,49,55,135,7.692617,0.254182,0.000659278,0.224414
SOPT,0.01,5,0.999999,25,49,55,140,5.587298,0.189911,0.000473391,0.189044
gappy-POD,0.01,5,0.999999,25,49,55,140,6.078199,0.164356,0.00095169,0.29068
QDEIM,0.01,5,0.999999,25,49,55,140,6.394546,0.179818,0.000821332,0.273236
clsSOPT,0.01,5,0.999999,25,49,55,140,5.587298,0.280944,0.000361105,0.147884
clsgappy-POD,0.01,5,0.999999,25,49,55,140,15.146388,0.247786,0.000732048,0.405623
clsQDEIM,0.01,5,0.999999,25,49,55,140,6.982161,0.265757,0.00062004,0.20449
SOPT,0.01,5,0.999999,25,49,55,145,4.957111,0.19233,0.00046022,0.187193
gappy-POD,0.01,5,0.999999,25,49,55,145,5.340854,0.15951,0.000953102,0.292539
QDEIM,0.01,5,0.999999,25,49,55,145,7.740997,0.1812,0.000821318,0.272852
clsSOPT,0.01,5,0.999999,25,49,55,145,4.957111,0.284043,0.00036124,0.148258
clsgappy-POD,0.01,5,0.999999,25,49,55,145,16.786657,0.254099,0.000691712,0.37723
clsQDEIM,0.01,5,0.999999,25,49,55,145,6.779113,0.276168,0.000613913,0.202975
SOPT,0.01,5,0.999999,25,49,55,150,5.427393,0.199288,0.000446122,0.182705
gappy-POD,0.01,5,0.999999,25,49,55,150,5.015473,0.164398,0.000951969,0.289595
QDEIM,0.01,5,0.999999,25,49,55,150,7.417522,0.179999,0.000821217,0.273508
clsSOPT,0.01,5,0.999999,25,49,55,150,5.427393,0.296093,0.000350826,0.147924
clsgappy-POD,0.01,5,0.999999,25,49,55,150,13.122531,0.248007,0.000758488,0.401242
clsQDEIM,0.01,5,0.999999,25,49,55,150,7.036351,0.28072,0.000612372,0.201611
SOPT,0.01,5,0.999999,25,49,55,155,5.085613,0.199055,0.000445793,0.183178
gappy-POD,0.01,5,0.999999,25,49,55,155,4.544959,0.161065,0.000952089,0.287221
QDEIM,0.01,5,0.999999,25,49,55,155,7.444907,0.182766,0.000821072,0.273495
clsSOPT,0.01,5,0.999999,25,49,55,155,5.085613,0.294009,0.000350857,0.148515
clsgappy-POD,0.01,5,0.999999,25,49,55,155,12.916582,0.256789,0.000716568,0.366689
clsQDEIM,0.01,5,0.999999,25,49,55,155,7.221265,0.289688,0.00055485,0.194063
SOPT,0.01,5,0.999999,25,49,55,160,5.130613,0.204323,0.000422212,0.175245
gappy-POD,0.01,5,0.999999,25,49,55,160,4.761566,0.165926,0.000915668,0.279412
QDEIM,0.01,5,0.999999,25,49,55,160,5.783455,0.183153,0.000820958,0.274853
clsSOPT,0.01,5,0.999999,25,49,55,160,5.130613,0.299802,0.000341929,0.146998
clsgappy-POD,0.01,5,0.999999,25,49,55,160,14.107303,0.264704,0.000720267,0.367781
clsQDEIM,0.01,5,0.999999,25,49,55,160,7.235027,0.291913,0.000551528,0.193336
SOPT,0.01,5,0.999999,25,49,55,165,4.275930,0.206161,0.000421749,0.175652
gappy-POD,0.01,5,0.999999,25,49,55,165,5.984529,0.171324,0.000892529,0.271721
QDEIM,0.01,5,0.999999,25,49,55,165,7.594531,0.182647,0.000820102,0.275682
clsSOPT,0.01,5,0.999999,25,49,55,165,4.275930,0.305474,0.000342047,0.147272
clsgappy-POD,0.01,5,0.999999,25,49,55,165,11.056180,0.259938,0.000722709,0.356
clsQDEIM,0.01,5,0.999999,25,49,55,165,8.415371,0.293826,0.000537785,0.190207
SOPT,0.01,5,0.999999,25,49,55,170,4.759347,0.204388,0.000421831,0.174897
gappy-POD,0.01,5,0.999999,25,49,55,170,4.987832,0.175189,0.000876994,0.273275
QDEIM,0.01,5,0.999999,25,49,55,170,5.774711,0.185852,0.000767486,0.264315
clsSOPT,0.01,5,0.999999,25,49,55,170,4.759347,0.307375,0.000323951,0.13938
clsgappy-POD,0.01,5,0.999999,25,49,55,170,12.967635,0.272581,0.000657035,0.316847
clsQDEIM,0.01,5,0.999999,25,49,55,170,6.686013,0.29791,0.000537831,0.190387
SOPT,0.01,6,0.9999999,37,57,61,66,68.663723,0.145618,0.000832837,0.364191
gappy-POD,0.01,6,0.9999999,37,57,61,66,51.665184,0.11916,0.00116345,0.485256
QDEIM,0.01,6,0.9999999,37,57,61,66,38.433853,0.135241,0.000910916,0.372694
clsSOPT,0.01,6,0.9999999,37,57,61,66,68.663723,0.172668,0.00100986,0.398995
clsgappy-POD,0.01,6,0.9999999,37,57,61,66,82.705187,0.162773,0.00111915,1.50904
clsQDEIM,0.01,6,0.9999999,37,57,61,66,46.019290,0.157974,0.00105017,0.442736
SOPT,0.01,6,0.9999999,37,57,61,71,35.468791,0.149747,0.00079591,0.334363
gappy-POD,0.01,6,0.9999999,37,57,61,71,25.832210,0.113242,0.00123908,0.523072
QDEIM,0.01,6,0.9999999,37,57,61,71,25.182343,0.142067,0.000892073,0.360128
clsSOPT,0.01,6,0.9999999,37,57,61,71,35.468791,0.182304,0.000940238,0.371523
clsgappy-POD,0.01,6,0.9999999,37,57,61,71,56.865290,0.170905,0.00113862,1.61198
clsQDEIM,0.01,6,0.9999999,37,57,61,71,27.733747,0.182669,0.000823034,0.350725
SOPT,0.01,6,0.9999999,37,57,61,76,22.426079,0.151695,0.000767807,0.315105
gappy-POD,0.01,6,0.9999999,37,57,61,76,17.529808,0.119558,0.00117873,0.483913
QDEIM,0.01,6,0.9999999,37,57,61,76,27.099294,0.142075,0.000892923,0.357201
clsSOPT,0.01,6,0.9999999,37,57,61,76,22.426079,0.184701,0.000939697,0.374531
clsgappy-POD,0.01,6,0.9999999,37,57,61,76,65.621919,0.178142,0.00109331,4.62717
clsQDEIM,0.01,6,0.9999999,37,57,61,76,33.389569,0.193865,0.000816154,0.339213
SOPT,0.01,6,0.9999999,37,57,61,81,18.711087,0.155009,0.000766837,0.305279
gappy-POD,0.01,6,0.9999999,37,57,61,81,14.434579,0.127403,0.00109589,0.425662
QDEIM,0.01,6,0.9999999,37,57,61,81,23.785635,0.155457,0.000780116,0.311461
clsSOPT,0.01,6,0.9999999,37,57,61,81,18.711087,0.194246,0.000939891,0.377553
clsgappy-POD,0.01,6,0.9999999,37,57,61,81,34.612761,0.187265,0.00106121,0.478086
clsQDEIM,0.01,6,0.9999999,37,57,61,81,19.944775,0.210167,0.000715875,0.307258
SOPT,0.01,6,0.9999999,37,57,61,86,13.551020,0.156963,0.000726488,0.305094
gappy-POD,0.01,6,0.9999999,37,57,61,86,12.752152,0.13707,0.00104447,0.443574
QDEIM,0.01,6,0.9999999,37,57,61,86,17.921892,0.157471,0.000756663,0.302387
clsSOPT,0.01,6,0.9999999,37,57,61,86,13.551020,0.193123,0.000850155,0.345942
clsgappy-POD,0.01,6,0.9999999,37,57,61,86,27.986139,0.178991,0.00108076,1.15524
clsQDEIM,0.01,6,0.9999999,37,57,61,86,19.523742,0.225817,0.000654154,0.271602
SOPT,0.01,6,0.9999999,37,57,61,91,12.301736,0.160146,0.000670363,0.279237
gappy-POD,0.01,6,0.9999999,37,57,61,91,11.770070,0.128881,0.00108139,0.471824
QDEIM,0.01,6,0.9999999,37,57,61,91,16.141657,0.162176,0.000740323,0.294817
clsSOPT,0.01,6,0.9999999,37,57,61,91,12.301736,0.209075,0.000768698,0.313943
clsgappy-POD,0.01,6,0.9999999,37,57,61,91,26.262094,0.184959,0.00106107,0.468313
clsQDEIM,0.01,6,0.9999999,37,57,61,91,13.292737,0.233232,0.000627358,0.261043
SOPT,0.01,6,0.9999999,37,57,61,96,11.239283,0.164406,0.000658081,0.283519
gappy-POD,0.01,6,0.9999999,37,57,61,96,12.673200,0.128379,0.00108659,0.523673
QDEIM,0.01,6,0.9999999,37,57,61,96,15.936951,0.171108,0.000736633,0.289289
clsSOPT,0.01,6,0.9999999,37,57,61,96,11.239283,0.214431,0.000752445,0.303221
clsgappy-POD,0.01,6,0.9999999,37,57,61,96,29.097861,0.184787,0.001074,0.517329
clsQDEIM,0.01,6,0.9999999,37,57,61,96,13.991160,0.237103,0.000603466,0.255322
SOPT,0.01,6,0.9999999,37,57,61,101,9.350480,0.166552,0.000649227,0.280417
gappy-POD,0.01,6,0.9999999,37,57,61,101,10.168276,0.140895,0.00104688,0.45212
QDEIM,0.01,6,0.9999999,37,57,61,101,16.511143,0.171247,0.000736624,0.288035
clsSOPT,0.01,6,0.9999999,37,57,61,101,9.350480,0.227105,0.00066486,0.280943
clsgappy-POD,0.01,6,0.9999999,37,57,61,101,29.281934,0.187877,0.00108441,0.497186
clsQDEIM,0.01,6,0.9999999,37,57,61,101,19.205997,0.244845,0.000560787,0.237719
SOPT,0.01,6,0.9999999,37,57,61,106,8.977781,0.171559,0.000632066,0.273699
gappy-POD,0.01,6,0.9999999,37,57,61,106,8.236267,0.14044,0.00103455,0.462929
QDEIM,0.01,6,0.9999999,37,57,61,106,10.748168,0.170491,0.000735844,0.290082
clsSOPT,0.01,6,0.9999999,37,57,61,106,8.977781,0.231801,0.000640703,0.273389
clsgappy-POD,0.01,6,0.9999999,37,57,61,106,18.873535,0.195897,0.00106744,0.499495
clsQDEIM,0.01,6,0.9999999,37,57,61,106,13.709769,0.256509,0.000452914,0.20833
SOPT,0.01,6,0.9999999,37,57,61,111,8.180870,0.170093,0.000631573,0.272358
gappy-POD,0.01,6,0.9999999,37,57,61,111,8.030786,0.143981,0.00102163,0.423452
QDEIM,0.01,6,0.9999999,37,57,61,111,11.507961,0.171239,0.000734979,0.289818
clsSOPT,0.01,6,0.9999999,37,57,61,111,8.180870,0.239937,0.000638729,0.273171
clsgappy-POD,0.01,6,0.9999999,37,57,61,111,22.496875,0.201365,0.00106371,0.608711
clsQDEIM,0.01,6,0.9999999,37,57,61,111,18.850428,0.262354,0.000442278,0.202041
SOPT,0.01,6,0.9999999,37,57,61,116,7.598249,0.169699,0.000631512,0.271882
gappy-POD,0.01,6,0.9999999,37,57,61,116,7.068898,0.14752,0.000995249,0.409254
QDEIM,0.01,6,0.9999999,37,57,61,116,11.373634,0.177407,0.000732685,0.29012
clsSOPT,0.01,6,0.9999999,37,57,61,116,7.598249,0.246647,0.000610691,0.261396
clsgappy-POD,0.01,6,0.9999999,37,57,61,116,15.219386,0.20427,0.00103972,0.581989
clsQDEIM,0.01,6,0.9999999,37,57,61,116,12.879993,0.263782,0.000442665,0.20168
SOPT,0.01,6,0.9999999,37,57,61,121,7.918048,0.171875,0.000620205,0.267872
gappy-POD,0.01,6,0.9999999,37,57,61,121,7.690152,0.149704,0.000995204,0.409002
QDEIM,0.01,6,0.9999999,37,57,61,121,11.091148,0.177404,0.000718645,0.288061
clsSOPT,0.01,6,0.9999999,37,57,61,121,7.918048,0.244513,0.000610352,0.261164
clsgappy-POD,0.01,6,0.9999999,37,57,61,121,15.383278,0.205433,0.00104124,0.543321
clsQDEIM,0.01,6,0.9999999,37,57,61,121,10.740184,0.274356,0.000373186,0.194215
SOPT,0.01,6,0.9999999,37,57,61,126,6.763448,0.175769,0.000598941,0.263031
gappy-POD,0.01,6,0.9999999,37,57,61,126,6.471322,0.154447,0.0009971,0.395445
QDEIM,0.01,6,0.9999999,37,57,61,126,9.118596,0.183926,0.000693211,0.289993
clsSOPT,0.01,6,0.9999999,37,57,61,126,6.763448,0.257004,0.000540304,0.246681
clsgappy-POD,0.01,6,0.9999999,37,57,61,126,18.302277,0.219637,0.00103582,0.54294
clsQDEIM,0.01,6,0.9999999,37,57,61,126,11.965890,0.286137,0.000315261,0.196922
SOPT,0.01,6,0.9999999,37,57,61,131,6.685958,0.176091,0.000598951,0.261009
gappy-POD,0.01,6,0.9999999,37,57,61,131,7.515188,0.155018,0.00101132,0.399486
QDEIM,0.01,6,0.9999999,37,57,61,131,8.878419,0.186758,0.00068704,0.290103
clsSOPT,0.01,6,0.9999999,37,57,61,131,6.685958,0.267791,0.000512536,0.235874
clsgappy-POD,0.01,6,0.9999999,37,57,61,131,19.447982,0.229697,0.00087268,0.465743
clsQDEIM,0.01,6,0.9999999,37,57,61,131,11.495177,0.292615,0.000301239,0.196849
SOPT,0.01,6,0.9999999,37,57,61,136,6.422282,0.176815,0.000588186,0.258721
gappy-POD,0.01,6,0.9999999,37,57,61,136,5.842325,0.156245,0.00102779,0.388592
QDEIM,0.01,6,0.9999999,37,57,61,136,8.727377,0.18632,0.000686732,0.290346
clsSOPT,0.01,6,0.9999999,37,57,61,136,6.422282,0.274478,0.00045557,0.215824
clsgappy-POD,0.01,6,0.9999999,37,57,61,136,18.333860,0.24127,0.000719426,0.358352
clsQDEIM,0.01,6,0.9999999,37,57,61,136,10.115790,0.302132,0.000290813,0.191674
SOPT,0.01,6,0.9999999,37,57,61,141,5.985270,0.183663,0.000555676,0.255092
gappy-POD,0.01,6,0.9999999,37,57,61,141,7.357901,0.16213,0.000999629,0.368225
QDEIM,0.01,6,0.9999999,37,57,61,141,10.490030,0.187313,0.000686803,0.289528
clsSOPT,0.01,6,0.9999999,37,57,61,141,5.985270,0.283445,0.000432678,0.212306
clsgappy-POD,0.01,6,0.9999999,37,57,61,141,17.812899,0.24848,0.000781414,0.360778
clsQDEIM,0.01,6,0.9999999,37,57,61,141,12.620083,0.303869,0.000290677,0.191629
SOPT,0.01,6,0.9999999,37,57,61,146,5.849172,0.19007,0.000534508,0.247558
gappy-POD,0.01,6,0.9999999,37,57,61,146,5.314385,0.15869,0.00101933,0.384387
QDEIM,0.01,6,0.9999999,37,57,61,146,6.372294,0.18613,0.00068684,0.290135
clsSOPT,0.01,6,0.9999999,37,57,61,146,5.849172,0.28929,0.000432652,0.212593
clsgappy-POD,0.01,6,0.9999999,37,57,61,146,20.190180,0.255328,0.000701143,0.350029
clsQDEIM,0.01,6,0.9999999,37,57,61,146,10.094795,0.306428,0.000285343,0.182068
SOPT,0.01,6,0.9999999,37,57,61,151,5.577040,0.186743,0.000534474,0.247526
gappy-POD,0.01,6,0.9999999,37,57,61,151,5.995915,0.168089,0.000952809,0.367227
QDEIM,0.01,6,0.9999999,37,57,61,151,7.008806,0.189183,0.000686859,0.290091
clsSOPT,0.01,6,0.9999999,37,57,61,151,5.577040,0.287593,0.00043215,0.212165
clsgappy-POD,0.01,6,0.9999999,37,57,61,151,17.597127,0.256734,0.000691353,0.410331
clsQDEIM,0.01,6,0.9999999,37,57,61,151,10.129950,0.311482,0.000273664,0.173518
SOPT,0.01,6,0.9999999,37,57,61,156,5.147197,0.193645,0.00051602,0.242201
gappy-POD,0.01,6,0.9999999,37,57,61,156,5.241248,0.166232,0.000940136,0.367546
QDEIM,0.01,6,0.9999999,37,57,61,156,8.489942,0.188073,0.000675523,0.289291
clsSOPT,0.01,6,0.9999999,37,57,61,156,5.147197,0.292011,0.000432159,0.212068
clsgappy-POD,0.01,6,0.9999999,37,57,61,156,15.867863,0.255431,0.000716959,0.379947
clsQDEIM,0.01,6,0.9999999,37,57,61,156,11.305154,0.320927,0.000271888,0.172338
SOPT,0.01,6,0.9999999,37,57,61,161,5.461895,0.204933,0.000504316,0.238979
gappy-POD,0.01,6,0.9999999,37,57,61,161,5.756987,0.165026,0.000953642,0.372104
QDEIM,0.01,6,0.9999999,37,57,61,161,6.579668,0.193588,0.000656163,0.281775
clsSOPT,0.01,6,0.9999999,37,57,61,161,5.461895,0.293831,0.000432355,0.213124
clsgappy-POD,0.01,6,0.9999999,37,57,61,161,15.062612,0.249143,0.000800793,0.507912
clsQDEIM,0.01,6,0.9999999,37,57,61,161,10.065851,0.320042,0.000271842,0.171907
SOPT,0.01,6,0.9999999,37,57,61,166,5.590095,0.207682,0.0004737,0.234834
gappy-POD,0.01,6,0.9999999,37,57,61,166,5.049600,0.166499,0.000953032,0.367047
QDEIM,0.01,6,0.9999999,37,57,61,166,6.138071,0.195624,0.000656532,0.281974
clsSOPT,0.01,6,0.9999999,37,57,61,166,5.590095,0.302309,0.000368597,0.192194
clsgappy-POD,0.01,6,0.9999999,37,57,61,166,14.748823,0.26029,0.000722466,0.380397
clsQDEIM,0.01,6,0.9999999,37,57,61,166,10.361999,0.333769,0.000267643,0.169256
SOPT,0.01,6,0.9999999,37,57,61,171,5.495516,0.213244,0.000454278,0.228372
gappy-POD,0.01,6,0.9999999,37,57,61,171,5.167317,0.17842,0.000907145,0.348932
QDEIM,0.01,6,0.9999999,37,57,61,171,6.143222,0.195921,0.000639439,0.276851
clsSOPT,0.01,6,0.9999999,37,57,61,171,5.495516,0.314777,0.000352666,0.187423
clsgappy-POD,0.01,6,0.9999999,37,57,61,171,13.668075,0.265627,0.000694921,0.356554
clsQDEIM,0.01,6,0.9999999,37,57,61,171,10.710498,0.339069,0.000254412,0.160815
SOPT,0.01,6,0.9999999,37,57,61,176,5.143938,0.216589,0.000446096,0.227089
gappy-POD,0.01,6,0.9999999,37,57,61,176,4.609835,0.179895,0.000883305,0.340595
QDEIM,0.01,6,0.9999999,37,57,61,176,7.247602,0.195681,0.00063935,0.278867
clsSOPT,0.01,6,0.9999999,37,57,61,176,5.143938,0.320642,0.000352604,0.18721
clsgappy-POD,0.01,6,0.9999999,37,57,61,176,15.683121,0.268281,0.000659995,0.339328
clsQDEIM,0.01,6,0.9999999,37,57,61,176,7.882605,0.341846,0.000254625,0.159549
