method,t,w,ws,sfac,mesh,TT3,TT4,ErrX,ErrV,ErrE
sopt,0.1,20,2,13,21,21,19,21,24,22,21,30,20,20,17,21,19,13,17,18,13,16,19,16,19,11,9,18,13,14,15,11,11,13,12,10,11,14,14,11,13,13,12,10,17,16,12,14,12,9,9,6,6.08976,0.00178665,0.0285048,0.00342699
qdeim,0.1,20,2,13,33,19,19,18,18,20,18,24,27,15,18,17,30,12,20,14,10,12,10,17,15,15,13,19,13,12,13,13,10,15,9,13,11,13,20,16,10,11,16,11,18,15,12,13,11,12,12,8,8.10894,0.00192829,0.0345209,0.00359801
gnat,0.1,20,2,9,22,20,20,22,18,21,18,19,15,18,14,20,14,15,15,16,14,12,13,15,14,10,10,10,13,12,14,12,12,10,10,11,10,10,11,13,10,11,11,9,13,14,13,12,8,13,10,6,7.60678,0.00217151,0.0312126,0.0023379
sopt,0.1,20,3,13,24,24,28,25,25,22,22,47,23,23,22,35,20,16,21,19,17,28,23,18,25,13,16,28,14,19,15,14,13,17,12,13,15,18,19,12,15,16,14,13,21,18,14,16,12,11,9,7,7.45907,0.00104018,0.024004,0.00272926
qdeim,0.1,20,3,21,35,21,21,29,21,21,19,27,34,18,23,17,33,23,21,14,11,22,12,19,17,15,22,23,13,14,13,19,10,19,9,15,12,15,20,20,10,16,18,14,21,16,17,14,11,12,13,8,6.79064,0.00131371,0.0315095,0.00349876
gnat,0.1,20,3,13,24,25,23,26,23,23,20,20,17,21,14,23,16,17,17,19,16,13,16,17,16,11,12,11,14,14,17,14,14,13,11,13,10,10,13,16,11,13,12,10,16,15,14,13,10,14,11,7,7.14112,0.00145664,0.025874,0.00252787
sopt,0.1,20,4,13,24,27,31,25,26,22,24,49,25,25,24,37,23,20,21,22,18,33,27,22,30,18,20,29,15,24,15,17,16,21,12,16,18,20,22,12,23,18,16,13,21,20,17,17,14,14,10,7,7.63411,0.00074628,0.0213422,0.00203257
qdeim,0.1,20,4,23,36,21,21,32,22,23,19,28,34,20,31,20,33,23,22,19,12,24,18,19,21,15,26,23,23,14,14,25,10,20,9,22,12,20,23,20,10,19,18,17,22,16,17,17,11,13,13,8,8.30418,0.00105915,0.0283526,0.00289961
gnat,0.1,20,4,16,27,28,24,24,24,24,21,25,21,27,19,23,19,18,25,21,17,13,19,23,20,15,11,13,15,13,18,16,15,14,13,15,14,12,15,19,15,15,21,12,20,17,16,14,12,11,11,7,6.66925,0.000940841,0.0193798,0.00247576
sopt,0.1,20,5,13,25,29,33,34,26,28,24,49,25,25,26,37,23,24,21,23,21,35,28,24,34,18,24,29,23,29,20,23,17,24,12,20,19,21,23,12,25,21,22,18,21,20,20,17,16,15,17,8,7.64013,0.00054083,0.0152769,0.00143676
qdeim,0.1,20,5,28,36,28,22,33,29,25,19,28,34,20,38,27,35,23,24,20,16,28,18,19,21,20,26,23,24,14,14,33,10,20,20,23,13,22,23,25,10,23,18,17,22,17,17,17,12,16,13,8,6.94861,0.000807958,0.0247366,0.00217059
gnat,0.1,20,5,19,28,30,25,26,25,25,22,29,24,28,22,23,20,20,24,23,20,15,23,20,23,16,12,16,16,15,19,17,18,15,22,17,15,14,16,21,16,18,21,13,23,17,13,15,13,16,11,7,11.3342,0.000778205,0.0123949,0.00212301
sopt,0.1,20,6,14,28,31,33,39,28,30,27,49,25,27,26,38,24,26,23,24,24,38,31,24,37,18,27,29,23,29,24,26,20,25,12,24,19,22,30,14,26,23,22,23,21,22,22,17,17,16,17,11,5.17588,0.000401575,0.0117878,0.00111005
qdeim,0.1,20,6,36,36,36,22,35,30,31,19,29,35,20,39,29,46,23,28,23,17,29,18,19,21,26,27,27,28,14,14,36,10,22,20,23,17,22,23,27,12,26,19,17,22,17,20,17,14,17,17,8,4.96197,0.00068846,0.0217813,0.001853
gnat,0.1,20,6,22,29,32,26,29,23,26,23,35,26,29,23,32,20,26,29,31,24,17,25,26,25,17,13,21,17,17,20,19,20,16,23,19,16,18,17,22,17,17,20,14,23,17,15,16,17,17,11,7,6.87016,0.000643014,0.0113166,0.00167973
sopt,0.1,20,7,18,34,31,34,39,29,35,33,49,26,36,26,39,31,28,39,28,27,39,34,24,38,18,28,29,23,39,24,31,22,29,20,24,20,22,30,17,26,24,23,24,21,23,25,20,17,17,20,11,12.2933,0.000252582,0.00858879,0.000689642
qdeim,0.1,20,7,37,38,49,24,38,30,31,19,31,38,20,39,33,54,24,28,23,17,34,22,19,21,26,29,33,28,16,14,36,10,22,20,23,21,22,24,29,13,26,19,19,22,17,20,17,17,18,17,8,5.1886,0.000599464,0.018961,0.00163585
gnat,0.1,20,7,26,30,34,28,32,26,28,25,36,29,27,26,32,22,27,30,32,26,21,25,26,25,18,14,26,21,18,22,20,21,18,24,20,17,19,24,25,16,18,20,18,23,20,17,16,17,17,11,7,5.50979,0.000471318,0.00933043,0.0012501
sopt,0.1,20,8,19,36,34,34,39,30,39,35,50,27,36,29,63,42,34,59,31,31,41,36,25,38,19,28,29,23,44,24,44,26,32,26,24,21,25,30,20,32,25,25,25,23,23,26,20,17,17,20,11,7.48884,0.000217158,0.00602246,0.000562505
qdeim,0.1,20,8,42,43,51,24,46,30,35,20,32,42,20,41,33,57,24,36,23,21,35,24,19,23,26,29,38,28,20,17,44,10,22,21,27,23,26,24,29,21,26,19,19,23,17,20,17,17,18,17,17,5.11187,0.000500723,0.0166268,0.00132275
gnat,0.1,20,8,31,31,36,28,32,28,28,28,37,33,28,25,32,24,28,31,32,28,25,26,26,25,19,19,28,23,19,23,28,22,20,25,17,19,20,23,27,19,20,23,21,23,19,17,17,17,17,11,9,5.21646,0.000361835,0.00742986,0.000896431
sopt,0.1,20,9,19,39,36,36,39,31,39,42,52,29,36,29,86,60,35,63,38,31,41,38,25,38,23,28,29,32,46,36,50,31,35,26,25,21,26,30,29,36,26,25,26,24,29,29,23,17,19,20,11,5.90819,0.000148858,0.00359324,0.00047068
qdeim,0.1,20,9,45,43,59,24,52,30,35,24,32,42,20,41,40,57,24,39,24,23,35,27,19,32,26,30,41,28,21,20,44,13,22,21,31,25,29,24,32,23,28,23,21,23,20,20,17,17,18,17,17,5.8679,0.000425285,0.0140528,0.00100999
gnat,0.1,20,9,34,32,38,29,32,29,29,29,38,35,29,26,37,26,29,32,32,29,26,26,26,25,20,20,29,23,20,23,29,23,22,26,19,22,20,23,29,17,26,23,22,23,20,17,17,17,17,11,10,5.31558,0.000299611,0.00650714,0.00069641
sopt,0.1,20,10,19,56,36,37,39,44,40,48,73,31,39,42,90,66,36,69,44,31,42,39,28,39,26,29,29,32,53,42,50,32,38,27,48,24,26,30,33,36,30,26,26,34,32,34,26,17,20,20,11,6.39584,7.83578e-05,0.0020334,0.000363747
qdeim,0.1,20,10,46,45,65,24,54,33,36,25,34,47,20,41,48,60,27,40,26,25,35,27,19,32,26,30,43,28,22,20,44,16,23,21,32,25,29,24,32,30,29,24,22,23,23,20,17,20,18,17,17,5.73076,0.000356915,0.0130648,0.000891919
gnat,0.1,20,10,38,37,37,35,36,36,34,31,38,36,32,28,40,28,29,32,32,29,26,26,27,26,21,22,29,23,20,23,30,23,23,26,23,23,24,28,29,18,28,25,24,23,20,17,19,17,17,16,11,5.0256,0.000195659,0.00444989,0.000623269
sopt,0.1,40,2,13,25,22,22,27,26,23,23,17,13,16,13,23,15,15,11,10,17,11,16,13,21,13,13,9,3.94331,0.00120093,0.0223073,0.00360803
qdeim,0.1,40,2,13,20,27,29,50,18,44,29,19,21,15,14,17,13,11,11,10,16,13,11,16,21,18,12,14,5.09277,0.0011873,0.0196277,0.00393608
gnat,0.1,40,2,9,26,24,20,21,21,19,18,19,13,15,13,17,14,14,12,12,13,15,12,12,19,14,12,9,8.51884,0.00129363,0.0339498,0.00579847
sopt,0.1,40,3,13,26,23,25,31,29,25,24,20,16,19,18,29,21,17,12,10,21,12,19,15,24,16,14,10,4.11928,0.000884515,0.0176735,0.0028123
qdeim,0.1,40,3,21,34,30,30,53,35,44,40,20,31,15,16,20,13,20,11,10,18,14,13,17,23,18,12,14,5.50587,0.000753523,0.010633,0.00283588
gnat,0.1,40,3,13,29,26,22,23,23,20,20,23,14,17,14,20,14,14,14,14,14,19,13,13,20,15,13,10,5.34743,0.00092371,0.0229004,0.00266228
sopt,0.1,40,4,13,29,35,27,36,30,25,24,23,19,22,22,34,25,19,16,13,22,14,22,18,24,17,14,11,4.13007,0.000538645,0.0118223,0.0017464
qdeim,0.1,40,4,23,44,30,36,54,40,47,42,20,35,17,19,22,16,20,12,14,22,15,14,20,24,18,12,17,4.55768,0.000345432,0.00637114,0.00171878
gnat,0.1,40,4,16,28,28,24,24,24,23,19,25,17,19,15,22,15,15,15,16,15,14,15,15,20,17,15,11,3.91764,0.000691494,0.0122571,0.00278152
sopt,0.1,40,5,13,30,36,31,39,32,41,27,25,21,23,29,36,29,23,20,17,23,17,24,22,26,17,15,17,4.21197,0.000357595,0.00886373,0.000778815
qdeim,0.1,40,5,28,48,30,41,58,40,50,43,20,42,19,19,22,22,20,12,14,27,19,18,21,28,20,12,17,4.5954,0.000248859,0.00496471,0.00133091
gnat,0.1,40,5,19,35,30,25,30,25,24,21,26,21,25,19,24,17,16,16,18,23,15,16,18,22,16,16,11,3.78115,0.00043951,0.0106189,0.00186162
sopt,0.1,40,6,14,35,39,41,41,32,41,32,26,26,24,32,38,29,23,22,18,26,19,27,23,26,20,17,17,4.67558,0.000139407,0.00437335,0.000461828
qdeim,0.1,40,6,36,57,30,44,59,40,53,43,24,44,20,22,24,23,20,12,14,32,21,18,23,29,23,12,17,4.92062,0.000240004,0.00500803,0.00107484
gnat,0.1,40,6,22,35,32,26,32,29,26,23,29,23,20,22,26,17,19,20,17,23,17,21,20,23,17,17,11,3.9301,0.000344709,0.00975619,0.0013439
sopt,0.1,40,7,18,37,39,42,42,34,41,38,31,33,26,32,41,29,26,22,20,29,23,27,28,26,23,20,17,4.73742,9.78439e-05,0.00250875,0.000337147
qdeim,0.1,40,7,37,57,30,47,61,43,57,43,25,44,21,24,29,23,20,12,16,33,21,18,26,29,23,12,17,4.78221,0.000183978,0.00328883,0.000862614
gnat,0.1,40,7,26,35,32,31,34,27,28,26,30,24,24,23,26,22,21,22,18,24,19,27,25,23,18,17,11,4.25687,0.000246672,0.00816435,0.000962518
sopt,0.1,40,8,19,39,39,43,44,38,52,38,34,34,29,35,41,32,27,25,20,35,,,,
qdeim,0.1,40,8,,,,
gnat,0.1,40,8,,,,
sopt,0.1,40,9,,,,
qdeim,0.1,40,9,,,,
gnat,0.1,40,9,,,,
sopt,0.1,40,10,,,,
qdeim,0.1,40,10,,,,
gnat,0.1,40,10,,,,
