method,t,ef,ws,w,q,nqp,TT3,ErrX,ErrV,ErrE
sopt,0.1,0.9999,40,13,2,1280,1984,1472,1536,1344,1472,1152,832,960,896,1216,1088,768,2.10616,8.1323e-06,0.00130892,0.00017513
qdeim,0.1,0.9999,40,13,2,1088,1600,1536,2496,1472,2944,1088,1152,1408,1344,1216,1856,768,3.06574,8.94793e-06,0.00088118,0.000327951
gnat,0.1,0.9999,40,13,2,1344,1664,1472,1536,1152,1216,896,832,896,960,1216,1024,832,2.04401,3.18119e-05,0.00277403,0.000453982
sopt,0.1,0.9999,40,13,3,1408,2240,1920,1728,1536,1728,1408,1280,1280,1216,1472,1344,832,2.29228,7.19476e-06,0.00156835,0.000120014
qdeim,0.1,0.9999,40,13,3,1088,1664,2240,3200,1472,3200,1088,1472,1536,1472,1408,1856,768,2.4652,1.21799e-05,0.00117277,0.000137634
gnat,0.1,0.9999,40,13,3,1664,1856,1472,1664,1344,1408,896,896,1088,1088,1344,1024,896,2.37463,3.10882e-05,0.00270848,0.000499523
sopt,0.1,0.9999,40,13,4,1408,2496,2304,2368,1728,2176,1728,1600,1536,1344,1536,1408,960,2.55661,1.16693e-05,0.000728493,0.000187347
qdeim,0.1,0.9999,40,13,4,1152,1920,2560,3392,2176,3328,1536,1472,1536,1664,1408,1856,768,2.75454,7.94832e-06,0.00160495,7.23625e-05
gnat,0.1,0.9999,40,13,4,1728,2048,1600,1984,1408,1536,1472,960,1216,1344,1344,1152,960,2.44419,8.63535e-06,0.000656843,0.000365745
sopt,0.1,0.9999,40,13,5,1408,2688,2560,2880,1792,2176,2048,1664,1600,1600,1792,1600,1280,2.79966,7.28863e-06,0.0016593,9.679e-05
qdeim,0.1,0.9999,40,13,5,1280,1920,3264,3392,2176,3392,1856,1472,1664,2112,1536,1856,832,3.05693,1.28726e-05,0.00211996,0.000184275
gnat,0.1,0.9999,40,13,5,1792,2368,1728,2112,1408,1600,1536,1024,1344,1408,1472,1088,1024,2.33766,1.04742e-05,0.00111943,0.000807765
sopt,0.1,0.9999,40,13,6,1408,3456,2752,2944,2240,2176,2240,1984,1728,1984,1920,1600,1280,3.06215,7.33289e-06,0.000958397,0.000103255
qdeim,0.1,0.9999,40,13,6,1344,2624,3264,3520,2176,3456,2176,1536,1728,2432,1536,2048,832,2.93999,1.16367e-05,0.00118363,0.000151123
gnat,0.1,0.9999,40,13,6,1856,2432,1856,2240,1664,1664,1664,1216,1344,1664,1472,1088,1088,2.37594,1.31927e-05,0.000914934,0.000830889
sopt,0.1,0.9999,40,13,7,1408,3712,2816,3072,2560,2176,2304,2240,1856,2304,2112,1664,1280,3.07343,1.20504e-05,0.000747267,0.000211912
qdeim,0.1,0.9999,40,13,7,1472,2880,3392,3520,2816,3456,2816,2624,1920,2432,1600,2048,1280,3.22163,1.41863e-05,0.00139348,0.000776373
gnat,0.1,0.9999,40,13,7,1984,2560,2048,2368,1920,1664,1664,1600,1408,1664,1536,1472,1088,2.76354,7.80295e-06,0.000511607,0.000183904
sopt,0.1,0.9999,40,13,8,1600,3904,3328,3456,2752,2432,2432,2752,2112,2432,2240,1856,1280,3.11653,1.20637e-05,0.000751314,0.000204464
qdeim,0.1,0.9999,40,13,8,1664,3392,3648,3520,2816,3840,2816,2624,2112,2432,1600,2048,1280,3.45284,9.73866e-06,0.00105841,0.000690928
gnat,0.1,0.9999,40,13,8,2304,2368,2112,2624,2176,1920,1664,1856,1408,1984,1728,1472,1088,3.27379,7.74805e-06,0.000559281,0.000155085
sopt,0.1,0.9999,40,13,9,1600,4160,4096,3584,2880,2688,2688,3072,2304,2624,2240,2240,1472,3.40442,1.20551e-05,0.00148459,0.000163627
qdeim,0.1,0.9999,40,13,9,1664,3840,3648,3520,2816,3840,2816,2752,2176,2432,1792,2048,1280,3.47987,9.10893e-06,0.00110921,0.000557545
gnat,0.1,0.9999,40,13,9,2432,2624,2240,3008,2624,2048,2048,2304,1664,2048,2048,1600,1088,3.63951,1.18281e-05,0.00168182,0.000601981
sopt,0.1,0.99999,40,13,2,1408,2048,2048,1856,1856,2112,1856,1600,1728,1664,1728,1344,1024,2.6731,7.73487e-06,0.000987513,0.000492632
qdeim,0.1,0.99999,40,13,2,1408,2880,3392,4352,1600,2624,1728,1920,2304,1856,1472,1280,1088,3.00975,2.46436e-06,0.00229733,0.000529253
gnat,0.1,0.99999,40,13,2,1344,1792,1600,1600,1664,1600,1408,1280,1280,1472,1536,1216,832,2.15814,1.73117e-05,0.00249165,0.000798829
sopt,0.1,0.99999,40,13,3,1728,2432,2304,2240,2048,2560,2048,1728,1984,1792,1856,1472,1280,2.8436,7.95882e-06,0.000943803,0.000490522
qdeim,0.1,0.99999,40,13,3,1408,3136,3392,4800,2240,2816,1984,1920,2624,1984,1728,1664,1088,3.50622,6.94083e-06,0.00113415,0.000432816
gnat,0.1,0.99999,40,13,3,1664,1984,1664,1664,2048,1856,1536,1600,1472,1664,1856,1280,896,2.43312,2.48909e-05,0.004367,0.000719941
sopt,0.1,0.99999,40,13,4,1792,2688,2496,2560,2112,2688,2048,1856,2048,1856,1920,1536,1280,3.41903,7.95813e-06,0.000960616,0.000479673
qdeim,0.1,0.99999,40,13,4,1536,3136,3776,4800,2624,3072,1984,1920,2624,1984,1856,1728,1088,3.20979,1.15508e-05,0.00322537,0.000352713
gnat,0.1,0.99999,40,13,4,1728,2112,1728,2048,2048,1920,1600,1728,1920,1728,1856,1280,960,2.48976,1.19258e-05,0.00134004,0.00048542
sopt,0.1,0.99999,40,13,5,1792,2752,2752,3008,2240,2816,2496,1856,2112,2048,2048,1664,1280,2.99028,7.93903e-06,0.000972635,0.000480101
qdeim,0.1,0.99999,40,13,5,1536,3840,3840,4800,2624,3264,2304,2432,2688,1984,1920,1728,1088,3.42316,1.20792e-05,0.000701703,0.000389245
gnat,0.1,0.99999,40,13,5,1792,2496,2176,2112,1920,2048,1600,1792,1856,1984,1856,1472,1088,2.76696,6.05136e-06,0.00138379,0.000418442
sopt,0.1,0.99999,40,13,6,1792,3200,3328,3072,2304,2880,2816,2112,2240,2304,2048,1664,1280,3.0811,1.1837e-05,0.000980685,0.000552715
qdeim,0.1,0.99999,40,13,6,1600,3840,4224,4800,2816,3456,2432,2432,2752,2240,1920,1728,1088,3.50161,1.18567e-05,0.000704376,0.000407849
gnat,0.1,0.99999,40,13,6,2048,2624,2304,2432,2368,2048,1664,1984,2048,2048,2240,1472,1088,2.89814,1.2448e-05,0.000717396,0.000411668
sopt,0.1,0.99999,40,13,7,1792,4352,3520,3520,2944,2880,2816,2560,2688,2688,2112,1856,1664,3.40622,1.18528e-05,0.000957304,0.000557924
qdeim,0.1,0.99999,40,13,7,1600,3840,4544,4864,2816,3456,2560,3072,2752,2368,1920,1728,1472,3.77791,1.19305e-05,0.000685655,0.0004173
gnat,0.1,0.99999,40,13,7,2176,3136,2688,2816,2624,2048,2368,2112,2240,2176,2176,1664,1280,2.86065,6.74269e-06,0.000738313,0.000314702
sopt,0.1,0.99999,40,13,8,1920,4544,3648,3584,3584,3072,2816,2944,2752,2752,2496,2432,2048,3.61764,1.18219e-05,0.000949371,0.000554998
qdeim,0.1,0.99999,40,13,8,1600,3840,4544,4864,3520,3456,2944,3072,2752,2432,2240,2240,1664,3.83889,1.17404e-05,0.000982023,0.00041407
gnat,0.1,0.99999,40,13,8,2496,2880,2752,3136,2624,2688,2432,2240,2240,2240,2240,1664,1280,3.07863,6.39042e-06,0.000879928,0.000302429
sopt,0.1,0.99999,40,13,9,1920,4608,4160,4032,3648,3520,3072,3328,2752,2752,2688,2432,2240,3.86894,1.19143e-05,0.000957578,0.000554124
qdeim,0.1,0.99999,40,13,9,1600,3840,4544,4864,3520,3456,2944,3072,2752,2432,2496,2240,1664,3.70478,1.15089e-05,0.000929983,0.000389913
gnat,0.1,0.99999,40,13,9,2624,3200,3200,3392,3008,2816,2816,2304,2304,2240,2240,1664,1280,3.22028,6.67031e-06,0.000934198,0.000304064
sopt,0.1,0.9999,20,25,2,1280,1728,1408,1344,1408,1408,1088,1152,1152,1408,1216,896,1088,896,768,640,704,1152,1152,1088,1088,1216,832,768,576,2.26496,1.02838e-05,0.000718135,0.00070957
qdeim,0.1,0.9999,20,25,2,1088,1664,1280,1280,1536,960,1408,1536,1344,960,832,896,1024,1024,896,832,1024,960,960,704,896,1280,832,960,704,2.20248,1.05616e-05,0.00105897,0.000597814
gnat,0.1,0.9999,20,25,2,1344,1536,1472,1216,1280,960,960,1024,1088,832,896,640,704,704,768,512,640,640,832,704,768,768,768,704,576,2.2319,1.18591e-05,0.00157362,0.000947561
sopt,0.1,0.9999,20,25,3,1408,1856,1408,1536,1472,1472,1472,1280,1536,2048,1536,1152,1920,1088,960,704,704,1344,1344,1216,1152,1408,960,832,576,2.65535,1.02501e-05,0.000858568,0.000694982
qdeim,0.1,0.9999,20,25,3,1088,1920,1344,1664,1920,1216,1472,1664,1472,1024,2048,960,1344,1216,1024,1984,1088,1728,1088,704,1152,1280,1024,960,704,2.72593,1.13776e-05,0.00118554,0.00089279
gnat,0.1,0.9999,20,25,3,1664,1792,1664,1472,1472,1088,1088,1216,1280,896,1088,640,704,704,896,640,640,704,1024,704,896,896,896,832,640,2.42129,3.71762e-05,0.00424509,0.00101076
sopt,0.1,0.9999,20,25,4,1408,1920,1408,1536,1472,1472,1536,1344,1728,2240,1600,1472,2112,1280,960,768,768,1408,1408,1344,1280,1472,1024,1280,1088,3.04991,1.14026e-05,0.00111644,0.000782359
qdeim,0.1,0.9999,20,25,4,1152,1920,1344,1920,2176,1344,1472,1728,1664,1216,2048,960,1920,1408,1024,2112,1088,1728,1728,960,1216,1472,1088,960,704,2.90147,1.17781e-05,0.00138172,0.000837077
gnat,0.1,0.9999,20,25,4,1728,1984,1792,1536,1536,1536,1280,1280,1280,1088,1280,768,768,832,1024,832,768,1152,1344,1216,896,1344,1024,960,640,2.45204,5.55813e-06,0.0015092,0.00034219
sopt,0.1,0.9999,20,25,5,1408,2048,1536,1536,1472,1472,1664,1664,1920,2240,1856,2112,2496,1664,960,960,1088,1408,1408,1600,1344,1472,1216,1280,1088,2.71826,1.01447e-05,0.00215765,0.000606069
qdeim,0.1,0.9999,20,25,5,1280,1920,1344,2240,2240,1728,1600,1728,1664,1216,2048,960,2048,1664,1024,2304,1344,1856,2048,1152,1920,1472,1088,1088,704,2.86972,1.1172e-05,0.00144343,0.000827201
gnat,0.1,0.9999,20,25,5,1792,2176,1600,1600,1600,1600,1344,1280,1344,1280,1472,832,832,960,1088,960,832,1024,1728,1472,1472,1408,1024,1024,640,2.72164,9.14382e-06,0.00113795,0.000383217
sopt,0.1,0.9999,20,25,6,1408,2176,1728,1600,1600,1600,1728,1664,2048,2304,2048,2112,2496,1984,1664,1408,1344,1472,1472,1600,1600,1536,1280,1280,1088,2.95257,1.00633e-05,0.00224459,0.000602063
qdeim,0.1,0.9999,20,25,6,1344,1920,1344,2496,2240,1728,1600,1728,1856,1280,2048,1152,2112,1664,1024,2368,2112,1856,2048,1408,1920,1472,1088,1088,704,3.0534,6.10161e-06,0.000932145,0.000549395
gnat,0.1,0.9999,20,25,6,1856,2240,1664,1664,1664,1664,1280,1280,1664,1472,1664,1088,1088,1088,1216,1088,896,1344,1664,1408,1088,1280,1088,1088,704,6.33965,5.38877e-06,0.000524756,0.000163409
sopt,0.1,0.9999,20,25,7,1408,2176,1792,2368,1728,1600,2048,1664,2112,2304,2048,2176,2560,2432,2048,1536,1408,1472,1920,1664,1664,1600,1344,1472,1088,3.10434,1.01031e-05,0.00229392,0.000597333
qdeim,0.1,0.9999,20,25,7,1472,2304,1344,2496,2304,1728,1664,2176,1856,1408,2048,1216,2176,1728,1280,2368,2624,1920,2048,1472,2048,1664,1088,1152,704,3.01563,7.21765e-06,0.00107722,0.000552472
gnat,0.1,0.9999,20,25,7,1984,1984,1792,2048,1728,1728,1472,1600,1728,2048,1664,1088,1152,1152,1600,1344,1024,1472,1856,1664,1472,1472,1088,1088,704,2.53634,5.01159e-06,0.000850181,0.000186679
sopt,0.1,0.9999,20,25,8,1600,2176,1792,2432,1792,1728,2112,1792,2240,2304,2048,2240,2560,2560,2048,1600,1536,1472,2688,1728,1856,1664,1664,1472,1088,3.46196,1.0002e-05,0.00193286,0.000594042
qdeim,0.1,0.9999,20,25,8,1664,2752,1408,2560,2304,1920,1728,2368,1856,1536,2048,1216,2176,1728,1344,2496,2624,1920,2048,1600,2048,1664,1088,1152,704,3.08653,7.24424e-06,0.00149968,0.000546554
gnat,0.1,0.9999,20,25,8,2304,2176,1920,2240,1792,1792,1856,1728,1792,2048,1664,1152,1280,1216,1792,1472,1152,1472,1984,1856,1600,1472,1088,1088,704,2.76777,5.18412e-06,0.00258529,0.000177741
sopt,0.1,0.9999,20,25,9,1600,2304,1792,2432,2176,1728,2688,2240,2432,2624,2048,2240,2880,2944,2688,2560,1792,1472,2752,1728,1920,1664,1664,1664,1280,3.45017,8.67269e-06,0.00063175,0.000419105
qdeim,0.1,0.9999,20,25,9,1664,3456,1408,2560,2368,1920,1728,2368,1856,1600,2048,1216,2176,1728,1344,2496,2624,1920,2048,1600,2048,1664,1088,1152,704,3.34071,6.71641e-06,0.00159712,0.000567842
gnat,0.1,0.9999,20,25,9,2432,2048,2048,2368,1856,1856,1856,1856,2048,2048,1664,1280,1280,1280,1856,1856,1280,1472,2048,1856,1856,1472,1344,1088,704,2.8686,5.12819e-06,0.000628052,0.000180347
