method,t,n,ef,xx,vv,ee,q,condV,condE,time,ErrX,ErrV,ErrE
clsqdeim,0.1,0,4,1,2,5,1.579146,1.000000,1.32494,3.30698e-05,0.00249642,1.63483e-05
clsgnat,0.1,0,4,1,2,5,1.639785,1.000000,1.19173,0.000713419,0.0303701,0.000552696
qdeim,0.1,0,4,1,2,5,1.290630,1.000000,1.17297,3.90057e-05,0.00181874,1.48993e-05
gnat,0.1,0,4,1,2,5,1.178775,1.000000,1.11693,4.27085e-05,0.0032464,4.83966e-05
clsqdeim,0.1,0,4,1,2,10,1.530065,1.000000,1.45606,3.43215e-05,0.00152674,3.24444e-05
clsgnat,0.1,0,4,1,2,10,1.295608,1.000000,1.31359,0.000524622,0.014346,0.000298195
qdeim,0.1,0,4,1,2,10,1.254885,1.000000,1.70068,3.23575e-05,0.00124817,1.01148e-05
gnat,0.1,0,4,1,2,10,1.001133,1.000000,1.25975,4.08934e-05,0.00291068,3.19645e-05
clsqdeim,0.1,0,4,1,2,15,1.534333,1.000000,1.65771,3.59981e-05,0.00149265,3.54483e-05
clsgnat,0.1,0,4,1,2,15,1.237768,1.000000,1.50409,0.000323413,0.00279066,9.39521e-05
qdeim,0.1,0,4,1,2,15,1.483087,1.000000,1.89092,3.63688e-05,0.00112981,1.18635e-05
gnat,0.1,0,4,1,2,15,2.484082,1.000000,1.62908,4.18131e-05,0.00314381,2.05268e-05
clsqdeim,0.1,0,4,1,2,20,1.367396,1.000000,1.7287,3.56597e-05,0.00137488,4.05293e-05
clsgnat,0.1,0,4,1,2,20,1.066316,1.000000,1.70883,0.000131884,0.0103819,2.22414e-05
qdeim,0.1,0,4,1,2,20,1.683108,1.000000,2.21509,4.05331e-05,0.00108299,2.31516e-05
gnat,0.1,0,4,1,2,20,1.180439,1.000000,1.77737,4.63983e-05,0.00394899,3.75498e-05
clsqdeim,0.1,0,4,1,2,25,1.039744,1.000000,2.04832,4.08696e-05,0.0021905,3.79204e-05
clsgnat,0.1,0,4,1,2,25,1.044727,1.000000,2.05059,8.70649e-05,0.0110487,3.80727e-05
qdeim,0.1,0,4,1,2,25,1.101307,1.000000,2.63079,4.02912e-05,0.0010619,2.4011e-05
gnat,0.1,0,4,1,2,25,1.128642,1.000000,1.85796,5.14264e-05,0.0047126,4.95392e-05
clsqdeim,0.1,0,4,1,2,30,1.094383,1.000000,2.31403,4.21589e-05,0.00359126,3.91558e-05
clsgnat,0.1,0,4,1,2,30,1.003080,1.000000,2.42209,6.11357e-05,0.0109064,4.67306e-05
qdeim,0.1,0,4,1,2,30,1.289116,1.000000,2.80536,4.44745e-05,0.00100824,3.19503e-05
gnat,0.1,0,4,1,2,30,1.000000,1.000000,2.07615,5.3171e-05,0.00501323,5.73569e-05
clsqdeim,0.1,0,4,1,2,35,1.099425,1.000000,2.54643,3.7185e-05,0.00248073,1.3978e-05
clsgnat,0.1,0,4,1,2,35,1.140157,1.000000,2.4052,2.81913e-05,0.0112657,5.93675e-05
qdeim,0.1,0,4,1,2,35,1.213531,1.000000,3.09648,5.11449e-05,0.000889029,3.79592e-05
gnat,0.1,0,4,1,2,35,1.340683,1.000000,2.21402,6.16518e-05,0.00533877,4.64267e-05
clsqdeim,0.1,0,4,1,2,40,1.069187,1.000000,2.69602,3.77936e-05,0.00235488,8.32435e-06
clsgnat,0.1,0,4,1,2,40,1.035878,1.000000,2.58682,7.79754e-05,0.0101835,6.97045e-05
qdeim,0.1,0,4,1,2,40,1.225277,1.000000,3.34757,5.51749e-05,0.00113199,3.81673e-05
gnat,0.1,0,4,1,2,40,1.041534,1.000000,2.34781,5.72857e-05,0.00472632,3.54461e-05
clsqdeim,0.1,0,4,1,2,45,1.076771,1.000000,3.01472,3.99118e-05,0.0028542,9.43693e-06
clsgnat,0.1,0,4,1,2,45,1.103757,1.000000,2.70243,0.000107744,0.00891572,7.34516e-05
qdeim,0.1,0,4,1,2,45,1.265925,1.000000,3.60496,5.24165e-05,0.00132686,3.82702e-05
gnat,0.1,0,4,1,2,45,1.033065,1.000000,2.6069,5.87038e-05,0.00481266,2.91843e-05
clsqdeim,0.1,0,4,1,2,50,1.007038,1.000000,3.07328,4.20995e-05,0.00363063,8.49093e-06
clsgnat,0.1,0,4,1,2,50,1.055099,1.000000,2.81611,8.86456e-05,0.0103332,5.52347e-05
qdeim,0.1,0,4,1,2,50,1.125735,1.000000,3.98835,5.0754e-05,0.0013834,3.37361e-05
gnat,0.1,0,4,1,2,50,1.031093,1.000000,2.57689,6.08051e-05,0.00383379,1.89719e-05
clsqdeim,0.1,0,4,1,2,55,1.105054,1.000000,3.12882,4.39119e-05,0.00430789,8.10009e-06
clsgnat,0.1,0,4,1,2,55,1.093064,1.000000,2.8673,6.94855e-05,0.0112937,4.18928e-05
qdeim,0.1,0,4,1,2,55,1.269293,1.000000,4.1436,4.83512e-05,0.000990075,2.90695e-05
gnat,0.1,0,4,1,2,55,1.078196,1.000000,2.71956,5.44944e-05,0.00296451,1.99078e-05
clsqdeim,0.1,0,4,1,2,60,1.030171,1.000000,3.22129,4.47585e-05,0.00471442,8.41246e-06
clsgnat,0.1,0,4,1,2,60,1.035154,1.000000,3.23546,2.14656e-05,0.0118671,3.90688e-05
qdeim,0.1,0,4,1,2,60,1.323768,1.000000,4.41291,4.33207e-05,0.00104653,1.63668e-05
gnat,0.1,0,4,1,2,60,1.053709,1.000000,3.04581,4.95678e-05,0.00287974,1.76517e-05
clsqdeim,0.1,0,4,1,2,65,1.042829,1.000000,3.37268,4.51175e-05,0.00542438,8.76378e-06
clsgnat,0.1,0,4,1,2,65,1.147312,1.000000,3.13264,2.12992e-05,0.0112658,4.13261e-05
qdeim,0.1,0,4,1,2,65,1.345290,1.000000,4.6664,4.19747e-05,0.00113415,1.35512e-05
gnat,0.1,0,4,1,2,65,1.082108,1.000000,3.06148,5.09273e-05,0.00300914,1.72573e-05
clsqdeim,0.1,0,4,1,2,70,1.083818,1.000000,3.67706,4.57096e-05,0.00569008,9.05308e-06
clsgnat,0.1,0,4,1,2,70,1.124624,1.000000,3.43093,2.00404e-05,0.0114895,4.51535e-05
qdeim,0.1,0,4,1,2,70,1.205133,1.000000,4.98429,4.09968e-05,0.00121959,1.17887e-05
gnat,0.1,0,4,1,2,70,1.003133,1.000000,3.3379,5.40602e-05,0.00294918,1.90099e-05
clsqdeim,0.1,0,4,1,2,75,1.018518,1.000000,3.63283,4.53607e-05,0.00624345,9.22842e-06
clsgnat,0.1,0,4,1,2,75,1.014661,1.000000,3.60778,3.3364e-05,0.010329,5.12289e-05
qdeim,0.1,0,4,1,2,75,1.315907,1.000000,5.2102,4.3447e-05,0.00178667,9.9374e-06
gnat,0.1,0,4,1,2,75,1.026929,1.000000,3.4955,5.74941e-05,0.00320148,1.85637e-05
clsqdeim,0.1,0,4,1,2,80,1.039141,1.000000,3.8377,4.37404e-05,0.00715564,9.41992e-06
clsgnat,0.1,0,4,1,2,80,1.100713,1.000000,3.80747,3.01814e-05,0.0107678,5.27859e-05
qdeim,0.1,0,4,1,2,80,1.159064,1.000000,5.2756,4.50577e-05,0.00200788,8.95067e-06
gnat,0.1,0,4,1,2,80,1.067099,1.000000,3.63265,5.78576e-05,0.00319882,1.73698e-05
clsqdeim,0.1,0,4,1,2,85,1.030552,1.000000,3.91899,4.1842e-05,0.00836276,9.69071e-06
clsgnat,0.1,0,4,1,2,85,1.032283,1.000000,3.89271,2.26972e-05,0.0118271,5.2408e-05
qdeim,0.1,0,4,1,2,85,1.387873,1.000000,5.5485,4.48843e-05,0.00184408,8.96465e-06
gnat,0.1,0,4,1,2,85,1.123403,1.000000,3.73819,5.66663e-05,0.00280998,1.6558e-05
clsqdeim,0.1,0,4,1,2,90,1.057732,1.000000,4.0291,3.71957e-05,0.00959076,9.32223e-06
clsgnat,0.1,0,4,1,2,90,1.073661,1.000000,4.00683,2.10285e-05,0.0127356,5.19109e-05
qdeim,0.1,0,4,1,2,90,1.126297,1.000000,5.81214,4.26675e-05,0.00173979,8.60778e-06
gnat,0.1,0,4,1,2,90,1.012788,1.000000,3.9127,5.44631e-05,0.00272706,1.34451e-05
clsqdeim,0.1,0,4,1,2,95,1.077362,1.000000,4.21841,2.56464e-05,0.0106955,8.13684e-06
clsgnat,0.1,0,4,1,2,95,1.088715,1.000000,4.32109,2.06481e-05,0.0129277,5.52925e-05
qdeim,0.1,0,4,1,2,95,1.237862,1.000000,6.11134,4.27432e-05,0.00181768,9.38029e-06
gnat,0.1,0,4,1,2,95,1.013087,1.000000,4.16134,5.31533e-05,0.00310093,1.09278e-05
clsqdeim,0.1,0,4,1,2,100,1.053885,1.000000,4.41018,2.01811e-05,0.0119146,1.03534e-05
clsgnat,0.1,0,4,1,2,100,1.164440,1.000000,4.34609,2.01429e-05,0.0124848,5.71364e-05
qdeim,0.1,0,4,1,2,100,1.149044,1.000000,5.98421,4.16805e-05,0.00206195,1.0508e-05
gnat,0.1,0,4,1,2,100,1.048794,1.000000,3.87531,5.69462e-05,0.00376673,1.37809e-05
clsqdeim,0.1,0,4,1,2,105,1.045600,1.000000,4.52964,2.17167e-05,0.0130888,1.34471e-05
clsgnat,0.1,0,4,1,2,105,1.027494,1.000000,4.50498,1.9677e-05,0.0124119,5.75903e-05
qdeim,0.1,0,4,1,2,105,1.134829,1.000000,6.01473,4.19725e-05,0.00212336,1.21342e-05
gnat,0.1,0,4,1,2,105,1.177098,1.000000,5.57473,5.74057e-05,0.0039922,1.13771e-05
clsqdeim,0.1,0,4,1,2,110,1.057658,1.000000,4.82845,5.16595e-05,0.00923752,1.10014e-05
clsgnat,0.1,0,4,1,2,110,1.022382,1.000000,4.44408,2.18435e-05,0.0122309,5.72558e-05
qdeim,0.1,0,4,1,2,110,1.176729,1.000000,6.18725,4.30581e-05,0.00240975,1.12642e-05
gnat,0.1,0,4,1,2,110,1.050873,1.000000,4.17755,5.6881e-05,0.00405859,9.01233e-06
clsqdeim,0.1,0,4,1,2,115,1.002368,1.000000,4.9309,5.14484e-05,0.00779342,9.47876e-06
clsgnat,0.1,0,4,1,2,115,1.014478,1.000000,4.82613,2.48459e-05,0.0124388,5.622e-05
qdeim,0.1,0,4,1,2,115,1.127377,1.000000,6.31657,4.29288e-05,0.00275986,1.02549e-05
gnat,0.1,0,4,1,2,115,1.025729,1.000000,4.04225,5.74507e-05,0.00389757,9.76829e-06
clsqdeim,0.1,0,4,1,2,120,1.008775,1.000000,5.19983,6.10134e-05,0.00763031,1.42539e-05
clsgnat,0.1,0,4,1,2,120,1.030676,1.000000,4.82866,2.49255e-05,0.0125894,5.76349e-05
qdeim,0.1,0,4,1,2,120,1.276121,1.000000,6.62703,4.21467e-05,0.00285088,1.106e-05
gnat,0.1,0,4,1,2,120,1.040024,1.000000,4.24078,5.81066e-05,0.00369823,1.15199e-05
clsqdeim,0.1,1,4,3,11,5,6.614373,3.568593,1.73362,0.00025657,0.178707,0.00830256
clsgnat,0.1,1,4,3,11,5,14.200488,1.757215,,0.0279497,23.6824,0.598211
qdeim,0.1,1,4,3,11,5,13.430991,1.975094,1.72373,4.64126e-06,0.00108623,2.06147e-05
gnat,0.1,1,4,3,11,5,12.899885,1.378297,1.74541,7.52547e-05,0.0100039,0.000132257
clsqdeim,0.1,1,4,3,11,10,13.499439,1.802049,2.22256,1.69295e-05,0.0175216,0.000336707
clsgnat,0.1,1,4,3,11,10,7.866742,1.655446,,0.024628,17.9513,0.590224
qdeim,0.1,1,4,3,11,10,8.642938,1.441947,2.24872,6.33029e-06,0.000862728,2.6141e-05
gnat,0.1,1,4,3,11,10,5.807156,1.764546,2.25143,7.81433e-05,0.010379,0.000136647
clsqdeim,0.1,1,4,3,11,15,9.302615,3.311193,2.55844,2.55768e-05,0.00789344,0.000161725
clsgnat,0.1,1,4,3,11,15,6.218557,2.935163,,0.0271595,23.2786,0.601132
qdeim,0.1,1,4,3,11,15,9.648869,1.830151,2.53683,3.20488e-06,0.00220392,2.89556e-05
gnat,0.1,1,4,3,11,15,6.345221,3.021851,2.54649,7.34647e-05,0.0100846,0.000126751
clsqdeim,0.1,1,4,3,11,20,13.121900,2.148781,2.995,3.33936e-05,0.015038,0.0003067
clsgnat,0.1,1,4,3,11,20,4.796483,1.635395,,0.0287586,22.0113,0.596139
qdeim,0.1,1,4,3,11,20,5.882302,1.878796,2.92479,7.30356e-06,0.00384082,6.35282e-05
gnat,0.1,1,4,3,11,20,3.419533,1.381856,2.81441,7.05213e-05,0.00967005,0.000110137
clsqdeim,0.1,1,4,3,11,25,9.092580,1.580039,3.72424,2.3838e-05,0.00630565,0.000219089
clsgnat,0.1,1,4,3,11,25,6.199380,1.387020,3.29589,0.0222988,20.3738,0.284631
qdeim,0.1,1,4,3,11,25,5.433825,1.594702,3.19128,1.01846e-05,0.00522315,9.86933e-05
gnat,0.1,1,4,3,11,25,3.426509,1.146368,3.07953,4.50258e-05,0.00644142,5.67163e-05
clsqdeim,0.1,1,4,3,11,30,8.371153,1.592864,4.14476,8.52853e-06,0.00344592,0.000101527
clsgnat,0.1,1,4,3,11,30,4.964436,1.916774,3.07532,0.00968235,4.1783,0.0965234
qdeim,0.1,1,4,3,11,30,6.484264,1.437816,3.43168,5.06799e-06,0.00291265,6.93129e-05
gnat,0.1,1,4,3,11,30,2.793628,1.628291,3.52987,3.2616e-05,0.00458808,3.21577e-05
clsqdeim,0.1,1,4,3,11,35,6.896367,1.330268,4.43158,3.35231e-06,0.00117801,2.34239e-05
clsgnat,0.1,1,4,3,11,35,4.806556,1.222107,3.36808,0.00651935,2.94086,0.0330424
qdeim,0.1,1,4,3,11,35,5.870336,1.239734,3.48241,5.35074e-06,0.00261414,5.47505e-05
gnat,0.1,1,4,3,11,35,3.423204,1.568806,3.43465,2.29107e-05,0.00341445,2.42411e-05
clsqdeim,0.1,1,4,3,11,40,7.775741,1.675646,4.61233,2.53525e-06,0.00140914,4.60308e-05
clsgnat,0.1,1,4,3,11,40,4.320818,1.251931,3.48098,0.00555107,1.05881,0.0200237
qdeim,0.1,1,4,3,11,40,4.180679,1.527778,3.67072,5.40835e-06,0.00196934,3.00464e-05
gnat,0.1,1,4,3,11,40,2.956421,1.444355,3.668,1.87688e-05,0.00305843,2.48412e-05
clsqdeim,0.1,1,4,3,11,45,9.040588,1.462238,4.78057,3.97258e-06,0.0019267,6.47996e-05
clsgnat,0.1,1,4,3,11,45,4.634605,1.492781,3.64223,0.00547899,0.646772,0.0108398
qdeim,0.1,1,4,3,11,45,3.832538,1.814354,3.88909,6.45105e-06,0.00185741,3.24499e-05
gnat,0.1,1,4,3,11,45,3.372881,4.035275,3.76676,1.53433e-05,0.00248011,2.14081e-05
clsqdeim,0.1,1,4,3,11,50,7.119307,1.097028,5.20237,4.21227e-06,0.00242241,0.000130698
clsgnat,0.1,1,4,3,11,50,4.249964,1.191562,3.83023,0.00425217,0.621853,0.0117315
qdeim,0.1,1,4,3,11,50,4.508602,1.839474,4.09622,2.9436e-05,0.00646326,7.93415e-05
gnat,0.1,1,4,3,11,50,2.703433,1.722625,3.96581,8.15319e-06,0.000741225,1.86376e-05
clsqdeim,0.1,1,4,3,11,55,9.069417,1.324732,5.28108,4.78973e-06,0.00307817,0.000168408
clsgnat,0.1,1,4,3,11,55,7.203918,1.148098,4.32788,0.00368589,0.406148,0.00333672
qdeim,0.1,1,4,3,11,55,7.274641,1.471808,4.13376,0.00015031,0.044663,0.0011529
gnat,0.1,1,4,3,11,55,4.305098,1.297241,4.08289,6.71635e-06,0.000859739,1.49449e-05
clsqdeim,0.1,1,4,3,11,60,6.623368,1.454155,5.28,4.90961e-06,0.00419129,0.000153269
clsgnat,0.1,1,4,3,11,60,3.909231,1.603822,4.27412,0.00378398,0.457597,0.00599259
qdeim,0.1,1,4,3,11,60,4.392989,2.120904,4.59468,4.47602e-06,0.00148183,8.56091e-05
gnat,0.1,1,4,3,11,60,2.598375,1.485906,4.41671,6.52626e-06,0.00156149,1.61321e-05
clsqdeim,0.1,1,4,3,11,65,6.141711,1.248764,5.72926,3.80721e-06,0.0031374,0.000106549
clsgnat,0.1,1,4,3,11,65,3.492195,1.307196,4.4121,0.00190401,0.378271,0.00449949
qdeim,0.1,1,4,3,11,65,4.511051,1.667616,4.75043,8.04889e-06,0.00142792,0.000115721
gnat,0.1,1,4,3,11,65,2.514316,1.304371,4.50885,1.06996e-05,0.00189717,2.4159e-05
clsqdeim,0.1,1,4,3,11,70,5.671603,1.255079,5.78223,4.38459e-06,0.00280043,9.53954e-05
clsgnat,0.1,1,4,3,11,70,3.471415,1.200167,4.84456,0.00281807,0.889758,0.0103824
qdeim,0.1,1,4,3,11,70,3.489464,1.367923,5.13456,7.62525e-06,0.00158692,0.000145896
gnat,0.1,1,4,3,11,70,2.655778,1.796601,4.62374,1.47013e-05,0.00232928,3.36731e-05
clsqdeim,0.1,1,4,3,11,75,6.026463,1.416041,5.82805,7.11551e-06,0.00252293,0.000108729
clsgnat,0.1,1,4,3,11,75,3.790811,1.382027,5.05374,0.00218475,0.577073,0.0058035
qdeim,0.1,1,4,3,11,75,3.137580,1.686052,5.11468,8.3746e-06,0.00165508,0.000186968
gnat,0.1,1,4,3,11,75,2.653853,1.586888,4.80453,7.72424e-06,0.00128163,1.89898e-05
clsqdeim,0.1,1,4,3,11,80,5.767977,1.166948,8.01512,6.56618e-06,0.00251811,0.000105757
clsgnat,0.1,1,4,3,11,80,4.006051,1.223204,4.90972,0.0201626,13.6932,0.189663
qdeim,0.1,1,4,3,11,80,2.880656,1.557003,5.40733,8.08587e-06,0.00198828,0.000101635
gnat,0.1,1,4,3,11,80,2.438079,1.284150,5.0509,1.92994e-05,0.00416446,7.97711e-05
clsqdeim,0.1,1,4,3,11,85,6.043246,1.252382,5.86014,4.97727e-06,0.00261087,8.12416e-05
clsgnat,0.1,1,4,3,11,85,3.488451,1.284485,5.03841,0.0031507,1.42079,0.0175371
qdeim,0.1,1,4,3,11,85,3.400151,1.232561,5.31978,7.16041e-05,0.0199943,0.000281426
gnat,0.1,1,4,3,11,85,2.490625,1.469730,5.10419,1.00175e-05,0.00409733,6.79761e-05
clsqdeim,0.1,1,4,3,11,90,5.898590,1.586856,6.08847,9.22944e-06,0.00264427,0.00020448
clsgnat,0.1,1,4,3,11,90,3.447452,1.468369,5.21051,0.00700419,5.51882,0.107148
qdeim,0.1,1,4,3,11,90,3.417970,1.479246,5.53863,4.77272e-05,0.0136351,0.0001529
gnat,0.1,1,4,3,11,90,2.746336,1.584342,5.23362,1.61869e-05,0.00493376,6.14425e-05
clsqdeim,0.1,1,4,3,11,95,5.986027,1.288377,6.12548,9.27463e-06,0.00228799,0.000129066
clsgnat,0.1,1,4,3,11,95,3.944797,1.221251,5.37544,0.0036576,1.91247,0.0354802
qdeim,0.1,1,4,3,11,95,2.916581,1.353473,6.27407,8.30732e-06,0.00356147,6.47774e-05
gnat,0.1,1,4,3,11,95,2.266312,1.812051,5.41159,1.10203e-05,0.00410923,4.85923e-05
clsqdeim,0.1,1,4,3,11,100,6.450380,1.235885,6.30475,4.77401e-06,0.00526388,0.000189676
clsgnat,0.1,1,4,3,11,100,3.568434,1.252162,5.5604,0.00286847,0.360895,0.00797896
qdeim,0.1,1,4,3,11,100,2.888026,1.332949,6.18349,4.43666e-06,0.0017616,9.68049e-05
gnat,0.1,1,4,3,11,100,2.278040,1.572521,5.44907,6.45995e-06,0.00114288,2.82372e-05
clsqdeim,0.1,1,4,3,11,105,6.202839,1.684147,6.36955,8.85751e-06,0.00763266,0.000253417
clsgnat,0.1,1,4,3,11,105,3.273925,1.325222,5.88362,0.00233523,0.253333,0.00326973
qdeim,0.1,1,4,3,11,105,2.790566,1.422974,6.13921,4.7939e-06,0.00168945,0.000109818
gnat,0.1,1,4,3,11,105,2.025403,1.398004,5.35063,8.64492e-06,0.0011669,1.54895e-05
clsqdeim,0.1,1,4,3,11,110,8.383528,1.281833,6.84445,1.2016e-05,0.00839718,0.000254408
clsgnat,0.1,1,4,3,11,110,4.337335,1.245049,6.07713,0.00186507,0.297866,0.00135305
qdeim,0.1,1,4,3,11,110,3.265598,1.397323,6.14389,4.6149e-06,0.00195484,9.57146e-05
gnat,0.1,1,4,3,11,110,2.911731,1.672736,5.61496,9.91287e-06,0.00098621,1.08827e-05
clsqdeim,0.1,1,4,3,11,115,6.177761,1.280727,6.90813,1.10814e-05,0.00773223,0.000237137
clsgnat,0.1,1,4,3,11,115,3.169395,1.261325,6.23113,0.00176355,0.3497,0.000857419
qdeim,0.1,1,4,3,11,115,3.133543,1.509062,6.54829,5.65924e-06,0.00191817,0.000121173
gnat,0.1,1,4,3,11,115,2.317443,1.671221,5.6336,9.78078e-06,0.000963885,6.6217e-06
clsqdeim,0.1,1,4,3,11,120,5.979663,1.626211,6.97735,9.13162e-06,0.00902469,0.000304355
clsgnat,0.1,1,4,3,11,120,3.182760,1.296505,6.30568,0.00158331,0.372339,0.000501317
qdeim,0.1,1,4,3,11,120,3.035696,1.418792,6.58892,6.1294e-06,0.00172802,0.000130747
gnat,0.1,1,4,3,11,120,2.304469,1.637560,5.79482,7.66971e-06,0.000885191,5.99914e-06
clsqdeim,0.1,2,4,7,18,5,16.086673,5.604885,7.03186,3.40829e-06,0.000897776,4.47597e-05
clsgnat,0.1,2,4,7,18,5,43.155767,11.851850,,0.0525592,16.5265,0.211422
qdeim,0.1,2,4,7,18,5,13.088998,3.522645,2.17611,9.87492e-06,0.00153232,5.75731e-05
gnat,0.1,2,4,7,18,5,14.096971,4.764882,2.24981,6.41159e-05,0.0157166,0.000363744
clsqdeim,0.1,2,4,7,18,10,13.159568,6.022207,3.04067,7.29918e-06,0.00162075,2.40564e-05
clsgnat,0.1,2,4,7,18,10,16.854173,6.576455,,0.0555736,28.1614,0.434691
qdeim,0.1,2,4,7,18,10,17.170836,3.124251,5.05065,1.46004e-05,0.00246776,5.8736e-05
gnat,0.1,2,4,7,18,10,6.311418,3.025119,2.51412,6.06672e-05,0.0149353,0.000341877
clsqdeim,0.1,2,4,7,18,15,12.030049,2.824291,3.4034,4.90728e-06,0.00101533,1.64497e-05
clsgnat,0.1,2,4,7,18,15,10.895513,5.464267,,0.0514864,17.0138,0.222871
qdeim,0.1,2,4,7,18,15,12.054538,2.326783,2.79977,8.97112e-06,0.00203898,3.49976e-05
gnat,0.1,2,4,7,18,15,9.111704,2.135644,2.90366,6.62394e-05,0.0160094,0.000370109
clsqdeim,0.1,2,4,7,18,20,10.711362,2.228860,3.76343,2.98793e-06,0.000636655,1.50524e-05
clsgnat,0.1,2,4,7,18,20,11.836709,6.136410,,0.0542956,16.2745,0.247572
qdeim,0.1,2,4,7,18,20,10.294828,1.962337,2.92888,5.13175e-06,0.00163996,3.19595e-05
gnat,0.1,2,4,7,18,20,7.951434,2.458418,3.07885,7.14616e-05,0.0168729,0.000370791
clsqdeim,0.1,2,4,7,18,25,10.584920,2.393586,4.36076,3.79048e-06,0.0004879,1.54123e-05
clsgnat,0.1,2,4,7,18,25,10.212737,4.536781,,0.0682049,31.26,0.452654
qdeim,0.1,2,4,7,18,25,7.891273,2.335183,3.14202,1.36369e-05,0.00278592,5.44161e-05
gnat,0.1,2,4,7,18,25,4.307547,1.799586,3.46837,7.13836e-05,0.0173714,0.000391343
clsqdeim,0.1,2,4,7,18,30,8.734566,2.351807,4.7011,4.00564e-06,0.000540824,1.77347e-05
clsgnat,0.1,2,4,7,18,30,10.637059,4.010697,,0.0726307,35.2467,0.586552
qdeim,0.1,2,4,7,18,30,9.604746,1.889621,3.22093,2.26488e-05,0.00333621,6.42322e-05
gnat,0.1,2,4,7,18,30,5.520084,2.951289,3.91762,6.23228e-05,0.0167913,0.00039689
clsqdeim,0.1,2,4,7,18,35,6.349426,2.069798,4.83402,4.70685e-06,0.00075058,2.23074e-05
clsgnat,0.1,2,4,7,18,35,7.992590,5.054037,,0.0706148,36.7929,0.621413
qdeim,0.1,2,4,7,18,35,7.641755,3.278099,3.45459,3.16435e-05,0.0041681,9.34202e-05
gnat,0.1,2,4,7,18,35,4.212014,3.529790,4.30639,6.30669e-05,0.0173066,0.000406181
clsqdeim,0.1,2,4,7,18,40,7.183406,2.101687,5.15086,4.27069e-06,0.000534723,1.68238e-05
clsgnat,0.1,2,4,7,18,40,7.450131,2.709795,,0.0491664,17.7181,0.216999
qdeim,0.1,2,4,7,18,40,7.734731,1.789153,3.67274,5.09482e-05,0.00609172,0.000167587
gnat,0.1,2,4,7,18,40,5.101552,1.757134,4.32895,6.56171e-05,0.0179847,0.000419482
clsqdeim,0.1,2,4,7,18,45,7.693199,1.970380,5.48195,9.16348e-06,0.000833475,4.3832e-05
clsgnat,0.1,2,4,7,18,45,8.812707,3.110425,,0.142593,9142.88,
qdeim,0.1,2,4,7,18,45,6.410478,1.614578,4.02368,9.568e-05,0.0108507,0.000337853
gnat,0.1,2,4,7,18,45,4.349381,1.458297,4.64773,6.43588e-05,0.0178879,0.000416526
clsqdeim,0.1,2,4,7,18,50,7.909447,2.290619,5.47386,1.16177e-05,0.0010588,6.09126e-05
clsgnat,0.1,2,4,7,18,50,7.826316,1.558567,,0.0718435,56.3389,2.17099
qdeim,0.1,2,4,7,18,50,5.816284,1.736103,4.19723,0.000123916,0.0139637,0.000460522
gnat,0.1,2,4,7,18,50,3.924209,1.565339,4.89816,5.22202e-05,0.017826,0.000445549
clsqdeim,0.1,2,4,7,18,55,5.670733,1.748227,5.77447,4.14909e-06,0.000557608,2.42575e-05
clsgnat,0.1,2,4,7,18,55,7.440576,1.558429,,0.0549177,37.2069,0.454344
qdeim,0.1,2,4,7,18,55,4.659425,1.562779,4.50217,0.000148759,0.0166418,0.000561459
gnat,0.1,2,4,7,18,55,3.525396,1.765406,5.16163,2.45944e-05,0.00944947,0.000254638
clsqdeim,0.1,2,4,7,18,60,5.615588,1.950567,7.20041,1.3957e-05,0.00170461,8.24635e-05
clsgnat,0.1,2,4,7,18,60,7.580760,1.444251,,0.0518888,35.6537,0.37292
qdeim,0.1,2,4,7,18,60,6.217773,1.829347,4.80372,0.000119272,0.0130924,0.00043205
gnat,0.1,2,4,7,18,60,5.037876,1.517706,5.04,5.28412e-06,0.00301937,9.20437e-05
clsqdeim,0.1,2,4,7,18,65,5.121212,1.613570,6.28566,1.027e-05,0.0012853,5.46274e-05
clsgnat,0.1,2,4,7,18,65,8.124678,1.597715,,0.0564497,29.1037,0.517578
qdeim,0.1,2,4,7,18,65,5.059195,1.680903,4.91092,0.000116815,0.0127927,0.000422799
gnat,0.1,2,4,7,18,65,3.266666,1.463265,5.39371,6.45705e-06,0.00165813,7.43274e-05
clsqdeim,0.1,2,4,7,18,70,5.945505,3.007531,6.64239,1.37267e-05,0.00168624,7.19635e-05
clsgnat,0.1,2,4,7,18,70,6.641397,6.550630,6.80975,0.00502199,0.360627,0.00293559
qdeim,0.1,2,4,7,18,70,5.107153,3.571171,4.98042,0.00012894,0.0141728,0.000470741
gnat,0.1,2,4,7,18,70,3.622185,1.941988,5.55568,6.15115e-06,0.00171842,7.40472e-05
clsqdeim,0.1,2,4,7,18,75,5.438022,1.587156,6.77492,1.45177e-05,0.00197189,7.91317e-05
clsgnat,0.1,2,4,7,18,75,6.831487,2.064241,,0.0171109,16.7517,0.317439
qdeim,0.1,2,4,7,18,75,5.995851,1.709188,5.02796,0.000134943,0.0149451,0.00050344
gnat,0.1,2,4,7,18,75,3.504042,1.381027,5.60218,4.06399e-06,0.00153761,6.11532e-05
clsqdeim,0.1,2,4,7,18,80,5.721889,1.600591,7.06203,1.96476e-05,0.00283095,0.00010865
clsgnat,0.1,2,4,7,18,80,6.239220,1.897088,,0.0170251,16.2678,0.329972
qdeim,0.1,2,4,7,18,80,5.114608,1.690642,5.4492,0.000124671,0.0133028,0.000457673
gnat,0.1,2,4,7,18,80,3.252549,1.538179,5.67072,4.2355e-06,0.0023474,3.84083e-05
clsqdeim,0.1,2,4,7,18,85,5.469356,1.477926,7.35801,2.24916e-05,0.0025925,0.000103802
clsgnat,0.1,2,4,7,18,85,6.215681,1.613363,7.59448,0.00611208,2.75725,0.0472672
qdeim,0.1,2,4,7,18,85,3.835297,1.476117,5.68571,0.000164039,0.0168241,0.000629672
gnat,0.1,2,4,7,18,85,3.023541,1.268924,5.97577,3.45796e-06,0.00208428,3.93373e-05
clsqdeim,0.1,2,4,7,18,90,6.085898,1.626165,7.54248,2.17179e-05,0.00245637,9.9262e-05
clsgnat,0.1,2,4,7,18,90,7.804494,1.665146,7.70674,0.00608939,2.70186,0.0451483
qdeim,0.1,2,4,7,18,90,9.993466,1.629016,5.88383,0.000133878,0.0144979,0.000568668
gnat,0.1,2,4,7,18,90,5.124481,1.537212,5.87333,6.54417e-06,0.00308602,3.28166e-05
clsqdeim,0.1,2,4,7,18,95,5.150667,1.631470,7.62205,1.46525e-05,0.00188863,7.9936e-05
clsgnat,0.1,2,4,7,18,95,6.139874,1.606730,8.01291,0.00386473,0.487572,0.0148057
qdeim,0.1,2,4,7,18,95,4.116500,1.700260,6.06549,4.70105e-05,0.00391536,0.000181602
gnat,0.1,2,4,7,18,95,2.844985,1.554511,5.94991,9.75452e-06,0.00397308,2.3982e-05
clsqdeim,0.1,2,4,7,18,100,5.679150,1.568372,7.83029,1.62091e-05,0.00250453,8.92601e-05
clsgnat,0.1,2,4,7,18,100,8.539014,1.346450,8.26055,0.00371419,0.455113,0.0138902
qdeim,0.1,2,4,7,18,100,4.385711,1.469275,6.22494,2.42879e-05,0.0015851,7.79068e-05
gnat,0.1,2,4,7,18,100,3.193151,1.328458,6.15081,1.72391e-05,0.00605552,3.26784e-05
clsqdeim,0.1,2,4,7,18,105,5.470934,2.434034,7.92721,2.04097e-05,0.00280786,0.000101528
clsgnat,0.1,2,4,7,18,105,5.457558,2.841971,8.83984,0.00334935,0.673228,0.0149309
qdeim,0.1,2,4,7,18,105,4.152136,3.278701,6.53581,1.53274e-05,0.00111183,5.74866e-05
gnat,0.1,2,4,7,18,105,2.737491,2.006823,6.10787,1.44687e-05,0.00530144,2.60851e-05
clsqdeim,0.1,2,4,7,18,110,5.696052,1.407245,8.03322,1.32486e-05,0.0022504,8.24462e-05
clsgnat,0.1,2,4,7,18,110,5.750049,1.402107,,0.023344,13.9026,0.290592
qdeim,0.1,2,4,7,18,110,3.977553,1.441337,6.63746,6.88515e-06,0.00214802,9.38397e-05
gnat,0.1,2,4,7,18,110,3.866512,1.303049,6.11697,4.84616e-06,0.00208133,1.75907e-05
clsqdeim,0.1,2,4,7,18,115,3.804261,1.601955,8.05684,1.29371e-05,0.00236413,8.2644e-05
clsgnat,0.1,2,4,7,18,115,4.824512,1.430559,,0.0256794,13.0314,0.264249
qdeim,0.1,2,4,7,18,115,3.865641,1.620627,6.82875,5.49758e-06,0.00160128,5.73979e-05
gnat,0.1,2,4,7,18,115,3.023615,1.523150,6.60734,3.16423e-06,0.000724637,3.5576e-05
clsqdeim,0.1,2,4,7,18,120,4.440934,1.495420,8.17904,1.20368e-05,0.00241456,7.91148e-05
clsgnat,0.1,2,4,7,18,120,6.382276,1.481969,,0.0264472,10.8006,0.237584
qdeim,0.1,2,4,7,18,120,4.339399,1.446344,7.10634,4.98688e-06,0.0014933,4.62228e-05
gnat,0.1,2,4,7,18,120,3.609316,1.350582,6.47183,4.43412e-06,0.0017921,1.18949e-05
clsqdeim,0.1,3,4,14,25,5,33.916080,8.037413,3.17931,0.000265938,0.0403621,0.00121693
clsgnat,0.1,3,4,14,25,5,34.957927,22.482493,,0.0590952,7687.06,
qdeim,0.1,3,4,14,25,5,24.606320,8.250528,2.9958,2.8311e-05,0.00509786,0.000112466
gnat,0.1,3,4,14,25,5,21.613096,10.497999,2.82977,0.000930836,0.270813,0.00998438
clsqdeim,0.1,3,4,14,25,10,19.598616,6.670418,3.63884,0.000287692,0.114874,0.00470471
clsgnat,0.1,3,4,14,25,10,29.956715,10.801033,,0.0596918,10413.5,
qdeim,0.1,3,4,14,25,10,24.829106,6.526982,3.57878,6.64031e-05,0.00981126,0.000191454
gnat,0.1,3,4,14,25,10,12.897420,6.691047,3.33287,0.00111978,0.285412,0.0101862
clsqdeim,0.1,3,4,14,25,15,17.284213,3.996505,4.21759,0.000121219,0.0672573,0.0016047
clsgnat,0.1,3,4,14,25,15,29.295562,11.359898,,0.0594378,11265.1,
qdeim,0.1,3,4,14,25,15,14.890410,5.310943,3.93163,7.66072e-06,0.00175635,6.04852e-05
gnat,0.1,3,4,14,25,15,11.357507,4.050333,3.38033,0.00107765,0.283394,0.0102766
clsqdeim,0.1,3,4,14,25,20,14.439123,3.892099,4.57797,8.00117e-05,0.013213,0.00104668
clsgnat,0.1,3,4,14,25,20,20.014612,9.801852,,0.0622252,15716.8,
qdeim,0.1,3,4,14,25,20,17.767317,5.667100,4.38026,1.32214e-05,0.00263975,0.000118458
gnat,0.1,3,4,14,25,20,7.334079,3.161747,3.84273,0.000776576,0.294505,0.0124592
clsqdeim,0.1,3,4,14,25,25,24.740327,3.792995,5.15536,5.5536e-05,0.00972865,0.000431318
clsgnat,0.1,3,4,14,25,25,17.505692,7.910721,,0.0601515,12774.7,
qdeim,0.1,3,4,14,25,25,22.151098,3.212159,4.7742,1.79726e-05,0.00292453,0.000139288
gnat,0.1,3,4,14,25,25,11.589101,3.962512,4.21391,0.000874225,0.295555,0.0119798
clsqdeim,0.1,3,4,14,25,30,13.341551,3.400623,5.64771,5.66891e-05,0.0148185,0.000369507
clsgnat,0.1,3,4,14,25,30,11.041964,7.874368,,0.0625523,14961.9,
qdeim,0.1,3,4,14,25,30,13.187519,4.660751,4.92359,1.31964e-05,0.00206176,4.87486e-05
gnat,0.1,3,4,14,25,30,5.647533,3.278224,4.43959,0.000812163,0.278427,0.0109688
clsqdeim,0.1,3,4,14,25,35,13.376544,4.773087,6.05104,5.0836e-05,0.0182687,0.000508087
clsgnat,0.1,3,4,14,25,35,10.700456,6.933212,,0.0610713,16225.8,
qdeim,0.1,3,4,14,25,35,12.078845,20.115960,5.16329,1.3342e-05,0.00303133,8.68242e-05
gnat,0.1,3,4,14,25,35,5.782762,2.785262,4.81074,0.00083476,0.275888,0.0106143
clsqdeim,0.1,3,4,14,25,40,13.062932,3.412083,6.67668,2.94585e-05,0.0113341,0.000309095
clsgnat,0.1,3,4,14,25,40,10.710557,6.306848,,0.0602273,15029.4,
qdeim,0.1,3,4,14,25,40,8.536539,4.643232,5.48736,1.17529e-05,0.00443638,0.000173943
gnat,0.1,3,4,14,25,40,6.279379,5.085693,4.9978,0.000845589,0.275542,0.0105454
clsqdeim,0.1,3,4,14,25,45,12.295664,3.089223,7.06998,4.20118e-05,0.0181855,0.000622402
clsgnat,0.1,3,4,14,25,45,9.404419,6.249374,,0.0634515,19442.4,
qdeim,0.1,3,4,14,25,45,9.169967,3.002669,5.80287,5.24855e-06,0.00280629,0.000137595
gnat,0.1,3,4,14,25,45,6.446499,2.549222,5.26997,0.000755898,0.287441,0.0116638
clsqdeim,0.1,3,4,14,25,50,25.273137,3.295884,7.54134,1.75922e-05,0.00366145,0.000313711
clsgnat,0.1,3,4,14,25,50,18.160628,5.907227,,0.0589682,5138.56,12694.4
qdeim,0.1,3,4,14,25,50,9.557376,5.638866,5.90002,8.23858e-06,0.00296482,0.0001448
gnat,0.1,3,4,14,25,50,10.240736,2.554054,5.55314,0.000701015,0.279265,0.0113081
clsqdeim,0.1,3,4,14,25,55,12.124237,2.764537,7.63039,1.52974e-05,0.00280406,0.000211197
clsgnat,0.1,3,4,14,25,55,7.586193,5.011741,,0.0588734,5003.92,12084.7
qdeim,0.1,3,4,14,25,55,8.173877,2.667789,6.13695,9.69987e-06,0.00389209,0.000203201
gnat,0.1,3,4,14,25,55,4.838052,2.323393,5.79629,0.000733599,0.270876,0.0105863
clsqdeim,0.1,3,4,14,25,60,9.652857,2.869314,7.78333,1.08578e-05,0.00261391,0.000125864
clsgnat,0.1,3,4,14,25,60,8.150033,4.314705,,0.058768,5059.59,24308.6
qdeim,0.1,3,4,14,25,60,8.557289,4.930254,6.99099,1.83821e-05,0.00797261,0.000277887
gnat,0.1,3,4,14,25,60,3.995917,2.219105,10.0457,0.000715354,0.256691,0.00965704
clsqdeim,0.1,3,4,14,25,65,9.791506,2.983291,8.1103,1.00044e-05,0.00275141,0.000120026
clsgnat,0.1,3,4,14,25,65,7.615493,5.107685,,0.109665,1446.63,4036.44
qdeim,0.1,3,4,14,25,65,7.916884,2.426834,7.27787,1.89226e-05,0.00753375,0.000318906
gnat,0.1,3,4,14,25,65,3.524389,2.125943,6.29834,0.000737315,0.255691,0.00947964
clsqdeim,0.1,3,4,14,25,70,10.662357,3.732485,8.20067,3.89278e-06,0.00400639,0.000115836
clsgnat,0.1,3,4,14,25,70,7.743949,9.026737,,0.109665,1410.86,3993.72
qdeim,0.1,3,4,14,25,70,6.766209,8.491948,7.14273,2.35492e-05,0.00931565,0.000482631
gnat,0.1,3,4,14,25,70,4.904983,3.469552,6.61381,0.00069195,0.264653,0.0102538
clsqdeim,0.1,3,4,14,25,75,13.750111,2.222943,8.39885,8.06623e-06,0.0041479,0.000147373
clsgnat,0.1,3,4,14,25,75,11.202768,4.007756,,0.0580681,5859.43,18593.9
qdeim,0.1,3,4,14,25,75,9.269784,2.125569,7.35839,6.91688e-05,0.0176002,0.00071814
gnat,0.1,3,4,14,25,75,7.132998,1.935926,6.70528,0.00069134,0.261257,0.00997323
clsqdeim,0.1,3,4,14,25,80,7.574630,2.145746,8.67942,6.4884e-06,0.00416016,0.000136085
clsgnat,0.1,3,4,14,25,80,8.377554,6.145946,,0.058475,5495.18,16263.4
qdeim,0.1,3,4,14,25,80,7.444184,2.624227,7.68579,2.08742e-05,0.00635756,0.000208821
gnat,0.1,3,4,14,25,80,3.730937,2.295803,6.8171,0.000668289,0.257881,0.00988436
clsqdeim,0.1,3,4,14,25,85,8.276070,2.469893,8.70619,8.03941e-06,0.00409829,0.000155033
clsgnat,0.1,3,4,14,25,85,7.683190,3.878108,,0.107879,1504.82,4335.54
qdeim,0.1,3,4,14,25,85,7.194964,2.288125,8.07187,1.77517e-05,0.0101997,0.000320634
gnat,0.1,3,4,14,25,85,4.003404,2.021906,7.05877,0.000671736,0.249278,0.0092978
clsqdeim,0.1,3,4,14,25,90,7.971228,2.193545,8.92056,7.72119e-06,0.0044836,0.000176712
clsgnat,0.1,3,4,14,25,90,5.980014,4.628747,,0.0585482,5670.01,18143.3
qdeim,0.1,3,4,14,25,90,7.725306,2.429207,8.37956,3.53208e-05,0.0066556,0.000312625
gnat,0.1,3,4,14,25,90,3.669621,1.820443,7.19584,0.00067475,0.241641,0.00870824
clsqdeim,0.1,3,4,14,25,95,11.980384,2.167560,9.56844,7.77558e-06,0.00537589,0.000239447
clsgnat,0.1,3,4,14,25,95,6.625114,3.502810,,0.0584626,5549.3,18366.3
qdeim,0.1,3,4,14,25,95,7.102912,2.029940,8.48197,4.87428e-05,0.00590591,0.0002533
gnat,0.1,3,4,14,25,95,3.472532,1.807555,7.56196,0.000634303,0.246374,0.00922941
clsqdeim,0.1,3,4,14,25,100,15.406775,2.279528,10.4338,1.26219e-05,0.00918235,0.000401219
clsgnat,0.1,3,4,14,25,100,9.957997,4.856951,,0.0476605,247.749,22.4735
qdeim,0.1,3,4,14,25,100,7.792231,2.701754,9.14,2.57202e-05,0.00877867,0.000392542
gnat,0.1,3,4,14,25,100,6.272934,2.155000,7.03222,7.75565e-05,0.0262526,0.000765875
clsqdeim,0.1,3,4,14,25,105,13.299823,3.069371,10.1273,1.37131e-05,0.00862869,0.000385855
clsgnat,0.1,3,4,14,25,105,7.112213,4.633694,,0.051174,60.5706,1.59424
qdeim,0.1,3,4,14,25,105,6.514883,3.925826,9.40858,1.31534e-05,0.00270976,0.000122729
gnat,0.1,3,4,14,25,105,3.789393,3.060143,8.29086,2.46238e-05,0.00933149,0.000546214
clsqdeim,0.1,3,4,14,25,110,14.874748,2.070942,10.5591,1.7458e-05,0.00985562,0.000409953
clsgnat,0.1,3,4,14,25,110,7.350641,4.154821,,0.0495516,59.8928,1.43563
qdeim,0.1,3,4,14,25,110,6.725526,2.337253,9.06728,8.53408e-06,0.00142477,6.68821e-05
gnat,0.1,3,4,14,25,110,3.995966,1.889575,7.20488,8.78518e-05,0.0265381,0.000742761
clsqdeim,0.1,3,4,14,25,115,10.809005,2.383374,10.8571,2.34168e-05,0.0129907,0.000531949
clsgnat,0.1,3,4,14,25,115,7.230831,3.232529,,0.0689005,26.0965,0.352779
qdeim,0.1,3,4,14,25,115,6.071552,2.000324,9.27101,7.1871e-06,0.00174379,5.40979e-05
gnat,0.1,3,4,14,25,115,3.599649,2.220519,7.5387,1.52942e-05,0.0100499,0.000365034
clsqdeim,0.1,3,4,14,25,120,10.339407,2.177228,10.6202,1.78964e-05,0.0108462,0.000443603
clsgnat,0.1,3,4,14,25,120,7.266635,4.443274,,0.0601021,19.1053,0.496251
qdeim,0.1,3,4,14,25,120,5.634965,2.407278,9.58009,4.03642e-06,0.00101678,4.16561e-05
gnat,0.1,3,4,14,25,120,3.403875,2.039844,7.8925,6.15059e-05,0.01265,0.000834944
clsqdeim,0.1,4,4,21,32,5,43.455709,16.350848,4.22102,0.00169202,0.649001,0.0297378
clsgnat,0.1,4,4,21,32,5,57.653143,48.111984,,0.0813283,137.166,21.2459
qdeim,0.1,4,4,21,32,5,54.432158,11.536400,,0.0131916,15.7526,0.588823
gnat,0.1,4,4,21,32,5,25.606318,10.345315,,0.0517998,28.2056,1.63942
clsqdeim,0.1,4,4,21,32,10,21.042817,15.911512,4.52596,0.0016757,0.395234,0.0168604
clsgnat,0.1,4,4,21,32,10,29.650103,25.186344,,0.0813575,138.626,21.5448
qdeim,0.1,4,4,21,32,10,51.530814,7.555400,3.969,0.000689439,0.178447,0.00531169
gnat,0.1,4,4,21,32,10,21.162640,6.456267,,0.0504068,28.2252,1.64595
clsqdeim,0.1,4,4,21,32,15,18.236148,14.159601,5.00687,0.000543709,0.105023,0.0044836
clsgnat,0.1,4,4,21,32,15,23.937344,21.238887,,0.0824665,154.95,24.6475
qdeim,0.1,4,4,21,32,15,35.604419,7.770261,4.39313,9.01795e-05,0.0230739,0.000701807
gnat,0.1,4,4,21,32,15,9.112116,6.936094,,0.0496247,28.7355,1.70413
clsqdeim,0.1,4,4,21,32,20,17.497736,7.202864,11.1389,0.000118818,0.0205267,0.000843144
clsgnat,0.1,4,4,21,32,20,20.818628,11.657225,,0.0802079,131.524,20.2699
qdeim,0.1,4,4,21,32,20,35.296779,4.683421,4.75517,0.000116304,0.0141664,0.000637655
gnat,0.1,4,4,21,32,20,12.442616,4.734514,,0.0484872,26.9782,1.49222
clsqdeim,0.1,4,4,21,32,25,15.011412,9.488143,5.7359,0.000350069,0.0680934,0.00317652
clsgnat,0.1,4,4,21,32,25,16.172764,10.129712,,0.0784723,119.211,17.7121
qdeim,0.1,4,4,21,32,25,26.292688,4.851185,5.24467,0.000227906,0.0343765,0.00159185
gnat,0.1,4,4,21,32,25,8.488585,4.432229,,0.0478807,26.6748,1.44504
clsqdeim,0.1,4,4,21,32,30,13.294881,7.629012,5.93956,0.000411558,0.096796,0.00541352
clsgnat,0.1,4,4,21,32,30,15.738455,11.967493,,0.0788567,127.297,19.2749
qdeim,0.1,4,4,21,32,30,21.512914,5.218029,5.39049,0.000246628,0.0473199,0.00219364
gnat,0.1,4,4,21,32,30,8.988085,4.473849,,0.0484842,26.5991,1.44241
clsqdeim,0.1,4,4,21,32,35,14.012452,14.816622,6.42089,0.00119046,0.259604,0.0158662
clsgnat,0.1,4,4,21,32,35,15.957358,15.294151,,0.079128,129.991,19.7882
qdeim,0.1,4,4,21,32,35,21.844310,8.507385,5.96956,0.000165774,0.0354226,0.00155312
gnat,0.1,4,4,21,32,35,7.918070,5.353326,,0.0464832,25.4061,1.31609
clsqdeim,0.1,4,4,21,32,40,15.984563,7.757028,6.53487,0.000588198,0.141587,0.00804569
clsgnat,0.1,4,4,21,32,40,15.211037,7.996536,,0.0784054,124.201,18.5701
qdeim,0.1,4,4,21,32,40,20.845797,5.096215,6.48852,3.97381e-05,0.00815704,0.000380052
gnat,0.1,4,4,21,32,40,7.749919,3.536391,,0.0470445,25.4159,1.32857
clsqdeim,0.1,4,4,21,32,45,10.787476,6.204913,7.07246,0.000695102,0.158384,0.00901096
clsgnat,0.1,4,4,21,32,45,11.884724,6.361582,,0.0777259,120.398,17.7648
qdeim,0.1,4,4,21,32,45,19.316370,5.392102,6.52856,6.09858e-05,0.0120926,0.000508394
gnat,0.1,4,4,21,32,45,6.464105,3.428018,,0.0467889,25.5702,1.33861
clsqdeim,0.1,4,4,21,32,50,8.912743,4.032404,7.08158,0.00180226,0.455367,0.0234394
clsgnat,0.1,4,4,21,32,50,10.482008,7.127547,,0.0769987,118.234,17.2813
qdeim,0.1,4,4,21,32,50,17.942892,4.183996,6.74825,1.0124e-05,0.00345278,0.000177864
gnat,0.1,4,4,21,32,50,6.333832,3.052958,,0.0469866,24.9833,1.27177
clsqdeim,0.1,4,4,21,32,55,9.631288,4.226053,7.29823,0.00183692,0.486302,0.022311
clsgnat,0.1,4,4,21,32,55,12.132129,6.078205,,0.0767495,117.858,17.1522
qdeim,0.1,4,4,21,32,55,18.791247,3.262254,7.39558,0.000417162,0.12569,0.00561992
gnat,0.1,4,4,21,32,55,5.622596,2.961373,,0.0466027,24.8479,1.25889
clsqdeim,0.1,4,4,21,32,60,8.967095,4.903438,7.67451,0.00229003,0.640708,0.0252438
clsgnat,0.1,4,4,21,32,60,9.955081,6.366062,,0.0764421,115.534,16.6845
qdeim,0.1,4,4,21,32,60,19.267371,5.087001,7.87657,0.000286587,0.117177,0.004964
gnat,0.1,4,4,21,32,60,6.060208,3.223248,,0.0461048,24.6546,1.2395
clsqdeim,0.1,4,4,21,32,65,9.212772,4.374404,16.7868,0.00271958,0.773354,0.0304468
clsgnat,0.1,4,4,21,32,65,10.761529,4.833915,,0.0756494,112.076,15.9259
qdeim,0.1,4,4,21,32,65,16.767701,3.305202,8.22526,0.000129765,0.0683394,0.00298518
gnat,0.1,4,4,21,32,65,5.498778,2.293108,,0.0453176,23.3963,1.12375
clsqdeim,0.1,4,4,21,32,70,7.986965,5.438932,8.58752,0.00175842,0.446895,0.0175728
clsgnat,0.1,4,4,21,32,70,9.830780,6.080813,,0.0753944,111.815,15.847
qdeim,0.1,4,4,21,32,70,17.333096,5.672178,8.28996,0.00012406,0.0795731,0.00333773
gnat,0.1,4,4,21,32,70,5.185403,3.498438,,0.045681,23.2619,1.10892
clsqdeim,0.1,4,4,21,32,75,8.699833,4.301610,8.94893,0.000949368,0.237809,0.00904232
clsgnat,0.1,4,4,21,32,75,9.878571,5.193160,,0.0756428,114.812,16.3907
qdeim,0.1,4,4,21,32,75,16.112282,3.581305,8.67554,0.000116646,0.083881,0.00344998
gnat,0.1,4,4,21,32,75,4.653665,2.942013,,0.04539,23.2967,1.11178
clsqdeim,0.1,4,4,21,32,80,16.816746,4.358475,8.82627,0.000775908,0.207538,0.00756753
clsgnat,0.1,4,4,21,32,80,14.286072,4.581789,,0.0755721,114.793,16.3614
qdeim,0.1,4,4,21,32,80,17.798985,3.577625,8.8767,0.000128661,0.0894105,0.00388567
gnat,0.1,4,4,21,32,80,6.399926,2.553190,,0.045456,23.4471,1.12657
clsqdeim,0.1,4,4,21,32,85,7.740351,4.927343,8.8736,0.00071041,0.208718,0.00735753
clsgnat,0.1,4,4,21,32,85,8.667684,5.622545,,0.0749241,112.025,15.7721
qdeim,0.1,4,4,21,32,85,15.390099,3.493336,9.34017,8.74948e-05,0.0632037,0.00269775
gnat,0.1,4,4,21,32,85,4.969378,2.365930,,0.0445875,22.9393,1.07201
clsqdeim,0.1,4,4,21,32,90,7.633344,4.795381,9.17549,0.000609756,0.192394,0.00702262
clsgnat,0.1,4,4,21,32,90,10.337320,6.161170,,0.0745743,110.603,15.4559
qdeim,0.1,4,4,21,32,90,15.309333,3.396128,9.65606,9.52781e-05,0.0577325,0.00231491
gnat,0.1,4,4,21,32,90,4.623195,2.377711,,0.044431,22.8881,1.0671
clsqdeim,0.1,4,4,21,32,95,7.926964,4.124375,9.10395,0.000397857,0.136372,0.00537345
clsgnat,0.1,4,4,21,32,95,8.815910,5.349901,,0.0745516,110.578,15.4337
qdeim,0.1,4,4,21,32,95,14.332486,3.609492,9.56569,9.76836e-05,0.0619137,0.00250079
gnat,0.1,4,4,21,32,95,4.407880,2.322769,,0.0444599,22.7496,1.05654
clsqdeim,0.1,4,4,21,32,100,8.062886,3.878071,9.26525,0.000747988,0.256648,0.0110308
clsgnat,0.1,4,4,21,32,100,7.874671,4.993240,,0.074631,110.335,15.3374
qdeim,0.1,4,4,21,32,100,15.277844,3.795081,10.3313,0.000205262,0.109579,0.00482287
gnat,0.1,4,4,21,32,100,4.227286,2.191295,,0.0442924,22.6311,1.04851
clsqdeim,0.1,4,4,21,32,105,6.700317,9.672996,9.51635,0.000799729,0.278679,0.0114182
clsgnat,0.1,4,4,21,32,105,8.102402,16.043226,,0.0743509,110.036,15.2634
qdeim,0.1,4,4,21,32,105,12.498767,6.131660,10.3835,0.000260721,0.135813,0.00720264
gnat,0.1,4,4,21,32,105,4.509537,3.818491,,0.0441183,22.603,1.0446
clsqdeim,0.1,4,4,21,32,110,6.587056,3.866263,11.704,0.000804444,0.286953,0.0116532
clsgnat,0.1,4,4,21,32,110,7.132892,4.732649,,0.0739899,110.916,15.3273
qdeim,0.1,4,4,21,32,110,14.574953,3.367191,10.4806,0.000184483,0.0994341,0.00455447
gnat,0.1,4,4,21,32,110,4.590555,1.997958,,0.0442099,22.5513,1.0412
clsqdeim,0.1,4,4,21,32,115,7.142961,3.661395,10.0457,0.000738803,0.263443,0.0102083
clsgnat,0.1,4,4,21,32,115,7.159106,4.483540,,0.0736587,110.112,15.1546
qdeim,0.1,4,4,21,32,115,12.205470,3.544200,10.8223,0.000187965,0.100602,0.004213
gnat,0.1,4,4,21,32,115,4.596133,2.155303,,0.0442403,22.3022,1.01825
clsqdeim,0.1,4,4,21,32,120,9.424783,4.953355,15.4849,0.000349011,0.142123,0.00563428
clsgnat,0.1,4,4,21,32,120,7.838149,3.888752,,0.0733729,108.305,14.8029
qdeim,0.1,4,4,21,32,120,13.225476,3.877973,10.7538,5.21694e-05,0.0153525,0.000818399
gnat,0.1,4,4,21,32,120,5.034381,2.438298,,0.0440708,22.3567,1.022
clsqdeim,0.1,5,4,27,39,5,32.318593,13.892951,,0.023965,28.6771,8.88007
clsgnat,0.1,5,4,27,39,5,54.243430,72.257968,,0.0579427,2.55049e+06,3.0633e+09
qdeim,0.1,5,4,27,39,5,47.705006,18.864945,4.21472,0.000241644,0.128269,0.00327335
gnat,0.1,5,4,27,39,5,38.630792,15.610392,,0.0351145,44.2414,2.37991
clsqdeim,0.1,5,4,27,39,10,24.714303,11.496390,,0.0320688,24.595,1.44025
clsgnat,0.1,5,4,27,39,10,34.600392,27.917117,,0.0579485,2.22052e+06,2.19549e+09
qdeim,0.1,5,4,27,39,10,29.472044,10.161783,4.65081,0.000305461,0.0718935,0.00427506
gnat,0.1,5,4,27,39,10,17.480118,10.033903,,0.035345,44.9571,2.43237
clsqdeim,0.1,5,4,27,39,15,28.311938,11.116069,,0.0360901,49.9586,3.28559
clsgnat,0.1,5,4,27,39,15,42.854380,21.294972,,0.0573094,1.35219e+06,2.06803e+09
qdeim,0.1,5,4,27,39,15,25.648272,8.622705,5.29207,9.28363e-05,0.0347645,0.00163521
gnat,0.1,5,4,27,39,15,13.164949,7.246977,,0.0352417,45.3057,2.44921
clsqdeim,0.1,5,4,27,39,20,24.148268,9.791135,5.6586,0.015218,11.9803,0.563824
clsgnat,0.1,5,4,27,39,20,25.761270,19.190609,,0.0566106,1.75116e+06,3.45808e+09
qdeim,0.1,5,4,27,39,20,21.677184,6.356877,5.57934,3.11716e-05,0.0476287,0.00169623
gnat,0.1,5,4,27,39,20,9.921677,5.601838,,0.0343895,44.8603,2.40078
clsqdeim,0.1,5,4,27,39,25,13.431186,7.689089,5.03137,0.00158606,0.843081,0.0288581
clsgnat,0.1,5,4,27,39,25,20.657639,15.030750,,0.0582798,2.16646e+06,5.46868e+09
qdeim,0.1,5,4,27,39,25,18.308302,7.002910,6.02776,4.96978e-05,0.0190742,0.0010115
gnat,0.1,5,4,27,39,25,10.305575,5.866171,,0.0345279,45.5916,2.3962
clsqdeim,0.1,5,4,27,39,30,17.541169,6.289445,5.37301,0.000179303,0.0588856,0.00228502
clsgnat,0.1,5,4,27,39,30,22.713225,16.472577,,0.058459,2.26647e+06,6.03101e+09
qdeim,0.1,5,4,27,39,30,20.345089,6.655807,6.54653,1.95184e-05,0.00687038,0.000321823
gnat,0.1,5,4,27,39,30,9.360368,5.539382,,0.0342754,46.083,2.41391
clsqdeim,0.1,5,4,27,39,35,13.933444,7.025987,5.56762,4.92892e-05,0.0235591,0.000828797
clsgnat,0.1,5,4,27,39,35,16.932626,12.311367,,0.057599,1.42534e+06,2.40095e+09
qdeim,0.1,5,4,27,39,35,21.797680,5.694472,7.13353,1.25643e-05,0.00865834,0.00032906
gnat,0.1,5,4,27,39,35,7.913526,4.341507,,0.0334883,44.6254,2.36337
clsqdeim,0.1,5,4,27,39,40,20.973880,4.868273,5.85721,8.70878e-05,0.0360213,0.00101747
clsgnat,0.1,5,4,27,39,40,16.124576,10.107908,,0.058463,50421.5,3.42571e+06
qdeim,0.1,5,4,27,39,40,19.101790,5.087985,7.43639,4.78957e-06,0.00137561,4.18166e-05
gnat,0.1,5,4,27,39,40,6.885877,4.450355,,0.0337068,45.0787,2.39024
clsqdeim,0.1,5,4,27,39,45,24.630978,5.982755,5.93592,6.86431e-05,0.0244423,0.000682675
clsgnat,0.1,5,4,27,39,45,15.658337,16.202018,,0.0626801,9452.46,
qdeim,0.1,5,4,27,39,45,19.061427,6.589389,7.86451,9.52694e-06,0.003597,0.000184252
gnat,0.1,5,4,27,39,45,7.805874,5.345109,,0.034003,45.8371,2.43162
clsqdeim,0.1,5,4,27,39,50,17.716134,4.589644,6.40166,4.67748e-05,0.0150588,0.000497171
clsgnat,0.1,5,4,27,39,50,13.795816,8.807581,,0.062353,11843.4,
qdeim,0.1,5,4,27,39,50,16.830036,4.420537,8.1668,6.71712e-06,0.00213512,0.000120518
gnat,0.1,5,4,27,39,50,6.474626,3.904541,,0.0332966,45.4784,2.41363
clsqdeim,0.1,5,4,27,39,55,18.265946,4.695327,6.89497,5.91637e-05,0.0173426,0.000591874
clsgnat,0.1,5,4,27,39,55,13.182248,7.012926,,0.0567562,,9.22828e+08
qdeim,0.1,5,4,27,39,55,15.519006,4.252933,8.45862,3.74909e-05,0.00832849,0.000251156
gnat,0.1,5,4,27,39,55,5.815565,3.512958,,0.0332553,45.641,2.41963
clsqdeim,0.1,5,4,27,39,60,19.075363,4.621344,7.07874,3.2929e-05,0.00793373,0.000307819
clsgnat,0.1,5,4,27,39,60,11.433722,7.712550,,0.0577672,,1.63377e+07
qdeim,0.1,5,4,27,39,60,16.970736,4.744125,9.1432,5.747e-06,0.000748827,2.69593e-05
gnat,0.1,5,4,27,39,60,5.788719,4.125646,,0.0329872,46.3674,2.44662
clsqdeim,0.1,5,4,27,39,65,33.079855,4.155355,7.5205,2.68474e-05,0.00535442,0.000259068
clsgnat,0.1,5,4,27,39,65,11.915697,7.325650,,0.0586284,85285.3,8.24325e+06
qdeim,0.1,5,4,27,39,65,31.439407,4.861639,9.33941,1.08006e-05,0.00284301,0.000112464
gnat,0.1,5,4,27,39,65,6.395880,3.224246,,0.0329317,46.8287,2.47021
clsqdeim,0.1,5,4,27,39,70,14.705099,4.296727,7.73054,3.86499e-06,0.00212518,8.98859e-05
clsgnat,0.1,5,4,27,39,70,12.595553,6.895790,,0.0580645,75530.6,6.62794e+06
qdeim,0.1,5,4,27,39,70,12.485967,3.803386,9.84731,2.03366e-05,0.00123355,4.21858e-05
gnat,0.1,5,4,27,39,70,5.738115,2.982620,,0.0321415,46.3427,2.44884
clsqdeim,0.1,5,4,27,39,75,16.020739,4.321614,8.20406,7.87349e-06,0.00483721,0.000207752
clsgnat,0.1,5,4,27,39,75,12.323196,7.052434,,0.0594373,,2.40253e+06
qdeim,0.1,5,4,27,39,75,14.323680,4.217039,9.974,4.60801e-06,0.000695087,2.29303e-05
gnat,0.1,5,4,27,39,75,5.144346,3.730216,,0.0318227,46.1285,2.44249
clsqdeim,0.1,5,4,27,39,80,13.957119,3.862789,7.91585,1.40262e-05,0.00744762,0.000298819
clsgnat,0.1,5,4,27,39,80,11.451746,5.671802,,0.0605933,28567.3,
qdeim,0.1,5,4,27,39,80,13.857338,3.443659,10.2061,1.20176e-05,0.000849813,2.71755e-05
gnat,0.1,5,4,27,39,80,4.952268,2.973450,,0.0319272,46.0631,2.42125
clsqdeim,0.1,5,4,27,39,85,11.861740,3.678022,8.48117,1.16511e-05,0.00731038,0.000330201
clsgnat,0.1,5,4,27,39,85,10.437586,6.228102,,0.0604255,23092.8,
qdeim,0.1,5,4,27,39,85,13.011944,4.250372,10.4757,3.32554e-06,0.00109221,5.14658e-05
gnat,0.1,5,4,27,39,85,4.949382,2.999643,,0.0316835,46.3985,2.43805
clsqdeim,0.1,5,4,27,39,90,14.859672,4.872611,8.5355,9.86043e-06,0.00527739,0.000257069
clsgnat,0.1,5,4,27,39,90,9.395114,8.667627,,0.0604255,12027.7,
qdeim,0.1,5,4,27,39,90,12.562240,4.819839,10.8598,5.13976e-06,0.000642002,2.67305e-05
gnat,0.1,5,4,27,39,90,5.085928,3.599535,,0.0315402,46.4188,2.44282
clsqdeim,0.1,5,4,27,39,95,12.153737,3.363961,8.62667,8.4916e-06,0.0054497,0.000254951
clsgnat,0.1,5,4,27,39,95,10.987503,5.171472,,0.0607016,,
qdeim,0.1,5,4,27,39,95,12.840276,3.970263,11.2204,9.11449e-06,0.00052029,2.46117e-05
gnat,0.1,5,4,27,39,95,4.872895,2.923559,,0.0314607,46.3312,2.43256
clsqdeim,0.1,5,4,27,39,100,12.955691,3.666010,8.7852,9.4822e-06,0.00484072,0.00020539
clsgnat,0.1,5,4,27,39,100,9.075931,5.093271,,0.0588322,10892.6,
qdeim,0.1,5,4,27,39,100,11.527697,3.702269,11.4896,7.97749e-06,0.000570328,2.90134e-05
gnat,0.1,5,4,27,39,100,4.652743,2.847352,,0.0312745,46.3575,2.43767
clsqdeim,0.1,5,4,27,39,105,11.857555,3.610907,8.96659,8.85691e-06,0.00294441,8.51008e-05
clsgnat,0.1,5,4,27,39,105,9.055018,5.835769,,0.0590311,10091.9,
qdeim,0.1,5,4,27,39,105,11.436245,3.554527,11.9221,9.51262e-06,0.000536761,2.55493e-05
gnat,0.1,5,4,27,39,105,4.538490,2.673969,,0.0313087,46.4731,2.43764
clsqdeim,0.1,5,4,27,39,110,12.063298,3.507003,9.51437,3.19748e-05,0.0088866,0.000380927
clsgnat,0.1,5,4,27,39,110,7.244101,5.171768,,0.0589454,10066.2,
qdeim,0.1,5,4,27,39,110,11.569581,3.342732,11.9968,8.5319e-06,0.0005571,1.61304e-05
gnat,0.1,5,4,27,39,110,4.027686,2.871425,,0.0312551,46.4702,2.43858
clsqdeim,0.1,5,4,27,39,115,11.787505,3.603145,10.0479,3.31358e-05,0.0100585,0.000428782
clsgnat,0.1,5,4,27,39,115,7.287277,4.941106,,0.0594384,10272.8,
qdeim,0.1,5,4,27,39,115,10.866285,3.254236,12.3367,8.41777e-06,0.000538087,1.67087e-05
gnat,0.1,5,4,27,39,115,4.668994,2.403808,,0.0312428,46.732,2.45037
clsqdeim,0.1,5,4,27,39,120,10.729444,3.646734,10.0651,2.71411e-05,0.00761391,0.000319047
clsgnat,0.1,5,4,27,39,120,7.472809,4.923285,,0.0589959,9807.44,
qdeim,0.1,5,4,27,39,120,11.030550,4.128258,12.1697,9.24529e-06,0.00078198,2.94954e-05
gnat,0.1,5,4,27,39,120,4.939127,2.649431,,0.0311781,46.6268,2.44622
clsqdeim,0.1,6,4,34,48,5,43.438482,25.102773,,0.024072,9.42443,0.356387
clsgnat,0.1,6,4,34,48,5,65.797019,54.526671,,0.048792,584.115,173.32
qdeim,0.1,6,4,34,48,5,129.184234,21.295073,4.7891,0.0035321,0.721262,0.0206113
gnat,0.1,6,4,34,48,5,37.025949,17.786694,,0.0517656,26.252,1.30893
clsqdeim,0.1,6,4,34,48,10,31.141930,13.558077,6.69774,0.0166185,8.2653,0.308603
clsgnat,0.1,6,4,34,48,10,40.226966,30.033860,,0.0489667,569.464,160.474
qdeim,0.1,6,4,34,48,10,60.412259,14.404404,5.06301,0.00183591,0.360615,0.00937761
gnat,0.1,6,4,34,48,10,23.728465,19.077068,,0.0496588,25.3116,1.24196
clsqdeim,0.1,6,4,34,48,15,57.095387,12.154381,6.85103,0.0151924,6.14569,0.242306
clsgnat,0.1,6,4,34,48,15,58.379332,17.934498,,0.0498838,593.415,174.066
qdeim,0.1,6,4,34,48,15,70.774446,9.466000,5.72487,6.42412e-05,0.0117787,0.000374012
gnat,0.1,6,4,34,48,15,16.474116,9.577964,,0.0479091,25.2803,1.23908
clsqdeim,0.1,6,4,34,48,20,42.829885,11.316276,7.30687,0.0110776,4.19287,0.148603
clsgnat,0.1,6,4,34,48,20,27.711296,22.669976,,0.0498938,577.827,163.97
qdeim,0.1,6,4,34,48,20,41.450086,7.887796,6.30125,3.27181e-05,0.00533099,0.000144367
gnat,0.1,6,4,34,48,20,14.058303,7.355530,,0.0469485,24.0497,1.1603
clsqdeim,0.1,6,4,34,48,25,30.719541,8.768224,,0.0293066,13.0501,0.441897
clsgnat,0.1,6,4,34,48,25,26.205377,17.269599,,0.0503714,557.92,150.439
