method,t,n,ef,xx,vv,ee,q,condV,condE,time,ErrX,ErrV,ErrE
sopt,0.1,3,0.9999,4,14,25,5,20.732158,9.832765,3.32138,8.81643e-05,0.0581258,0.00198346
clssopt,0.1,3,0.9999,4,14,25,5,44.952583,10.444819,3.43293,0.000317721,0.122764,0.00536796
sopt,0.1,3,0.9999,4,14,25,10,19.709525,9.294698,3.78651,4.19069e-05,0.0233136,0.000527936
clssopt,0.1,3,0.9999,4,14,25,10,16.148189,6.119029,3.87591,0.000248152,0.0897122,0.00281029
sopt,0.1,3,0.9999,4,14,25,15,10.494338,5.888803,4.51371,6.1382e-05,0.0216188,0.000595707
clssopt,0.1,3,0.9999,4,14,25,15,8.220748,3.811710,4.26664,6.01266e-05,0.0265675,0.0016614
sopt,0.1,3,0.9999,4,14,25,20,7.852498,4.264949,4.9285,6.47019e-05,0.017181,0.000615284
clssopt,0.1,3,0.9999,4,14,25,20,9.502156,4.298455,4.95294,0.000144962,0.0275256,0.00175037
sopt,0.1,3,0.9999,4,14,25,25,8.538702,4.413305,5.36819,3.96034e-05,0.0115028,0.000511721
clssopt,0.1,3,0.9999,4,14,25,25,9.056214,3.549508,5.30898,4.45833e-05,0.00804109,0.000534774
sopt,0.1,3,0.9999,4,14,25,30,6.502532,3.109673,5.90937,4.23114e-05,0.00955896,0.000592298
clssopt,0.1,3,0.9999,4,14,25,30,7.877628,4.529591,5.58984,4.10457e-05,0.00646519,0.00035498
sopt,0.1,3,0.9999,4,14,25,35,6.320316,3.876132,6.22785,6.73039e-05,0.0233903,0.000963842
clssopt,0.1,3,0.9999,4,14,25,35,6.105659,4.044057,6.08506,1.08429e-05,0.00227377,0.000187408
sopt,0.1,3,0.9999,4,14,25,40,6.773691,3.102543,6.7002,6.91255e-05,0.0196681,0.000890956
clssopt,0.1,3,0.9999,4,14,25,40,5.725645,3.533368,6.5343,1.02331e-05,0.00227101,0.00014243
sopt,0.1,3,0.9999,4,14,25,45,6.016840,3.106538,7.39192,5.71495e-05,0.0186096,0.000782604
clssopt,0.1,3,0.9999,4,14,25,45,4.844995,2.997637,7.06645,1.26528e-05,0.00244316,0.000178726
sopt,0.1,3,0.9999,4,14,25,50,7.259626,3.287096,7.81406,3.44642e-05,0.0141095,0.000679793
clssopt,0.1,3,0.9999,4,14,25,50,6.288661,3.124259,7.43858,1.57882e-05,0.00270485,0.000175314
sopt,0.1,3,0.9999,4,14,25,55,4.982307,2.964629,7.91297,3.95826e-05,0.0145567,0.000678152
clssopt,0.1,3,0.9999,4,14,25,55,4.512648,3.088667,7.89641,1.38563e-05,0.00267571,0.000184394
sopt,0.1,3,0.9999,4,14,25,60,5.249878,2.477492,8.41001,5.05823e-05,0.0159006,0.000785029
clssopt,0.1,3,0.9999,4,14,25,60,5.524852,3.157547,8.61154,9.51381e-06,0.00236269,0.000152077
sopt,0.1,3,0.9999,4,14,25,65,6.578049,2.662810,8.78696,2.57161e-05,0.0108496,0.0006741
clssopt,0.1,3,0.9999,4,14,25,65,4.511271,2.452198,8.64728,9.61795e-06,0.00196845,0.000128905
sopt,0.1,3,0.9999,4,14,25,70,6.048275,3.318875,8.78986,2.73031e-05,0.0134628,0.000869008
clssopt,0.1,3,0.9999,4,14,25,70,6.584440,3.268941,9.03774,9.71232e-06,0.00183444,0.000129108
sopt,0.1,3,0.9999,4,14,25,75,5.597326,2.369334,9.34975,2.31493e-05,0.0137943,0.000835785
clssopt,0.1,3,0.9999,4,14,25,75,6.568767,2.329576,9.44903,7.74607e-06,0.00208071,0.000125291
sopt,0.1,3,0.9999,4,14,25,80,4.978692,2.725264,9.25779,2.43686e-05,0.0123184,0.000735028
clssopt,0.1,3,0.9999,4,14,25,80,5.769357,2.391457,9.76918,5.51055e-06,0.00177764,0.000110338
sopt,0.1,3,0.9999,4,14,25,85,5.242396,2.580319,9.6574,2.80333e-05,0.0127905,0.000764501
clssopt,0.1,3,0.9999,4,14,25,85,6.687674,2.433565,10.3296,4.50622e-06,0.00205052,9.10464e-05
sopt,0.1,3,0.9999,4,14,25,90,5.696965,2.415310,10.2488,2.51493e-05,0.0104153,0.000657344
clssopt,0.1,3,0.9999,4,14,25,90,6.591090,2.773602,10.4278,2.86208e-06,0.00190876,8.90437e-05
sopt,0.1,3,0.9999,4,14,25,95,5.769491,2.304851,10.5383,2.41291e-05,0.0102536,0.0006177
clssopt,0.1,3,0.9999,4,14,25,95,5.634465,2.348920,10.8129,2.83794e-06,0.00198591,7.85926e-05
sopt,0.1,3,0.9999,4,14,25,100,6.903712,2.439927,10.3684,2.55018e-05,0.0109226,0.000648827
clssopt,0.1,3,0.9999,4,14,25,100,6.070343,2.290834,10.9541,2.59165e-06,0.00189318,7.99314e-05
clsqdeim,0.1,3,4,14,25,5,33.916080,8.037413,3.10757,0.000265938,0.0403621,0.00121693
qdeim,0.1,3,4,14,25,5,24.606320,8.250528,3.01432,2.8311e-05,0.00509786,0.000112466
clsqdeim,0.1,3,4,14,25,10,19.598616,6.670418,3.65324,0.000287692,0.114874,0.00470471
qdeim,0.1,3,4,14,25,10,24.829106,6.526982,3.57984,6.64031e-05,0.00981126,0.000191454
clsqdeim,0.1,3,4,14,25,15,17.284213,3.996505,4.24284,0.000121219,0.0672573,0.0016047
qdeim,0.1,3,4,14,25,15,14.890410,5.310943,3.80396,7.66072e-06,0.00175635,6.04852e-05
clsqdeim,0.1,3,4,14,25,20,14.439123,3.892099,4.5483,8.00117e-05,0.013213,0.00104668
qdeim,0.1,3,4,14,25,20,17.767317,5.667100,4.35764,1.32214e-05,0.00263975,0.000118458
clsqdeim,0.1,3,4,14,25,25,24.740327,3.792995,5.14302,5.5536e-05,0.00972865,0.000431318
qdeim,0.1,3,4,14,25,25,22.151098,3.212159,4.75683,1.79726e-05,0.00292453,0.000139288
clsqdeim,0.1,3,4,14,25,30,13.341551,3.400623,5.56334,5.66891e-05,0.0148185,0.000369507
qdeim,0.1,3,4,14,25,30,13.187519,4.660751,4.94737,1.31964e-05,0.00206176,4.87486e-05
clsqdeim,0.1,3,4,14,25,35,13.376544,4.773087,5.96149,5.0836e-05,0.0182687,0.000508087
qdeim,0.1,3,4,14,25,35,12.078845,20.115960,5.25095,1.3342e-05,0.00303133,8.68242e-05
clsqdeim,0.1,3,4,14,25,40,13.062932,3.412083,6.64239,2.94585e-05,0.0113341,0.000309095
qdeim,0.1,3,4,14,25,40,8.536539,4.643232,5.42448,1.17529e-05,0.00443638,0.000173943
clsqdeim,0.1,3,4,14,25,45,12.295664,3.089223,7.20319,4.20118e-05,0.0181855,0.000622402
qdeim,0.1,3,4,14,25,45,9.169967,3.002669,5.75385,5.24855e-06,0.00280629,0.000137595
clsqdeim,0.1,3,4,14,25,50,25.273137,3.295884,7.50069,1.75922e-05,0.00366145,0.000313711
qdeim,0.1,3,4,14,25,50,9.557376,5.638866,5.91971,8.23858e-06,0.00296482,0.0001448
clsqdeim,0.1,3,4,14,25,55,12.124237,2.764537,7.66897,1.52974e-05,0.00280406,0.000211197
qdeim,0.1,3,4,14,25,55,8.173877,2.667789,6.08888,9.69987e-06,0.00389209,0.000203201
clsqdeim,0.1,3,4,14,25,60,9.652857,2.869314,7.88389,1.08578e-05,0.00261391,0.000125864
qdeim,0.1,3,4,14,25,60,8.557289,4.930254,6.55429,1.83821e-05,0.00797261,0.000277887
clsqdeim,0.1,3,4,14,25,65,9.791506,2.983291,8.06289,1.00044e-05,0.00275141,0.000120026
qdeim,0.1,3,4,14,25,65,7.916884,2.426834,6.91302,1.89226e-05,0.00753375,0.000318906
clsqdeim,0.1,3,4,14,25,70,10.662357,3.732485,8.124,3.89278e-06,0.00400639,0.000115836
qdeim,0.1,3,4,14,25,70,6.766209,8.491948,7.20823,2.35492e-05,0.00931565,0.000482631
clsqdeim,0.1,3,4,14,25,75,13.750111,2.222943,8.38334,8.06623e-06,0.0041479,0.000147373
qdeim,0.1,3,4,14,25,75,9.269784,2.125569,7.46781,6.91688e-05,0.0176002,0.00071814
clsqdeim,0.1,3,4,14,25,80,7.574630,2.145746,8.7003,6.4884e-06,0.00416016,0.000136085
qdeim,0.1,3,4,14,25,80,7.444184,2.624227,7.7334,2.08742e-05,0.00635756,0.000208821
clsqdeim,0.1,3,4,14,25,85,8.276070,2.469893,8.82717,8.03941e-06,0.00409829,0.000155033
qdeim,0.1,3,4,14,25,85,7.194964,2.288125,8.10453,1.77517e-05,0.0101997,0.000320634
clsqdeim,0.1,3,4,14,25,90,7.971228,2.193545,9.12974,7.72119e-06,0.0044836,0.000176712
qdeim,0.1,3,4,14,25,90,7.725306,2.429207,8.38071,3.53208e-05,0.0066556,0.000312625
clsqdeim,0.1,3,4,14,25,95,11.980384,2.167560,9.535,7.77558e-06,0.00537589,0.000239447
qdeim,0.1,3,4,14,25,95,7.102912,2.029940,8.60152,4.87428e-05,0.00590591,0.0002533
clsqdeim,0.1,3,4,14,25,100,15.406775,2.279528,10.4198,1.26219e-05,0.00918235,0.000401219
qdeim,0.1,3,4,14,25,100,7.792231,2.701754,9.10856,2.57202e-05,0.00877867,0.000392542
sopt,0.1,4,0.99999,4,21,32,5,20.867747,9.004072,3.91744,0.000964964,0.286937,0.0127142
clssopt,0.1,4,0.99999,4,21,32,5,45.670557,10.116761,4.51598,2.74452e-05,0.0151621,0.000455171
sopt,0.1,4,0.99999,4,21,32,10,14.432433,10.170411,4.56974,0.0021767,0.400585,0.0151145
clssopt,0.1,4,0.99999,4,21,32,10,21.639587,6.947574,5.04964,0.000484651,0.0552019,0.00170767
sopt,0.1,4,0.99999,4,21,32,15,9.501076,8.494124,5.00938,2.0296e-05,0.00348676,0.000206752
clssopt,0.1,4,0.99999,4,21,32,15,16.205911,8.646390,5.59689,0.000127691,0.00965243,0.000359462
sopt,0.1,4,0.99999,4,21,32,20,9.280038,5.522907,5.2779,8.23507e-05,0.0160554,0.000626819
clssopt,0.1,4,0.99999,4,21,32,20,13.431684,6.377019,6.23217,0.000194707,0.0216593,0.000629296
sopt,0.1,4,0.99999,4,21,32,25,11.069823,5.313417,5.82463,5.61018e-06,0.00531093,0.000238828
clssopt,0.1,4,0.99999,4,21,32,25,9.259854,4.307681,6.61484,4.34972e-05,0.00792678,0.000198586
sopt,0.1,4,0.99999,4,21,32,30,9.729636,4.777075,6.56716,9.53947e-06,0.00445001,0.00018648
clssopt,0.1,4,0.99999,4,21,32,30,9.117172,4.605524,7.05333,3.34802e-05,0.00960524,0.000252155
sopt,0.1,4,0.99999,4,21,32,35,7.970850,4.659686,6.65965,1.60524e-05,0.00389458,0.000155261
clssopt,0.1,4,0.99999,4,21,32,35,7.293163,5.231538,7.58796,7.72622e-06,0.00541705,0.00020698
sopt,0.1,4,0.99999,4,21,32,40,7.112284,4.418293,7.39563,1.93119e-05,0.00627984,0.000221868
clssopt,0.1,4,0.99999,4,21,32,40,8.068128,4.077023,8.29064,9.1147e-06,0.00482585,0.000157702
sopt,0.1,4,0.99999,4,21,32,45,6.548728,4.389375,7.52059,2.55128e-05,0.00821017,0.000323135
clssopt,0.1,4,0.99999,4,21,32,45,6.675771,3.826475,8.67727,6.60406e-06,0.00315028,0.000144418
sopt,0.1,4,0.99999,4,21,32,50,6.672529,4.003458,7.98112,3.23623e-05,0.0102993,0.00036125
clssopt,0.1,4,0.99999,4,21,32,50,5.606460,3.841854,9.43208,4.69868e-06,0.00249392,0.000128415
sopt,0.1,4,0.99999,4,21,32,55,6.512147,3.315720,8.13402,8.87387e-06,0.00530954,0.000143636
clssopt,0.1,4,0.99999,4,21,32,55,6.698807,3.441869,9.32168,5.5886e-06,0.0027228,0.000121979
sopt,0.1,4,0.99999,4,21,32,60,6.355674,3.721434,8.61334,1.75607e-05,0.00788133,0.000217205
clssopt,0.1,4,0.99999,4,21,32,60,5.940577,3.565438,9.65242,4.69169e-06,0.00270189,0.00011378
sopt,0.1,4,0.99999,4,21,32,65,5.672092,3.349791,9.17136,2.93518e-05,0.0104128,0.000272085
clssopt,0.1,4,0.99999,4,21,32,65,4.571521,3.179730,10.0117,7.38357e-06,0.00227435,0.000114189
sopt,0.1,4,0.99999,4,21,32,70,6.909603,3.922863,9.20868,1.38467e-05,0.00596789,0.000175878
clssopt,0.1,4,0.99999,4,21,32,70,5.588045,4.447278,10.425,9.34443e-06,0.00257993,0.000119129
sopt,0.1,4,0.99999,4,21,32,75,5.748125,3.626666,9.69654,1.29558e-05,0.00690503,0.000233888
clssopt,0.1,4,0.99999,4,21,32,75,5.732755,3.252469,10.7181,6.43772e-06,0.00228136,0.000106707
sopt,0.1,4,0.99999,4,21,32,80,5.650887,3.513799,10.3086,1.35957e-05,0.00673717,0.000206966
clssopt,0.1,4,0.99999,4,21,32,80,4.851278,2.951977,10.8339,5.51358e-06,0.00210843,9.55475e-05
sopt,0.1,4,0.99999,4,21,32,85,5.694960,3.192465,10.3611,1.34402e-05,0.00571616,0.000163004
clssopt,0.1,4,0.99999,4,21,32,85,5.139651,3.076414,10.926,5.80237e-06,0.00206117,9.1173e-05
sopt,0.1,4,0.99999,4,21,32,90,6.155634,3.296994,10.5926,2.27197e-05,0.00917507,0.000287567
clssopt,0.1,4,0.99999,4,21,32,90,4.967820,3.199497,11.2047,4.94745e-06,0.0028696,0.000113346
sopt,0.1,4,0.99999,4,21,32,95,5.111544,2.937864,11.063,1.98305e-05,0.00894046,0.000302981
clssopt,0.1,4,0.99999,4,21,32,95,4.476492,2.928283,11.457,4.4235e-06,0.00244866,0.000102288
sopt,0.1,4,0.99999,4,21,32,100,4.924835,3.130735,11.3131,1.98638e-05,0.00881044,0.000283749
clssopt,0.1,4,0.99999,4,21,32,100,4.264382,2.694442,11.7923,4.31366e-06,0.00257014,0.000101838
clsqdeim,0.1,4,4,21,32,5,43.455709,16.350848,4.24347,0.00169202,0.649001,0.0297378
qdeim,0.1,4,4,21,32,5,54.432158,11.536400,,0.0131916,15.7526,0.588823
clsqdeim,0.1,4,4,21,32,10,21.042817,15.911512,4.64723,0.0016757,0.395234,0.0168604
qdeim,0.1,4,4,21,32,10,51.530814,7.555400,3.90121,0.000689439,0.178447,0.00531169
clsqdeim,0.1,4,4,21,32,15,18.236148,14.159601,5.11121,0.000543709,0.105023,0.0044836
qdeim,0.1,4,4,21,32,15,35.604419,7.770261,4.30661,9.01795e-05,0.0230739,0.000701807
clsqdeim,0.1,4,4,21,32,20,17.497736,7.202864,5.56997,0.000118818,0.0205267,0.000843144
qdeim,0.1,4,4,21,32,20,35.296779,4.683421,4.71792,0.000116304,0.0141664,0.000637655
clsqdeim,0.1,4,4,21,32,25,15.011412,9.488143,5.6605,0.000350069,0.0680934,0.00317652
qdeim,0.1,4,4,21,32,25,26.292688,4.851185,5.13535,0.000227906,0.0343765,0.00159185
clsqdeim,0.1,4,4,21,32,30,13.294881,7.629012,6.10002,0.000411558,0.096796,0.00541352
qdeim,0.1,4,4,21,32,30,21.512914,5.218029,5.51257,0.000246628,0.0473199,0.00219364
clsqdeim,0.1,4,4,21,32,35,14.012452,14.816622,6.48221,0.00119046,0.259604,0.0158662
qdeim,0.1,4,4,21,32,35,21.844310,8.507385,5.94729,0.000165774,0.0354226,0.00155312
clsqdeim,0.1,4,4,21,32,40,15.984563,7.757028,6.67739,0.000588198,0.141587,0.00804569
qdeim,0.1,4,4,21,32,40,20.845797,5.096215,6.34418,3.97381e-05,0.00815704,0.000380052
clsqdeim,0.1,4,4,21,32,45,10.787476,6.204913,7.14697,0.000695102,0.158384,0.00901096
qdeim,0.1,4,4,21,32,45,19.316370,5.392102,6.55621,6.09858e-05,0.0120926,0.000508394
clsqdeim,0.1,4,4,21,32,50,8.912743,4.032404,7.10193,0.00180226,0.455367,0.0234394
qdeim,0.1,4,4,21,32,50,17.942892,4.183996,6.73589,1.0124e-05,0.00345278,0.000177864
clsqdeim,0.1,4,4,21,32,55,9.631288,4.226053,7.41684,0.00183692,0.486302,0.022311
qdeim,0.1,4,4,21,32,55,18.791247,3.262254,7.47747,0.000417162,0.12569,0.00561992
clsqdeim,0.1,4,4,21,32,60,8.967095,4.903438,7.66761,0.00229003,0.640708,0.0252438
qdeim,0.1,4,4,21,32,60,19.267371,5.087001,7.86148,0.000286587,0.117177,0.004964
clsqdeim,0.1,4,4,21,32,65,9.212772,4.374404,7.87526,0.00271958,0.773354,0.0304468
qdeim,0.1,4,4,21,32,65,16.767701,3.305202,8.18708,0.000129765,0.0683394,0.00298518
clsqdeim,0.1,4,4,21,32,70,7.986965,5.438932,8.49197,0.00175842,0.446895,0.0175728
qdeim,0.1,4,4,21,32,70,17.333096,5.672178,8.41955,0.00012406,0.0795731,0.00333773
clsqdeim,0.1,4,4,21,32,75,8.699833,4.301610,8.65623,0.000949368,0.237809,0.00904232
qdeim,0.1,4,4,21,32,75,16.112282,3.581305,8.68676,0.000116646,0.083881,0.00344998
clsqdeim,0.1,4,4,21,32,80,16.816746,4.358475,8.78624,0.000775908,0.207538,0.00756753
qdeim,0.1,4,4,21,32,80,17.798985,3.577625,9.20032,0.000128661,0.0894105,0.00388567
clsqdeim,0.1,4,4,21,32,85,7.740351,4.927343,8.88431,0.00071041,0.208718,0.00735753
qdeim,0.1,4,4,21,32,85,15.390099,3.493336,8.86814,8.74948e-05,0.0632037,0.00269775
clsqdeim,0.1,4,4,21,32,90,7.633344,4.795381,8.98114,0.000609756,0.192394,0.00702262
qdeim,0.1,4,4,21,32,90,15.309333,3.396128,9.66932,9.52781e-05,0.0577325,0.00231491
clsqdeim,0.1,4,4,21,32,95,7.926964,4.124375,9.25191,0.000397857,0.136372,0.00537345
qdeim,0.1,4,4,21,32,95,14.332486,3.609492,9.69226,9.76836e-05,0.0619137,0.00250079
clsqdeim,0.1,4,4,21,32,100,8.062886,3.878071,9.34898,0.000747988,0.256648,0.0110308
qdeim,0.1,4,4,21,32,100,15.277844,3.795081,10.2278,0.000205262,0.109579,0.00482287
