method,t,n,ef,xx,vv,ee,q,condV,condE,time,ErrX,ErrV,ErrE
sopt,0.1,0,0.9,4,1,2,5,76.220922,,nan,nan,nan
clssopt,0.1,0,0.9,4,1,2,5,13.141051,,nan,nan,nan
sopt,0.1,0,0.9,4,1,2,10,1.000000,,nan,nan,nan
clssopt,0.1,0,0.9,4,1,2,10,1.000000,,nan,nan,nan
sopt,0.1,0,0.9,4,1,2,15,1.000000,,nan,nan,nan
clssopt,0.1,0,0.9,4,1,2,15,1.000000,,nan,nan,nan
sopt,0.1,0,0.9,4,1,2,20,1.000000,,nan,nan,nan
clssopt,0.1,0,0.9,4,1,2,20,1.000000,,nan,nan,nan
sopt,0.1,0,0.9,4,1,2,25,1.000000,,nan,nan,nan
clssopt,0.1,0,0.9,4,1,2,25,1.000000,,nan,nan,nan
sopt,0.1,0,0.9,4,1,2,30,1.000000,,nan,nan,nan
clssopt,0.1,0,0.9,4,1,2,30,1.000000,,nan,nan,nan
sopt,0.1,0,0.9,4,1,2,35,1.000000,,nan,nan,nan
clssopt,0.1,0,0.9,4,1,2,35,1.000000,,nan,nan,nan
sopt,0.1,0,0.9,4,1,2,40,1.000000,,nan,nan,nan
clssopt,0.1,0,0.9,4,1,2,40,1.000000,,nan,nan,nan
sopt,0.1,0,0.9,4,1,2,45,1.000000,,nan,nan,nan
clssopt,0.1,0,0.9,4,1,2,45,1.000000,,nan,nan,nan
sopt,0.1,0,0.9,4,1,2,50,1.000000,,nan,nan,nan
clssopt,0.1,0,0.9,4,1,2,50,1.000000,,nan,nan,nan
sopt,0.1,0,0.9,4,1,2,55,1.000000,,nan,nan,nan
clssopt,0.1,0,0.9,4,1,2,55,1.000000,,nan,nan,nan
sopt,0.1,0,0.9,4,1,2,60,1.000000,,nan,nan,nan
clssopt,0.1,0,0.9,4,1,2,60,1.000000,,nan,nan,nan
sopt,0.1,0,0.9,4,1,2,65,1.000000,,nan,nan,nan
clssopt,0.1,0,0.9,4,1,2,65,1.000000,,nan,nan,nan
sopt,0.1,0,0.9,4,1,2,70,1.000000,,nan,nan,nan
clssopt,0.1,0,0.9,4,1,2,70,1.000000,,nan,nan,nan
sopt,0.1,0,0.9,4,1,2,75,1.000000,,nan,nan,nan
clssopt,0.1,0,0.9,4,1,2,75,1.000000,,nan,nan,nan
sopt,0.1,0,0.9,4,1,2,80,1.000000,,nan,nan,nan
clssopt,0.1,0,0.9,4,1,2,80,1.000000,,nan,nan,nan
sopt,0.1,0,0.9,4,1,2,85,1.000000,,nan,nan,nan
clssopt,0.1,0,0.9,4,1,2,85,1.000000,,nan,nan,nan
sopt,0.1,0,0.9,4,1,2,90,1.000000,,nan,nan,nan
clssopt,0.1,0,0.9,4,1,2,90,1.000000,,nan,nan,nan
sopt,0.1,0,0.9,4,1,2,95,1.000000,,nan,nan,nan
clssopt,0.1,0,0.9,4,1,2,95,1.000000,,nan,nan,nan
sopt,0.1,0,0.9,4,1,2,100,1.000000,,nan,nan,nan
clssopt,0.1,0,0.9,4,1,2,100,1.000000,,nan,nan,nan
sopt,0.1,0,0.9,4,1,2,105,1.000000,,nan,nan,nan
clssopt,0.1,0,0.9,4,1,2,105,1.000000,,nan,nan,nan
sopt,0.1,0,0.9,4,1,2,110,1.000000,,nan,nan,nan
clssopt,0.1,0,0.9,4,1,2,110,1.000000,,nan,nan,nan
sopt,0.1,0,0.9,4,1,2,115,1.000000,,nan,nan,nan
clssopt,0.1,0,0.9,4,1,2,115,1.000000,,nan,nan,nan
sopt,0.1,0,0.9,4,1,2,120,1.000000,,nan,nan,nan
clssopt,0.1,0,0.9,4,1,2,120,1.000000,,nan,nan,nan
sopt,0.1,1,0.99,4,3,11,5,9.629911,4.593558,2.12843,1.06855e-05,0.00399474,9.97988e-05
clssopt,0.1,1,0.99,4,3,11,5,6.557392,7.990826,2.17521,0.00948671,1.92913,0.0490348
sopt,0.1,1,0.99,4,3,11,10,6.207428,1.906226,2.52326,3.05256e-06,0.00200519,6.69307e-05
clssopt,0.1,1,0.99,4,3,11,10,5.588590,22.155479,2.70566,0.00647113,1.97976,0.0976303
sopt,0.1,1,0.99,4,3,11,15,5.199074,11.691885,2.94715,3.93479e-06,0.00310562,0.000119299
clssopt,0.1,1,0.99,4,3,11,15,4.262970,20.990993,3.41723,0.000162743,0.0326862,0.00112655
sopt,0.1,1,0.99,4,3,11,20,4.568789,7.962217,3.32885,9.00494e-06,0.00489519,0.00018667
clssopt,0.1,1,0.99,4,3,11,20,4.197911,18.936437,3.63651,8.88223e-05,0.0254817,0.000517083
sopt,0.1,1,0.99,4,3,11,25,4.550651,14.578811,3.9618,7.33782e-06,0.00428536,0.000153356
clssopt,0.1,1,0.99,4,3,11,25,3.790822,16.366714,4.38073,2.84203e-05,0.017105,0.00031703
sopt,0.1,1,0.99,4,3,11,30,4.254523,18.000992,4.42604,1.69122e-05,0.00705348,0.000265729
clssopt,0.1,1,0.99,4,3,11,30,3.818279,13.355897,4.68195,3.53906e-05,0.0159794,0.000271651
sopt,0.1,1,0.99,4,3,11,35,3.487808,10.711683,4.82441,3.20144e-05,0.0099698,0.000430745
clssopt,0.1,1,0.99,4,3,11,35,3.282471,11.923142,5.14182,3.98065e-05,0.0188218,0.000328438
sopt,0.1,1,0.99,4,3,11,40,3.478316,8.562003,5.11584,3.30328e-05,0.00873053,0.000376006
clssopt,0.1,1,0.99,4,3,11,40,2.972055,10.990890,5.5827,3.898e-05,0.0210285,0.000458649
sopt,0.1,1,0.99,4,3,11,45,3.113469,7.316445,5.54412,3.56557e-05,0.00925318,0.000400076
clssopt,0.1,1,0.99,4,3,11,45,3.637233,7.031118,5.97446,1.41854e-05,0.0165041,0.000486976
sopt,0.1,1,0.99,4,3,11,50,3.264625,6.899058,5.95707,3.61511e-05,0.0100853,0.000445856
clssopt,0.1,1,0.99,4,3,11,50,3.649774,6.453496,6.66768,1.95713e-05,0.0139758,0.000408867
sopt,0.1,1,0.99,4,3,11,55,3.784082,6.796182,6.33109,4.03267e-05,0.0113016,0.000513568
clssopt,0.1,1,0.99,4,3,11,55,4.945842,6.323877,6.86963,4.56754e-05,0.0181929,0.000385703
sopt,0.1,1,0.99,4,3,11,60,2.955115,6.724735,6.54355,5.56992e-05,0.01537,0.000694633
clssopt,0.1,1,0.99,4,3,11,60,3.237976,5.586400,7.58455,3.0943e-05,0.0202637,0.000734095
sopt,0.1,1,0.99,4,3,11,65,2.819181,6.581260,6.91919,5.64274e-05,0.0167905,0.00074925
clssopt,0.1,1,0.99,4,3,11,65,3.709015,4.799973,7.50014,3.83405e-05,0.022002,0.000764316
sopt,0.1,1,0.99,4,3,11,70,3.117933,6.719902,7.12054,6.8155e-05,0.0195073,0.000896991
clssopt,0.1,1,0.99,4,3,11,70,3.869256,3.880009,7.99795,4.14098e-05,0.0207816,0.00062139
sopt,0.1,1,0.99,4,3,11,75,2.738116,6.500783,7.35304,6.67145e-05,0.0190776,0.000949139
clssopt,0.1,1,0.99,4,3,11,75,3.900776,3.890026,8.29,5.70406e-05,0.0203555,0.000448495
sopt,0.1,1,0.99,4,3,11,80,2.756701,6.462516,8.019,4.92546e-05,0.014383,0.000726715
clssopt,0.1,1,0.99,4,3,11,80,3.412683,3.812091,8.45795,5.25876e-05,0.0200511,0.000366638
sopt,0.1,1,0.99,4,3,11,85,3.349651,6.394419,8.03315,4.74234e-05,0.0142785,0.000725994
clssopt,0.1,1,0.99,4,3,11,85,3.291682,3.777620,8.59683,5.14486e-05,0.0190359,0.000335559
sopt,0.1,1,0.99,4,3,11,90,3.042652,6.211536,8.53673,4.47194e-05,0.0146809,0.000760094
clssopt,0.1,1,0.99,4,3,11,90,3.025450,3.477681,8.78935,4.13663e-05,0.0132562,0.000256999
sopt,0.1,1,0.99,4,3,11,95,3.087842,6.216019,9.23823,4.16192e-05,0.0149429,0.000754931
clssopt,0.1,1,0.99,4,3,11,95,3.693840,3.530586,9.31724,3.87174e-05,0.0126444,0.000213049
sopt,0.1,1,0.99,4,3,11,100,3.079078,6.079310,9.07567,3.23304e-05,0.0133556,0.000646098
clssopt,0.1,1,0.99,4,3,11,100,4.233361,3.407713,9.52097,2.19645e-05,0.00834672,0.000112183
sopt,0.1,1,0.99,4,3,11,105,3.206187,6.006606,9.23638,3.19393e-05,0.0128389,0.000640857
clssopt,0.1,1,0.99,4,3,11,105,3.783770,3.336023,10.0488,2.35527e-05,0.00911511,0.000135396
sopt,0.1,1,0.99,4,3,11,110,3.268850,5.832187,9.42165,2.78377e-05,0.0123136,0.000626227
clssopt,0.1,1,0.99,4,3,11,110,3.799452,3.325332,10.3185,1.42834e-05,0.00516013,4.81246e-05
sopt,0.1,1,0.99,4,3,11,115,3.251261,5.787122,9.56786,2.24698e-05,0.0114439,0.000566181
clssopt,0.1,1,0.99,4,3,11,115,3.362265,3.485872,10.8324,8.82134e-06,0.00317802,0.000143456
sopt,0.1,1,0.99,4,3,11,120,2.976919,5.684747,9.75018,2.19279e-05,0.0110543,0.000561075
clssopt,0.1,1,0.99,4,3,11,120,3.035524,3.510721,10.9657,7.27972e-06,0.00241986,0.000133721
sopt,0.1,2,0.999,4,7,18,5,9.891293,4.772225,2.64869,6.62434e-05,0.0240115,0.0012175
clssopt,0.1,2,0.999,4,7,18,5,10.637846,4.155722,2.9985,5.25254e-06,0.002228,0.00010704
sopt,0.1,2,0.999,4,7,18,10,10.602481,4.008239,3.12859,8.73999e-05,0.0319474,0.00216856
clssopt,0.1,2,0.999,4,7,18,10,10.315753,3.228086,3.47324,3.4776e-05,0.009552,0.00012185
sopt,0.1,2,0.999,4,7,18,15,11.312506,3.283813,3.5775,0.000118013,0.0462723,0.00258836
clssopt,0.1,2,0.999,4,7,18,15,8.671123,3.805868,3.80247,4.54417e-05,0.0135661,0.000263284
sopt,0.1,2,0.999,4,7,18,20,7.139864,3.751410,4.07843,0.00017444,0.0632767,0.0038909
clssopt,0.1,2,0.999,4,7,18,20,6.398371,3.344000,4.38528,6.77469e-06,0.0026574,0.000112804
sopt,0.1,2,0.999,4,7,18,25,4.485039,3.501353,4.52817,5.07072e-05,0.0176018,0.00130924
clssopt,0.1,2,0.999,4,7,18,25,4.456066,4.303116,5.01818,1.04498e-05,0.00596136,0.000354906
sopt,0.1,2,0.999,4,7,18,30,4.846056,3.043434,5.11007,5.55176e-05,0.0140777,0.00108927
clssopt,0.1,2,0.999,4,7,18,30,5.018575,2.562226,5.19646,1.49359e-05,0.0123612,0.000214066
sopt,0.1,2,0.999,4,7,18,35,4.757689,3.123549,5.53446,2.78757e-05,0.00749032,0.000483334
clssopt,0.1,2,0.999,4,7,18,35,4.262542,2.935718,5.58011,1.26748e-05,0.0151048,0.000307803
sopt,0.1,2,0.999,4,7,18,40,4.177119,2.562933,5.83699,2.48012e-05,0.00502367,0.000328797
clssopt,0.1,2,0.999,4,7,18,40,5.489833,2.182100,6.10371,1.9382e-05,0.0122075,0.000353397
sopt,0.1,2,0.999,4,7,18,45,3.999725,2.211781,6.10442,2.92185e-05,0.00891674,0.000492641
clssopt,0.1,2,0.999,4,7,18,45,5.142394,2.380068,6.30721,2.39402e-05,0.0148941,0.000494306
sopt,0.1,2,0.999,4,7,18,50,3.888485,2.335426,6.61944,2.49533e-05,0.00775963,0.000368897
clssopt,0.1,2,0.999,4,7,18,50,4.062639,2.226016,6.62011,1.66867e-05,0.0104309,0.000366252
sopt,0.1,2,0.999,4,7,18,55,3.383306,1.973459,7.1076,3.21844e-05,0.011658,0.000623252
clssopt,0.1,2,0.999,4,7,18,55,4.243246,2.096293,7.36826,1.58355e-05,0.0110139,0.000380876
sopt,0.1,2,0.999,4,7,18,60,3.594974,2.151852,7.61379,2.91145e-05,0.014719,0.000707999
clssopt,0.1,2,0.999,4,7,18,60,4.060300,2.276461,7.45837,1.94709e-05,0.0136053,0.00043409
sopt,0.1,2,0.999,4,7,18,65,4.257161,2.110791,9.51916,2.58278e-05,0.0148244,0.000597739
clssopt,0.1,2,0.999,4,7,18,65,3.787994,2.008942,7.79454,1.4953e-05,0.0134606,0.000463643
sopt,0.1,2,0.999,4,7,18,70,3.683432,2.018763,8.14278,2.65508e-05,0.0158311,0.000684855
clssopt,0.1,2,0.999,4,7,18,70,3.634621,2.386096,8.06268,1.37765e-05,0.0133916,0.000454658
sopt,0.1,2,0.999,4,7,18,75,3.485790,2.001584,8.51476,3.17078e-05,0.016052,0.000726185
clssopt,0.1,2,0.999,4,7,18,75,3.558332,2.326220,8.48829,1.5096e-05,0.0118694,0.000398762
sopt,0.1,2,0.999,4,7,18,80,5.545809,2.230565,8.93773,2.82412e-05,0.0181879,0.000741258
clssopt,0.1,2,0.999,4,7,18,80,3.921798,1.957186,8.6386,1.49568e-05,0.0104844,0.000328023
sopt,0.1,2,0.999,4,7,18,85,4.384345,1.837650,9.39088,3.14986e-05,0.0216407,0.000925209
clssopt,0.1,2,0.999,4,7,18,85,3.900313,2.200719,9.41123,1.3602e-05,0.00936918,0.000253762
sopt,0.1,2,0.999,4,7,18,90,6.797393,2.000992,9.65403,3.75172e-05,0.0209079,0.000917679
clssopt,0.1,2,0.999,4,7,18,90,4.020206,2.025339,9.47524,1.3694e-05,0.0097002,0.000235087
sopt,0.1,2,0.999,4,7,18,95,4.489912,1.941452,10.0085,3.59664e-05,0.0186209,0.000790541
clssopt,0.1,2,0.999,4,7,18,95,4.034375,1.946674,9.36474,1.45439e-05,0.00988059,0.000215449
sopt,0.1,2,0.999,4,7,18,100,4.523535,1.840234,10.3393,3.497e-05,0.0186459,0.000799093
clssopt,0.1,2,0.999,4,7,18,100,3.734757,2.063071,10.0444,1.53898e-05,0.00966256,0.000219293
sopt,0.1,2,0.999,4,7,18,105,4.585007,1.897544,10.5458,4.27768e-05,0.026826,0.00116422
clssopt,0.1,2,0.999,4,7,18,105,4.180509,1.921120,10.3756,1.24381e-05,0.00887979,0.000189449
sopt,0.1,2,0.999,4,7,18,110,4.041200,1.825093,10.9665,3.93743e-05,0.0276657,0.00119075
clssopt,0.1,2,0.999,4,7,18,110,3.701590,1.888947,10.7818,1.26039e-05,0.00715675,0.000162037
sopt,0.1,2,0.999,4,7,18,115,4.376362,2.127609,11.0561,3.58343e-05,0.0266963,0.00114902
clssopt,0.1,2,0.999,4,7,18,115,4.067357,1.844104,11.0174,1.28709e-05,0.00599668,0.000145084
sopt,0.1,2,0.999,4,7,18,120,4.264412,1.627396,11.3427,3.53014e-05,0.0253081,0.00106687
clssopt,0.1,2,0.999,4,7,18,120,3.765598,1.668194,11.396,1.1981e-05,0.0059135,0.000131394
sopt,0.1,3,0.9999,4,14,25,5,20.732158,9.832765,3.23752,8.81643e-05,0.0581258,0.00198346
clssopt,0.1,3,0.9999,4,14,25,5,44.952583,10.444819,3.54303,0.000317721,0.122764,0.00536796
sopt,0.1,3,0.9999,4,14,25,10,19.709525,9.294698,3.77009,4.19069e-05,0.0233136,0.000527936
clssopt,0.1,3,0.9999,4,14,25,10,16.148189,6.119029,3.91145,0.000248152,0.0897122,0.00281029
sopt,0.1,3,0.9999,4,14,25,15,10.494338,5.888803,4.39075,6.1382e-05,0.0216188,0.000595707
clssopt,0.1,3,0.9999,4,14,25,15,8.220748,3.811710,4.23801,6.01266e-05,0.0265675,0.0016614
sopt,0.1,3,0.9999,4,14,25,20,7.852498,4.264949,4.81481,6.47019e-05,0.017181,0.000615284
clssopt,0.1,3,0.9999,4,14,25,20,9.502156,4.298455,4.95195,0.000144962,0.0275256,0.00175037
sopt,0.1,3,0.9999,4,14,25,25,8.538702,4.413305,5.36609,3.96034e-05,0.0115028,0.000511721
clssopt,0.1,3,0.9999,4,14,25,25,9.056214,3.549508,5.31353,4.45833e-05,0.00804109,0.000534774
sopt,0.1,3,0.9999,4,14,25,30,6.502532,3.109673,5.87504,4.23114e-05,0.00955896,0.000592298
clssopt,0.1,3,0.9999,4,14,25,30,7.877628,4.529591,5.54105,4.10457e-05,0.00646519,0.00035498
sopt,0.1,3,0.9999,4,14,25,35,6.320316,3.876132,6.28666,6.73039e-05,0.0233903,0.000963842
clssopt,0.1,3,0.9999,4,14,25,35,6.105659,4.044057,6.03484,1.08429e-05,0.00227377,0.000187408
sopt,0.1,3,0.9999,4,14,25,40,6.773691,3.102543,6.73644,6.91255e-05,0.0196681,0.000890956
clssopt,0.1,3,0.9999,4,14,25,40,5.725645,3.533368,6.53283,1.02331e-05,0.00227101,0.00014243
sopt,0.1,3,0.9999,4,14,25,45,6.016840,3.106538,7.2397,5.71495e-05,0.0186096,0.000782604
clssopt,0.1,3,0.9999,4,14,25,45,4.844995,2.997637,7.07234,1.26528e-05,0.00244316,0.000178726
sopt,0.1,3,0.9999,4,14,25,50,7.259626,3.287096,7.56902,3.44642e-05,0.0141095,0.000679793
clssopt,0.1,3,0.9999,4,14,25,50,6.288661,3.124259,7.33643,1.57882e-05,0.00270485,0.000175314
sopt,0.1,3,0.9999,4,14,25,55,4.982307,2.964629,7.89349,3.95826e-05,0.0145567,0.000678152
clssopt,0.1,3,0.9999,4,14,25,55,4.512648,3.088667,7.94772,1.38563e-05,0.00267571,0.000184394
sopt,0.1,3,0.9999,4,14,25,60,5.249878,2.477492,8.34386,5.05823e-05,0.0159006,0.000785029
clssopt,0.1,3,0.9999,4,14,25,60,5.524852,3.157547,8.59755,9.51381e-06,0.00236269,0.000152077
sopt,0.1,3,0.9999,4,14,25,65,6.578049,2.662810,8.64465,2.57161e-05,0.0108496,0.0006741
clssopt,0.1,3,0.9999,4,14,25,65,4.511271,2.452198,8.60574,9.61795e-06,0.00196845,0.000128905
sopt,0.1,3,0.9999,4,14,25,70,6.048275,3.318875,8.72581,2.73031e-05,0.0134628,0.000869008
clssopt,0.1,3,0.9999,4,14,25,70,6.584440,3.268941,8.90079,9.71232e-06,0.00183444,0.000129108
sopt,0.1,3,0.9999,4,14,25,75,5.597326,2.369334,9.22345,2.31493e-05,0.0137943,0.000835785
clssopt,0.1,3,0.9999,4,14,25,75,6.568767,2.329576,9.46237,7.74607e-06,0.00208071,0.000125291
sopt,0.1,3,0.9999,4,14,25,80,4.978692,2.725264,9.28983,2.43686e-05,0.0123184,0.000735028
clssopt,0.1,3,0.9999,4,14,25,80,5.769357,2.391457,9.76441,5.51055e-06,0.00177764,0.000110338
sopt,0.1,3,0.9999,4,14,25,85,5.242396,2.580319,9.66522,2.80333e-05,0.0127905,0.000764501
clssopt,0.1,3,0.9999,4,14,25,85,6.687674,2.433565,10.3381,4.50622e-06,0.00205052,9.10464e-05
sopt,0.1,3,0.9999,4,14,25,90,5.696965,2.415310,10.2879,2.51493e-05,0.0104153,0.000657344
clssopt,0.1,3,0.9999,4,14,25,90,6.591090,2.773602,10.3874,2.86208e-06,0.00190876,8.90437e-05
sopt,0.1,3,0.9999,4,14,25,95,5.769491,2.304851,10.4759,2.41291e-05,0.0102536,0.0006177
clssopt,0.1,3,0.9999,4,14,25,95,5.634465,2.348920,10.6289,2.83794e-06,0.00198591,7.85926e-05
sopt,0.1,3,0.9999,4,14,25,100,6.903712,2.439927,10.4392,2.55018e-05,0.0109226,0.000648827
clssopt,0.1,3,0.9999,4,14,25,100,6.070343,2.290834,10.8384,2.59165e-06,0.00189318,7.99314e-05
sopt,0.1,3,0.9999,4,14,25,105,5.468466,2.436595,10.7083,2.41604e-05,0.0103808,0.000617842
clssopt,0.1,3,0.9999,4,14,25,105,5.880134,2.594601,11.49,3.2715e-06,0.00196697,8.14505e-05
sopt,0.1,3,0.9999,4,14,25,110,4.993999,2.929243,10.916,2.722e-05,0.0109262,0.000692564
clssopt,0.1,3,0.9999,4,14,25,110,5.718875,2.144567,11.8344,3.27923e-06,0.00182586,7.34893e-05
sopt,0.1,3,0.9999,4,14,25,115,5.233846,2.266224,11.1949,2.63695e-05,0.0103479,0.00064321
clssopt,0.1,3,0.9999,4,14,25,115,5.011520,2.257784,11.4958,4.87307e-06,0.0019695,8.03551e-05
sopt,0.1,3,0.9999,4,14,25,120,4.855782,2.379634,11.3894,2.76733e-05,0.01059,0.000647374
clssopt,0.1,3,0.9999,4,14,25,120,5.600307,2.328918,11.6712,4.19512e-06,0.0017259,7.30721e-05
sopt,0.1,4,0.99999,4,21,32,5,20.867747,9.004072,3.99307,0.000964964,0.286937,0.0127142
clssopt,0.1,4,0.99999,4,21,32,5,45.670557,10.116761,4.54943,2.74452e-05,0.0151621,0.000455171
sopt,0.1,4,0.99999,4,21,32,10,14.432433,10.170411,4.75087,0.0021767,0.400585,0.0151145
clssopt,0.1,4,0.99999,4,21,32,10,21.639587,6.947574,5.17635,0.000484651,0.0552019,0.00170767
sopt,0.1,4,0.99999,4,21,32,15,9.501076,8.494124,5.14377,2.0296e-05,0.00348676,0.000206752
clssopt,0.1,4,0.99999,4,21,32,15,16.205911,8.646390,5.64891,0.000127691,0.00965243,0.000359462
sopt,0.1,4,0.99999,4,21,32,20,9.280038,5.522907,5.42725,8.23507e-05,0.0160554,0.000626819
clssopt,0.1,4,0.99999,4,21,32,20,13.431684,6.377019,6.26986,0.000194707,0.0216593,0.000629296
sopt,0.1,4,0.99999,4,21,32,25,11.069823,5.313417,5.97713,5.61018e-06,0.00531093,0.000238828
clssopt,0.1,4,0.99999,4,21,32,25,9.259854,4.307681,6.59014,4.34972e-05,0.00792678,0.000198586
sopt,0.1,4,0.99999,4,21,32,30,9.729636,4.777075,6.57255,9.53947e-06,0.00445001,0.00018648
clssopt,0.1,4,0.99999,4,21,32,30,9.117172,4.605524,7.16956,3.34802e-05,0.00960524,0.000252155
sopt,0.1,4,0.99999,4,21,32,35,7.970850,4.659686,6.72442,1.60524e-05,0.00389458,0.000155261
clssopt,0.1,4,0.99999,4,21,32,35,7.293163,5.231538,7.63274,7.72622e-06,0.00541705,0.00020698
sopt,0.1,4,0.99999,4,21,32,40,7.112284,4.418293,7.46861,1.93119e-05,0.00627984,0.000221868
clssopt,0.1,4,0.99999,4,21,32,40,8.068128,4.077023,8.3129,9.1147e-06,0.00482585,0.000157702
sopt,0.1,4,0.99999,4,21,32,45,6.548728,4.389375,7.53988,2.55128e-05,0.00821017,0.000323135
clssopt,0.1,4,0.99999,4,21,32,45,6.675771,3.826475,8.76127,6.60406e-06,0.00315028,0.000144418
sopt,0.1,4,0.99999,4,21,32,50,6.672529,4.003458,7.79804,3.23623e-05,0.0102993,0.00036125
clssopt,0.1,4,0.99999,4,21,32,50,5.606460,3.841854,9.04495,4.69868e-06,0.00249392,0.000128415
sopt,0.1,4,0.99999,4,21,32,55,6.512147,3.315720,8.28388,8.87387e-06,0.00530954,0.000143636
clssopt,0.1,4,0.99999,4,21,32,55,6.698807,3.441869,9.3472,5.5886e-06,0.0027228,0.000121979
sopt,0.1,4,0.99999,4,21,32,60,6.355674,3.721434,8.56134,1.75607e-05,0.00788133,0.000217205
clssopt,0.1,4,0.99999,4,21,32,60,5.940577,3.565438,12.1889,4.69169e-06,0.00270189,0.00011378
sopt,0.1,4,0.99999,4,21,32,65,5.672092,3.349791,9.20144,2.93518e-05,0.0104128,0.000272085
clssopt,0.1,4,0.99999,4,21,32,65,4.571521,3.179730,10.106,7.38357e-06,0.00227435,0.000114189
sopt,0.1,4,0.99999,4,21,32,70,6.909603,3.922863,9.14429,1.38467e-05,0.00596789,0.000175878
clssopt,0.1,4,0.99999,4,21,32,70,5.588045,4.447278,10.4874,9.34443e-06,0.00257993,0.000119129
sopt,0.1,4,0.99999,4,21,32,75,5.748125,3.626666,9.6197,1.29558e-05,0.00690503,0.000233888
clssopt,0.1,4,0.99999,4,21,32,75,5.732755,3.252469,10.7827,6.43772e-06,0.00228136,0.000106707
sopt,0.1,4,0.99999,4,21,32,80,5.650887,3.513799,10.3432,1.35957e-05,0.00673717,0.000206966
clssopt,0.1,4,0.99999,4,21,32,80,4.851278,2.951977,10.7639,5.51358e-06,0.00210843,9.55475e-05
sopt,0.1,4,0.99999,4,21,32,85,5.694960,3.192465,10.4167,1.34402e-05,0.00571616,0.000163004
clssopt,0.1,4,0.99999,4,21,32,85,5.139651,3.076414,11.0346,5.80237e-06,0.00206117,9.1173e-05
sopt,0.1,4,0.99999,4,21,32,90,6.155634,3.296994,10.6589,2.27197e-05,0.00917507,0.000287567
clssopt,0.1,4,0.99999,4,21,32,90,4.967820,3.199497,11.2022,4.94745e-06,0.0028696,0.000113346
sopt,0.1,4,0.99999,4,21,32,95,5.111544,2.937864,11.1015,1.98305e-05,0.00894046,0.000302981
clssopt,0.1,4,0.99999,4,21,32,95,4.476492,2.928283,11.5598,4.4235e-06,0.00244866,0.000102288
sopt,0.1,4,0.99999,4,21,32,100,4.924835,3.130735,11.2586,1.98638e-05,0.00881044,0.000283749
clssopt,0.1,4,0.99999,4,21,32,100,4.264382,2.694442,11.8371,4.31366e-06,0.00257014,0.000101838
sopt,0.1,4,0.99999,4,21,32,105,5.025209,5.147642,11.5382,3.55517e-05,0.00897863,0.000333097
clssopt,0.1,4,0.99999,4,21,32,105,4.739556,4.126302,12.2965,4.74964e-06,0.00213739,0.000104002
sopt,0.1,4,0.99999,4,21,32,110,4.337491,3.104336,11.7548,3.46032e-05,0.00874915,0.000315802
clssopt,0.1,4,0.99999,4,21,32,110,3.817044,2.637530,12.3311,5.00371e-06,0.00206414,0.000112327
sopt,0.1,4,0.99999,4,21,32,115,5.346178,3.037937,12.0927,2.94987e-05,0.00734225,0.00026068
clssopt,0.1,4,0.99999,4,21,32,115,4.436643,2.799930,12.6272,5.08811e-06,0.00232295,0.000121876
sopt,0.1,4,0.99999,4,21,32,120,4.845776,3.235096,12.2446,2.92438e-05,0.00711183,0.000286304
clssopt,0.1,4,0.99999,4,21,32,120,4.471631,3.126511,13.2137,4.69187e-06,0.00226164,0.000118989
sopt,0.1,5,0.999999,4,27,39,5,30.985110,20.159040,4.55556,0.00130571,0.425953,0.0155104
clssopt,0.1,5,0.999999,4,27,39,5,27.542341,18.608134,4.88119,0.000105501,0.0314822,0.00113888
sopt,0.1,5,0.999999,4,27,39,10,24.773065,11.261817,4.95535,2.07637e-06,0.00103759,4.73356e-05
clssopt,0.1,5,0.999999,4,27,39,10,30.039468,10.179754,5.4404,2.79267e-05,0.0074273,0.00023827
sopt,0.1,5,0.999999,4,27,39,15,12.405964,7.643137,5.30829,6.89631e-06,0.000853312,4.21868e-05
clssopt,0.1,5,0.999999,4,27,39,15,16.385880,7.641383,5.99809,4.70388e-06,0.00368346,0.00011561
sopt,0.1,5,0.999999,4,27,39,20,10.606783,8.854942,5.94275,2.77591e-06,0.000724227,4.29698e-05
clssopt,0.1,5,0.999999,4,27,39,20,14.161926,7.677248,6.42056,1.04482e-05,0.00184008,8.01835e-05
sopt,0.1,5,0.999999,4,27,39,25,11.813997,7.200232,6.23375,1.90047e-06,0.000498268,3.36586e-05
clssopt,0.1,5,0.999999,4,27,39,25,12.349230,6.418104,6.91344,1.01772e-05,0.00221572,0.000107843
sopt,0.1,5,0.999999,4,27,39,30,10.249980,5.520198,6.53248,1.85357e-06,0.000549554,2.82195e-05
clssopt,0.1,5,0.999999,4,27,39,30,10.660563,5.570253,7.34744,6.44391e-06,0.00161952,6.82375e-05
sopt,0.1,5,0.999999,4,27,39,35,8.509735,5.005383,7.28162,2.16525e-06,0.000492977,2.32271e-05
clssopt,0.1,5,0.999999,4,27,39,35,9.283066,4.338188,7.89831,1.68751e-06,0.000698689,2.50977e-05
sopt,0.1,5,0.999999,4,27,39,40,8.670859,5.192938,7.38817,2.08489e-06,0.000467482,2.09053e-05
clssopt,0.1,5,0.999999,4,27,39,40,8.205532,5.235768,8.24677,1.92143e-06,0.000698737,2.69373e-05
sopt,0.1,5,0.999999,4,27,39,45,8.407679,5.349368,8.0231,2.41526e-06,0.000429849,2.25666e-05
clssopt,0.1,5,0.999999,4,27,39,45,8.711715,6.011960,8.43979,1.80315e-06,0.000687919,2.62661e-05
sopt,0.1,5,0.999999,4,27,39,50,7.590714,4.467590,8.51623,2.37874e-06,0.000437145,2.2435e-05
clssopt,0.1,5,0.999999,4,27,39,50,8.271748,5.744824,8.84166,2.33175e-06,0.000607987,2.39407e-05
sopt,0.1,5,0.999999,4,27,39,55,8.423027,4.122656,8.77041,2.16832e-06,0.000407212,2.54227e-05
clssopt,0.1,5,0.999999,4,27,39,55,7.336166,4.338906,9.42574,2.73572e-06,0.000610377,2.59965e-05
sopt,0.1,5,0.999999,4,27,39,60,7.011088,4.846143,8.96352,2.174e-06,0.00043003,2.40904e-05
clssopt,0.1,5,0.999999,4,27,39,60,8.250586,5.070238,9.48258,2.40458e-06,0.000567858,2.61004e-05
sopt,0.1,5,0.999999,4,27,39,65,8.093590,3.541273,9.33176,2.37901e-06,0.000455571,1.86907e-05
clssopt,0.1,5,0.999999,4,27,39,65,6.543904,4.512933,9.6017,1.93503e-06,0.000524653,1.9888e-05
sopt,0.1,5,0.999999,4,27,39,70,6.418387,3.656614,9.64117,2.26426e-06,0.000533241,1.76311e-05
clssopt,0.1,5,0.999999,4,27,39,70,6.595857,3.833028,10.012,2.16683e-06,0.00059554,2.37228e-05
sopt,0.1,5,0.999999,4,27,39,75,6.198262,4.562147,9.9455,2.17232e-06,0.000546164,1.87616e-05
clssopt,0.1,5,0.999999,4,27,39,75,6.593656,4.457591,10.3048,1.87964e-06,0.000601817,2.39375e-05
sopt,0.1,5,0.999999,4,27,39,80,5.070761,3.966654,10.3816,2.08245e-06,0.0005729,1.88461e-05
clssopt,0.1,5,0.999999,4,27,39,80,5.377337,4.778663,10.9098,1.98567e-06,0.000645939,2.53409e-05
sopt,0.1,5,0.999999,4,27,39,85,5.524675,4.078264,10.7207,2.14852e-06,0.000553158,1.82726e-05
clssopt,0.1,5,0.999999,4,27,39,85,6.261323,4.728319,10.9937,1.94598e-06,0.000673836,2.67821e-05
sopt,0.1,5,0.999999,4,27,39,90,5.955425,4.491897,10.8761,2.19915e-06,0.000544259,1.84045e-05
clssopt,0.1,5,0.999999,4,27,39,90,5.599669,3.966325,11.1851,1.91812e-06,0.000631444,2.41891e-05
sopt,0.1,5,0.999999,4,27,39,95,5.815260,3.876302,11.1386,2.27034e-06,0.000540508,1.82508e-05
clssopt,0.1,5,0.999999,4,27,39,95,5.310981,4.732327,11.6637,1.78794e-06,0.000676914,2.89617e-05
sopt,0.1,5,0.999999,4,27,39,100,5.688957,3.538443,11.393,2.27915e-06,0.000531389,1.87933e-05
clssopt,0.1,5,0.999999,4,27,39,100,5.838749,3.951870,11.8693,1.74435e-06,0.000766045,3.52327e-05
sopt,0.1,5,0.999999,4,27,39,105,5.653690,3.357456,11.8112,2.15981e-06,0.000496729,2.0494e-05
clssopt,0.1,5,0.999999,4,27,39,105,5.753811,3.815982,12.391,1.65507e-06,0.000769518,3.44592e-05
sopt,0.1,5,0.999999,4,27,39,110,6.528795,3.796178,11.947,2.13979e-06,0.000492561,2.03611e-05
clssopt,0.1,5,0.999999,4,27,39,110,5.309459,4.038555,12.4755,1.75003e-06,0.000784228,3.28417e-05
sopt,0.1,5,0.999999,4,27,39,115,5.040547,3.228320,12.1582,2.16175e-06,0.00048327,2.09372e-05
clssopt,0.1,5,0.999999,4,27,39,115,4.940046,3.874759,12.5029,1.81258e-06,0.000798698,3.33351e-05
sopt,0.1,5,0.999999,4,27,39,120,4.952282,3.383143,12.2333,2.14696e-06,0.000484554,2.08281e-05
clssopt,0.1,5,0.999999,4,27,39,120,5.127806,3.622228,12.7937,1.76389e-06,0.000753403,3.26527e-05
sopt,0.1,6,0.9999999,4,34,48,5,52.355723,21.060403,5.58567,4.38205e-06,0.000792507,2.35107e-05
clssopt,0.1,6,0.9999999,4,34,48,5,38.440654,25.247566,6.17765,1.65449e-05,0.0259143,0.000604393
sopt,0.1,6,0.9999999,4,34,48,10,20.757854,13.657837,5.98218,2.5596e-06,0.000567165,1.4395e-05
clssopt,0.1,6,0.9999999,4,34,48,10,19.826299,22.880778,6.77362,3.6435e-06,0.000650917,2.11096e-05
sopt,0.1,6,0.9999999,4,34,48,15,22.063942,9.699781,6.5982,5.80266e-06,0.00122214,3.12488e-05
clssopt,0.1,6,0.9999999,4,34,48,15,25.003854,11.547836,6.99921,2.01565e-06,0.000619699,2.10827e-05
sopt,0.1,6,0.9999999,4,34,48,20,16.726066,9.095779,7.1675,7.10641e-06,0.00149832,3.67021e-05
clssopt,0.1,6,0.9999999,4,34,48,20,17.441963,8.984430,7.63018,2.12022e-06,0.000567499,2.13467e-05
sopt,0.1,6,0.9999999,4,34,48,25,13.375015,6.157646,7.51206,3.81976e-06,0.00136784,4.32021e-05
clssopt,0.1,6,0.9999999,4,34,48,25,14.075127,8.785225,7.97406,2.36319e-06,0.00052712,1.63787e-05
sopt,0.1,6,0.9999999,4,34,48,30,14.220559,7.512732,7.82039,2.04753e-06,0.00069818,2.53892e-05
clssopt,0.1,6,0.9999999,4,34,48,30,11.442448,6.648544,8.73443,2.25342e-06,0.000511662,1.53449e-05
sopt,0.1,6,0.9999999,4,34,48,35,9.828332,5.958592,8.41499,2.79876e-06,0.000698809,2.07477e-05
clssopt,0.1,6,0.9999999,4,34,48,35,9.612334,7.083836,8.77992,2.3163e-06,0.000493224,1.42157e-05
sopt,0.1,6,0.9999999,4,34,48,40,9.897081,5.419283,8.74303,1.93331e-06,0.000591706,2.03996e-05
clssopt,0.1,6,0.9999999,4,34,48,40,9.329275,6.713834,9.05758,2.30746e-06,0.000471567,1.33755e-05
sopt,0.1,6,0.9999999,4,34,48,45,11.089119,4.928274,9.08366,1.96024e-06,0.000571201,1.93576e-05
clssopt,0.1,6,0.9999999,4,34,48,45,8.955449,5.446790,9.77776,2.40212e-06,0.000463509,1.43638e-05
sopt,0.1,6,0.9999999,4,34,48,50,9.456521,5.183520,9.80058,1.98993e-06,0.000458771,1.46365e-05
clssopt,0.1,6,0.9999999,4,34,48,50,9.457212,5.304880,9.94946,2.32981e-06,0.000464471,1.31185e-05
sopt,0.1,6,0.9999999,4,34,48,55,8.742878,4.920520,9.39941,2.06609e-06,0.000444112,1.4197e-05
clssopt,0.1,6,0.9999999,4,34,48,55,8.189717,4.872713,9.91533,2.28145e-06,0.000473255,1.32707e-05
sopt,0.1,6,0.9999999,4,34,48,60,9.286947,5.159025,9.74483,2.16132e-06,0.000443267,1.38147e-05
clssopt,0.1,6,0.9999999,4,34,48,60,7.564445,4.784241,10.1467,2.25736e-06,0.00047209,1.33923e-05
sopt,0.1,6,0.9999999,4,34,48,65,7.437745,5.360399,10.0404,2.27776e-06,0.000441532,1.39452e-05
clssopt,0.1,6,0.9999999,4,34,48,65,8.217676,4.218254,10.5901,2.26474e-06,0.000472677,1.3726e-05
sopt,0.1,6,0.9999999,4,34,48,70,8.329449,4.064290,10.3815,2.21632e-06,0.000442476,1.3874e-05
clssopt,0.1,6,0.9999999,4,34,48,70,7.225972,4.310605,10.9839,2.25433e-06,0.000472,1.30643e-05
sopt,0.1,6,0.9999999,4,34,48,75,8.369917,4.271064,10.725,2.2463e-06,0.000444847,1.27233e-05
clssopt,0.1,6,0.9999999,4,34,48,75,6.190198,4.462603,11.5097,2.27383e-06,0.00046922,1.31332e-05
sopt,0.1,6,0.9999999,4,34,48,80,6.899507,4.011051,11.0139,2.25345e-06,0.000445011,1.29519e-05
clssopt,0.1,6,0.9999999,4,34,48,80,7.822584,4.788743,11.3689,2.24753e-06,0.000466922,1.31619e-05
sopt,0.1,6,0.9999999,4,34,48,85,7.041386,6.122599,11.3675,2.26599e-06,0.000448435,1.27423e-05
clssopt,0.1,6,0.9999999,4,34,48,85,6.086829,5.010415,11.6059,2.24601e-06,0.000467638,1.2885e-05
sopt,0.1,6,0.9999999,4,34,48,90,6.893467,4.177105,11.5556,2.31138e-06,0.000455509,1.29698e-05
clssopt,0.1,6,0.9999999,4,34,48,90,6.560999,4.588624,11.9626,2.26145e-06,0.000465441,1.28696e-05
sopt,0.1,6,0.9999999,4,34,48,95,6.975735,3.863951,11.7323,2.29655e-06,0.00045381,1.25153e-05
clssopt,0.1,6,0.9999999,4,34,48,95,6.650388,4.202859,12.2094,2.27829e-06,0.000465782,1.29838e-05
sopt,0.1,6,0.9999999,4,34,48,100,7.306396,3.700458,12.1082,2.31977e-06,0.000457064,1.25225e-05
clssopt,0.1,6,0.9999999,4,34,48,100,5.204295,4.663765,12.4963,2.28482e-06,0.000466438,1.29037e-05
sopt,0.1,6,0.9999999,4,34,48,105,7.199563,3.774526,12.3533,2.31241e-06,0.000448316,1.25171e-05
clssopt,0.1,6,0.9999999,4,34,48,105,5.743258,5.022034,12.7555,2.27144e-06,0.000469161,1.29805e-05
sopt,0.1,6,0.9999999,4,34,48,110,6.551977,4.275786,12.593,2.31833e-06,0.000452441,1.23754e-05
clssopt,0.1,6,0.9999999,4,34,48,110,7.260486,4.054685,12.8994,2.26568e-06,0.000472058,1.2931e-05
sopt,0.1,6,0.9999999,4,34,48,115,6.448277,3.740752,13.0737,2.29658e-06,0.000454928,1.20771e-05
clssopt,0.1,6,0.9999999,4,34,48,115,6.556241,4.675880,13.0955,2.26977e-06,0.000474809,1.29039e-05
sopt,0.1,6,0.9999999,4,34,48,120,6.607522,3.680591,12.9912,2.30491e-06,0.000458711,1.2294e-05
clssopt,0.1,6,0.9999999,4,34,48,120,6.578520,4.121741,13.1952,2.2905e-06,0.000469155,1.26104e-05
