clsdopt,0.1,0,4,1,2,5,2.213757,,nan,nan,nan
clsqdeim,0.1,0,4,1,2,5,1.579146,1.000000,1.26741,3.30698e-05,0.00249642,1.63483e-05
clsgnat,0.1,0,4,1,2,5,1.639785,1.000000,1.21389,0.000713419,0.0303701,0.000552696
dopt,0.1,0,4,1,2,5,47.966121,,nan,nan,nan
qdeim,0.1,0,4,1,2,5,1.290630,1.000000,1.16071,3.90057e-05,0.00181874,1.48993e-05
gnat,0.1,0,4,1,2,5,1.178775,1.000000,1.27542,4.27085e-05,0.0032464,4.83966e-05
clsdopt,0.1,0,4,1,2,10,1.000000,,nan,nan,nan
clsqdeim,0.1,0,4,1,2,10,1.530065,1.000000,1.43187,3.43215e-05,0.00152674,3.24444e-05
clsgnat,0.1,0,4,1,2,10,1.295608,1.000000,1.39425,0.000524622,0.014346,0.000298195
dopt,0.1,0,4,1,2,10,1.782462,,nan,nan,nan
qdeim,0.1,0,4,1,2,10,1.254885,1.000000,1.64608,3.23575e-05,0.00124817,1.01148e-05
gnat,0.1,0,4,1,2,10,1.001133,1.000000,1.3316,4.08934e-05,0.00291068,3.19645e-05
clsdopt,0.1,0,4,1,2,15,1.000000,,nan,nan,nan
clsqdeim,0.1,0,4,1,2,15,1.534333,1.000000,1.60662,3.59981e-05,0.00149265,3.54483e-05
clsgnat,0.1,0,4,1,2,15,1.237768,1.000000,1.62408,0.000323413,0.00279066,9.39521e-05
dopt,0.1,0,4,1,2,15,1.000000,,nan,nan,nan
qdeim,0.1,0,4,1,2,15,1.483087,1.000000,1.89687,3.63688e-05,0.00112981,1.18635e-05
gnat,0.1,0,4,1,2,15,2.484082,1.000000,1.59464,4.18131e-05,0.00314381,2.05268e-05
clsdopt,0.1,0,4,1,2,20,1.000000,,nan,nan,nan
clsqdeim,0.1,0,4,1,2,20,1.367396,1.000000,1.7922,3.56597e-05,0.00137488,4.05293e-05
clsgnat,0.1,0,4,1,2,20,1.066316,1.000000,1.78784,0.000131884,0.0103819,2.22414e-05
dopt,0.1,0,4,1,2,20,1.000000,,nan,nan,nan
qdeim,0.1,0,4,1,2,20,1.683108,1.000000,2.18568,4.05331e-05,0.00108299,2.31516e-05
gnat,0.1,0,4,1,2,20,1.180439,1.000000,1.77104,4.63983e-05,0.00394899,3.75498e-05
clsdopt,0.1,0,4,1,2,25,1.000000,,nan,nan,nan
clsqdeim,0.1,0,4,1,2,25,1.039744,1.000000,2.07081,4.08696e-05,0.0021905,3.79204e-05
clsgnat,0.1,0,4,1,2,25,1.044727,1.000000,1.96995,8.70649e-05,0.0110487,3.80727e-05
dopt,0.1,0,4,1,2,25,1.000000,,nan,nan,nan
qdeim,0.1,0,4,1,2,25,1.101307,1.000000,2.52403,4.02912e-05,0.0010619,2.4011e-05
gnat,0.1,0,4,1,2,25,1.128642,1.000000,1.94167,5.14264e-05,0.0047126,4.95392e-05
clsdopt,0.1,0,4,1,2,30,1.000000,,nan,nan,nan
clsqdeim,0.1,0,4,1,2,30,1.094383,1.000000,2.16037,4.21589e-05,0.00359126,3.91558e-05
clsgnat,0.1,0,4,1,2,30,1.003080,1.000000,2.39069,6.11357e-05,0.0109064,4.67306e-05
dopt,0.1,0,4,1,2,30,1.000000,,nan,nan,nan
qdeim,0.1,0,4,1,2,30,1.289116,1.000000,2.92708,4.44745e-05,0.00100824,3.19503e-05
gnat,0.1,0,4,1,2,30,1.000000,1.000000,2.21549,5.3171e-05,0.00501323,5.73569e-05
clsdopt,0.1,0,4,1,2,35,1.000000,,nan,nan,nan
clsqdeim,0.1,0,4,1,2,35,1.099425,1.000000,2.53466,3.7185e-05,0.00248073,1.3978e-05
clsgnat,0.1,0,4,1,2,35,1.140157,1.000000,2.39753,2.81913e-05,0.0112657,5.93675e-05
dopt,0.1,0,4,1,2,35,1.000000,,nan,nan,nan
qdeim,0.1,0,4,1,2,35,1.213531,1.000000,8.62061,5.11449e-05,0.000889029,3.79592e-05
gnat,0.1,0,4,1,2,35,1.340683,1.000000,2.22515,6.16518e-05,0.00533877,4.64267e-05
clsdopt,0.1,0,4,1,2,40,1.000000,,nan,nan,nan
clsqdeim,0.1,0,4,1,2,40,1.069187,1.000000,2.64885,3.77936e-05,0.00235488,8.32435e-06
clsgnat,0.1,0,4,1,2,40,1.035878,1.000000,2.45703,7.79754e-05,0.0101835,6.97045e-05
dopt,0.1,0,4,1,2,40,1.000000,,nan,nan,nan
qdeim,0.1,0,4,1,2,40,1.225277,1.000000,3.31747,5.51749e-05,0.00113199,3.81673e-05
gnat,0.1,0,4,1,2,40,1.041534,1.000000,2.31962,5.72857e-05,0.00472632,3.54461e-05
clsdopt,0.1,0,4,1,2,45,1.000000,,nan,nan,nan
clsqdeim,0.1,0,4,1,2,45,1.076771,1.000000,2.85987,3.99118e-05,0.0028542,9.43693e-06
clsgnat,0.1,0,4,1,2,45,1.103757,1.000000,2.70322,0.000107744,0.00891572,7.34516e-05
dopt,0.1,0,4,1,2,45,1.000000,,nan,nan,nan
qdeim,0.1,0,4,1,2,45,1.265925,1.000000,3.5904,5.24165e-05,0.00132686,3.82702e-05
gnat,0.1,0,4,1,2,45,1.033065,1.000000,2.47905,5.87038e-05,0.00481266,2.91843e-05
clsdopt,0.1,0,4,1,2,50,1.000000,,nan,nan,nan
clsqdeim,0.1,0,4,1,2,50,1.007038,1.000000,3.08491,4.20995e-05,0.00363063,8.49093e-06
clsgnat,0.1,0,4,1,2,50,1.055099,1.000000,2.80434,8.86456e-05,0.0103332,5.52347e-05
dopt,0.1,0,4,1,2,50,1.000000,,nan,nan,nan
qdeim,0.1,0,4,1,2,50,1.125735,1.000000,3.81672,5.0754e-05,0.0013834,3.37361e-05
gnat,0.1,0,4,1,2,50,1.031093,1.000000,2.43619,6.08051e-05,0.00383379,1.89719e-05
clsdopt,0.1,0,4,1,2,55,1.000000,,nan,nan,nan
clsqdeim,0.1,0,4,1,2,55,1.105054,1.000000,3.10757,4.39119e-05,0.00430789,8.10009e-06
clsgnat,0.1,0,4,1,2,55,1.093064,1.000000,3.13523,6.94855e-05,0.0112937,4.18928e-05
dopt,0.1,0,4,1,2,55,1.000000,,nan,nan,nan
qdeim,0.1,0,4,1,2,55,1.269293,1.000000,4.12541,4.83512e-05,0.000990075,2.90695e-05
gnat,0.1,0,4,1,2,55,1.078196,1.000000,2.68005,5.44944e-05,0.00296451,1.99078e-05
clsdopt,0.1,0,4,1,2,60,1.000000,,nan,nan,nan
clsqdeim,0.1,0,4,1,2,60,1.030171,1.000000,3.22656,4.47585e-05,0.00471442,8.41246e-06
clsgnat,0.1,0,4,1,2,60,1.035154,1.000000,2.93202,2.14656e-05,0.0118671,3.90688e-05
dopt,0.1,0,4,1,2,60,1.000000,,nan,nan,nan
qdeim,0.1,0,4,1,2,60,1.323768,1.000000,4.45389,4.33207e-05,0.00104653,1.63668e-05
gnat,0.1,0,4,1,2,60,1.053709,1.000000,2.86445,4.95678e-05,0.00287974,1.76517e-05
clsdopt,0.1,0,4,1,2,65,1.000000,,nan,nan,nan
clsqdeim,0.1,0,4,1,2,65,1.042829,1.000000,3.32677,4.51175e-05,0.00542438,8.76378e-06
clsgnat,0.1,0,4,1,2,65,1.147312,1.000000,3.14986,2.12992e-05,0.0112658,4.13261e-05
dopt,0.1,0,4,1,2,65,1.000000,,nan,nan,nan
qdeim,0.1,0,4,1,2,65,1.345290,1.000000,4.56448,4.19747e-05,0.00113415,1.35512e-05
gnat,0.1,0,4,1,2,65,1.082108,1.000000,2.93018,5.09273e-05,0.00300914,1.72573e-05
clsdopt,0.1,0,4,1,2,70,1.000000,,nan,nan,nan
clsdopt,0.1,1,4,3,11,5,6.453428,2.070870,2.04152,0.00510899,0.166375,8.23025e-05
clsqdeim,0.1,1,4,3,11,5,6.614373,3.568593,1.72498,0.00025657,0.178707,0.00830256
clsgnat,0.1,1,4,3,11,5,14.200488,1.757215,,0.0279497,23.6824,0.598211
dopt,0.1,1,4,3,11,5,12.633978,3.420288,1.77305,0.00510679,0.166345,8.15394e-05
qdeim,0.1,1,4,3,11,5,13.430991,1.975094,1.87406,4.64126e-06,0.00108623,2.06147e-05
gnat,0.1,1,4,3,11,5,12.899885,1.378297,1.70326,7.52547e-05,0.0100039,0.000132257
clsdopt,0.1,1,4,3,11,10,6.884784,13.817535,2.40268,0.00510902,0.166363,8.23224e-05
clsqdeim,0.1,1,4,3,11,10,13.499439,1.802049,2.25829,1.69295e-05,0.0175216,0.000336707
clsgnat,0.1,1,4,3,11,10,7.866742,1.655446,,0.024628,17.9513,0.590224
dopt,0.1,1,4,3,11,10,5.853957,2.091746,2.21469,0.00510638,0.166345,8.14579e-05
qdeim,0.1,1,4,3,11,10,8.642938,1.441947,2.2417,6.33029e-06,0.000862728,2.6141e-05
gnat,0.1,1,4,3,11,10,5.807156,1.764546,2.11395,7.81433e-05,0.010379,0.000136647
clsdopt,0.1,1,4,3,11,15,4.406066,9.597397,2.76268,0.00510855,0.166372,8.23282e-05
clsqdeim,0.1,1,4,3,11,15,9.302615,3.311193,2.59984,2.55768e-05,0.00789344,0.000161725
clsgnat,0.1,1,4,3,11,15,6.218557,2.935163,,0.0271595,23.2786,0.601132
dopt,0.1,1,4,3,11,15,4.933543,2.032220,3.5499,0.0051069,0.166351,8.14615e-05
qdeim,0.1,1,4,3,11,15,9.648869,1.830151,2.52307,3.20488e-06,0.00220392,2.89556e-05
gnat,0.1,1,4,3,11,15,6.345221,3.021851,6.52121,7.34647e-05,0.0100846,0.000126751
clsdopt,0.1,1,4,3,11,20,4.032404,6.375516,3.36332,0.00510819,0.166369,8.23459e-05
clsqdeim,0.1,1,4,3,11,20,13.121900,2.148781,3.00471,3.33936e-05,0.015038,0.0003067
clsgnat,0.1,1,4,3,11,20,4.796483,1.635395,,0.0287586,22.0113,0.596139
dopt,0.1,1,4,3,11,20,3.670973,7.205229,2.98301,0.00510721,0.166349,8.14689e-05
qdeim,0.1,1,4,3,11,20,5.882302,1.878796,2.87205,7.30356e-06,0.00384082,6.35282e-05
gnat,0.1,1,4,3,11,20,3.419533,1.381856,2.83403,7.05213e-05,0.00967005,0.000110137
clsdopt,0.1,1,4,3,11,25,3.688969,1.584557,3.48519,0.00510777,0.166364,8.23658e-05
clsqdeim,0.1,1,4,3,11,25,9.092580,1.580039,3.74272,2.3838e-05,0.00630565,0.000219089
clsgnat,0.1,1,4,3,11,25,6.199380,1.387020,3.2998,0.0222988,20.3738,0.284631
dopt,0.1,1,4,3,11,25,2.849366,2.043630,3.44766,0.0051071,0.16635,8.14723e-05
qdeim,0.1,1,4,3,11,25,5.433825,1.594702,3.33892,1.01846e-05,0.00522315,9.86933e-05
gnat,0.1,1,4,3,11,25,3.426509,1.146368,3.02816,4.50258e-05,0.00644142,5.67163e-05
clsdopt,0.1,1,4,3,11,30,3.715498,1.766044,3.89709,0.00510737,0.166357,8.23834e-05
clsqdeim,0.1,1,4,3,11,30,8.371153,1.592864,4.16472,8.52853e-06,0.00344592,0.000101527
clsgnat,0.1,1,4,3,11,30,4.964436,1.916774,3.12711,0.00968235,4.1783,0.0965234
dopt,0.1,1,4,3,11,30,2.919256,2.113995,3.59645,0.00510719,0.166353,8.14926e-05
qdeim,0.1,1,4,3,11,30,6.484264,1.437816,3.32825,5.06799e-06,0.00291265,6.93129e-05
gnat,0.1,1,4,3,11,30,2.793628,1.628291,3.21103,3.2616e-05,0.00458808,3.21577e-05
clsdopt,0.1,1,4,3,11,35,3.068436,1.854257,4.11019,0.00510735,0.166356,8.24029e-05
clsqdeim,0.1,1,4,3,11,35,6.896367,1.330268,4.42779,3.35231e-06,0.00117801,2.34239e-05
clsgnat,0.1,1,4,3,11,35,4.806556,1.222107,3.22927,0.00651935,2.94086,0.0330424
dopt,0.1,1,4,3,11,35,2.844583,6.690864,4.30738,0.0051072,0.166355,8.15075e-05
qdeim,0.1,1,4,3,11,35,5.870336,1.239734,3.45618,5.35074e-06,0.00261414,5.47505e-05
gnat,0.1,1,4,3,11,35,3.423204,1.568806,3.40628,2.29107e-05,0.00341445,2.42411e-05
clsdopt,0.1,1,4,3,11,40,2.786991,1.552644,4.56871,0.00510764,0.166359,8.24223e-05
clsqdeim,0.1,1,4,3,11,40,7.775741,1.675646,4.4736,2.53525e-06,0.00140914,4.60308e-05
clsgnat,0.1,1,4,3,11,40,4.320818,1.251931,3.35672,0.00555107,1.05881,0.0200237
dopt,0.1,1,4,3,11,40,2.551746,6.863201,4.44562,0.00510677,0.166357,8.15187e-05
qdeim,0.1,1,4,3,11,40,4.180679,1.527778,3.63839,5.40835e-06,0.00196934,3.00464e-05
gnat,0.1,1,4,3,11,40,2.956421,1.444355,3.67905,1.87688e-05,0.00305843,2.48412e-05
clsdopt,0.1,1,4,3,11,45,2.916474,1.542026,4.83635,0.0051075,0.166361,8.2443e-05
clsqdeim,0.1,1,4,3,11,45,9.040588,1.462238,4.76233,3.97258e-06,0.0019267,6.47996e-05
clsgnat,0.1,1,4,3,11,45,4.634605,1.492781,3.65121,0.00547899,0.646772,0.0108398
dopt,0.1,1,4,3,11,45,2.356323,6.091043,4.79608,0.00510671,0.166355,8.1537e-05
qdeim,0.1,1,4,3,11,45,3.832538,1.814354,3.94603,6.45105e-06,0.00185741,3.24499e-05
gnat,0.1,1,4,3,11,45,3.372881,4.035275,3.79564,1.53433e-05,0.00248011,2.14081e-05
clsdopt,0.1,1,4,3,11,50,2.719780,2.037088,4.9401,0.0051074,0.166363,8.24783e-05
clsqdeim,0.1,1,4,3,11,50,7.119307,1.097028,5.23418,4.21227e-06,0.00242241,0.000130698
clsgnat,0.1,1,4,3,11,50,4.249964,1.191562,3.79189,0.00425217,0.621853,0.0117315
dopt,0.1,1,4,3,11,50,2.565532,4.156149,4.7589,0.00510654,0.166353,8.15651e-05
qdeim,0.1,1,4,3,11,50,4.508602,1.839474,4.44565,2.9436e-05,0.00646326,7.93415e-05
gnat,0.1,1,4,3,11,50,2.703433,1.722625,3.94057,8.15319e-06,0.000741225,1.86376e-05
clsdopt,0.1,1,4,3,11,55,3.133226,1.632301,5.57965,0.00510722,0.166362,8.25142e-05
clsqdeim,0.1,1,4,3,11,55,9.069417,1.324732,5.24295,4.78973e-06,0.00307817,0.000168408
clsgnat,0.1,1,4,3,11,55,7.203918,1.148098,4.32593,0.00368589,0.406148,0.00333672
dopt,0.1,1,4,3,11,55,2.639716,5.980909,5.13898,0.00510672,0.166352,8.15942e-05
qdeim,0.1,1,4,3,11,55,7.274641,1.471808,4.22573,0.00015031,0.044663,0.0011529
gnat,0.1,1,4,3,11,55,4.305098,1.297241,4.17496,6.71635e-06,0.000859739,1.49449e-05
clsdopt,0.1,1,4,3,11,60,3.109998,1.542001,5.84875,0.00510713,0.166362,8.25362e-05
clsqdeim,0.1,1,4,3,11,60,6.623368,1.454155,5.36798,4.90961e-06,0.00419129,0.000153269
clsgnat,0.1,1,4,3,11,60,3.909231,1.603822,4.33191,0.00378398,0.457597,0.00599259
dopt,0.1,1,4,3,11,60,2.441047,5.821901,5.52515,0.0051068,0.166353,8.16151e-05
qdeim,0.1,1,4,3,11,60,4.392989,2.120904,4.47709,4.47602e-06,0.00148183,8.56091e-05
gnat,0.1,1,4,3,11,60,2.598375,1.485906,4.46682,6.52626e-06,0.00156149,1.61321e-05
clsdopt,0.1,1,4,3,11,65,2.795880,1.569297,5.83909,0.00510708,0.166361,8.25843e-05
clsqdeim,0.1,1,4,3,11,65,6.141711,1.248764,5.61102,3.80721e-06,0.0031374,0.000106549
clsgnat,0.1,1,4,3,11,65,3.492195,1.307196,4.43522,0.00190401,0.378271,0.00449949
dopt,0.1,1,4,3,11,65,2.413309,5.830252,5.76654,0.00510679,0.166352,8.16459e-05
qdeim,0.1,1,4,3,11,65,4.511051,1.667616,4.85545,8.04889e-06,0.00142792,0.000115721
gnat,0.1,1,4,3,11,65,2.514316,1.304371,4.65354,1.06996e-05,0.00189717,2.4159e-05
clsdopt,0.1,1,4,3,11,70,3.112031,1.551698,6.66481,0.00510742,0.166362,8.26098e-05
clsqdeim,0.1,1,4,3,11,70,5.671603,1.255079,5.86641,4.38459e-06,0.00280043,9.53954e-05
clsgnat,0.1,1,4,3,11,70,3.471415,1.200167,4.89377,0.00281807,0.889758,0.0103824
dopt,0.1,1,4,3,11,70,2.334402,1.984581,6.25751,0.00510672,0.166351,8.16631e-05
qdeim,0.1,1,4,3,11,70,3.489464,1.367923,5.35777,7.62525e-06,0.00158692,0.000145896
gnat,0.1,1,4,3,11,70,2.655778,1.796601,4.88305,1.47013e-05,0.00232928,3.36731e-05
clsdopt,0.1,1,4,3,11,75,2.792262,1.626859,7.35918,0.00510762,0.166363,8.2631e-05
clsqdeim,0.1,1,4,3,11,75,6.026463,1.416041,6.03574,7.11551e-06,0.00252293,0.000108729
clsgnat,0.1,1,4,3,11,75,3.790811,1.382027,5.36392,0.00218475,0.577073,0.0058035
dopt,0.1,1,4,3,11,75,2.424504,1.980487,6.57688,0.00510655,0.166351,8.16691e-05
qdeim,0.1,1,4,3,11,75,3.137580,1.686052,5.37924,8.3746e-06,0.00165508,0.000186968
gnat,0.1,1,4,3,11,75,2.653853,1.586888,15.9476,7.72424e-06,0.00128163,1.89898e-05
clsdopt,0.1,1,4,3,11,80,3.450286,1.667385,7.59231,0.00510747,0.166363,8.24605e-05
clsqdeim,0.1,1,4,3,11,80,5.767977,1.166948,6.04805,6.56618e-06,0.00251811,0.000105757
clsgnat,0.1,1,4,3,11,80,4.006051,1.223204,5.09561,0.0201626,13.6932,0.189663
dopt,0.1,1,4,3,11,80,2.077604,3.967369,6.97652,0.00510641,0.166351,8.16729e-05
qdeim,0.1,1,4,3,11,80,2.880656,1.557003,5.46356,8.08587e-06,0.00198828,0.000101635
gnat,0.1,1,4,3,11,80,2.438079,1.284150,5.18181,1.92994e-05,0.00416446,7.97711e-05
clsdopt,0.1,1,4,3,11,85,2.893986,1.537562,7.73455,0.0051071,0.166363,8.24937e-05
clsqdeim,0.1,1,4,3,11,85,6.043246,1.252382,5.89269,4.97727e-06,0.00261087,8.12416e-05
clsgnat,0.1,1,4,3,11,85,3.488451,1.284485,5.07629,0.0031507,1.42079,0.0175371
dopt,0.1,1,4,3,11,85,2.038926,1.978607,7.21855,0.00510623,0.166352,8.16763e-05
qdeim,0.1,1,4,3,11,85,3.400151,1.232561,5.5171,7.16041e-05,0.0199943,0.000281426
gnat,0.1,1,4,3,11,85,2.490625,1.469730,5.1731,1.00175e-05,0.00409733,6.79761e-05
clsdopt,0.1,1,4,3,11,90,2.721071,1.547582,8.30391,0.005107,0.166363,8.23388e-05
clsqdeim,0.1,1,4,3,11,90,5.898590,1.586856,6.108,9.22944e-06,0.00264427,0.00020448
clsgnat,0.1,1,4,3,11,90,3.447452,1.468369,5.25112,0.00700419,5.51882,0.107148
dopt,0.1,1,4,3,11,90,2.051983,1.948612,7.83051,0.00510644,0.166351,8.16856e-05
qdeim,0.1,1,4,3,11,90,3.417970,1.479246,5.73984,4.77272e-05,0.0136351,0.0001529
gnat,0.1,1,4,3,11,90,2.746336,1.584342,5.33488,1.61869e-05,0.00493376,6.14425e-05
clsdopt,0.1,1,4,3,11,95,2.628919,1.539555,8.07512,0.00510699,0.166362,8.21658e-05
clsqdeim,0.1,1,4,3,11,95,5.986027,1.288377,6.26593,9.27463e-06,0.00228799,0.000129066
clsgnat,0.1,1,4,3,11,95,3.944797,1.221251,5.31728,0.0036576,1.91247,0.0354802
dopt,0.1,1,4,3,11,95,2.056901,1.969039,8.05802,0.0051061,0.166353,8.16915e-05
qdeim,0.1,1,4,3,11,95,2.916581,1.353473,14.7241,8.30732e-06,0.00356147,6.47774e-05
gnat,0.1,1,4,3,11,95,2.266312,1.812051,6.10784,1.10203e-05,0.00410923,4.85923e-05
clsdopt,0.1,1,4,3,11,100,2.396996,1.519926,8.53668,0.00510684,0.166361,8.18262e-05
clsqdeim,0.1,1,4,3,11,100,6.450380,1.235885,6.42266,4.77401e-06,0.00526388,0.000189676
clsgnat,0.1,1,4,3,11,100,3.568434,1.252162,5.62283,0.00286847,0.360895,0.00797896
dopt,0.1,1,4,3,11,100,2.170975,1.940241,8.40207,0.00510607,0.166352,8.16934e-05
qdeim,0.1,1,4,3,11,100,2.888026,1.332949,6.29089,4.43666e-06,0.0017616,9.68049e-05
gnat,0.1,1,4,3,11,100,2.278040,1.572521,5.49116,6.45995e-06,0.00114288,2.82372e-05
clsdopt,0.1,1,4,3,11,105,2.631748,1.527737,8.92516,0.00510663,0.166362,8.1676e-05
clsqdeim,0.1,1,4,3,11,105,6.202839,1.684147,6.5335,8.85751e-06,0.00763266,0.000253417
clsgnat,0.1,1,4,3,11,105,3.273925,1.325222,5.90966,0.00233523,0.253333,0.00326973
dopt,0.1,1,4,3,11,105,2.037843,1.953483,8.97853,0.0051059,0.166351,8.16957e-05
qdeim,0.1,1,4,3,11,105,2.790566,1.422974,6.16046,4.7939e-06,0.00168945,0.000109818
gnat,0.1,1,4,3,11,105,2.025403,1.398004,5.37866,8.64492e-06,0.0011669,1.54895e-05
clsdopt,0.1,1,4,3,11,110,2.339632,1.493610,9.20717,0.00510643,0.166364,8.13591e-05
clsqdeim,0.1,1,4,3,11,110,8.383528,1.281833,6.99743,1.2016e-05,0.00839718,0.000254408
clsgnat,0.1,1,4,3,11,110,4.337335,1.245049,6.12586,0.00186507,0.297866,0.00135305
dopt,0.1,1,4,3,11,110,2.087346,1.935351,9.35422,0.00510579,0.166351,8.16892e-05
qdeim,0.1,1,4,3,11,110,3.265598,1.397323,6.18385,4.6149e-06,0.00195484,9.57146e-05
gnat,0.1,1,4,3,11,110,2.911731,1.672736,5.53043,9.91287e-06,0.00098621,1.08827e-05
clsdopt,0.1,1,4,3,11,115,2.600875,1.489905,9.62731,0.00510631,0.166363,8.13605e-05
clsqdeim,0.1,1,4,3,11,115,6.177761,1.280727,6.93789,1.10814e-05,0.00773223,0.000237137
clsgnat,0.1,1,4,3,11,115,3.169395,1.261325,6.21025,0.00176355,0.3497,0.000857419
dopt,0.1,1,4,3,11,115,2.020328,1.978722,9.42584,0.0051057,0.166351,8.16774e-05
qdeim,0.1,1,4,3,11,115,3.133543,1.509062,6.55412,5.65924e-06,0.00191817,0.000121173
gnat,0.1,1,4,3,11,115,2.317443,1.671221,5.7767,9.78078e-06,0.000963885,6.6217e-06
clsdopt,0.1,1,4,3,11,120,2.412747,1.498441,9.90732,0.00510625,0.166363,8.133e-05
clsqdeim,0.1,1,4,3,11,120,5.979663,1.626211,7.05209,9.13162e-06,0.00902469,0.000304355
clsgnat,0.1,1,4,3,11,120,3.182760,1.296505,6.52667,0.00158331,0.372339,0.000501317
dopt,0.1,1,4,3,11,120,2.186677,1.930158,9.76351,0.00510564,0.166351,8.16901e-05
qdeim,0.1,1,4,3,11,120,3.035696,1.418792,6.75607,6.1294e-06,0.00172802,0.000130747
gnat,0.1,1,4,3,11,120,2.304469,1.637560,5.92863,7.66971e-06,0.000885191,5.99914e-06
clsdopt,0.1,2,4,7,18,5,28.181848,6.376276,2.50764,0.00510622,0.166356,7.97952e-05
clsqdeim,0.1,2,4,7,18,5,16.086673,5.604885,2.62154,3.40829e-06,0.000897776,4.47597e-05
clsgnat,0.1,2,4,7,18,5,43.155767,11.851850,,0.0525592,16.5265,0.211422
dopt,0.1,2,4,7,18,5,19.921531,3.167047,2.2035,0.00510423,0.166346,8.15195e-05
qdeim,0.1,2,4,7,18,5,13.088998,3.522645,2.18842,9.87492e-06,0.00153232,5.75731e-05
gnat,0.1,2,4,7,18,5,14.096971,4.764882,2.16341,6.41159e-05,0.0157166,0.000363744
clsdopt,0.1,2,4,7,18,10,8.155509,3.717683,2.95984,0.0051067,0.166365,8.01954e-05
clsqdeim,0.1,2,4,7,18,10,13.159568,6.022207,2.99905,7.29918e-06,0.00162075,2.40564e-05
clsgnat,0.1,2,4,7,18,10,16.854173,6.576455,,0.0555736,28.1614,0.434691
dopt,0.1,2,4,7,18,10,8.984750,3.754878,2.62387,0.00510524,0.166346,8.13381e-05
qdeim,0.1,2,4,7,18,10,17.170836,3.124251,2.37749,1.46004e-05,0.00246776,5.8736e-05
gnat,0.1,2,4,7,18,10,6.311418,3.025119,2.58914,6.06672e-05,0.0149353,0.000341877
clsdopt,0.1,2,4,7,18,15,9.152264,3.484221,3.35765,0.00510619,0.166356,8.00257e-05
clsqdeim,0.1,2,4,7,18,15,12.030049,2.824291,3.46166,4.90728e-06,0.00101533,1.64497e-05
clsgnat,0.1,2,4,7,18,15,10.895513,5.464267,,0.0514864,17.0138,0.222871
dopt,0.1,2,4,7,18,15,7.028740,2.406717,3.04536,0.00510562,0.166342,8.12427e-05
qdeim,0.1,2,4,7,18,15,12.054538,2.326783,2.68851,8.97112e-06,0.00203898,3.49976e-05
gnat,0.1,2,4,7,18,15,9.111704,2.135644,2.96212,6.62394e-05,0.0160094,0.000370109
clsdopt,0.1,2,4,7,18,20,4.231927,2.223187,3.9127,0.00510699,0.166363,8.00074e-05
clsqdeim,0.1,2,4,7,18,20,10.711362,2.228860,3.87502,2.98793e-06,0.000636655,1.50524e-05
clsgnat,0.1,2,4,7,18,20,11.836709,6.136410,,0.0542956,16.2745,0.247572
dopt,0.1,2,4,7,18,20,4.480075,2.666982,3.49789,0.00510597,0.166347,8.12927e-05
qdeim,0.1,2,4,7,18,20,10.294828,1.962337,2.85787,5.13175e-06,0.00163996,3.19595e-05
gnat,0.1,2,4,7,18,20,7.951434,2.458418,3.19211,7.14616e-05,0.0168729,0.000370791
clsdopt,0.1,2,4,7,18,25,3.842757,2.565090,4.25745,0.00510682,0.166362,8.02824e-05
clsqdeim,0.1,2,4,7,18,25,10.584920,2.393586,4.51114,3.79048e-06,0.0004879,1.54123e-05
clsgnat,0.1,2,4,7,18,25,10.212737,4.536781,,0.0682049,31.26,0.452654
dopt,0.1,2,4,7,18,25,4.057387,2.582599,3.87918,0.005106,0.166346,8.12995e-05
qdeim,0.1,2,4,7,18,25,7.891273,2.335183,3.0825,1.36369e-05,0.00278592,5.44161e-05
gnat,0.1,2,4,7,18,25,4.307547,1.799586,3.51379,7.13836e-05,0.0173714,0.000391343
clsdopt,0.1,2,4,7,18,30,3.623833,2.335231,4.73323,0.00510717,0.166365,8.02878e-05
clsqdeim,0.1,2,4,7,18,30,8.734566,2.351807,4.67099,4.00564e-06,0.000540824,1.77347e-05
clsgnat,0.1,2,4,7,18,30,10.637059,4.010697,,0.0726307,35.2467,0.586552
dopt,0.1,2,4,7,18,30,3.850502,1.932930,4.24323,0.00510615,0.166349,8.1292e-05
qdeim,0.1,2,4,7,18,30,9.604746,1.889621,3.3469,2.26488e-05,0.00333621,6.42322e-05
gnat,0.1,2,4,7,18,30,5.520084,2.951289,3.87199,6.23228e-05,0.0167913,0.00039689
clsdopt,0.1,2,4,7,18,35,4.351747,1.929831,5.10283,0.00510711,0.166361,8.0282e-05
clsqdeim,0.1,2,4,7,18,35,6.349426,2.069798,4.94705,4.70685e-06,0.00075058,2.23074e-05
clsgnat,0.1,2,4,7,18,35,7.992590,5.054037,,0.0706148,36.7929,0.621413
dopt,0.1,2,4,7,18,35,3.826053,2.441833,4.61808,0.00510627,0.166347,8.13099e-05
qdeim,0.1,2,4,7,18,35,7.641755,3.278099,3.68354,3.16435e-05,0.0041681,9.34202e-05
gnat,0.1,2,4,7,18,35,4.212014,3.529790,4.28391,6.30669e-05,0.0173066,0.000406181
clsdopt,0.1,2,4,7,18,40,3.930997,1.900369,5.37838,0.00510701,0.166356,8.02822e-05
clsqdeim,0.1,2,4,7,18,40,7.183406,2.101687,5.16918,4.27069e-06,0.000534723,1.68238e-05
clsgnat,0.1,2,4,7,18,40,7.450131,2.709795,,0.0491664,17.7181,0.216999
dopt,0.1,2,4,7,18,40,3.154783,2.456804,5.07112,0.00510621,0.166347,8.1314e-05
qdeim,0.1,2,4,7,18,40,7.734731,1.789153,3.68019,5.09482e-05,0.00609172,0.000167587
gnat,0.1,2,4,7,18,40,5.101552,1.757134,4.38634,6.56171e-05,0.0179847,0.000419482
clsdopt,0.1,2,4,7,18,45,2.888864,2.175198,5.62054,0.00510706,0.166354,8.02823e-05
clsqdeim,0.1,2,4,7,18,45,7.693199,1.970380,5.52023,9.16348e-06,0.000833475,4.3832e-05
clsgnat,0.1,2,4,7,18,45,8.812707,3.110425,,0.142593,9142.88,
dopt,0.1,2,4,7,18,45,3.301043,2.400710,5.51027,0.00510614,0.166348,8.13077e-05
qdeim,0.1,2,4,7,18,45,6.410478,1.614578,3.97124,9.568e-05,0.0108507,0.000337853
gnat,0.1,2,4,7,18,45,4.349381,1.458297,4.58419,6.43588e-05,0.0178879,0.000416526
clsdopt,0.1,2,4,7,18,50,2.919427,2.001755,6.00275,0.00510711,0.166357,8.02835e-05
clsqdeim,0.1,2,4,7,18,50,7.909447,2.290619,5.49175,1.16177e-05,0.0010588,6.09126e-05
clsgnat,0.1,2,4,7,18,50,7.826316,1.558567,,0.0718435,56.3389,2.17099
dopt,0.1,2,4,7,18,50,3.036751,2.046688,5.88841,0.00510611,0.166353,8.13214e-05
qdeim,0.1,2,4,7,18,50,5.816284,1.736103,4.16807,0.000123916,0.0139637,0.000460522
gnat,0.1,2,4,7,18,50,3.924209,1.565339,4.97168,5.22202e-05,0.017826,0.000445549
clsdopt,0.1,2,4,7,18,55,3.114871,2.346639,6.38468,0.00510691,0.166357,8.02923e-05
clsqdeim,0.1,2,4,7,18,55,5.670733,1.748227,5.83797,4.14909e-06,0.000557608,2.42575e-05
clsgnat,0.1,2,4,7,18,55,7.440576,1.558429,,0.0549177,37.2069,0.454344
dopt,0.1,2,4,7,18,55,2.975267,2.406443,6.1603,0.00510629,0.166352,8.13254e-05
qdeim,0.1,2,4,7,18,55,4.659425,1.562779,4.51826,0.000148759,0.0166418,0.000561459
gnat,0.1,2,4,7,18,55,3.525396,1.765406,5.22053,2.45944e-05,0.00944947,0.000254638
clsdopt,0.1,2,4,7,18,60,2.716098,2.018770,6.87292,0.00510688,0.166355,8.02957e-05
clsqdeim,0.1,2,4,7,18,60,5.615588,1.950567,6.31307,1.3957e-05,0.00170461,8.24635e-05
clsgnat,0.1,2,4,7,18,60,7.580760,1.444251,,0.0518888,35.6537,0.37292
dopt,0.1,2,4,7,18,60,3.284565,1.986684,6.52206,0.00510627,0.166356,8.13232e-05
qdeim,0.1,2,4,7,18,60,6.217773,1.829347,4.79972,0.000119272,0.0130924,0.00043205
gnat,0.1,2,4,7,18,60,5.037876,1.517706,5.10219,5.28412e-06,0.00301937,9.20437e-05
clsdopt,0.1,2,4,7,18,65,2.760854,1.912192,6.93013,0.0051067,0.166353,8.02982e-05
clsqdeim,0.1,2,4,7,18,65,5.121212,1.613570,6.2368,1.027e-05,0.0012853,5.46274e-05
clsgnat,0.1,2,4,7,18,65,8.124678,1.597715,,0.0564497,29.1037,0.517578
dopt,0.1,2,4,7,18,65,2.959796,2.106139,6.78532,0.00510626,0.166355,8.13139e-05
qdeim,0.1,2,4,7,18,65,5.059195,1.680903,4.86405,0.000116815,0.0127927,0.000422799
gnat,0.1,2,4,7,18,65,3.266666,1.463265,5.40618,6.45705e-06,0.00165813,7.43274e-05
clsdopt,0.1,2,4,7,18,70,2.891527,2.434535,7.13305,0.00510693,0.166357,8.03027e-05
clsqdeim,0.1,2,4,7,18,70,5.945505,3.007531,6.68291,1.37267e-05,0.00168624,7.19635e-05
clsgnat,0.1,2,4,7,18,70,6.641397,6.550630,6.8216,0.00502199,0.360627,0.00293559
dopt,0.1,2,4,7,18,70,2.914034,2.035392,6.89952,0.00510632,0.166354,8.1318e-05
qdeim,0.1,2,4,7,18,70,5.107153,3.571171,4.96504,0.00012894,0.0141728,0.000470741
gnat,0.1,2,4,7,18,70,3.622185,1.941988,5.70239,6.15115e-06,0.00171842,7.40472e-05
clsdopt,0.1,2,4,7,18,75,2.876621,2.036780,7.82699,0.00510657,0.166356,8.03053e-05
clsqdeim,0.1,2,4,7,18,75,5.438022,1.587156,6.83655,1.45177e-05,0.00197189,7.91317e-05
clsgnat,0.1,2,4,7,18,75,6.831487,2.064241,,0.0171109,16.7517,0.317439
dopt,0.1,2,4,7,18,75,2.509063,2.027796,10.6775,0.00510646,0.166355,8.13226e-05
qdeim,0.1,2,4,7,18,75,5.995851,1.709188,5.06668,0.000134943,0.0149451,0.00050344
gnat,0.1,2,4,7,18,75,3.504042,1.381027,11.7606,4.06399e-06,0.00153761,6.11532e-05
clsdopt,0.1,2,4,7,18,80,2.937396,2.035874,7.57156,0.00510656,0.166355,8.03056e-05
clsqdeim,0.1,2,4,7,18,80,5.721889,1.600591,7.10013,1.96476e-05,0.00283095,0.00010865
clsgnat,0.1,2,4,7,18,80,6.239220,1.897088,,0.0170251,16.2678,0.329972
dopt,0.1,2,4,7,18,80,2.572917,2.050446,7.35543,0.00510644,0.166356,8.13215e-05
qdeim,0.1,2,4,7,18,80,5.114608,1.690642,5.46308,0.000124671,0.0133028,0.000457673
gnat,0.1,2,4,7,18,80,3.252549,1.538179,5.62327,4.2355e-06,0.0023474,3.84083e-05
clsdopt,0.1,2,4,7,18,85,2.518567,1.949744,7.80579,0.00510657,0.166354,8.03091e-05
clsqdeim,0.1,2,4,7,18,85,5.469356,1.477926,7.25645,2.24916e-05,0.0025925,0.000103802
clsgnat,0.1,2,4,7,18,85,6.215681,1.613363,7.63094,0.00611208,2.75725,0.0472672
dopt,0.1,2,4,7,18,85,2.693143,1.961599,7.69309,0.00510639,0.166358,8.1337e-05
qdeim,0.1,2,4,7,18,85,3.835297,1.476117,5.68937,0.000164039,0.0168241,0.000629672
gnat,0.1,2,4,7,18,85,3.023541,1.268924,6.03584,3.45796e-06,0.00208428,3.93373e-05
clsdopt,0.1,2,4,7,18,90,2.630202,1.901692,8.2723,0.00510637,0.166353,8.04697e-05
clsqdeim,0.1,2,4,7,18,90,6.085898,1.626165,7.44461,2.17179e-05,0.00245637,9.9262e-05
clsgnat,0.1,2,4,7,18,90,7.804494,1.665146,7.71316,0.00608939,2.70186,0.0451483
dopt,0.1,2,4,7,18,90,2.516482,1.759124,7.94417,0.00510636,0.166358,8.13535e-05
qdeim,0.1,2,4,7,18,90,9.993466,1.629016,5.91269,0.000133878,0.0144979,0.000568668
gnat,0.1,2,4,7,18,90,5.124481,1.537212,5.88847,6.54417e-06,0.00308602,3.28166e-05
clsdopt,0.1,2,4,7,18,95,2.330659,1.805194,8.29899,0.00510629,0.166354,8.04378e-05
clsqdeim,0.1,2,4,7,18,95,5.150667,1.631470,7.65975,1.46525e-05,0.00188863,7.9936e-05
clsgnat,0.1,2,4,7,18,95,6.139874,1.606730,8.04721,0.00386473,0.487572,0.0148057
dopt,0.1,2,4,7,18,95,2.683880,1.898992,8.16381,0.00510626,0.166358,8.13565e-05
qdeim,0.1,2,4,7,18,95,4.116500,1.700260,6.10072,4.70105e-05,0.00391536,0.000181602
gnat,0.1,2,4,7,18,95,2.844985,1.554511,5.99839,9.75452e-06,0.00397308,2.3982e-05
clsdopt,0.1,2,4,7,18,100,2.385779,1.783082,8.7266,0.00510632,0.166357,8.03616e-05
clsqdeim,0.1,2,4,7,18,100,5.679150,1.568372,7.66258,1.62091e-05,0.00250453,8.92601e-05
clsgnat,0.1,2,4,7,18,100,8.539014,1.346450,8.33098,0.00371419,0.455113,0.0138902
dopt,0.1,2,4,7,18,100,2.406094,1.878262,8.59229,0.00510636,0.166356,8.13766e-05
qdeim,0.1,2,4,7,18,100,4.385711,1.469275,6.25994,2.42879e-05,0.0015851,7.79068e-05
gnat,0.1,2,4,7,18,100,3.193151,1.328458,6.24269,1.72391e-05,0.00605552,3.26784e-05
clsdopt,0.1,2,4,7,18,105,2.437660,1.702151,9.02249,0.00510629,0.166357,8.03451e-05
clsqdeim,0.1,2,4,7,18,105,5.470934,2.434034,7.90446,2.04097e-05,0.00280786,0.000101528
clsgnat,0.1,2,4,7,18,105,5.457558,2.841971,8.76291,0.00334935,0.673228,0.0149309
dopt,0.1,2,4,7,18,105,2.615374,1.885723,8.75866,0.00510627,0.166356,8.13445e-05
qdeim,0.1,2,4,7,18,105,4.152136,3.278701,6.41384,1.53274e-05,0.00111183,5.74866e-05
gnat,0.1,2,4,7,18,105,2.737491,2.006823,6.03589,1.44687e-05,0.00530144,2.60851e-05
clsdopt,0.1,2,4,7,18,110,2.312503,2.096559,9.33976,0.00510619,0.166357,8.0343e-05
clsqdeim,0.1,2,4,7,18,110,5.696052,1.407245,8.13632,1.32486e-05,0.0022504,8.24462e-05
clsgnat,0.1,2,4,7,18,110,5.750049,1.402107,,0.023344,13.9026,0.290592
dopt,0.1,2,4,7,18,110,2.690122,1.824757,9.1826,0.00510622,0.166357,8.13444e-05
qdeim,0.1,2,4,7,18,110,3.977553,1.441337,6.53323,6.88515e-06,0.00214802,9.38397e-05
gnat,0.1,2,4,7,18,110,3.866512,1.303049,6.23787,4.84616e-06,0.00208133,1.75907e-05
clsdopt,0.1,2,4,7,18,115,2.783745,1.857394,9.59338,0.00510612,0.166358,8.03459e-05
clsqdeim,0.1,2,4,7,18,115,3.804261,1.601955,8.38588,1.29371e-05,0.00236413,8.2644e-05
clsgnat,0.1,2,4,7,18,115,4.824512,1.430559,,0.0256794,13.0314,0.264249
dopt,0.1,2,4,7,18,115,2.363746,1.716296,10.2118,0.00510627,0.166357,8.13554e-05
qdeim,0.1,2,4,7,18,115,3.865641,1.620627,8.01905,5.49758e-06,0.00160128,5.73979e-05
gnat,0.1,2,4,7,18,115,3.023615,1.523150,7.61798,3.16423e-06,0.000724637,3.5576e-05
clsdopt,0.1,2,4,7,18,120,2.434883,1.833801,11.22,0.00510604,0.166358,8.04411e-05
clsqdeim,0.1,2,4,7,18,120,4.440934,1.495420,9.21572,1.20368e-05,0.00241456,7.91148e-05
clsgnat,0.1,2,4,7,18,120,6.382276,1.481969,,0.0264472,10.8006,0.237584
dopt,0.1,2,4,7,18,120,2.531177,1.733036,10.3571,0.00510599,0.166357,8.13548e-05
qdeim,0.1,2,4,7,18,120,4.339399,1.446344,7.99044,4.98688e-06,0.0014933,4.62228e-05
gnat,0.1,2,4,7,18,120,3.609316,1.350582,6.96637,4.43412e-06,0.0017921,1.18949e-05
clsdopt,0.1,3,4,14,25,5,15.837413,8.969706,4.03471,0.00510635,0.166373,8.10982e-05
clsqdeim,0.1,3,4,14,25,5,33.916080,8.037413,4.04678,0.000265938,0.0403621,0.00121693
clsgnat,0.1,3,4,14,25,5,34.957927,22.482493,,0.0590952,7687.06,
dopt,0.1,3,4,14,25,5,15.848378,8.404159,3.81524,0.00510511,0.166343,8.15285e-05
qdeim,0.1,3,4,14,25,5,24.606320,8.250528,3.79793,2.8311e-05,0.00509786,0.000112466
gnat,0.1,3,4,14,25,5,21.613096,10.497999,4.08434,0.000930836,0.270813,0.00998438
clsdopt,0.1,3,4,14,25,10,12.573716,7.848748,4.55619,0.00510686,0.166368,8.11706e-05
clsqdeim,0.1,3,4,14,25,10,19.598616,6.670418,4.33974,0.000287692,0.114874,0.00470471
clsgnat,0.1,3,4,14,25,10,29.956715,10.801033,,0.0596918,10413.5,
dopt,0.1,3,4,14,25,10,10.648829,5.033027,4.36075,0.00510564,0.166351,8.15842e-05
qdeim,0.1,3,4,14,25,10,24.829106,6.526982,4.60396,6.64031e-05,0.00981126,0.000191454
gnat,0.1,3,4,14,25,10,12.897420,6.691047,3.81183,0.00111978,0.285412,0.0101862
clsdopt,0.1,3,4,14,25,15,8.062251,5.387368,5.10551,0.00510641,0.166368,8.12156e-05
clsqdeim,0.1,3,4,14,25,15,17.284213,3.996505,5.03862,0.000121219,0.0672573,0.0016047
clsgnat,0.1,3,4,14,25,15,29.295562,11.359898,,0.0594378,11265.1,
dopt,0.1,3,4,14,25,15,10.347186,3.586259,4.60875,0.00510553,0.166349,8.15681e-05
qdeim,0.1,3,4,14,25,15,14.890410,5.310943,4.82347,7.66072e-06,0.00175635,6.04852e-05
gnat,0.1,3,4,14,25,15,11.357507,4.050333,4.27362,0.00107765,0.283394,0.0102766
clsdopt,0.1,3,4,14,25,20,5.897955,3.863803,5.60355,0.00510614,0.166359,8.12249e-05
clsqdeim,0.1,3,4,14,25,20,14.439123,3.892099,5.64375,8.00117e-05,0.013213,0.00104668
clsgnat,0.1,3,4,14,25,20,20.014612,9.801852,,0.0622252,15716.8,
dopt,0.1,3,4,14,25,20,5.527386,3.885983,5.10115,0.00510557,0.166349,8.14369e-05
qdeim,0.1,3,4,14,25,20,17.767317,5.667100,5.34945,1.32214e-05,0.00263975,0.000118458
gnat,0.1,3,4,14,25,20,7.334079,3.161747,5.28551,0.000776576,0.294505,0.0124592
clsdopt,0.1,3,4,14,25,25,4.619950,3.477429,5.82184,0.00510626,0.166355,8.12551e-05
clsqdeim,0.1,3,4,14,25,25,24.740327,3.792995,6.16106,5.5536e-05,0.00972865,0.000431318
clsgnat,0.1,3,4,14,25,25,17.505692,7.910721,,0.0601515,12774.7,
dopt,0.1,3,4,14,25,25,5.291266,2.946776,5.77664,0.0051058,0.166344,8.14134e-05
qdeim,0.1,3,4,14,25,25,22.151098,3.212159,5.51466,1.79726e-05,0.00292453,0.000139288
gnat,0.1,3,4,14,25,25,11.589101,3.962512,5.11782,0.000874225,0.295555,0.0119798
clsdopt,0.1,3,4,14,25,30,5.248708,3.405596,6.33112,0.00510598,0.166353,8.12684e-05
clsqdeim,0.1,3,4,14,25,30,13.341551,3.400623,6.58826,5.66891e-05,0.0148185,0.000369507
clsgnat,0.1,3,4,14,25,30,11.041964,7.874368,,0.0625523,14961.9,
dopt,0.1,3,4,14,25,30,5.206361,3.348940,6.12005,0.00510569,0.166346,8.15134e-05
qdeim,0.1,3,4,14,25,30,13.187519,4.660751,5.88417,1.31964e-05,0.00206176,4.87486e-05
gnat,0.1,3,4,14,25,30,5.647533,3.278224,5.36439,0.000812163,0.278427,0.0109688
clsdopt,0.1,3,4,14,25,35,5.429617,3.539103,6.53888,0.00510608,0.166353,8.12799e-05
clsqdeim,0.1,3,4,14,25,35,13.376544,4.773087,6.87556,5.0836e-05,0.0182687,0.000508087
clsgnat,0.1,3,4,14,25,35,10.700456,6.933212,,0.0610713,16225.8,
dopt,0.1,3,4,14,25,35,4.682518,3.063958,5.90114,0.00510584,0.166345,8.15377e-05
qdeim,0.1,3,4,14,25,35,12.078845,20.115960,6.12717,1.3342e-05,0.00303133,8.68242e-05
gnat,0.1,3,4,14,25,35,5.782762,2.785262,5.554,0.00083476,0.275888,0.0106143
clsdopt,0.1,3,4,14,25,40,4.757580,3.222505,5.78818,0.00510617,0.166353,8.15246e-05
clsqdeim,0.1,3,4,14,25,40,13.062932,3.412083,7.79123,2.94585e-05,0.0113341,0.000309095
clsgnat,0.1,3,4,14,25,40,10.710557,6.306848,,0.0602273,15029.4,
dopt,0.1,3,4,14,25,40,5.379593,2.849745,6.82681,0.00510593,0.166347,8.15161e-05
qdeim,0.1,3,4,14,25,40,8.536539,4.643232,6.69948,1.17529e-05,0.00443638,0.000173943
gnat,0.1,3,4,14,25,40,6.279379,5.085693,5.23506,0.000845589,0.275542,0.0105454
clsdopt,0.1,3,4,14,25,45,4.375409,2.779001,7.49451,0.00510619,0.166351,8.14682e-05
clsqdeim,0.1,3,4,14,25,45,12.295664,3.089223,7.1622,4.20118e-05,0.0181855,0.000622402
clsgnat,0.1,3,4,14,25,45,9.404419,6.249374,,0.0634515,19442.4,
dopt,0.1,3,4,14,25,45,5.750119,3.120942,7.27403,0.0051058,0.166349,8.1677e-05
qdeim,0.1,3,4,14,25,45,9.169967,3.002669,6.43057,5.24855e-06,0.00280629,0.000137595
gnat,0.1,3,4,14,25,45,6.446499,2.549222,5.35123,0.000755898,0.287441,0.0116638
clsdopt,0.1,3,4,14,25,50,3.361266,2.913612,6.75099,0.0051063,0.166353,8.14812e-05
clsqdeim,0.1,3,4,14,25,50,25.273137,3.295884,7.54256,1.75922e-05,0.00366145,0.000313711
clsgnat,0.1,3,4,14,25,50,18.160628,5.907227,,0.0589682,5138.56,12694.4
dopt,0.1,3,4,14,25,50,4.664045,2.939412,6.63895,0.00510593,0.16635,8.16874e-05
qdeim,0.1,3,4,14,25,50,9.557376,5.638866,6.73474,8.23858e-06,0.00296482,0.0001448
gnat,0.1,3,4,14,25,50,10.240736,2.554054,6.32948,0.000701015,0.279265,0.0113081
clsdopt,0.1,3,4,14,25,55,3.910870,3.229313,6.86701,0.00510631,0.166353,8.15094e-05
clsqdeim,0.1,3,4,14,25,55,12.124237,2.764537,8.68913,1.52974e-05,0.00280406,0.000211197
clsgnat,0.1,3,4,14,25,55,7.586193,5.011741,,0.0588734,5003.92,12084.7
dopt,0.1,3,4,14,25,55,4.214328,2.716203,6.85473,0.00510584,0.166349,8.16863e-05
qdeim,0.1,3,4,14,25,55,8.173877,2.667789,6.22725,9.69987e-06,0.00389209,0.000203201
gnat,0.1,3,4,14,25,55,4.838052,2.323393,5.71385,0.000733599,0.270876,0.0105863
clsdopt,0.1,3,4,14,25,60,3.335717,2.811238,7.23481,0.00510646,0.166353,8.14694e-05
clsqdeim,0.1,3,4,14,25,60,9.652857,2.869314,8.74654,1.08578e-05,0.00261391,0.000125864
clsgnat,0.1,3,4,14,25,60,8.150033,4.314705,,0.058768,5059.59,24308.6
dopt,0.1,3,4,14,25,60,4.253812,2.213713,7.68388,0.00510596,0.166349,8.16693e-05
qdeim,0.1,3,4,14,25,60,8.557289,4.930254,6.54734,1.83821e-05,0.00797261,0.000277887
gnat,0.1,3,4,14,25,60,3.995917,2.219105,6.29712,0.000715354,0.256691,0.00965704
clsdopt,0.1,3,4,14,25,65,3.742841,2.374302,7.53064,0.00510638,0.166353,8.14837e-05
clsqdeim,0.1,3,4,14,25,65,9.791506,2.983291,8.90474,1.00044e-05,0.00275141,0.000120026
clsgnat,0.1,3,4,14,25,65,7.615493,5.107685,,0.109665,1446.63,4036.44
dopt,0.1,3,4,14,25,65,4.555473,2.642680,7.65215,0.00510599,0.166349,8.16821e-05
qdeim,0.1,3,4,14,25,65,7.916884,2.426834,7.16872,1.89226e-05,0.00753375,0.000318906
gnat,0.1,3,4,14,25,65,3.524389,2.125943,6.17069,0.000737315,0.255691,0.00947964
clsdopt,0.1,3,4,14,25,70,3.159594,2.481442,7.87713,0.00510626,0.166352,8.14929e-05
clsqdeim,0.1,3,4,14,25,70,10.662357,3.732485,8.22445,3.89278e-06,0.00400639,0.000115836
clsgnat,0.1,3,4,14,25,70,7.743949,9.026737,,0.109665,1410.86,3993.72
dopt,0.1,3,4,14,25,70,4.518408,2.906282,7.94423,0.00510597,0.166349,8.16801e-05
qdeim,0.1,3,4,14,25,70,6.766209,8.491948,7.13354,2.35492e-05,0.00931565,0.000482631
gnat,0.1,3,4,14,25,70,4.904983,3.469552,6.4827,0.00069195,0.264653,0.0102538
clsdopt,0.1,3,4,14,25,75,3.365205,2.523807,8.23322,0.00510629,0.166353,8.15019e-05
clsqdeim,0.1,3,4,14,25,75,13.750111,2.222943,8.34047,8.06623e-06,0.0041479,0.000147373
clsgnat,0.1,3,4,14,25,75,11.202768,4.007756,,0.0580681,5859.43,18593.9
dopt,0.1,3,4,14,25,75,4.077033,2.848173,8.30083,0.00510587,0.16635,8.16844e-05
qdeim,0.1,3,4,14,25,75,9.269784,2.125569,15.7873,6.91688e-05,0.0176002,0.00071814
gnat,0.1,3,4,14,25,75,7.132998,1.935926,7.67395,0.00069134,0.261257,0.00997323
clsdopt,0.1,3,4,14,25,80,3.052112,2.660093,8.37229,0.00510631,0.166353,8.15096e-05
clsqdeim,0.1,3,4,14,25,80,7.574630,2.145746,8.74205,6.4884e-06,0.00416016,0.000136085
clsgnat,0.1,3,4,14,25,80,8.377554,6.145946,,0.058475,5495.18,16263.4
dopt,0.1,3,4,14,25,80,3.815838,2.925373,8.6428,0.00510581,0.166351,8.16789e-05
qdeim,0.1,3,4,14,25,80,7.444184,2.624227,8.05963,2.08742e-05,0.00635756,0.000208821
gnat,0.1,3,4,14,25,80,3.730937,2.295803,7.5951,0.000668289,0.257881,0.00988436
clsdopt,0.1,3,4,14,25,85,2.896651,2.664146,9.41268,0.00510637,0.166352,8.15074e-05
clsqdeim,0.1,3,4,14,25,85,8.276070,2.469893,9.63315,8.03941e-06,0.00409829,0.000155033
clsgnat,0.1,3,4,14,25,85,7.683190,3.878108,,0.107879,1504.82,4335.54
dopt,0.1,3,4,14,25,85,3.741000,2.825700,8.84287,0.00510572,0.16635,8.18269e-05
qdeim,0.1,3,4,14,25,85,7.194964,2.288125,9.14799,1.77517e-05,0.0101997,0.000320634
gnat,0.1,3,4,14,25,85,4.003404,2.021906,7.02881,0.000671736,0.249278,0.0092978
clsdopt,0.1,3,4,14,25,90,3.205331,2.492261,9.37393,0.00510638,0.16635,8.15008e-05
clsqdeim,0.1,3,4,14,25,90,7.971228,2.193545,8.96317,7.72119e-06,0.0044836,0.000176712
clsgnat,0.1,3,4,14,25,90,5.980014,4.628747,,0.0585482,5670.01,18143.3
dopt,0.1,3,4,14,25,90,3.782417,2.576933,9.28611,0.00510575,0.166351,8.1857e-05
qdeim,0.1,3,4,14,25,90,7.725306,2.429207,8.45413,3.53208e-05,0.0066556,0.000312625
gnat,0.1,3,4,14,25,90,3.669621,1.820443,7.27439,0.00067475,0.241641,0.00870824
clsdopt,0.1,3,4,14,25,95,2.961534,2.460052,9.38325,0.00510627,0.16635,8.14723e-05
clsqdeim,0.1,3,4,14,25,95,11.980384,2.167560,9.58479,7.77558e-06,0.00537589,0.000239447
clsgnat,0.1,3,4,14,25,95,6.625114,3.502810,,0.0584626,5549.3,18366.3
dopt,0.1,3,4,14,25,95,3.941565,2.752743,9.41857,0.00510569,0.166352,8.18507e-05
qdeim,0.1,3,4,14,25,95,7.102912,2.029940,8.49263,4.87428e-05,0.00590591,0.0002533
gnat,0.1,3,4,14,25,95,3.472532,1.807555,7.68052,0.000634303,0.246374,0.00922941
clsdopt,0.1,3,4,14,25,100,3.927111,2.433718,9.57756,0.00510619,0.166349,8.14686e-05
clsqdeim,0.1,3,4,14,25,100,15.406775,2.279528,10.3434,1.26219e-05,0.00918235,0.000401219
clsgnat,0.1,3,4,14,25,100,9.957997,4.856951,,0.0476605,247.749,22.4735
dopt,0.1,3,4,14,25,100,3.378459,2.681302,10.1839,0.0051057,0.166354,8.18497e-05
qdeim,0.1,3,4,14,25,100,7.792231,2.701754,9.16156,2.57202e-05,0.00877867,0.000392542
gnat,0.1,3,4,14,25,100,6.272934,2.155000,7.04272,7.75565e-05,0.0262526,0.000765875
clsdopt,0.1,3,4,14,25,105,2.947742,2.637769,10.0274,0.00510604,0.166349,8.14675e-05
clsqdeim,0.1,3,4,14,25,105,13.299823,3.069371,10.1545,1.37131e-05,0.00862869,0.000385855
clsgnat,0.1,3,4,14,25,105,7.112213,4.633694,,0.051174,60.5706,1.59424
dopt,0.1,3,4,14,25,105,3.536456,2.731049,10.1378,0.0051057,0.166355,8.1754e-05
qdeim,0.1,3,4,14,25,105,6.514883,3.925826,9.39437,1.31534e-05,0.00270976,0.000122729
gnat,0.1,3,4,14,25,105,3.789393,3.060143,7.61553,2.46238e-05,0.00933149,0.000546214
clsdopt,0.1,3,4,14,25,110,3.167230,2.442761,10.4334,0.00510601,0.166348,8.14667e-05
clsqdeim,0.1,3,4,14,25,110,14.874748,2.070942,10.4227,1.7458e-05,0.00985562,0.000409953
clsgnat,0.1,3,4,14,25,110,7.350641,4.154821,,0.0495516,59.8928,1.43563
dopt,0.1,3,4,14,25,110,3.615201,2.943945,10.4554,0.00510564,0.166355,8.17541e-05
qdeim,0.1,3,4,14,25,110,6.725526,2.337253,9.06923,8.53408e-06,0.00142477,6.68821e-05
gnat,0.1,3,4,14,25,110,3.995966,1.889575,7.20776,8.78518e-05,0.0265381,0.000742761
clsdopt,0.1,3,4,14,25,115,2.908662,2.135740,10.5339,0.00510593,0.166347,8.14565e-05
clsqdeim,0.1,3,4,14,25,115,10.809005,2.383374,10.8864,2.34168e-05,0.0129907,0.000531949
clsgnat,0.1,3,4,14,25,115,7.230831,3.232529,,0.0689005,26.0965,0.352779
dopt,0.1,3,4,14,25,115,2.996614,2.365013,10.752,0.00510554,0.166354,8.16681e-05
qdeim,0.1,3,4,14,25,115,6.071552,2.000324,9.32623,7.1871e-06,0.00174379,5.40979e-05
gnat,0.1,3,4,14,25,115,3.599649,2.220519,7.12275,1.52942e-05,0.0100499,0.000365034
clsdopt,0.1,3,4,14,25,120,2.823615,2.028322,10.7604,0.00510593,0.166348,8.14734e-05
clsqdeim,0.1,3,4,14,25,120,10.339407,2.177228,10.5206,1.78964e-05,0.0108462,0.000443603
clsgnat,0.1,3,4,14,25,120,7.266635,4.443274,,0.0601021,19.1053,0.496251
dopt,0.1,3,4,14,25,120,3.358629,2.474225,11.0702,0.00510557,0.166354,8.1713e-05
qdeim,0.1,3,4,14,25,120,5.634965,2.407278,9.58863,4.03642e-06,0.00101678,4.16561e-05
gnat,0.1,3,4,14,25,120,3.403875,2.039844,7.92763,6.15059e-05,0.01265,0.000834944
clsdopt,0.1,4,4,21,32,5,23.852036,10.716102,4.03895,0.00510533,0.166375,8.13468e-05
clsqdeim,0.1,4,4,21,32,5,43.455709,16.350848,4.13613,0.00169202,0.649001,0.0297378
clsgnat,0.1,4,4,21,32,5,57.653143,48.111984,,0.0813283,137.166,21.2459
dopt,0.1,4,4,21,32,5,18.743224,15.748296,3.54306,0.00510518,0.166385,8.13173e-05
qdeim,0.1,4,4,21,32,5,54.432158,11.536400,,0.0131916,15.7526,0.588823
gnat,0.1,4,4,21,32,5,25.606318,10.345315,,0.0517998,28.2056,1.63942
clsdopt,0.1,4,4,21,32,10,11.282287,10.981596,4.40038,0.00510572,0.166381,8.13356e-05
clsqdeim,0.1,4,4,21,32,10,21.042817,15.911512,4.65981,0.0016757,0.395234,0.0168604
clsgnat,0.1,4,4,21,32,10,29.650103,25.186344,,0.0813575,138.626,21.5448
dopt,0.1,4,4,21,32,10,14.694910,6.694281,3.97352,0.00510532,0.166385,8.13151e-05
qdeim,0.1,4,4,21,32,10,51.530814,7.555400,4.01366,0.000689439,0.178447,0.00531169
gnat,0.1,4,4,21,32,10,21.162640,6.456267,,0.0504068,28.2252,1.64595
clsdopt,0.1,4,4,21,32,15,10.891027,6.019524,4.79111,0.0051055,0.166381,8.13325e-05
clsqdeim,0.1,4,4,21,32,15,18.236148,14.159601,5.13106,0.000543709,0.105023,0.0044836
clsgnat,0.1,4,4,21,32,15,23.937344,21.238887,,0.0824665,154.95,24.6475
dopt,0.1,4,4,21,32,15,14.461942,6.236488,4.60921,0.00510549,0.166388,8.13141e-05
qdeim,0.1,4,4,21,32,15,35.604419,7.770261,4.47301,9.01795e-05,0.0230739,0.000701807
gnat,0.1,4,4,21,32,15,9.112116,6.936094,,0.0496247,28.7355,1.70413
clsdopt,0.1,4,4,21,32,20,7.825142,5.191124,5.14377,0.00510557,0.16638,8.1329e-05
clsqdeim,0.1,4,4,21,32,20,17.497736,7.202864,5.57318,0.000118818,0.0205267,0.000843144
clsgnat,0.1,4,4,21,32,20,20.818628,11.657225,,0.0802079,131.524,20.2699
dopt,0.1,4,4,21,32,20,11.343470,6.623532,4.80822,0.00510544,0.166386,8.12995e-05
qdeim,0.1,4,4,21,32,20,35.296779,4.683421,4.79069,0.000116304,0.0141664,0.000637655
gnat,0.1,4,4,21,32,20,12.442616,4.734514,,0.0484872,26.9782,1.49222
clsdopt,0.1,4,4,21,32,25,7.001268,3.693545,5.47456,0.00510565,0.166381,8.13237e-05
clsqdeim,0.1,4,4,21,32,25,15.011412,9.488143,5.79001,0.000350069,0.0680934,0.00317652
clsgnat,0.1,4,4,21,32,25,16.172764,10.129712,,0.0784723,119.211,17.7121
dopt,0.1,4,4,21,32,25,8.298656,4.248610,5.25719,0.00510576,0.166385,8.12975e-05
qdeim,0.1,4,4,21,32,25,26.292688,4.851185,5.212,0.000227906,0.0343765,0.00159185
gnat,0.1,4,4,21,32,25,8.488585,4.432229,,0.0478807,26.6748,1.44504
clsdopt,0.1,4,4,21,32,30,6.603416,4.886349,5.93601,0.00510567,0.166381,8.1325e-05
clsqdeim,0.1,4,4,21,32,30,13.294881,7.629012,6.02064,0.000411558,0.096796,0.00541352
clsgnat,0.1,4,4,21,32,30,15.738455,11.967493,,0.0788567,127.297,19.2749
dopt,0.1,4,4,21,32,30,8.416683,4.992433,5.62663,0.00510597,0.166385,8.13096e-05
qdeim,0.1,4,4,21,32,30,21.512914,5.218029,5.52611,0.000246628,0.0473199,0.00219364
gnat,0.1,4,4,21,32,30,8.988085,4.473849,,0.0484842,26.5991,1.44241
clsdopt,0.1,4,4,21,32,35,5.665982,3.495806,6.14116,0.00510553,0.166383,8.13232e-05
clsqdeim,0.1,4,4,21,32,35,14.012452,14.816622,6.35879,0.00119046,0.259604,0.0158662
clsgnat,0.1,4,4,21,32,35,15.957358,15.294151,,0.079128,129.991,19.7882
dopt,0.1,4,4,21,32,35,6.870067,3.892477,6.0138,0.00510601,0.166384,8.13113e-05
qdeim,0.1,4,4,21,32,35,21.844310,8.507385,5.8593,0.000165774,0.0354226,0.00155312
gnat,0.1,4,4,21,32,35,7.918070,5.353326,,0.0464832,25.4061,1.31609
clsdopt,0.1,4,4,21,32,40,5.313278,3.999883,6.58914,0.0051055,0.166382,8.1319e-05
clsqdeim,0.1,4,4,21,32,40,15.984563,7.757028,6.67489,0.000588198,0.141587,0.00804569
clsgnat,0.1,4,4,21,32,40,15.211037,7.996536,,0.0784054,124.201,18.5701
dopt,0.1,4,4,21,32,40,6.749155,3.937058,6.30285,0.00510573,0.166383,8.13074e-05
qdeim,0.1,4,4,21,32,40,20.845797,5.096215,6.25131,3.97381e-05,0.00815704,0.000380052
gnat,0.1,4,4,21,32,40,7.749919,3.536391,,0.0470445,25.4159,1.32857
clsdopt,0.1,4,4,21,32,45,5.127622,3.572392,6.97892,0.00510556,0.166381,8.13177e-05
clsqdeim,0.1,4,4,21,32,45,10.787476,6.204913,7.04525,0.000695102,0.158384,0.00901096
clsgnat,0.1,4,4,21,32,45,11.884724,6.361582,,0.0777259,120.398,17.7648
dopt,0.1,4,4,21,32,45,6.154085,4.004244,6.7875,0.00510572,0.166384,8.13147e-05
qdeim,0.1,4,4,21,32,45,19.316370,5.392102,6.55141,6.09858e-05,0.0120926,0.000508394
gnat,0.1,4,4,21,32,45,6.464105,3.428018,,0.0467889,25.5702,1.33861
clsdopt,0.1,4,4,21,32,50,5.631214,3.457326,7.27269,0.00510557,0.16638,8.13188e-05
clsqdeim,0.1,4,4,21,32,50,8.912743,4.032404,7.09218,0.00180226,0.455367,0.0234394
clsgnat,0.1,4,4,21,32,50,10.482008,7.127547,,0.0769987,118.234,17.2813
dopt,0.1,4,4,21,32,50,4.780277,3.385764,6.85084,0.00510565,0.166384,8.13126e-05
qdeim,0.1,4,4,21,32,50,17.942892,4.183996,6.77956,1.0124e-05,0.00345278,0.000177864
gnat,0.1,4,4,21,32,50,6.333832,3.052958,,0.0469866,24.9833,1.27177
clsdopt,0.1,4,4,21,32,55,4.159045,3.355120,7.98477,0.00510568,0.166382,8.13266e-05
clsqdeim,0.1,4,4,21,32,55,9.631288,4.226053,7.24113,0.00183692,0.486302,0.022311
clsgnat,0.1,4,4,21,32,55,12.132129,6.078205,,0.0767495,117.858,17.1522
dopt,0.1,4,4,21,32,55,5.051266,3.734542,7.29008,0.00510582,0.166385,8.13125e-05
qdeim,0.1,4,4,21,32,55,18.791247,3.262254,7.44027,0.000417162,0.12569,0.00561992
gnat,0.1,4,4,21,32,55,5.622596,2.961373,,0.0466027,24.8479,1.25889
clsdopt,0.1,4,4,21,32,60,4.043040,2.914704,8.14027,0.00510559,0.166382,8.13276e-05
clsqdeim,0.1,4,4,21,32,60,8.967095,4.903438,7.70197,0.00229003,0.640708,0.0252438
clsgnat,0.1,4,4,21,32,60,9.955081,6.366062,,0.0764421,115.534,16.6845
dopt,0.1,4,4,21,32,60,4.614285,3.327466,7.92603,0.00510596,0.166385,8.13123e-05
qdeim,0.1,4,4,21,32,60,19.267371,5.087001,7.91771,0.000286587,0.117177,0.004964
gnat,0.1,4,4,21,32,60,6.060208,3.223248,,0.0461048,24.6546,1.2395
clsdopt,0.1,4,4,21,32,65,3.958883,2.976651,8.30523,0.0051055,0.166381,8.13198e-05
clsqdeim,0.1,4,4,21,32,65,9.212772,4.374404,7.91575,0.00271958,0.773354,0.0304468
clsgnat,0.1,4,4,21,32,65,10.761529,4.833915,,0.0756494,112.076,15.9259
dopt,0.1,4,4,21,32,65,4.282042,3.024792,7.91097,0.00510598,0.166385,8.13126e-05
qdeim,0.1,4,4,21,32,65,16.767701,3.305202,8.23456,0.000129765,0.0683394,0.00298518
gnat,0.1,4,4,21,32,65,5.498778,2.293108,,0.0453176,23.3963,1.12375
clsdopt,0.1,4,4,21,32,70,3.594563,3.198011,8.60392,0.00510556,0.166382,8.13151e-05
clsqdeim,0.1,4,4,21,32,70,7.986965,5.438932,8.48457,0.00175842,0.446895,0.0175728
clsgnat,0.1,4,4,21,32,70,9.830780,6.080813,,0.0753944,111.815,15.847
dopt,0.1,4,4,21,32,70,4.141496,2.786348,8.36417,0.00510596,0.166385,8.13126e-05
qdeim,0.1,4,4,21,32,70,17.333096,5.672178,8.35188,0.00012406,0.0795731,0.00333773
gnat,0.1,4,4,21,32,70,5.185403,3.498438,,0.045681,23.2619,1.10892
clsdopt,0.1,4,4,21,32,75,3.517120,2.806320,8.87862,0.00510549,0.166383,8.13139e-05
clsqdeim,0.1,4,4,21,32,75,8.699833,4.301610,8.66745,0.000949368,0.237809,0.00904232
clsgnat,0.1,4,4,21,32,75,9.878571,5.193160,,0.0756428,114.812,16.3907
dopt,0.1,4,4,21,32,75,4.230082,2.764671,8.73074,0.00510587,0.166385,8.13145e-05
qdeim,0.1,4,4,21,32,75,16.112282,3.581305,8.70404,0.000116646,0.083881,0.00344998
gnat,0.1,4,4,21,32,75,4.653665,2.942013,,0.04539,23.2967,1.11178
clsdopt,0.1,4,4,21,32,80,3.437096,3.319921,9.1114,0.00510556,0.166382,8.13138e-05
clsqdeim,0.1,4,4,21,32,80,16.816746,4.358475,8.83422,0.000775908,0.207538,0.00756753
clsgnat,0.1,4,4,21,32,80,14.286072,4.581789,,0.0755721,114.793,16.3614
dopt,0.1,4,4,21,32,80,4.394650,2.780958,9.0429,0.00510583,0.166385,8.13163e-05
qdeim,0.1,4,4,21,32,80,17.798985,3.577625,8.77551,0.000128661,0.0894105,0.00388567
gnat,0.1,4,4,21,32,80,6.399926,2.553190,,0.045456,23.4471,1.12657
clsdopt,0.1,4,4,21,32,85,3.126954,3.120061,9.33047,0.00510551,0.166382,8.13131e-05
clsqdeim,0.1,4,4,21,32,85,7.740351,4.927343,8.90221,0.00071041,0.208718,0.00735753
clsgnat,0.1,4,4,21,32,85,8.667684,5.622545,,0.0749241,112.025,15.7721
dopt,0.1,4,4,21,32,85,4.022149,2.728643,9.32965,0.00510586,0.166385,8.13165e-05
qdeim,0.1,4,4,21,32,85,15.390099,3.493336,8.81811,8.74948e-05,0.0632037,0.00269775
gnat,0.1,4,4,21,32,85,4.969378,2.365930,,0.0445875,22.9393,1.07201
clsdopt,0.1,4,4,21,32,90,3.383066,2.898937,9.75686,0.00510549,0.166382,8.13132e-05
clsqdeim,0.1,4,4,21,32,90,7.633344,4.795381,9.03537,0.000609756,0.192394,0.00702262
clsgnat,0.1,4,4,21,32,90,10.337320,6.161170,,0.0745743,110.603,15.4559
dopt,0.1,4,4,21,32,90,4.082221,2.638820,9.76331,0.00510585,0.166384,8.13165e-05
qdeim,0.1,4,4,21,32,90,15.309333,3.396128,9.57324,9.52781e-05,0.0577325,0.00231491
gnat,0.1,4,4,21,32,90,4.623195,2.377711,,0.044431,22.8881,1.0671
clsdopt,0.1,4,4,21,32,95,2.986442,2.811892,9.89697,0.00510554,0.166381,8.13165e-05
clsqdeim,0.1,4,4,21,32,95,7.926964,4.124375,9.21411,0.000397857,0.136372,0.00537345
clsgnat,0.1,4,4,21,32,95,8.815910,5.349901,,0.0745516,110.578,15.4337
dopt,0.1,4,4,21,32,95,3.967046,2.762213,10.2934,0.00510576,0.166384,8.13133e-05
qdeim,0.1,4,4,21,32,95,14.332486,3.609492,9.7279,9.76836e-05,0.0619137,0.00250079
gnat,0.1,4,4,21,32,95,4.407880,2.322769,,0.0444599,22.7496,1.05654
clsdopt,0.1,4,4,21,32,100,3.265027,3.051880,10.1983,0.00510549,0.166382,8.13136e-05
clsqdeim,0.1,4,4,21,32,100,8.062886,3.878071,9.36302,0.000747988,0.256648,0.0110308
clsgnat,0.1,4,4,21,32,100,7.874671,4.993240,,0.074631,110.335,15.3374
dopt,0.1,4,4,21,32,100,4.068818,2.497196,10.6478,0.00510577,0.166384,8.13116e-05
qdeim,0.1,4,4,21,32,100,15.277844,3.795081,10.2547,0.000205262,0.109579,0.00482287
gnat,0.1,4,4,21,32,100,4.227286,2.191295,,0.0442924,22.6311,1.04851
clsdopt,0.1,4,4,21,32,105,3.494697,2.923137,10.4783,0.00510546,0.166382,8.13158e-05
clsqdeim,0.1,4,4,21,32,105,6.700317,9.672996,9.47544,0.000799729,0.278679,0.0114182
clsgnat,0.1,4,4,21,32,105,8.102402,16.043226,,0.0743509,110.036,15.2634
dopt,0.1,4,4,21,32,105,3.864845,2.789217,10.9179,0.00510578,0.166384,8.13121e-05
qdeim,0.1,4,4,21,32,105,12.498767,6.131660,10.2516,0.000260721,0.135813,0.00720264
gnat,0.1,4,4,21,32,105,4.509537,3.818491,,0.0441183,22.603,1.0446
clsdopt,0.1,4,4,21,32,110,2.927459,2.575810,10.7101,0.0051055,0.166383,8.1316e-05
clsqdeim,0.1,4,4,21,32,110,6.587056,3.866263,10.6976,0.000804444,0.286953,0.0116532
clsgnat,0.1,4,4,21,32,110,7.132892,4.732649,,0.0739899,110.916,15.3273
dopt,0.1,4,4,21,32,110,3.651908,2.746425,11.2104,0.00510577,0.166385,8.13112e-05
qdeim,0.1,4,4,21,32,110,14.574953,3.367191,11.0563,0.000184483,0.0994341,0.00455447
gnat,0.1,4,4,21,32,110,4.590555,1.997958,,0.0442099,22.5513,1.0412
clsdopt,0.1,4,4,21,32,115,3.039751,2.515100,11.0801,0.00510552,0.166382,8.13153e-05
clsqdeim,0.1,4,4,21,32,115,7.142961,3.661395,11.0592,0.000738803,0.263443,0.0102083
clsgnat,0.1,4,4,21,32,115,7.159106,4.483540,,0.0736587,110.112,15.1546
dopt,0.1,4,4,21,32,115,3.417886,2.615359,11.299,0.00510576,0.166385,8.13114e-05
qdeim,0.1,4,4,21,32,115,12.205470,3.544200,10.9053,0.000187965,0.100602,0.004213
gnat,0.1,4,4,21,32,115,4.596133,2.155303,,0.0442403,22.3022,1.01825
clsdopt,0.1,4,4,21,32,120,3.257390,2.623148,11.9338,0.00510553,0.166382,8.1315e-05
clsqdeim,0.1,4,4,21,32,120,9.424783,4.953355,10.5317,0.000349011,0.142123,0.00563428
clsgnat,0.1,4,4,21,32,120,7.838149,3.888752,,0.0733729,108.305,14.8029
dopt,0.1,4,4,21,32,120,3.604101,2.837595,11.3069,0.00510575,0.166384,8.1311e-05
qdeim,0.1,4,4,21,32,120,13.225476,3.877973,10.8755,5.21694e-05,0.0153525,0.000818399
gnat,0.1,4,4,21,32,120,5.034381,2.438298,,0.0440708,22.3567,1.022
clsdopt,0.1,5,4,27,39,5,23.576680,24.372929,4.39044,0.00510657,0.166383,8.13657e-05
clsqdeim,0.1,5,4,27,39,5,32.318593,13.892951,,0.023965,28.6771,8.88007
clsgnat,0.1,5,4,27,39,5,54.243430,72.257968,,0.0579427,2.55049e+06,3.0633e+09
dopt,0.1,5,4,27,39,5,36.197658,24.577445,4.27394,0.00510558,0.166385,8.13151e-05
qdeim,0.1,5,4,27,39,5,47.705006,18.864945,4.32305,0.000241644,0.128269,0.00327335
gnat,0.1,5,4,27,39,5,38.630792,15.610392,,0.0351145,44.2414,2.37991
clsdopt,0.1,5,4,27,39,10,18.393454,9.651548,4.99276,0.00510663,0.166383,8.13492e-05
clsqdeim,0.1,5,4,27,39,10,24.714303,11.496390,,0.0320688,24.595,1.44025
clsgnat,0.1,5,4,27,39,10,34.600392,27.917117,,0.0579485,2.22052e+06,2.19549e+09
dopt,0.1,5,4,27,39,10,17.450142,11.624282,4.4846,0.00510529,0.166386,8.13254e-05
qdeim,0.1,5,4,27,39,10,29.472044,10.161783,4.9583,0.000305461,0.0718935,0.00427506
gnat,0.1,5,4,27,39,10,17.480118,10.033903,,0.035345,44.9571,2.43237
clsdopt,0.1,5,4,27,39,15,11.426253,10.345326,6.17078,0.00510638,0.166382,8.13478e-05
clsqdeim,0.1,5,4,27,39,15,28.311938,11.116069,,0.0360901,49.9586,3.28559
clsgnat,0.1,5,4,27,39,15,42.854380,21.294972,,0.0573094,1.35219e+06,2.06803e+09
dopt,0.1,5,4,27,39,15,10.061834,8.320238,4.85349,0.00510536,0.166385,8.13228e-05
qdeim,0.1,5,4,27,39,15,25.648272,8.622705,5.90219,9.28363e-05,0.0347645,0.00163521
gnat,0.1,5,4,27,39,15,13.164949,7.246977,,0.0352417,45.3057,2.44921
clsdopt,0.1,5,4,27,39,20,9.650287,8.060554,5.76541,0.00510629,0.166383,8.13383e-05
clsqdeim,0.1,5,4,27,39,20,24.148268,9.791135,5.91234,0.015218,11.9803,0.563824
clsgnat,0.1,5,4,27,39,20,25.761270,19.190609,,0.0566106,1.75116e+06,3.45808e+09
dopt,0.1,5,4,27,39,20,12.140044,5.910749,5.37097,0.00510536,0.166385,8.13256e-05
qdeim,0.1,5,4,27,39,20,21.677184,6.356877,5.75416,3.11716e-05,0.0476287,0.00169623
gnat,0.1,5,4,27,39,20,9.921677,5.601838,,0.0343895,44.8603,2.40078
clsdopt,0.1,5,4,27,39,25,6.921037,6.894532,6.94802,0.0051061,0.166383,8.13192e-05
clsqdeim,0.1,5,4,27,39,25,13.431186,7.689089,5.57853,0.00158606,0.843081,0.0288581
clsgnat,0.1,5,4,27,39,25,20.657639,15.030750,,0.0582798,2.16646e+06,5.46868e+09
dopt,0.1,5,4,27,39,25,9.708101,5.648642,5.88476,0.00510552,0.166386,8.13278e-05
qdeim,0.1,5,4,27,39,25,18.308302,7.002910,6.1107,4.96978e-05,0.0190742,0.0010115
gnat,0.1,5,4,27,39,25,10.305575,5.866171,,0.0345279,45.5916,2.3962
clsdopt,0.1,5,4,27,39,30,8.322592,5.190734,6.13197,0.00510576,0.166383,8.13154e-05
clsqdeim,0.1,5,4,27,39,30,17.541169,6.289445,5.45763,0.000179303,0.0588856,0.00228502
clsgnat,0.1,5,4,27,39,30,22.713225,16.472577,,0.058459,2.26647e+06,6.03101e+09
dopt,0.1,5,4,27,39,30,6.820905,5.320002,5.91597,0.00510577,0.166386,8.13249e-05
qdeim,0.1,5,4,27,39,30,20.345089,6.655807,6.63355,1.95184e-05,0.00687038,0.000321823
gnat,0.1,5,4,27,39,30,9.360368,5.539382,,0.0342754,46.083,2.41391
clsdopt,0.1,5,4,27,39,35,6.399516,5.117732,6.58799,0.00510567,0.166383,8.13165e-05
clsqdeim,0.1,5,4,27,39,35,13.933444,7.025987,5.60137,4.92892e-05,0.0235591,0.000828797
clsgnat,0.1,5,4,27,39,35,16.932626,12.311367,,0.057599,1.42534e+06,2.40095e+09
dopt,0.1,5,4,27,39,35,6.447867,4.784052,6.49171,0.00510581,0.166386,8.13218e-05
qdeim,0.1,5,4,27,39,35,21.797680,5.694472,7.13799,1.25643e-05,0.00865834,0.00032906
gnat,0.1,5,4,27,39,35,7.913526,4.341507,,0.0334883,44.6254,2.36337
clsdopt,0.1,5,4,27,39,40,7.059466,4.311061,6.8188,0.0051058,0.166382,8.13232e-05
clsqdeim,0.1,5,4,27,39,40,20.973880,4.868273,5.89177,8.70878e-05,0.0360213,0.00101747
clsgnat,0.1,5,4,27,39,40,16.124576,10.107908,,0.058463,50421.5,3.42571e+06
dopt,0.1,5,4,27,39,40,6.965630,4.002423,7.16957,0.00510567,0.166386,8.13197e-05
qdeim,0.1,5,4,27,39,40,19.101790,5.087985,7.47531,4.78957e-06,0.00137561,4.18166e-05
gnat,0.1,5,4,27,39,40,6.885877,4.450355,,0.0337068,45.0787,2.39024
clsdopt,0.1,5,4,27,39,45,5.917037,4.728346,7.1519,0.00510593,0.166383,8.13175e-05
clsqdeim,0.1,5,4,27,39,45,24.630978,5.982755,6.19559,6.86431e-05,0.0244423,0.000682675
clsgnat,0.1,5,4,27,39,45,15.658337,16.202018,,0.0626801,9452.46,
dopt,0.1,5,4,27,39,45,6.205356,3.956044,7.28727,0.0051056,0.166386,8.13207e-05
qdeim,0.1,5,4,27,39,45,19.061427,6.589389,7.87501,9.52694e-06,0.003597,0.000184252
gnat,0.1,5,4,27,39,45,7.805874,5.345109,,0.034003,45.8371,2.43162
clsdopt,0.1,5,4,27,39,50,5.585708,3.930436,7.93486,0.00510574,0.166383,8.13216e-05
clsqdeim,0.1,5,4,27,39,50,17.716134,4.589644,6.49646,4.67748e-05,0.0150588,0.000497171
clsgnat,0.1,5,4,27,39,50,13.795816,8.807581,,0.062353,11843.4,
dopt,0.1,5,4,27,39,50,7.029422,4.524375,7.57758,0.00510571,0.166386,8.13235e-05
qdeim,0.1,5,4,27,39,50,16.830036,4.420537,8.18163,6.71712e-06,0.00213512,0.000120518
gnat,0.1,5,4,27,39,50,6.474626,3.904541,,0.0332966,45.4784,2.41363
clsdopt,0.1,5,4,27,39,55,4.462144,3.789506,7.82439,0.00510571,0.166383,8.1324e-05
clsqdeim,0.1,5,4,27,39,55,18.265946,4.695327,7.04071,5.91637e-05,0.0173426,0.000591874
clsgnat,0.1,5,4,27,39,55,13.182248,7.012926,,0.0567562,,9.22828e+08
dopt,0.1,5,4,27,39,55,6.037748,4.036247,7.94979,0.00510578,0.166386,8.13232e-05
qdeim,0.1,5,4,27,39,55,15.519006,4.252933,8.72571,3.74909e-05,0.00832849,0.000251156
gnat,0.1,5,4,27,39,55,5.815565,3.512958,,0.0332553,45.641,2.41963
clsdopt,0.1,5,4,27,39,60,4.490410,3.691296,8.15181,0.00510559,0.166383,8.13237e-05
clsqdeim,0.1,5,4,27,39,60,19.075363,4.621344,7.16565,3.2929e-05,0.00793373,0.000307819
clsgnat,0.1,5,4,27,39,60,11.433722,7.712550,,0.0577672,,1.63377e+07
dopt,0.1,5,4,27,39,60,6.035887,3.627580,8.30069,0.00510576,0.166386,8.13222e-05
qdeim,0.1,5,4,27,39,60,16.970736,4.744125,9.28281,5.747e-06,0.000748827,2.69593e-05
gnat,0.1,5,4,27,39,60,5.788719,4.125646,,0.0329872,46.3674,2.44662
clsdopt,0.1,5,4,27,39,65,4.469816,3.374175,8.81182,0.00510554,0.166383,8.1324e-05
clsqdeim,0.1,5,4,27,39,65,33.079855,4.155355,7.51612,2.68474e-05,0.00535442,0.000259068
clsgnat,0.1,5,4,27,39,65,11.915697,7.325650,,0.0586284,85285.3,8.24325e+06
dopt,0.1,5,4,27,39,65,5.456480,3.511895,8.47184,0.00510578,0.166385,8.13203e-05
qdeim,0.1,5,4,27,39,65,31.439407,4.861639,9.39718,1.08006e-05,0.00284301,0.000112464
gnat,0.1,5,4,27,39,65,6.395880,3.224246,,0.0329317,46.8287,2.47021
clsdopt,0.1,5,4,27,39,70,3.984202,3.416196,16.4028,0.00510553,0.166383,8.13212e-05
clsqdeim,0.1,5,4,27,39,70,14.705099,4.296727,7.7314,3.86499e-06,0.00212518,8.98859e-05
clsgnat,0.1,5,4,27,39,70,12.595553,6.895790,,0.0580645,75530.6,6.62794e+06
dopt,0.1,5,4,27,39,70,5.354855,3.680744,8.87418,0.00510586,0.166385,8.13208e-05
qdeim,0.1,5,4,27,39,70,12.485967,3.803386,9.86935,2.03366e-05,0.00123355,4.21858e-05
gnat,0.1,5,4,27,39,70,5.738115,2.982620,,0.0321415,46.3427,2.44884
clsdopt,0.1,5,4,27,39,75,3.813667,3.334199,9.12691,0.00510554,0.166383,8.13227e-05
clsqdeim,0.1,5,4,27,39,75,16.020739,4.321614,8.31445,7.87349e-06,0.00483721,0.000207752
clsgnat,0.1,5,4,27,39,75,12.323196,7.052434,,0.0594373,,2.40253e+06
dopt,0.1,5,4,27,39,75,4.994457,3.328510,10.1455,0.00510575,0.166385,8.13216e-05
qdeim,0.1,5,4,27,39,75,14.323680,4.217039,10.0682,4.60801e-06,0.000695087,2.29303e-05
gnat,0.1,5,4,27,39,75,5.144346,3.730216,,0.0318227,46.1285,2.44249
clsdopt,0.1,5,4,27,39,80,4.086499,3.033590,9.30721,0.00510556,0.166383,8.13247e-05
clsqdeim,0.1,5,4,27,39,80,13.957119,3.862789,7.99911,1.40262e-05,0.00744762,0.000298819
clsgnat,0.1,5,4,27,39,80,11.451746,5.671802,,0.0605933,28567.3,
dopt,0.1,5,4,27,39,80,5.116648,3.170835,9.51645,0.00510581,0.166385,8.1321e-05
qdeim,0.1,5,4,27,39,80,13.857338,3.443659,10.2831,1.20176e-05,0.000849813,2.71755e-05
gnat,0.1,5,4,27,39,80,4.952268,2.973450,,0.0319272,46.0631,2.42125
clsdopt,0.1,5,4,27,39,85,4.166256,2.793602,9.82241,0.00510554,0.166383,8.13203e-05
clsqdeim,0.1,5,4,27,39,85,11.861740,3.678022,8.73956,1.16511e-05,0.00731038,0.000330201
clsgnat,0.1,5,4,27,39,85,10.437586,6.228102,,0.0604255,23092.8,
dopt,0.1,5,4,27,39,85,4.612543,3.032584,9.84835,0.0051057,0.166385,8.13215e-05
qdeim,0.1,5,4,27,39,85,13.011944,4.250372,10.5817,3.32554e-06,0.00109221,5.14658e-05
gnat,0.1,5,4,27,39,85,4.949382,2.999643,,0.0316835,46.3985,2.43805
clsdopt,0.1,5,4,27,39,90,4.077161,2.893720,10.4726,0.00510547,0.166383,8.13259e-05
clsqdeim,0.1,5,4,27,39,90,14.859672,4.872611,8.49399,9.86043e-06,0.00527739,0.000257069
clsgnat,0.1,5,4,27,39,90,9.395114,8.667627,,0.0604255,12027.7,
dopt,0.1,5,4,27,39,90,4.461762,3.139695,10.6527,0.00510566,0.166385,8.13199e-05
qdeim,0.1,5,4,27,39,90,12.562240,4.819839,10.9324,5.13976e-06,0.000642002,2.67305e-05
gnat,0.1,5,4,27,39,90,5.085928,3.599535,,0.0315402,46.4188,2.44282
clsdopt,0.1,5,4,27,39,95,3.733488,2.662184,10.423,0.0051055,0.166383,8.13259e-05
clsqdeim,0.1,5,4,27,39,95,12.153737,3.363961,8.62292,8.4916e-06,0.0054497,0.000254951
clsgnat,0.1,5,4,27,39,95,10.987503,5.171472,,0.0607016,,
dopt,0.1,5,4,27,39,95,4.276896,2.942711,10.1955,0.00510567,0.166385,8.13165e-05
qdeim,0.1,5,4,27,39,95,12.840276,3.970263,11.1789,9.11449e-06,0.00052029,2.46117e-05
gnat,0.1,5,4,27,39,95,4.872895,2.923559,,0.0314607,46.3312,2.43256
clsdopt,0.1,5,4,27,39,100,3.723637,2.822638,10.7717,0.00510543,0.166383,8.1327e-05
clsqdeim,0.1,5,4,27,39,100,12.955691,3.666010,8.69495,9.4822e-06,0.00484072,0.00020539
clsgnat,0.1,5,4,27,39,100,9.075931,5.093271,,0.0588322,10892.6,
dopt,0.1,5,4,27,39,100,4.571089,2.938604,10.2424,0.00510568,0.166385,8.13165e-05
qdeim,0.1,5,4,27,39,100,11.527697,3.702269,11.64,7.97749e-06,0.000570328,2.90134e-05
gnat,0.1,5,4,27,39,100,4.652743,2.847352,,0.0312745,46.3575,2.43767
clsdopt,0.1,5,4,27,39,105,3.924925,2.704266,11.2275,0.00510546,0.166383,8.13266e-05
clsqdeim,0.1,5,4,27,39,105,11.857555,3.610907,9.08498,8.85691e-06,0.00294441,8.51008e-05
clsgnat,0.1,5,4,27,39,105,9.055018,5.835769,,0.0590311,10091.9,
dopt,0.1,5,4,27,39,105,4.628482,2.736263,10.701,0.00510582,0.166385,8.13213e-05
qdeim,0.1,5,4,27,39,105,11.436245,3.554527,11.8899,9.51262e-06,0.000536761,2.55493e-05
gnat,0.1,5,4,27,39,105,4.538490,2.673969,,0.0313087,46.4731,2.43764
clsdopt,0.1,5,4,27,39,110,3.764275,2.517761,11.5531,0.00510548,0.166383,8.13238e-05
clsqdeim,0.1,5,4,27,39,110,12.063298,3.507003,9.41931,3.19748e-05,0.0088866,0.000380927
clsgnat,0.1,5,4,27,39,110,7.244101,5.171768,,0.0589454,10066.2,
dopt,0.1,5,4,27,39,110,4.821171,2.994906,10.8436,0.00510582,0.166385,8.13207e-05
qdeim,0.1,5,4,27,39,110,11.569581,3.342732,11.9863,8.5319e-06,0.0005571,1.61304e-05
gnat,0.1,5,4,27,39,110,4.027686,2.871425,,0.0312551,46.4702,2.43858
clsdopt,0.1,5,4,27,39,115,3.728475,2.562598,11.7396,0.00510546,0.166383,8.13218e-05
clsqdeim,0.1,5,4,27,39,115,11.787505,3.603145,9.78565,3.31358e-05,0.0100585,0.000428782
clsgnat,0.1,5,4,27,39,115,7.287277,4.941106,,0.0594384,10272.8,
dopt,0.1,5,4,27,39,115,4.532007,2.671862,11.0359,0.00510582,0.166385,8.13191e-05
qdeim,0.1,5,4,27,39,115,10.866285,3.254236,12.4282,8.41777e-06,0.000538087,1.67087e-05
gnat,0.1,5,4,27,39,115,4.668994,2.403808,,0.0312428,46.732,2.45037
clsdopt,0.1,5,4,27,39,120,3.436211,2.432514,12.1829,0.00510535,0.166383,8.13216e-05
clsqdeim,0.1,5,4,27,39,120,10.729444,3.646734,10.1141,2.71411e-05,0.00761391,0.000319047
clsgnat,0.1,5,4,27,39,120,7.472809,4.923285,,0.0589959,9807.44,
dopt,0.1,5,4,27,39,120,4.272619,2.747607,11.2324,0.0051058,0.166385,8.13201e-05
qdeim,0.1,5,4,27,39,120,11.030550,4.128258,12.2814,9.24529e-06,0.00078198,2.94954e-05
gnat,0.1,5,4,27,39,120,4.939127,2.649431,,0.0311781,46.6268,2.44622
clsdopt,0.1,6,4,34,48,5,32.312238,20.217192,5.04107,0.0051059,0.166384,8.13062e-05
clsqdeim,0.1,6,4,34,48,5,43.438482,25.102773,,0.024072,9.42443,0.356387
clsgnat,0.1,6,4,34,48,5,65.797019,54.526671,,0.048792,584.115,173.32
dopt,0.1,6,4,34,48,5,31.523344,20.278462,4.76347,0.00510551,0.166385,8.13103e-05
qdeim,0.1,6,4,34,48,5,129.184234,21.295073,4.71487,0.0035321,0.721262,0.0206113
gnat,0.1,6,4,34,48,5,37.025949,17.786694,,0.0517656,26.252,1.30893
clsdopt,0.1,6,4,34,48,10,21.226150,20.410478,5.37681,0.00510558,0.166384,8.13074e-05
clsqdeim,0.1,6,4,34,48,10,31.141930,13.558077,6.48213,0.0166185,8.2653,0.308603
clsgnat,0.1,6,4,34,48,10,40.226966,30.033860,,0.0489667,569.464,160.474
dopt,0.1,6,4,34,48,10,21.912432,11.115647,5.07241,0.00510552,0.166385,8.13083e-05
qdeim,0.1,6,4,34,48,10,60.412259,14.404404,5.14514,0.00183591,0.360615,0.00937761
gnat,0.1,6,4,34,48,10,23.728465,19.077068,,0.0496588,25.3116,1.24196
clsdopt,0.1,6,4,34,48,15,19.382622,9.402917,5.78572,0.00510546,0.166383,8.13134e-05
clsqdeim,0.1,6,4,34,48,15,57.095387,12.154381,7.00321,0.0151924,6.14569,0.242306
clsgnat,0.1,6,4,34,48,15,58.379332,17.934498,,0.0498838,593.415,174.066
dopt,0.1,6,4,34,48,15,14.455543,11.039764,5.2836,0.00510581,0.166385,8.1308e-05
qdeim,0.1,6,4,34,48,15,70.774446,9.466000,5.75586,6.42412e-05,0.0117787,0.000374012
gnat,0.1,6,4,34,48,15,16.474116,9.577964,,0.0479091,25.2803,1.23908
clsdopt,0.1,6,4,34,48,20,13.214647,8.088093,6.18888,0.00510552,0.166384,8.13144e-05
clsqdeim,0.1,6,4,34,48,20,42.829885,11.316276,7.23294,0.0110776,4.19287,0.148603
clsgnat,0.1,6,4,34,48,20,27.711296,22.669976,,0.0498938,577.827,163.97
dopt,0.1,6,4,34,48,20,13.035394,8.102139,5.97452,0.00510566,0.166384,8.13062e-05
qdeim,0.1,6,4,34,48,20,41.450086,7.887796,6.26753,3.27181e-05,0.00533099,0.000144367
gnat,0.1,6,4,34,48,20,14.058303,7.355530,,0.0469485,24.0497,1.1603
clsdopt,0.1,6,4,34,48,25,10.394638,7.029264,6.31124,0.00510542,0.166383,8.13148e-05
clsqdeim,0.1,6,4,34,48,25,30.719541,8.768224,,0.0293066,13.0501,0.441897
clsgnat,0.1,6,4,34,48,25,26.205377,17.269599,,0.0503714,557.92,150.439
dopt,0.1,6,4,34,48,25,10.827096,5.972961,6.17986,0.00510584,0.166384,8.13097e-05
qdeim,0.1,6,4,34,48,25,36.823707,6.842711,6.74514,5.68596e-05,0.012095,0.000364239
gnat,0.1,6,4,34,48,25,12.433857,6.371380,,0.0459768,23.2811,1.11059
clsdopt,0.1,6,4,34,48,30,9.540936,5.869566,6.74739,0.00510556,0.166384,8.13119e-05
clsqdeim,0.1,6,4,34,48,30,71.141656,8.514866,,0.0390637,18.5262,0.642364
clsgnat,0.1,6,4,34,48,30,27.086144,14.472718,,0.0503143,551.501,146.441
dopt,0.1,6,4,34,48,30,10.510141,6.287843,6.60873,0.00510574,0.166385,8.13132e-05
qdeim,0.1,6,4,34,48,30,40.008469,7.262272,7.15603,1.77231e-05,0.00451734,0.000105038
gnat,0.1,6,4,34,48,30,11.931947,6.025206,,0.0455243,23.3282,1.11629
clsdopt,0.1,6,4,34,48,35,9.339274,5.839447,6.98454,0.00510547,0.166384,8.13129e-05
clsqdeim,0.1,6,4,34,48,35,54.262999,5.730248,,0.0435041,20.5302,0.747858
clsgnat,0.1,6,4,34,48,35,21.547412,14.695312,,0.0500576,543.265,142.185
dopt,0.1,6,4,34,48,35,9.644595,7.443101,7.08233,0.00510564,0.166385,8.1311e-05
qdeim,0.1,6,4,34,48,35,40.535967,6.241197,7.91571,3.35484e-05,0.0061054,0.000152589
gnat,0.1,6,4,34,48,35,11.317964,5.587019,,0.0448391,22.828,1.0844
clsdopt,0.1,6,4,34,48,40,6.968923,5.033747,7.53113,0.00510558,0.166384,8.13134e-05
clsqdeim,0.1,6,4,34,48,40,62.586402,6.344119,,0.0389235,19.7507,0.74474
clsgnat,0.1,6,4,34,48,40,23.336576,13.383874,,0.0498701,506.772,121.409
dopt,0.1,6,4,34,48,40,7.522406,5.054454,7.43616,0.00510583,0.166385,8.13103e-05
qdeim,0.1,6,4,34,48,40,33.557253,6.404604,8.37293,4.44885e-05,0.00841498,0.000215356
gnat,0.1,6,4,34,48,40,11.165723,5.332123,,0.0441143,23.0393,1.10021
clsdopt,0.1,6,4,34,48,45,6.949165,5.342627,7.88128,0.00510551,0.166384,8.13147e-05
clsqdeim,0.1,6,4,34,48,45,51.744904,6.278471,,0.0388173,19.9452,0.729134
clsgnat,0.1,6,4,34,48,45,16.541689,11.302284,,0.050085,512.184,124.992
dopt,0.1,6,4,34,48,45,8.013966,5.151789,7.6256,0.0051059,0.166385,8.1312e-05
qdeim,0.1,6,4,34,48,45,28.285158,5.184912,8.47286,4.12743e-05,0.00892796,0.00023387
gnat,0.1,6,4,34,48,45,8.862323,4.406836,,0.044248,23.623,1.13557
clsdopt,0.1,6,4,34,48,50,6.693121,4.409058,8.00167,0.00510543,0.166384,8.13143e-05
clsqdeim,0.1,6,4,34,48,50,53.291105,4.766094,,0.0415167,22.4622,0.864866
clsgnat,0.1,6,4,34,48,50,17.834225,11.332440,,0.0500097,527.428,132.982
dopt,0.1,6,4,34,48,50,6.553710,5.614253,7.95413,0.00510584,0.166385,8.13125e-05
qdeim,0.1,6,4,34,48,50,26.864432,4.957194,8.97742,3.30607e-05,0.00775532,0.000199959
gnat,0.1,6,4,34,48,50,9.791635,4.317381,,0.0436171,23.6054,1.13504
clsdopt,0.1,6,4,34,48,55,5.618021,5.157840,8.36585,0.00510546,0.166384,8.13137e-05
clsqdeim,0.1,6,4,34,48,55,43.838309,5.567072,10.8647,0.0216806,9.34848,0.317551
clsgnat,0.1,6,4,34,48,55,16.815824,10.262840,,0.0498492,530.534,134.712
dopt,0.1,6,4,34,48,55,6.702146,4.416810,8.28857,0.00510572,0.166385,8.13094e-05
qdeim,0.1,6,4,34,48,55,26.735604,4.258356,9.71653,3.4675e-05,0.00902444,0.000230018
gnat,0.1,6,4,34,48,55,8.081134,4.574166,,0.0435009,23.9587,1.15733
clsdopt,0.1,6,4,34,48,60,5.813090,4.578987,8.62187,0.00510561,0.166384,8.1314e-05
clsqdeim,0.1,6,4,34,48,60,48.584748,4.814393,10.2637,0.00940573,2.94688,0.0879502
clsgnat,0.1,6,4,34,48,60,29.528662,10.525536,,0.0499447,537.309,139.96
dopt,0.1,6,4,34,48,60,5.934968,4.678597,8.71036,0.0051058,0.166385,8.13092e-05
qdeim,0.1,6,4,34,48,60,28.480644,4.217042,9.42315,1.49189e-05,0.00472946,0.000149647
gnat,0.1,6,4,34,48,60,13.784824,4.194012,,0.0434097,23.9636,1.1579
clsdopt,0.1,6,4,34,48,65,4.836378,4.227746,9.05477,0.00510552,0.166384,8.13139e-05
clsqdeim,0.1,6,4,34,48,65,47.190008,5.547010,10.5544,0.0044861,1.28467,0.0381738
clsgnat,0.1,6,4,34,48,65,14.834244,8.211282,,0.0503163,549.004,148.679
dopt,0.1,6,4,34,48,65,5.481363,3.997619,9.00764,0.00510572,0.166385,8.1308e-05
qdeim,0.1,6,4,34,48,65,22.222010,4.207704,9.66777,1.52499e-05,0.00426766,0.000144651
gnat,0.1,6,4,34,48,65,6.670536,4.262508,,0.0431682,23.4846,1.12846
clsdopt,0.1,6,4,34,48,70,5.292670,3.914733,9.24384,0.00510547,0.166384,8.13145e-05
clsqdeim,0.1,6,4,34,48,70,32.768918,4.740377,10.858,0.00187796,0.495371,0.0140188
clsgnat,0.1,6,4,34,48,70,14.298297,8.147493,,0.0505756,554.109,151.888
dopt,0.1,6,4,34,48,70,5.461556,4.561900,9.6549,0.00510555,0.166385,8.13089e-05
qdeim,0.1,6,4,34,48,70,22.553700,4.237250,9.83302,1.49146e-05,0.00393017,0.000135582
gnat,0.1,6,4,34,48,70,7.394532,3.926655,,0.0427255,23.5341,1.13271
clsdopt,0.1,6,4,34,48,75,4.825900,4.024023,9.42438,0.00510542,0.166384,8.13128e-05
clsqdeim,0.1,6,4,34,48,75,34.754599,4.210736,11.1559,0.000313405,0.0663392,0.00194778
clsgnat,0.1,6,4,34,48,75,13.065893,7.376572,,0.0507104,548.022,147.547
dopt,0.1,6,4,34,48,75,5.865968,4.040996,9.99246,0.00510554,0.166385,8.13096e-05
qdeim,0.1,6,4,34,48,75,24.404375,3.957743,9.84617,2.06026e-05,0.00562324,0.000215361
gnat,0.1,6,4,34,48,75,6.041042,3.781696,,0.0419288,23.7595,1.15092
clsdopt,0.1,6,4,34,48,80,5.397460,3.780349,9.7618,0.00510539,0.166384,8.13108e-05
clsqdeim,0.1,6,4,34,48,80,45.019138,4.641404,11.4365,9.00773e-05,0.0179733,0.000545332
clsgnat,0.1,6,4,34,48,80,12.653856,8.675053,,0.0508936,538.381,142.249
dopt,0.1,6,4,34,48,80,5.168208,4.005392,10.2554,0.00510556,0.166385,8.13095e-05
qdeim,0.1,6,4,34,48,80,24.521825,4.303309,10.1625,2.27704e-05,0.00579887,0.000253582
gnat,0.1,6,4,34,48,80,7.655849,4.205984,,0.0416493,23.6133,1.14094
clsdopt,0.1,6,4,34,48,85,5.111191,3.246784,9.96968,0.00510527,0.166384,8.13112e-05
clsqdeim,0.1,6,4,34,48,85,36.229566,6.454924,11.5124,8.21526e-05,0.0176763,0.000537989
clsgnat,0.1,6,4,34,48,85,12.454207,12.281688,,0.0510066,531.383,137.575
dopt,0.1,6,4,34,48,85,5.594252,3.550969,10.1408,0.00510559,0.166385,8.13055e-05
qdeim,0.1,6,4,34,48,85,15.164982,5.973223,10.9358,1.4162e-05,0.00255426,0.000132636
gnat,0.1,6,4,34,48,85,6.503198,4.731969,,0.0415144,24.0351,1.16857
clsdopt,0.1,6,4,34,48,90,4.666869,3.637735,10.3562,0.00510542,0.166384,8.13104e-05
clsqdeim,0.1,6,4,34,48,90,34.383535,4.314577,12.0059,2.21595e-06,0.000562853,2.54284e-05
clsgnat,0.1,6,4,34,48,90,12.411131,6.956582,,0.0514394,522.305,131.448
dopt,0.1,6,4,34,48,90,4.842211,3.416601,10.4465,0.00510549,0.166385,8.13081e-05
qdeim,0.1,6,4,34,48,90,21.141821,3.765459,10.6179,9.53481e-06,0.0015491,7.65292e-05
gnat,0.1,6,4,34,48,90,6.134654,3.262881,,0.0414166,23.8246,1.15586
clsdopt,0.1,6,4,34,48,95,4.459347,3.063839,10.8406,0.00510545,0.166384,8.13088e-05
clsqdeim,0.1,6,4,34,48,95,30.160034,3.884194,12.1797,2.21564e-06,0.000598974,2.21952e-05
clsgnat,0.1,6,4,34,48,95,10.602060,7.242405,,0.0515956,535.567,140.161
dopt,0.1,6,4,34,48,95,4.980747,4.189572,10.7821,0.00510541,0.166385,8.13097e-05
qdeim,0.1,6,4,34,48,95,14.771984,3.549617,10.5797,6.57845e-06,0.000993813,4.83356e-05
gnat,0.1,6,4,34,48,95,5.488669,3.051923,,0.0412053,23.3755,1.1277
clsdopt,0.1,6,4,34,48,100,4.070041,3.306669,11.2337,0.00510545,0.166384,8.13111e-05
clsqdeim,0.1,6,4,34,48,100,29.168949,3.825850,12.3488,6.66799e-06,0.00130899,4.41206e-05
clsgnat,0.1,6,4,34,48,100,10.914766,6.901273,,0.0517982,541.018,142.359
dopt,0.1,6,4,34,48,100,4.309156,3.428699,11.204,0.0051054,0.166385,8.13119e-05
qdeim,0.1,6,4,34,48,100,16.350394,3.633718,10.6682,5.03351e-06,0.000768952,3.49854e-05
gnat,0.1,6,4,34,48,100,5.569104,3.152863,,0.0406823,23.6417,1.14323
clsdopt,0.1,6,4,34,48,105,4.140653,3.221351,11.0785,0.00510547,0.166384,8.13115e-05
clsqdeim,0.1,6,4,34,48,105,35.428377,4.253919,12.6869,1.887e-05,0.00375424,0.0001206
clsgnat,0.1,6,4,34,48,105,11.853010,6.297803,,0.051817,551.873,147.696
dopt,0.1,6,4,34,48,105,4.935724,3.206942,11.9789,0.0051054,0.166385,8.13121e-05
qdeim,0.1,6,4,34,48,105,19.707854,3.545028,10.9272,4.35883e-06,0.000697715,3.02811e-05
gnat,0.1,6,4,34,48,105,5.432830,2.903019,,0.0403671,23.5132,1.1342
clsdopt,0.1,6,4,34,48,110,4.027991,3.012689,11.2142,0.00510546,0.166384,8.13103e-05
clsqdeim,0.1,6,4,34,48,110,29.681798,3.717299,12.9104,8.65235e-06,0.00188816,5.78866e-05
clsgnat,0.1,6,4,34,48,110,10.359811,6.326494,,0.051874,543.677,143.373
dopt,0.1,6,4,34,48,110,4.665975,3.382645,11.5357,0.00510539,0.166385,8.13107e-05
qdeim,0.1,6,4,34,48,110,12.656480,3.610599,11.3749,6.41373e-06,0.000883165,4.00959e-05
gnat,0.1,6,4,34,48,110,5.572469,2.908162,,0.0401414,23.6396,1.14269
clsdopt,0.1,6,4,34,48,115,3.954983,2.985341,11.5653,0.00510545,0.166384,8.13093e-05
clsqdeim,0.1,6,4,34,48,115,30.994696,3.705606,13.064,5.00901e-06,0.00086748,3.3055e-05
clsgnat,0.1,6,4,34,48,115,9.745440,6.195125,,0.0519344,544.179,144.45
dopt,0.1,6,4,34,48,115,4.420111,3.070756,11.5158,0.00510541,0.166385,8.13109e-05
qdeim,0.1,6,4,34,48,115,13.121119,3.500101,11.409,2.36305e-06,0.000610835,1.83129e-05
gnat,0.1,6,4,34,48,115,5.024242,3.067382,,0.0398935,23.5316,1.13615
clsdopt,0.1,6,4,34,48,120,3.760510,2.655113,11.8878,0.00510544,0.166384,8.13098e-05
clsqdeim,0.1,6,4,34,48,120,33.057621,4.088282,13.193,9.15267e-06,0.00163436,6.20804e-05
clsgnat,0.1,6,4,34,48,120,11.825087,6.118573,,0.0520833,553.352,149.046
dopt,0.1,6,4,34,48,120,4.503554,2.864362,11.8361,0.0051054,0.166385,8.13113e-05
qdeim,0.1,6,4,34,48,120,19.686693,3.795977,11.6781,2.37997e-06,0.000656041,1.75417e-05
gnat,0.1,6,4,34,48,120,8.105057,3.202709,,0.0397414,23.5038,1.13448
