method,t,dt,ef,rxdim,rvdim,nsr,time,errx,errv
SOPT,0.01,0,0.9,2,4,5,10,6.192503,0.033357,0.00151577,0.241848
gappy-POD,0.01,0,0.9,2,4,5,10,1.264874,0.0216954,0.00168853,0.266292
QDEIM,0.01,0,0.9,2,4,5,10,4.482987,0.0239944,0.00170951,0.269064
clsSOPT,0.01,0,0.9,2,4,5,10,6.192503,0.0504535,0.00141567,0.256639
clsgappy-POD,0.01,0,0.9,2,4,5,10,84.176362,0.0420537,0.00151382,0.395297
clsQDEIM,0.01,0,0.9,2,4,5,10,1.665944,0.0457951,0.00141466,0.225264
SOPT,0.01,0,0.9,2,4,5,20,9.219907,0.0826456,0.0011699,0.193741
gappy-POD,0.01,0,0.9,2,4,5,20,16.885869,0.0386317,0.0016303,0.258217
QDEIM,0.01,0,0.9,2,4,5,20,1.909135,0.0468532,0.00156775,0.249884
clsSOPT,0.01,0,0.9,2,4,5,20,9.219907,0.0896393,0.00117415,0.267072
clsgappy-POD,0.01,0,0.9,2,4,5,20,62.998323,0.0679371,0.00122398,0.125345
clsQDEIM,0.01,0,0.9,2,4,5,20,1.739082,0.0879013,0.00111913,0.174085
SOPT,0.01,0,0.9,2,4,5,30,7.323832,0.107362,0.00104582,0.176951
gappy-POD,0.01,0,0.9,2,4,5,30,1.550194,0.0543059,0.00153466,0.245896
QDEIM,0.01,0,0.9,2,4,5,30,2.095228,0.0661967,0.00138518,0.224917
clsSOPT,0.01,0,0.9,2,4,5,30,7.323832,0.119776,0.000972638,0.252615
clsgappy-POD,0.01,0,0.9,2,4,5,30,38.769869,0.0847396,0.00109941,0.271026
clsQDEIM,0.01,0,0.9,2,4,5,30,1.716582,0.121761,0.000840112,0.145923
SOPT,0.01,0,0.9,2,4,5,40,9.882639,0.130134,0.000897936,0.155973
gappy-POD,0.01,0,0.9,2,4,5,40,1.351914,0.0709825,0.00146512,0.235835
QDEIM,0.01,0,0.9,2,4,5,40,1.913491,0.0803126,0.00130672,0.21398
clsSOPT,0.01,0,0.9,2,4,5,40,9.882639,0.121225,0.000972638,0.252615
clsgappy-POD,0.01,0,0.9,2,4,5,40,30.899788,0.100196,0.00105328,0.493996
clsQDEIM,0.01,0,0.9,2,4,5,40,1.554256,0.149504,0.000732787,0.127803
SOPT,0.01,0,0.9,2,4,5,50,7.722936,0.144311,0.0008645,0.151689
gappy-POD,0.01,0,0.9,2,4,5,50,1.579353,0.0807901,0.00141287,0.227996
QDEIM,0.01,0,0.9,2,4,5,50,1.555936,0.103743,0.00123457,0.205228
clsSOPT,0.01,0,0.9,2,4,5,50,7.722936,0.139591,0.000931149,0.247762
clsgappy-POD,0.01,0,0.9,2,4,5,50,25.845921,0.11616,0.000995143,0.612795
clsQDEIM,0.01,0,0.9,2,4,5,50,1.770632,0.171656,0.000600882,0.109246
SOPT,0.01,0,0.9,2,4,5,60,5.669752,0.171333,0.00068723,0.126452
gappy-POD,0.01,0,0.9,2,4,5,60,1.277776,0.100918,0.00137642,0.22362
QDEIM,0.01,0,0.9,2,4,5,60,1.691402,0.120112,0.00117727,0.196773
clsSOPT,0.01,0,0.9,2,4,5,60,5.669752,0.16748,0.0007965,0.222748
clsgappy-POD,0.01,0,0.9,2,4,5,60,25.352470,0.126336,0.000980471,0.496606
clsQDEIM,0.01,0,0.9,2,4,5,60,1.350349,0.186776,0.000527078,0.0994133
SOPT,0.01,0,0.9,2,4,5,70,5.165909,0.180992,0.000640143,0.118663
gappy-POD,0.01,0,0.9,2,4,5,70,1.488001,0.116896,0.00117494,0.19512
QDEIM,0.01,0,0.9,2,4,5,70,1.594028,0.132563,0.00114019,0.192468
clsSOPT,0.01,0,0.9,2,4,5,70,5.165909,0.202191,0.000609851,0.186962
clsgappy-POD,0.01,0,0.9,2,4,5,70,24.290625,0.14357,0.000915301,0.605647
clsQDEIM,0.01,0,0.9,2,4,5,70,1.539007,0.206462,0.00043481,0.0877105
SOPT,0.01,0,0.9,2,4,5,80,118.180481,0.190612,0.000609052,0.114579
gappy-POD,0.01,0,0.9,2,4,5,80,1.783332,0.138896,0.000997159,0.170221
QDEIM,0.01,0,0.9,2,4,5,80,1.436053,0.148586,0.0010921,0.185586
clsSOPT,0.01,0,0.9,2,4,5,80,118.180481,0.224136,0.000579917,0.182428
clsgappy-POD,0.01,0,0.9,2,4,5,80,26.385230,0.155958,0.000878562,0.578163
clsQDEIM,0.01,0,0.9,2,4,5,80,1.536956,0.230187,0.000315179,0.0732641
SOPT,0.01,0,0.9,2,4,5,90,129.436483,0.197451,0.000582585,0.110301
gappy-POD,0.01,0,0.9,2,4,5,90,1.681399,0.159625,0.000880758,0.155154
QDEIM,0.01,0,0.9,2,4,5,90,1.804302,0.164432,0.00102197,0.176906
clsSOPT,0.01,0,0.9,2,4,5,90,129.436483,0.230612,0.000579392,0.182174
clsgappy-POD,0.01,0,0.9,2,4,5,90,26.139375,0.172699,0.000868903,0.596909
clsQDEIM,0.01,0,0.9,2,4,5,90,1.810173,0.247499,0.000310696,0.0733001
SOPT,0.01,0,0.9,2,4,5,100,138.189563,0.194007,0.000582585,0.110301
gappy-POD,0.01,0,0.9,2,4,5,100,1.370527,0.175536,0.000775044,0.139064
QDEIM,0.01,0,0.9,2,4,5,100,1.584878,0.176232,0.000951436,0.166291
clsSOPT,0.01,0,0.9,2,4,5,100,138.189563,0.246503,0.000499754,0.140898
clsgappy-POD,0.01,0,0.9,2,4,5,100,21.899566,0.190129,0.000828523,0.674411
clsQDEIM,0.01,0,0.9,2,4,5,100,1.597475,0.262454,0.000294046,0.0702762
SOPT,0.01,0,0.9,2,4,5,110,154.431076,0.203988,0.000535241,0.103054
gappy-POD,0.01,0,0.9,2,4,5,110,1.284346,0.192356,0.00070891,0.130981
QDEIM,0.01,0,0.9,2,4,5,110,1.435749,0.178104,0.000927808,0.16322
clsSOPT,0.01,0,0.9,2,4,5,110,154.431076,0.268429,0.000424548,0.133215
clsgappy-POD,0.01,0,0.9,2,4,5,110,26.363909,0.215256,0.000647289,1.09932
clsQDEIM,0.01,0,0.9,2,4,5,110,1.505836,0.26911,0.000293967,0.0706136
SOPT,0.01,0,0.9,2,4,5,120,127.172918,0.20112,0.000535241,0.103054
gappy-POD,0.01,0,0.9,2,4,5,120,1.457599,0.207728,0.000650701,0.12397
QDEIM,0.01,0,0.9,2,4,5,120,1.434699,0.188887,0.000820515,0.146979
clsSOPT,0.01,0,0.9,2,4,5,120,127.172918,0.282068,0.000369452,0.115048
clsgappy-POD,0.01,0,0.9,2,4,5,120,24.095009,0.226675,0.000637644,1.14137
clsQDEIM,0.01,0,0.9,2,4,5,120,1.499399,0.271196,0.000293376,0.0700349
SOPT,0.01,0,0.9,2,4,5,130,121.341107,0.203923,0.000527289,0.101164
gappy-POD,0.01,0,0.9,2,4,5,130,1.591040,0.220785,0.000585985,0.115188
QDEIM,0.01,0,0.9,2,4,5,130,1.432008,0.211723,0.00073899,0.137195
clsSOPT,0.01,0,0.9,2,4,5,130,121.341107,0.290116,0.000336252,0.113175
clsgappy-POD,0.01,0,0.9,2,4,5,130,25.045712,0.248515,0.000615,1.07129
clsQDEIM,0.01,0,0.9,2,4,5,130,1.560920,0.282039,0.00028506,0.0698168
SOPT,0.01,0,0.9,2,4,5,140,129.431446,0.216053,0.000477592,0.0927813
gappy-POD,0.01,0,0.9,2,4,5,140,1.488561,0.226741,0.000549141,0.109925
QDEIM,0.01,0,0.9,2,4,5,140,1.474314,0.225758,0.000634741,0.122515
clsSOPT,0.01,0,0.9,2,4,5,140,129.431446,0.307202,0.000298381,0.10265
clsgappy-POD,0.01,0,0.9,2,4,5,140,23.484372,0.256276,0.000559022,0.959193
clsQDEIM,0.01,0,0.9,2,4,5,140,1.347964,0.290972,0.000285274,0.0693884
SOPT,0.01,0,0.9,2,4,5,150,122.472228,0.229513,0.000397153,0.0777631
gappy-POD,0.01,0,0.9,2,4,5,150,1.343816,0.236289,0.000481055,0.100462
QDEIM,0.01,0,0.9,2,4,5,150,1.678025,0.239143,0.000533918,0.107847
clsSOPT,0.01,0,0.9,2,4,5,150,122.472228,0.313688,0.00028986,0.0967496
clsgappy-POD,0.01,0,0.9,2,4,5,150,21.345075,0.262343,0.000556055,1.14642
clsQDEIM,0.01,0,0.9,2,4,5,150,1.446134,0.298165,0.000268564,0.0670609
SOPT,0.01,0,0.9,2,4,5,160,114.334369,0.238638,0.000335589,0.0714146
gappy-POD,0.01,0,0.9,2,4,5,160,2.615896,0.239642,0.000480666,0.10057
QDEIM,0.01,0,0.9,2,4,5,160,1.467932,0.241616,0.000513152,0.105093
clsSOPT,0.01,0,0.9,2,4,5,160,114.334369,0.320083,0.000283105,0.0942548
clsgappy-POD,0.01,0,0.9,2,4,5,160,24.764822,0.271462,0.000529291,1.03459
clsQDEIM,0.01,0,0.9,2,4,5,160,1.441799,0.303771,0.000268402,0.0684385
SOPT,0.01,0,0.9,2,4,5,170,107.841617,0.245829,0.000307325,0.0668498
gappy-POD,0.01,0,0.9,2,4,5,170,1.506786,0.245408,0.000471094,0.099015
QDEIM,0.01,0,0.9,2,4,5,170,1.554555,0.249355,0.000471331,0.0993725
clsSOPT,0.01,0,0.9,2,4,5,170,107.841617,0.330494,0.000255288,0.0861975
clsgappy-POD,0.01,0,0.9,2,4,5,170,25.723760,0.293962,0.000445979,0.975132
clsQDEIM,0.01,0,0.9,2,4,5,170,1.677801,0.31603,0.000262797,0.0706619
SOPT,0.01,0,0.9,2,4,5,180,92.173898,0.249762,0.000308701,0.0652108
gappy-POD,0.01,0,0.9,2,4,5,180,1.587261,0.243514,0.000471096,0.0990415
QDEIM,0.01,0,0.9,2,4,5,180,1.553882,0.249244,0.000471318,0.0994415
clsSOPT,0.01,0,0.9,2,4,5,180,92.173898,0.337768,0.000255669,0.0866194
clsgappy-POD,0.01,0,0.9,2,4,5,180,25.023267,0.319298,0.000371592,1.02736
clsQDEIM,0.01,0,0.9,2,4,5,180,1.408714,0.3249,0.00026275,0.0706358
SOPT,0.01,0,0.9,2,4,5,190,5.473725,0.256215,0.000301073,0.0632278
gappy-POD,0.01,0,0.9,2,4,5,190,1.797024,0.246987,0.000455378,0.0968366
QDEIM,0.01,0,0.9,2,4,5,190,1.575105,0.256061,0.000421334,0.0924072
clsSOPT,0.01,0,0.9,2,4,5,190,5.473725,0.348594,0.000252079,0.0832998
clsgappy-POD,0.01,0,0.9,2,4,5,190,24.437413,0.325788,0.000372226,1.1038
clsQDEIM,0.01,0,0.9,2,4,5,190,1.429799,0.328349,0.000262716,0.0711729
SOPT,0.01,0,0.9,2,4,5,200,3.783815,0.261085,0.000268586,0.055386
gappy-POD,0.01,0,0.9,2,4,5,200,1.531708,0.249926,0.000447019,0.0957102
QDEIM,0.01,0,0.9,2,4,5,200,1.557199,0.248867,0.000421333,0.0924198
clsSOPT,0.01,0,0.9,2,4,5,200,3.783815,0.348923,0.000252001,0.0845244
clsgappy-POD,0.01,0,0.9,2,4,5,200,24.897670,0.332411,0.000373297,1.15404
clsQDEIM,0.01,0,0.9,2,4,5,200,1.502485,0.345177,0.000251453,0.0683217
SOPT,0.01,0,0.9,2,4,5,210,5.412500,0.261378,0.000258387,0.0526335
gappy-POD,0.01,0,0.9,2,4,5,210,1.642966,0.249277,0.000447026,0.0956899
QDEIM,0.01,0,0.9,2,4,5,210,1.473576,0.255355,0.000380324,0.0864454
clsSOPT,0.01,0,0.9,2,4,5,210,5.412500,0.36533,0.000236804,0.0779699
clsgappy-POD,0.01,0,0.9,2,4,5,210,25.924281,0.344793,0.000347233,1.20729
clsQDEIM,0.01,0,0.9,2,4,5,210,1.618752,0.355403,0.000251122,0.0679331
SOPT,0.01,0,0.9,2,4,5,220,5.343583,0.263425,0.000251933,0.050736
gappy-POD,0.01,0,0.9,2,4,5,220,1.705999,0.25289,0.000447025,0.0956943
QDEIM,0.01,0,0.9,2,4,5,220,1.631767,0.259964,0.000365323,0.0840583
clsSOPT,0.01,0,0.9,2,4,5,220,5.343583,0.372555,0.00022857,0.0782652
clsgappy-POD,0.01,0,0.9,2,4,5,220,23.886161,0.346844,0.000349068,1.24759
clsQDEIM,0.01,0,0.9,2,4,5,220,1.554629,0.369575,0.000245768,0.067223
SOPT,0.01,0,0.9,2,4,5,230,4.851920,0.270113,0.000230306,0.0475796
gappy-POD,0.01,0,0.9,2,4,5,230,1.531089,0.25558,0.000443934,0.0952517
QDEIM,0.01,0,0.9,2,4,5,230,1.550750,0.260117,0.000365326,0.0840363
clsSOPT,0.01,0,0.9,2,4,5,230,4.851920,0.375857,0.000228627,0.0787033
clsgappy-POD,0.01,0,0.9,2,4,5,230,25.218472,0.356793,0.000343787,1.3129
clsQDEIM,0.01,0,0.9,2,4,5,230,1.637697,0.37736,0.000241267,0.0658599
SOPT,0.01,1,0.99,4,8,11,20,6.992057,0.0634108,0.00128373,0.192944
gappy-POD,0.01,1,0.99,4,8,11,20,5.732466,0.0432136,0.00156799,0.450625
QDEIM,0.01,1,0.99,4,8,11,20,5.425294,0.0425673,0.00144926,0.360651
clsSOPT,0.01,1,0.99,4,8,11,20,6.992057,0.0787685,0.00133442,0.187409
clsgappy-POD,0.01,1,0.99,4,8,11,20,45.768089,0.0840876,0.00138087,1.30855
clsQDEIM,0.01,1,0.99,4,8,11,20,4.740019,0.104992,0.00102227,0.290406
SOPT,0.01,1,0.99,4,8,11,30,4.033840,0.0838337,0.00118939,0.29582
gappy-POD,0.01,1,0.99,4,8,11,30,4.901987,0.0517428,0.00153872,0.445111
QDEIM,0.01,1,0.99,4,8,11,30,4.733188,0.0617523,0.00135097,0.32026
clsSOPT,0.01,1,0.99,4,8,11,30,4.033840,0.112922,0.00110258,0.288947
clsgappy-POD,0.01,1,0.99,4,8,11,30,39.317708,0.0970452,0.00134723,1.20842
clsQDEIM,0.01,1,0.99,4,8,11,30,4.195622,0.130067,0.00094074,0.24905
SOPT,0.01,1,0.99,4,8,11,40,3.801260,0.110636,0.00090654,0.181806
gappy-POD,0.01,1,0.99,4,8,11,40,2.916373,0.0629241,0.00147081,0.395997
QDEIM,0.01,1,0.99,4,8,11,40,3.377134,0.0911769,0.00124567,0.308632
clsSOPT,0.01,1,0.99,4,8,11,40,3.801260,0.138386,0.000906244,0.214292
clsgappy-POD,0.01,1,0.99,4,8,11,40,40.226948,0.109324,0.0013266,1.30366
clsQDEIM,0.01,1,0.99,4,8,11,40,2.429103,0.142525,0.000866051,0.224772
SOPT,0.01,1,0.99,4,8,11,50,2.735712,0.134969,0.000671999,0.132668
gappy-POD,0.01,1,0.99,4,8,11,50,3.222733,0.0711621,0.00141594,0.379196
QDEIM,0.01,1,0.99,4,8,11,50,3.558048,0.105673,0.00118266,0.327157
clsSOPT,0.01,1,0.99,4,8,11,50,2.735712,0.159485,0.000883425,0.23266
clsgappy-POD,0.01,1,0.99,4,8,11,50,34.757983,0.121849,0.00119694,1.45524
clsQDEIM,0.01,1,0.99,4,8,11,50,2.209436,0.169186,0.000760803,0.21027
SOPT,0.01,1,0.99,4,8,11,60,2.940518,0.161394,0.000497388,0.0997002
gappy-POD,0.01,1,0.99,4,8,11,60,2.706605,0.0781018,0.00140327,0.376781
QDEIM,0.01,1,0.99,4,8,11,60,2.959619,0.123726,0.0010519,0.291728
clsSOPT,0.01,1,0.99,4,8,11,60,2.940518,0.191169,0.000709482,0.195539
clsgappy-POD,0.01,1,0.99,4,8,11,60,28.022848,0.135103,0.00115563,1.65185
clsQDEIM,0.01,1,0.99,4,8,11,60,1.925241,0.181594,0.0006996,0.201383
SOPT,0.01,1,0.99,4,8,11,70,3.051511,0.173921,0.000466638,0.0948897
gappy-POD,0.01,1,0.99,4,8,11,70,2.367803,0.0888827,0.00136004,0.367047
QDEIM,0.01,1,0.99,4,8,11,70,2.665863,0.127601,0.00103859,0.28811
clsSOPT,0.01,1,0.99,4,8,11,70,3.051511,0.210803,0.00063281,0.185675
clsgappy-POD,0.01,1,0.99,4,8,11,70,24.777341,0.146601,0.00114906,1.6738
clsQDEIM,0.01,1,0.99,4,8,11,70,1.824110,0.194592,0.000686562,0.202846
SOPT,0.01,1,0.99,4,8,11,80,3.049218,0.183844,0.000399396,0.0965266
gappy-POD,0.01,1,0.99,4,8,11,80,2.126909,0.0949936,0.00133278,0.362468
QDEIM,0.01,1,0.99,4,8,11,80,2.501073,0.139073,0.000913374,0.242779
clsSOPT,0.01,1,0.99,4,8,11,80,3.049218,0.217701,0.00063281,0.185675
clsgappy-POD,0.01,1,0.99,4,8,11,80,21.497232,0.162033,0.00112654,1.74992
clsQDEIM,0.01,1,0.99,4,8,11,80,2.287071,0.21241,0.000665541,0.202456
SOPT,0.01,1,0.99,4,8,11,90,3.088243,0.198871,0.000306824,0.0888163
gappy-POD,0.01,1,0.99,4,8,11,90,2.127498,0.0957372,0.0013446,0.366246
QDEIM,0.01,1,0.99,4,8,11,90,2.254681,0.151212,0.000784546,0.1851
clsSOPT,0.01,1,0.99,4,8,11,90,3.088243,0.23131,0.000562851,0.174101
clsgappy-POD,0.01,1,0.99,4,8,11,90,22.286190,0.171864,0.00107795,1.80534
clsQDEIM,0.01,1,0.99,4,8,11,90,1.780647,0.230648,0.00062384,0.19714
SOPT,0.01,1,0.99,4,8,11,100,2.457233,0.197964,0.000306782,0.0881567
gappy-POD,0.01,1,0.99,4,8,11,100,2.028798,0.112714,0.00127044,0.335877
QDEIM,0.01,1,0.99,4,8,11,100,2.853290,0.15874,0.000734963,0.165032
clsSOPT,0.01,1,0.99,4,8,11,100,2.457233,0.253562,0.00050751,0.16178
clsgappy-POD,0.01,1,0.99,4,8,11,100,21.029560,0.196631,0.000999728,2.16955
clsQDEIM,0.01,1,0.99,4,8,11,100,1.746128,0.232993,0.000623971,0.196146
SOPT,0.01,1,0.99,4,8,11,110,2.232787,0.203714,0.000301177,0.0847907
gappy-POD,0.01,1,0.99,4,8,11,110,2.020096,0.119386,0.00125841,0.334506
QDEIM,0.01,1,0.99,4,8,11,110,2.852601,0.165012,0.000679406,0.150109
clsSOPT,0.01,1,0.99,4,8,11,110,2.232787,0.265347,0.000430197,0.148409
clsgappy-POD,0.01,1,0.99,4,8,11,110,29.001763,0.220691,0.000923718,2.49262
clsQDEIM,0.01,1,0.99,4,8,11,110,2.037724,0.259425,0.000609302,0.197867
SOPT,0.01,1,0.99,4,8,11,120,2.216873,0.213292,0.000286807,0.0809657
gappy-POD,0.01,1,0.99,4,8,11,120,1.832738,0.124227,0.00125761,0.336549
QDEIM,0.01,1,0.99,4,8,11,120,3.242603,0.183274,0.000568049,0.120151
clsSOPT,0.01,1,0.99,4,8,11,120,2.216873,0.276955,0.00042856,0.14761
clsgappy-POD,0.01,1,0.99,4,8,11,120,21.562121,0.224593,0.000946814,2.46633
clsQDEIM,0.01,1,0.99,4,8,11,120,1.589042,0.28454,0.000591338,0.194477
SOPT,0.01,1,0.99,4,8,11,130,2.095714,0.219165,0.000268101,0.0778078
gappy-POD,0.01,1,0.99,4,8,11,130,1.879838,0.134534,0.00109088,0.284333
QDEIM,0.01,1,0.99,4,8,11,130,3.496835,0.181647,0.000567965,0.120212
clsSOPT,0.01,1,0.99,4,8,11,130,2.095714,0.284567,0.000411692,0.134497
clsgappy-POD,0.01,1,0.99,4,8,11,130,23.524129,0.238034,0.000913555,2.67844
clsQDEIM,0.01,1,0.99,4,8,11,130,1.661688,0.3065,0.000518295,0.161709
SOPT,0.01,1,0.99,4,8,11,140,2.368703,0.230425,0.000250777,0.0769491
gappy-POD,0.01,1,0.99,4,8,11,140,1.819603,0.141282,0.00108108,0.282653
QDEIM,0.01,1,0.99,4,8,11,140,3.409948,0.193995,0.000447407,0.0973687
clsSOPT,0.01,1,0.99,4,8,11,140,2.368703,0.291937,0.000402331,0.129612
clsgappy-POD,0.01,1,0.99,4,8,11,140,23.825155,0.24184,0.000942178,2.6205
clsQDEIM,0.01,1,0.99,4,8,11,140,1.546792,0.334601,0.000381786,0.13355
SOPT,0.01,1,0.99,4,8,11,150,2.262042,0.237297,0.000238616,0.0686893
gappy-POD,0.01,1,0.99,4,8,11,150,1.668498,0.152706,0.00102164,0.267366
QDEIM,0.01,1,0.99,4,8,11,150,3.191262,0.220288,0.000420453,0.0977871
clsSOPT,0.01,1,0.99,4,8,11,150,2.262042,0.30002,0.000355569,0.109581
clsgappy-POD,0.01,1,0.99,4,8,11,150,22.146792,0.255348,0.000927766,2.74422
clsQDEIM,0.01,1,0.99,4,8,11,150,1.665516,0.338397,0.000376394,0.129559
SOPT,0.01,1,0.99,4,8,11,160,2.561364,0.240861,0.000236575,0.0683956
gappy-POD,0.01,1,0.99,4,8,11,160,1.808149,0.172542,0.000871845,0.223823
QDEIM,0.01,1,0.99,4,8,11,160,3.271897,0.233725,0.000417599,0.10192
clsSOPT,0.01,1,0.99,4,8,11,160,2.561364,0.31852,0.000297397,0.0787401
clsgappy-POD,0.01,1,0.99,4,8,11,160,25.659549,0.272994,0.000856746,2.97757
clsQDEIM,0.01,1,0.99,4,8,11,160,1.469848,0.346355,0.000376418,0.129555
SOPT,0.01,1,0.99,4,8,11,170,2.321974,0.244878,0.000232617,0.0679169
gappy-POD,0.01,1,0.99,4,8,11,170,1.756960,0.193779,0.000753366,0.192736
QDEIM,0.01,1,0.99,4,8,11,170,3.157257,0.244835,0.000413903,0.10123
clsSOPT,0.01,1,0.99,4,8,11,170,2.321974,0.323954,0.000297265,0.0803306
clsgappy-POD,0.01,1,0.99,4,8,11,170,22.118845,0.284448,0.000821477,3.1342
clsQDEIM,0.01,1,0.99,4,8,11,170,1.419588,0.353308,0.000325318,0.108215
SOPT,0.01,1,0.99,4,8,11,180,2.099150,0.24403,0.000232617,0.0679169
gappy-POD,0.01,1,0.99,4,8,11,180,1.801903,0.194034,0.000703338,0.186258
QDEIM,0.01,1,0.99,4,8,11,180,3.182383,0.245702,0.000399849,0.0995528
clsSOPT,0.01,1,0.99,4,8,11,180,2.099150,0.328646,0.000297075,0.0817491
clsgappy-POD,0.01,1,0.99,4,8,11,180,26.148834,0.305281,0.000755323,3.39479
clsQDEIM,0.01,1,0.99,4,8,11,180,1.628387,0.369246,0.000260979,0.0845986
SOPT,0.01,1,0.99,4,8,11,190,2.647502,0.247234,0.000231643,0.0677208
gappy-POD,0.01,1,0.99,4,8,11,190,1.723009,0.205392,0.000659799,0.175178
QDEIM,0.01,1,0.99,4,8,11,190,2.933399,0.245073,0.000399834,0.0995335
clsSOPT,0.01,1,0.99,4,8,11,190,2.647502,0.335526,0.000297093,0.0817178
clsgappy-POD,0.01,1,0.99,4,8,11,190,24.391452,0.303001,0.000785735,3.2811
clsQDEIM,0.01,1,0.99,4,8,11,190,1.444359,0.377101,0.000261021,0.0848356
SOPT,0.01,1,0.99,4,8,11,200,3.224789,0.25635,0.000226272,0.0673787
gappy-POD,0.01,1,0.99,4,8,11,200,1.755092,0.212263,0.000611314,0.16789
QDEIM,0.01,1,0.99,4,8,11,200,2.968345,0.251653,0.00037068,0.095488
clsSOPT,0.01,1,0.99,4,8,11,200,3.224789,0.336867,0.000297231,0.0808891
clsgappy-POD,0.01,1,0.99,4,8,11,200,23.249635,0.314435,0.00076682,3.33687
clsQDEIM,0.01,1,0.99,4,8,11,200,1.422173,0.386158,0.000219732,0.0678288
SOPT,0.01,1,0.99,4,8,11,210,4.457162,0.259358,0.000226167,0.067213
gappy-POD,0.01,1,0.99,4,8,11,210,1.742121,0.218833,0.000552557,0.145186
QDEIM,0.01,1,0.99,4,8,11,210,3.063424,0.255485,0.000352123,0.0929976
clsSOPT,0.01,1,0.99,4,8,11,210,4.457162,0.346996,0.000295838,0.0726138
clsgappy-POD,0.01,1,0.99,4,8,11,210,26.075336,0.323014,0.000760798,3.29841
clsQDEIM,0.01,1,0.99,4,8,11,210,1.528242,0.395492,0.00021976,0.0665864
SOPT,0.01,1,0.99,4,8,11,220,3.890072,0.26173,0.000220864,0.0661859
gappy-POD,0.01,1,0.99,4,8,11,220,1.736377,0.224345,0.000525106,0.140699
QDEIM,0.01,1,0.99,4,8,11,220,3.052580,0.263262,0.000346929,0.0920671
clsSOPT,0.01,1,0.99,4,8,11,220,3.890072,0.356098,0.000295931,0.0723033
clsgappy-POD,0.01,1,0.99,4,8,11,220,26.869566,0.338641,0.000738195,3.34422
clsQDEIM,0.01,1,0.99,4,8,11,220,1.820922,0.40288,0.000213319,0.0641889
SOPT,0.01,1,0.99,4,8,11,230,3.242128,0.261578,0.000220867,0.0662015
gappy-POD,0.01,1,0.99,4,8,11,230,1.797808,0.237644,0.000489822,0.131488
QDEIM,0.01,1,0.99,4,8,11,230,2.945147,0.268456,0.000346935,0.0921167
clsSOPT,0.01,1,0.99,4,8,11,230,3.242128,0.361076,0.000295975,0.0720987
clsgappy-POD,0.01,1,0.99,4,8,11,230,26.044877,0.347661,0.000709712,3.45093
clsQDEIM,0.01,1,0.99,4,8,11,230,1.407881,0.409341,0.000212674,0.0634828
SOPT,0.01,2,0.999,7,15,23,30,13.373736,0.0979499,0.00104895,0.21416
gappy-POD,0.01,2,0.999,7,15,23,30,18.663040,0.0641044,0.00133899,0.335137
QDEIM,0.01,2,0.999,7,15,23,30,13.424416,0.0701028,0.00132993,0.284047
clsSOPT,0.01,2,0.999,7,15,23,30,13.373736,0.118174,0.00103754,0.19205
clsgappy-POD,0.01,2,0.999,7,15,23,30,257.983308,0.106664,0.00116491,1.32674
clsQDEIM,0.01,2,0.999,7,15,23,30,9.099600,0.122629,0.000955494,0.142719
SOPT,0.01,2,0.999,7,15,23,40,10.813625,0.115511,0.000890508,0.154022
gappy-POD,0.01,2,0.999,7,15,23,40,7.812292,0.0751773,0.00129556,0.312556
QDEIM,0.01,2,0.999,7,15,23,40,8.827476,0.0854076,0.00123393,0.237991
clsSOPT,0.01,2,0.999,7,15,23,40,10.813625,0.144927,0.000888445,0.219773
clsgappy-POD,0.01,2,0.999,7,15,23,40,113.280920,0.140883,0.000913423,1.70757
clsQDEIM,0.01,2,0.999,7,15,23,40,5.586804,0.153804,0.000832655,0.174425
SOPT,0.01,2,0.999,7,15,23,50,5.313447,0.125338,0.000800957,0.159704
gappy-POD,0.01,2,0.999,7,15,23,50,5.762029,0.0945072,0.00117705,0.272708
QDEIM,0.01,2,0.999,7,15,23,50,7.633763,0.0976663,0.00109748,0.240847
clsSOPT,0.01,2,0.999,7,15,23,50,5.313447,0.160936,0.000831113,0.203045
clsgappy-POD,0.01,2,0.999,7,15,23,50,123.545036,0.162353,0.000756968,1.47657
clsQDEIM,0.01,2,0.999,7,15,23,50,3.956884,0.167203,0.00079821,0.153948
SOPT,0.01,2,0.999,7,15,23,60,5.079401,0.133274,0.000757624,0.166762
gappy-POD,0.01,2,0.999,7,15,23,60,4.197266,0.0967398,0.00118709,0.27888
QDEIM,0.01,2,0.999,7,15,23,60,5.275059,0.103608,0.00106384,0.230246
clsSOPT,0.01,2,0.999,7,15,23,60,5.079401,0.176244,0.000815421,0.200589
clsgappy-POD,0.01,2,0.999,7,15,23,60,80.130033,0.187811,0.00084665,1.10062
clsQDEIM,0.01,2,0.999,7,15,23,60,3.597452,0.192301,0.000700472,0.119527
SOPT,0.01,2,0.999,7,15,23,70,3.554417,0.143768,0.000732478,0.153117
gappy-POD,0.01,2,0.999,7,15,23,70,3.905583,0.102722,0.0011608,0.265932
QDEIM,0.01,2,0.999,7,15,23,70,6.760892,0.122792,0.000890214,0.20783
clsSOPT,0.01,2,0.999,7,15,23,70,3.554417,0.180403,0.000814936,0.201494
clsgappy-POD,0.01,2,0.999,7,15,23,70,64.552240,0.208833,0.000784387,1.22161
clsQDEIM,0.01,2,0.999,7,15,23,70,3.156933,0.210477,0.000629787,0.112683
SOPT,0.01,2,0.999,7,15,23,80,3.809878,0.156641,0.000678157,0.137982
gappy-POD,0.01,2,0.999,7,15,23,80,3.758186,0.103601,0.00116075,0.264691
QDEIM,0.01,2,0.999,7,15,23,80,6.652072,0.135879,0.000879593,0.201541
clsSOPT,0.01,2,0.999,7,15,23,80,3.809878,0.210138,0.000621432,0.156097
clsgappy-POD,0.01,2,0.999,7,15,23,80,44.145233,0.21156,0.000741222,1.23793
clsQDEIM,0.01,2,0.999,7,15,23,80,3.050245,0.231754,0.000587167,0.102668
SOPT,0.01,2,0.999,7,15,23,90,4.108154,0.167545,0.000645389,0.133137
gappy-POD,0.01,2,0.999,7,15,23,90,3.486969,0.109517,0.00114355,0.265835
QDEIM,0.01,2,0.999,7,15,23,90,5.635944,0.133245,0.000879416,0.20089
clsSOPT,0.01,2,0.999,7,15,23,90,4.108154,0.218715,0.000604349,0.137303
clsgappy-POD,0.01,2,0.999,7,15,23,90,55.089484,0.234359,0.000720172,1.23081
clsQDEIM,0.01,2,0.999,7,15,23,90,2.578224,0.243141,0.000568553,0.10012
SOPT,0.01,2,0.999,7,15,23,100,4.001077,0.186463,0.000552778,0.109482
gappy-POD,0.01,2,0.999,7,15,23,100,3.675519,0.11464,0.00112225,0.258949
QDEIM,0.01,2,0.999,7,15,23,100,5.560141,0.137944,0.000871113,0.215903
clsSOPT,0.01,2,0.999,7,15,23,100,4.001077,0.238948,0.000520943,0.11465
clsgappy-POD,0.01,2,0.999,7,15,23,100,60.955784,0.235646,0.000662314,1.31599
clsQDEIM,0.01,2,0.999,7,15,23,100,2.571331,0.268374,0.000489984,0.0818433
SOPT,0.01,2,0.999,7,15,23,110,3.674076,0.212034,0.00047488,0.103156
gappy-POD,0.01,2,0.999,7,15,23,110,3.117368,0.117193,0.00110346,0.244389
QDEIM,0.01,2,0.999,7,15,23,110,5.292283,0.144445,0.000830206,0.211392
clsSOPT,0.01,2,0.999,7,15,23,110,3.674076,0.245418,0.000520846,0.114941
clsgappy-POD,0.01,2,0.999,7,15,23,110,47.137255,0.245368,0.000643102,1.27581
clsQDEIM,0.01,2,0.999,7,15,23,110,2.657495,0.287342,0.000429242,0.0702493
SOPT,0.01,2,0.999,7,15,23,120,3.970689,0.221645,0.000419275,0.0978558
gappy-POD,0.01,2,0.999,7,15,23,120,3.459211,0.122158,0.00109151,0.239956
QDEIM,0.01,2,0.999,7,15,23,120,4.458785,0.145248,0.000794741,0.208053
clsSOPT,0.01,2,0.999,7,15,23,120,3.970689,0.250039,0.000520986,0.115261
clsgappy-POD,0.01,2,0.999,7,15,23,120,62.008872,0.261618,0.00061113,1.50064
clsQDEIM,0.01,2,0.999,7,15,23,120,2.468641,0.300407,0.000331354,0.0601322
SOPT,0.01,2,0.999,7,15,23,130,3.495322,0.227082,0.00040834,0.0956661
gappy-POD,0.01,2,0.999,7,15,23,130,2.944241,0.122324,0.00109152,0.239789
QDEIM,0.01,2,0.999,7,15,23,130,4.879189,0.164116,0.000635476,0.198408
clsSOPT,0.01,2,0.999,7,15,23,130,3.495322,0.280505,0.000417652,0.100912
clsgappy-POD,0.01,2,0.999,7,15,23,130,41.695135,0.266078,0.000629625,0.79404
clsQDEIM,0.01,2,0.999,7,15,23,130,2.086241,0.315189,0.000304379,0.0599147
SOPT,0.01,2,0.999,7,15,23,140,3.477628,0.238631,0.000370061,0.0938913
gappy-POD,0.01,2,0.999,7,15,23,140,2.658575,0.129857,0.00101596,0.226134
QDEIM,0.01,2,0.999,7,15,23,140,4.497298,0.166711,0.000614444,0.189639
clsSOPT,0.01,2,0.999,7,15,23,140,3.477628,0.290476,0.000386954,0.0992498
clsgappy-POD,0.01,2,0.999,7,15,23,140,40.036737,0.277213,0.000583141,1.14433
clsQDEIM,0.01,2,0.999,7,15,23,140,2.202949,0.326782,0.000305332,0.0592279
SOPT,0.01,2,0.999,7,15,23,150,3.431542,0.249289,0.000278062,0.0792285
gappy-POD,0.01,2,0.999,7,15,23,150,2.749434,0.138711,0.000951836,0.211188
QDEIM,0.01,2,0.999,7,15,23,150,5.267384,0.168476,0.000614432,0.189262
clsSOPT,0.01,2,0.999,7,15,23,150,3.431542,0.293129,0.000386954,0.0992498
clsgappy-POD,0.01,2,0.999,7,15,23,150,28.808782,0.294529,0.00053768,1.23322
clsQDEIM,0.01,2,0.999,7,15,23,150,2.179012,0.333429,0.000305282,0.0594592
SOPT,0.01,2,0.999,7,15,23,160,3.543903,0.259944,0.00024245,0.0735587
gappy-POD,0.01,2,0.999,7,15,23,160,2.620694,0.136654,0.00095186,0.211262
QDEIM,0.01,2,0.999,7,15,23,160,4.743975,0.177215,0.000608305,0.184849
clsSOPT,0.01,2,0.999,7,15,23,160,3.543903,0.309681,0.000311329,0.0935576
clsgappy-POD,0.01,2,0.999,7,15,23,160,42.248085,0.303455,0.000564462,1.25558
clsQDEIM,0.01,2,0.999,7,15,23,160,2.019859,0.333738,0.000305394,0.0595243
SOPT,0.01,2,0.999,7,15,23,170,3.208731,0.269941,0.000219634,0.070718
gappy-POD,0.01,2,0.999,7,15,23,170,2.738651,0.144904,0.000931652,0.204271
QDEIM,0.01,2,0.999,7,15,23,170,4.620719,0.184049,0.000584711,0.17741
clsSOPT,0.01,2,0.999,7,15,23,170,3.208731,0.322701,0.000298173,0.0929449
clsgappy-POD,0.01,2,0.999,7,15,23,170,42.056556,0.315625,0.000527947,1.32962
clsQDEIM,0.01,2,0.999,7,15,23,170,1.997889,0.342273,0.000305449,0.05943
SOPT,0.01,2,0.999,7,15,23,180,3.276501,0.270136,0.000219638,0.0708104
gappy-POD,0.01,2,0.999,7,15,23,180,2.714339,0.148398,0.000931726,0.203858
QDEIM,0.01,2,0.999,7,15,23,180,4.709006,0.183191,0.000548371,0.169722
clsSOPT,0.01,2,0.999,7,15,23,180,3.276501,0.339728,0.000285699,0.0867475
clsgappy-POD,0.01,2,0.999,7,15,23,180,34.542025,0.330702,0.000502731,1.33842
clsQDEIM,0.01,2,0.999,7,15,23,180,1.914909,0.354925,0.000258234,0.0532849
SOPT,0.01,2,0.999,7,15,23,190,3.258140,0.271146,0.000217889,0.0715187
gappy-POD,0.01,2,0.999,7,15,23,190,2.437807,0.155719,0.00090679,0.20656
QDEIM,0.01,2,0.999,7,15,23,190,5.679723,0.18474,0.000530306,0.165394
clsSOPT,0.01,2,0.999,7,15,23,190,3.258140,0.344663,0.000280596,0.0807013
clsgappy-POD,0.01,2,0.999,7,15,23,190,33.481995,0.329922,0.000519192,0.967422
clsQDEIM,0.01,2,0.999,7,15,23,190,1.947805,0.366914,0.000244932,0.0518449
SOPT,0.01,2,0.999,7,15,23,200,2.914996,0.279429,0.000207491,0.0690078
gappy-POD,0.01,2,0.999,7,15,23,200,2.495324,0.146756,0.000957534,0.219243
QDEIM,0.01,2,0.999,7,15,23,200,5.266266,0.19643,0.000441249,0.152793
clsSOPT,0.01,2,0.999,7,15,23,200,2.914996,0.354357,0.000273988,0.0749914
clsgappy-POD,0.01,2,0.999,7,15,23,200,30.124465,0.353295,0.000484638,1.00553
clsQDEIM,0.01,2,0.999,7,15,23,200,1.791797,0.374796,0.000217884,0.0497488
SOPT,0.01,2,0.999,7,15,23,210,3.188746,0.290475,0.000204688,0.0685696
gappy-POD,0.01,2,0.999,7,15,23,210,2.339653,0.154814,0.000912662,0.217794
QDEIM,0.01,2,0.999,7,15,23,210,4.818028,0.19838,0.000431861,0.149748
clsSOPT,0.01,2,0.999,7,15,23,210,3.188746,0.368613,0.000254817,0.0718613
clsgappy-POD,0.01,2,0.999,7,15,23,210,43.724601,0.362325,0.000465998,1.18611
clsQDEIM,0.01,2,0.999,7,15,23,210,1.840784,0.391971,0.000206271,0.0494233
SOPT,0.01,2,0.999,7,15,23,220,2.880878,0.285897,0.000204682,0.068723
gappy-POD,0.01,2,0.999,7,15,23,220,2.318888,0.159394,0.00091174,0.217137
QDEIM,0.01,2,0.999,7,15,23,220,4.377150,0.198342,0.00043186,0.149616
clsSOPT,0.01,2,0.999,7,15,23,220,2.880878,0.371806,0.000254902,0.0717764
clsgappy-POD,0.01,2,0.999,7,15,23,220,31.697387,0.365622,0.000495116,0.94601
clsQDEIM,0.01,2,0.999,7,15,23,220,1.769410,0.410599,0.000197035,0.0496087
SOPT,0.01,2,0.999,7,15,23,230,3.310166,0.292073,0.000204645,0.0686187
gappy-POD,0.01,2,0.999,7,15,23,230,2.196654,0.165634,0.000879445,0.201259
QDEIM,0.01,2,0.999,7,15,23,230,5.764438,0.199474,0.000431803,0.149739
clsSOPT,0.01,2,0.999,7,15,23,230,3.310166,0.389018,0.000232767,0.0687433
clsgappy-POD,0.01,2,0.999,7,15,23,230,31.147878,0.373297,0.000476104,1.07702
clsQDEIM,0.01,2,0.999,7,15,23,230,2.945810,0.421595,0.000196682,0.0502352
SOPT,0.01,3,0.9999,11,27,36,40,37.704811,0.118868,0.000867029,0.177867
gappy-POD,0.01,3,0.9999,11,27,36,40,43.574764,0.092355,0.00125712,0.292654
QDEIM,0.01,3,0.9999,11,27,36,40,47.794216,0.0923173,0.00117659,0.312993
clsSOPT,0.01,3,0.9999,11,27,36,40,37.704811,0.154562,0.000936052,0.199415
clsgappy-POD,0.01,3,0.9999,11,27,36,40,752.710846,0.15517,nan,nan
clsQDEIM,0.01,3,0.9999,11,27,36,40,35.147424,0.16211,0.000894127,0.144932
SOPT,0.01,3,0.9999,11,27,36,50,13.445744,0.129971,0.000773169,0.188154
gappy-POD,0.01,3,0.9999,11,27,36,50,13.623122,0.10009,0.00123287,0.319182
QDEIM,0.01,3,0.9999,11,27,36,50,12.821042,0.105821,0.00103299,0.285059
clsSOPT,0.01,3,0.9999,11,27,36,50,13.445744,0.177932,0.00077555,0.133976
clsgappy-POD,0.01,3,0.9999,11,27,36,50,224.157400,0.16744,0.00101189,2.53508
clsQDEIM,0.01,3,0.9999,11,27,36,50,13.036156,0.178102,0.000836375,0.148274
SOPT,0.01,3,0.9999,11,27,36,60,10.135325,0.14366,0.00069638,0.16319
gappy-POD,0.01,3,0.9999,11,27,36,60,12.884177,0.109262,0.00108929,0.277844
QDEIM,0.01,3,0.9999,11,27,36,60,8.496578,0.121899,0.000821518,0.254483
clsSOPT,0.01,3,0.9999,11,27,36,60,10.135325,0.185809,0.000764274,0.144496
clsgappy-POD,0.01,3,0.9999,11,27,36,60,155.092542,0.19103,0.000949085,2.4939
clsQDEIM,0.01,3,0.9999,11,27,36,60,5.294501,0.201186,0.000692622,0.118116
SOPT,0.01,3,0.9999,11,27,36,70,8.142918,0.154671,0.000666257,0.155517
gappy-POD,0.01,3,0.9999,11,27,36,70,8.130399,0.112608,0.00108934,0.273726
QDEIM,0.01,3,0.9999,11,27,36,70,7.555569,0.126866,0.00081469,0.244084
clsSOPT,0.01,3,0.9999,11,27,36,70,8.142918,0.195858,0.000731857,0.134764
clsgappy-POD,0.01,3,0.9999,11,27,36,70,112.489545,0.205756,0.000830463,2.05968
clsQDEIM,0.01,3,0.9999,11,27,36,70,6.489538,0.225686,0.000572132,0.110633
SOPT,0.01,3,0.9999,11,27,36,80,5.723891,0.163199,0.000661509,0.152053
gappy-POD,0.01,3,0.9999,11,27,36,80,7.038462,0.138856,0.0010376,0.263006
QDEIM,0.01,3,0.9999,11,27,36,80,6.224343,0.139459,0.000798045,0.226277
clsSOPT,0.01,3,0.9999,11,27,36,80,5.723891,0.211154,0.000672396,0.13213
clsgappy-POD,0.01,3,0.9999,11,27,36,80,85.784987,0.220007,0.000865256,1.85876
clsQDEIM,0.01,3,0.9999,11,27,36,80,4.968880,0.249045,0.000466245,0.120202
SOPT,0.01,3,0.9999,11,27,36,90,5.268142,0.172745,0.000623878,0.146216
gappy-POD,0.01,3,0.9999,11,27,36,90,4.363977,0.133319,0.00103924,0.242655
QDEIM,0.01,3,0.9999,11,27,36,90,5.702245,0.143648,0.000789951,0.227766
clsSOPT,0.01,3,0.9999,11,27,36,90,5.268142,0.227421,0.000526063,0.101984
clsgappy-POD,0.01,3,0.9999,11,27,36,90,116.516531,0.257666,0.000685294,1.58514
clsQDEIM,0.01,3,0.9999,11,27,36,90,4.352532,0.270704,0.000416753,0.113487
SOPT,0.01,3,0.9999,11,27,36,100,4.661135,0.182231,0.000534918,0.126153
gappy-POD,0.01,3,0.9999,11,27,36,100,4.463073,0.144008,0.000998459,0.247186
QDEIM,0.01,3,0.9999,11,27,36,100,4.833300,0.146333,0.00077341,0.232621
clsSOPT,0.01,3,0.9999,11,27,36,100,4.661135,0.24523,0.000466593,0.110054
clsgappy-POD,0.01,3,0.9999,11,27,36,100,66.188630,0.28656,0.000606463,1.53293
clsQDEIM,0.01,3,0.9999,11,27,36,100,3.144258,0.282899,0.000404406,0.114824
SOPT,0.01,3,0.9999,11,27,36,110,4.450450,0.182396,0.000524143,0.128353
gappy-POD,0.01,3,0.9999,11,27,36,110,4.178380,0.14631,0.00100033,0.247381
QDEIM,0.01,3,0.9999,11,27,36,110,3.991073,0.156345,0.000734754,0.213395
clsSOPT,0.01,3,0.9999,11,27,36,110,4.450450,0.258807,0.000442701,0.102739
clsgappy-POD,0.01,3,0.9999,11,27,36,110,80.806209,0.27994,0.000641643,1.33052
clsQDEIM,0.01,3,0.9999,11,27,36,110,3.278710,0.293409,0.000395691,0.111367
SOPT,0.01,3,0.9999,11,27,36,120,3.978966,0.184043,0.00051509,0.130701
gappy-POD,0.01,3,0.9999,11,27,36,120,3.666065,0.150486,0.000978168,0.244794
QDEIM,0.01,3,0.9999,11,27,36,120,3.709692,0.153312,0.000699111,0.192778
clsSOPT,0.01,3,0.9999,11,27,36,120,3.978966,0.269208,0.000416273,0.103344
clsgappy-POD,0.01,3,0.9999,11,27,36,120,70.457436,0.27147,0.000488188,1.12118
clsQDEIM,0.01,3,0.9999,11,27,36,120,3.686693,0.315021,0.000283168,0.0813284
SOPT,0.01,3,0.9999,11,27,36,130,4.393198,0.196521,0.000438049,0.112694
gappy-POD,0.01,3,0.9999,11,27,36,130,3.776359,0.161657,0.000961961,0.230085
QDEIM,0.01,3,0.9999,11,27,36,130,3.911577,0.157242,0.000689684,0.189874
clsSOPT,0.01,3,0.9999,11,27,36,130,4.393198,0.28059,0.000387089,0.0897499
clsgappy-POD,0.01,3,0.9999,11,27,36,130,72.987590,0.295797,0.000443204,1.07006
clsQDEIM,0.01,3,0.9999,11,27,36,130,2.823505,0.335779,0.000232414,0.0768125
SOPT,0.01,3,0.9999,11,27,36,140,3.884597,0.199455,0.000419863,0.117089
gappy-POD,0.01,3,0.9999,11,27,36,140,3.647790,0.16823,0.000901965,0.222619
QDEIM,0.01,3,0.9999,11,27,36,140,3.657029,0.178312,0.000615511,0.176805
clsSOPT,0.01,3,0.9999,11,27,36,140,3.884597,0.29459,0.000326843,0.108371
clsgappy-POD,0.01,3,0.9999,11,27,36,140,65.619364,0.300336,0.000346372,0.846356
clsQDEIM,0.01,3,0.9999,11,27,36,140,2.612954,0.337148,0.00022719,0.0818305
SOPT,0.01,3,0.9999,11,27,36,150,3.799798,0.206188,0.000398507,0.115091
gappy-POD,0.01,3,0.9999,11,27,36,150,3.652473,0.16907,0.000900692,0.225123
QDEIM,0.01,3,0.9999,11,27,36,150,4.050111,0.184007,0.000583549,0.176113
clsSOPT,0.01,3,0.9999,11,27,36,150,3.799798,0.305876,0.000311998,0.109471
clsgappy-POD,0.01,3,0.9999,11,27,36,150,69.657692,0.310955,0.000552264,1.20385
clsQDEIM,0.01,3,0.9999,11,27,36,150,2.717923,0.353051,0.000221365,0.0814066
SOPT,0.01,3,0.9999,11,27,36,160,3.608698,0.209256,0.000378901,0.117029
gappy-POD,0.01,3,0.9999,11,27,36,160,3.808984,0.17707,0.000877436,0.2196
QDEIM,0.01,3,0.9999,11,27,36,160,3.394006,0.181438,0.000583337,0.177423
clsSOPT,0.01,3,0.9999,11,27,36,160,3.608698,0.319804,0.000311232,0.107471
clsgappy-POD,0.01,3,0.9999,11,27,36,160,65.871811,0.323684,0.000537711,1.49675
clsQDEIM,0.01,3,0.9999,11,27,36,160,2.494000,0.357486,0.00021494,0.0852719
SOPT,0.01,3,0.9999,11,27,36,170,3.222507,0.22225,0.000346183,0.115553
gappy-POD,0.01,3,0.9999,11,27,36,170,3.310306,0.18189,0.000846395,0.2137
QDEIM,0.01,3,0.9999,11,27,36,170,3.592421,0.18779,0.000583601,0.176207
clsSOPT,0.01,3,0.9999,11,27,36,170,3.222507,0.327908,0.000302726,0.110431
clsgappy-POD,0.01,3,0.9999,11,27,36,170,56.361274,0.338582,0.000506703,1.51123
clsQDEIM,0.01,3,0.9999,11,27,36,170,2.426185,0.366562,0.000215088,0.082871
SOPT,0.01,3,0.9999,11,27,36,180,3.417915,0.223054,0.000344793,0.113859
gappy-POD,0.01,3,0.9999,11,27,36,180,3.246919,0.186441,0.000844149,0.216668
QDEIM,0.01,3,0.9999,11,27,36,180,3.672710,0.182798,0.000576977,0.171627
clsSOPT,0.01,3,0.9999,11,27,36,180,3.417915,0.333445,0.000291453,0.108909
clsgappy-POD,0.01,3,0.9999,11,27,36,180,74.893103,0.349736,0.000488593,1.51649
clsQDEIM,0.01,3,0.9999,11,27,36,180,2.474995,0.372347,0.000212894,0.0833832
SOPT,0.01,3,0.9999,11,27,36,190,3.272980,0.235515,0.000325188,0.111258
gappy-POD,0.01,3,0.9999,11,27,36,190,3.461263,0.190892,0.000810502,0.213524
QDEIM,0.01,3,0.9999,11,27,36,190,3.148542,0.190931,0.000552686,0.169047
clsSOPT,0.01,3,0.9999,11,27,36,190,3.272980,0.345771,0.000288653,0.109337
clsgappy-POD,0.01,3,0.9999,11,27,36,190,59.503305,0.350375,0.000386399,1.08276
clsQDEIM,0.01,3,0.9999,11,27,36,190,2.206224,0.379615,0.000211335,0.0781675
SOPT,0.01,3,0.9999,11,27,36,200,3.242247,0.239148,0.000272047,0.105556
gappy-POD,0.01,3,0.9999,11,27,36,200,2.917989,0.187859,0.000833245,0.213368
QDEIM,0.01,3,0.9999,11,27,36,200,3.222264,0.198316,0.000526084,0.170278
clsSOPT,0.01,3,0.9999,11,27,36,200,3.242247,0.353201,0.0002771,0.100016
clsgappy-POD,0.01,3,0.9999,11,27,36,200,54.814010,0.344067,0.000495462,1.05107
clsQDEIM,0.01,3,0.9999,11,27,36,200,2.301156,0.38795,0.000211837,0.0779703
SOPT,0.01,3,0.9999,11,27,36,210,3.041311,0.244353,0.000259515,0.105377
gappy-POD,0.01,3,0.9999,11,27,36,210,3.025316,0.190281,0.000760323,0.209541
QDEIM,0.01,3,0.9999,11,27,36,210,3.265621,0.22108,0.00044127,0.160969
clsSOPT,0.01,3,0.9999,11,27,36,210,3.041311,0.358678,0.000277081,0.0992159
clsgappy-POD,0.01,3,0.9999,11,27,36,210,56.128564,0.36862,0.000429688,1.11626
clsQDEIM,0.01,3,0.9999,11,27,36,210,2.094394,0.391951,0.000212134,0.0779747
SOPT,0.01,3,0.9999,11,27,36,220,3.002980,0.24866,0.000256115,0.105154
gappy-POD,0.01,3,0.9999,11,27,36,220,3.074106,0.193584,0.000800217,0.204304
QDEIM,0.01,3,0.9999,11,27,36,220,2.878918,0.223593,0.000440792,0.1607
clsSOPT,0.01,3,0.9999,11,27,36,220,3.002980,0.362638,0.000276856,0.0987593
clsgappy-POD,0.01,3,0.9999,11,27,36,220,76.208063,0.380481,0.000420851,1.18658
clsQDEIM,0.01,3,0.9999,11,27,36,220,2.307136,0.40594,0.000197608,0.0657573
SOPT,0.01,3,0.9999,11,27,36,230,3.192400,0.254281,0.000247105,0.0999059
gappy-POD,0.01,3,0.9999,11,27,36,230,2.952185,0.199757,0.000715591,0.21294
QDEIM,0.01,3,0.9999,11,27,36,230,2.864859,0.221664,0.000440026,0.161339
clsSOPT,0.01,3,0.9999,11,27,36,230,3.192400,0.374981,0.000248412,0.0823193
clsgappy-POD,0.01,3,0.9999,11,27,36,230,45.019443,0.388162,0.000362044,0.936778
clsQDEIM,0.01,3,0.9999,11,27,36,230,2.117280,0.412138,0.0001976,0.0649335
SOPT,0.01,4,0.99999,16,39,47,50,44.024240,0.131908,0.000870175,0.263792
gappy-POD,0.01,4,0.99999,16,39,47,50,83.977532,0.106308,0.00122439,0.327558
QDEIM,0.01,4,0.99999,16,39,47,50,84.381270,0.103415,0.00120242,0.330969
clsSOPT,0.01,4,0.99999,16,39,47,50,44.024240,0.166715,0.00074757,0.267185
clsgappy-POD,0.01,4,0.99999,16,39,47,50,1015.234168,0.180891,nan,nan
clsQDEIM,0.01,4,0.99999,16,39,47,50,27.978780,0.187672,0.000609952,0.162119
SOPT,0.01,4,0.99999,16,39,47,60,20.927578,0.140348,0.000797105,0.231021
gappy-POD,0.01,4,0.99999,16,39,47,60,20.266854,0.104006,0.00124266,0.329073
QDEIM,0.01,4,0.99999,16,39,47,60,22.094705,0.124033,0.00109588,0.307148
clsSOPT,0.01,4,0.99999,16,39,47,60,20.927578,0.18708,0.00069773,0.220321
clsgappy-POD,0.01,4,0.99999,16,39,47,60,462.747646,0.187548,nan,nan
clsQDEIM,0.01,4,0.99999,16,39,47,60,14.672894,0.222386,0.000524713,0.16463
SOPT,0.01,4,0.99999,16,39,47,70,13.863160,0.155564,0.000731202,0.212183
gappy-POD,0.01,4,0.99999,16,39,47,70,11.005999,0.114587,0.00111497,0.284498
QDEIM,0.01,4,0.99999,16,39,47,70,15.526952,0.132208,0.000970605,0.267766
clsSOPT,0.01,4,0.99999,16,39,47,70,13.863160,0.204113,0.000667133,0.204895
clsgappy-POD,0.01,4,0.99999,16,39,47,70,641.025308,0.218354,nan,nan
clsQDEIM,0.01,4,0.99999,16,39,47,70,8.327285,0.239714,0.000448383,0.162126
SOPT,0.01,4,0.99999,16,39,47,80,9.082005,0.160333,0.000702539,0.208362
gappy-POD,0.01,4,0.99999,16,39,47,80,8.440214,0.115362,0.00110649,0.28816
QDEIM,0.01,4,0.99999,16,39,47,80,12.970787,0.151662,0.000879065,0.244736
clsSOPT,0.01,4,0.99999,16,39,47,80,9.082005,0.226953,0.000535117,0.179915
clsgappy-POD,0.01,4,0.99999,16,39,47,80,632.090044,0.242562,0.000561837,3.74508
clsQDEIM,0.01,4,0.99999,16,39,47,80,7.529390,0.252363,0.000403903,0.150996
SOPT,0.01,4,0.99999,16,39,47,90,7.269723,0.168644,0.00068285,0.202964
gappy-POD,0.01,4,0.99999,16,39,47,90,7.809722,0.123603,0.00108619,0.287423
QDEIM,0.01,4,0.99999,16,39,47,90,8.659995,0.15683,0.000834723,0.23737
clsSOPT,0.01,4,0.99999,16,39,47,90,7.269723,0.23723,0.000513654,0.169471
clsgappy-POD,0.01,4,0.99999,16,39,47,90,725.551111,0.261346,0.000545324,4.92703
clsQDEIM,0.01,4,0.99999,16,39,47,90,5.578502,0.259765,0.000405606,0.159566
SOPT,0.01,4,0.99999,16,39,47,100,6.329979,0.175599,0.000598601,0.180576
gappy-POD,0.01,4,0.99999,16,39,47,100,6.091677,0.133993,0.00106556,0.284983
QDEIM,0.01,4,0.99999,16,39,47,100,9.832000,0.162608,0.000726085,0.206368
clsSOPT,0.01,4,0.99999,16,39,47,100,6.329979,0.250828,0.000484695,0.153253
clsgappy-POD,0.01,4,0.99999,16,39,47,100,114.591081,0.281781,0.000818581,3.82728
clsQDEIM,0.01,4,0.99999,16,39,47,100,4.854903,0.265756,0.000387741,0.167288
SOPT,0.01,4,0.99999,16,39,47,110,4.875438,0.178466,0.000583955,0.17922
gappy-POD,0.01,4,0.99999,16,39,47,110,5.862441,0.149133,0.00107534,0.291683
QDEIM,0.01,4,0.99999,16,39,47,110,6.388233,0.167549,0.000668784,0.187306
clsSOPT,0.01,4,0.99999,16,39,47,110,4.875438,0.264689,0.000449685,0.145895
clsgappy-POD,0.01,4,0.99999,16,39,47,110,617.126319,0.286751,0.000305716,2.06778
clsQDEIM,0.01,4,0.99999,16,39,47,110,5.341570,0.280783,0.000365791,0.148554
SOPT,0.01,4,0.99999,16,39,47,120,5.096077,0.181126,0.000580598,0.178768
gappy-POD,0.01,4,0.99999,16,39,47,120,5.850847,0.152982,0.000998711,0.274032
QDEIM,0.01,4,0.99999,16,39,47,120,7.222003,0.189353,0.000520564,0.144388
clsSOPT,0.01,4,0.99999,16,39,47,120,5.096077,0.274076,0.000444649,0.143895
clsgappy-POD,0.01,4,0.99999,16,39,47,120,1220.457284,0.293442,0.000270949,1.9509
clsQDEIM,0.01,4,0.99999,16,39,47,120,3.871253,0.292963,0.00034847,0.151035
SOPT,0.01,4,0.99999,16,39,47,130,4.486800,0.193063,0.000545479,0.167171
gappy-POD,0.01,4,0.99999,16,39,47,130,4.853621,0.153192,0.0010024,0.273565
QDEIM,0.01,4,0.99999,16,39,47,130,10.901365,0.196314,0.000491592,0.139729
clsSOPT,0.01,4,0.99999,16,39,47,130,4.486800,0.281901,0.000437568,0.141424
clsgappy-POD,0.01,4,0.99999,16,39,47,130,792.638657,0.307925,0.000256915,1.21988
clsQDEIM,0.01,4,0.99999,16,39,47,130,3.634818,0.302423,0.000336485,0.153066
SOPT,0.01,4,0.99999,16,39,47,140,4.562276,0.193292,0.000544219,0.167101
gappy-POD,0.01,4,0.99999,16,39,47,140,4.982577,0.154558,0.00100174,0.273162
QDEIM,0.01,4,0.99999,16,39,47,140,9.402455,0.200893,0.000445511,0.135306
clsSOPT,0.01,4,0.99999,16,39,47,140,4.562276,0.304948,0.000367581,0.132319
clsgappy-POD,0.01,4,0.99999,16,39,47,140,1010.286186,0.311951,0.000248728,1.50353
clsQDEIM,0.01,4,0.99999,16,39,47,140,3.336577,0.32568,0.000260797,0.109148
SOPT,0.01,4,0.99999,16,39,47,150,4.848248,0.205362,0.000458594,0.153273
gappy-POD,0.01,4,0.99999,16,39,47,150,4.181138,0.15972,0.000989898,0.271433
QDEIM,0.01,4,0.99999,16,39,47,150,10.411212,0.207835,0.000416228,0.12012
clsSOPT,0.01,4,0.99999,16,39,47,150,4.848248,0.308403,0.00033771,0.123474
clsgappy-POD,0.01,4,0.99999,16,39,47,150,481.628899,0.334639,0.000273011,1.93714
clsQDEIM,0.01,4,0.99999,16,39,47,150,3.044993,0.330672,0.000261904,0.108527
SOPT,0.01,4,0.99999,16,39,47,160,4.167608,0.210568,0.00044396,0.149895
gappy-POD,0.01,4,0.99999,16,39,47,160,4.204759,0.165048,0.00103273,0.279748
QDEIM,0.01,4,0.99999,16,39,47,160,7.714160,0.213009,0.000394821,0.118584
clsSOPT,0.01,4,0.99999,16,39,47,160,4.167608,0.312807,0.000338105,0.12395
clsgappy-POD,0.01,4,0.99999,16,39,47,160,107.004208,0.327081,0.000273348,2.68678
clsQDEIM,0.01,4,0.99999,16,39,47,160,3.327731,0.344261,0.000257215,0.106339
SOPT,0.01,4,0.99999,16,39,47,170,4.755144,0.213647,0.000440235,0.149543
gappy-POD,0.01,4,0.99999,16,39,47,170,4.529787,0.175418,0.000919681,0.252399
QDEIM,0.01,4,0.99999,16,39,47,170,8.536270,0.219591,0.000373521,0.116985
clsSOPT,0.01,4,0.99999,16,39,47,170,4.755144,0.325728,0.000296509,0.122304
clsgappy-POD,0.01,4,0.99999,16,39,47,170,92.691340,0.340973,0.000250688,2.19825
clsQDEIM,0.01,4,0.99999,16,39,47,170,3.183698,0.351727,0.000258329,0.105649
SOPT,0.01,4,0.99999,16,39,47,180,4.028441,0.217296,0.000409573,0.145967
gappy-POD,0.01,4,0.99999,16,39,47,180,4.330023,0.181331,0.000877668,0.252864
QDEIM,0.01,4,0.99999,16,39,47,180,7.171649,0.223921,0.000360747,0.117804
clsSOPT,0.01,4,0.99999,16,39,47,180,4.028441,0.334976,0.000286975,0.117687
clsgappy-POD,0.01,4,0.99999,16,39,47,180,110.620639,0.3482,0.00024438,2.53929
clsQDEIM,0.01,4,0.99999,16,39,47,180,2.944178,0.362169,0.000252489,0.101961
SOPT,0.01,4,0.99999,16,39,47,190,3.957254,0.22165,0.000407717,0.146528
gappy-POD,0.01,4,0.99999,16,39,47,190,3.987555,0.177065,0.000905342,0.249539
QDEIM,0.01,4,0.99999,16,39,47,190,7.824881,0.22381,0.000360815,0.117825
clsSOPT,0.01,4,0.99999,16,39,47,190,3.957254,0.348498,0.000278161,0.116357
clsgappy-POD,0.01,4,0.99999,16,39,47,190,449.546518,0.355344,0.000216093,2.36306
clsQDEIM,0.01,4,0.99999,16,39,47,190,2.828473,0.377399,0.000222215,0.0884614
SOPT,0.01,4,0.99999,16,39,47,200,3.802519,0.225742,0.000399534,0.146042
gappy-POD,0.01,4,0.99999,16,39,47,200,3.897362,0.181767,0.000868839,0.250075
QDEIM,0.01,4,0.99999,16,39,47,200,6.953231,0.225559,0.000352987,0.118027
clsSOPT,0.01,4,0.99999,16,39,47,200,3.802519,0.359118,0.000268718,0.114958
clsgappy-POD,0.01,4,0.99999,16,39,47,200,160.161850,0.375625,0.000256463,2.20228
clsQDEIM,0.01,4,0.99999,16,39,47,200,2.508896,0.3863,0.000220675,0.0899256
SOPT,0.01,4,0.99999,16,39,47,210,3.668166,0.228172,0.000371197,0.145284
gappy-POD,0.01,4,0.99999,16,39,47,210,4.102647,0.177421,0.000896121,0.249417
QDEIM,0.01,4,0.99999,16,39,47,210,7.788129,0.224692,0.000352554,0.118299
clsSOPT,0.01,4,0.99999,16,39,47,210,3.668166,0.372229,0.000245108,0.111596
clsgappy-POD,0.01,4,0.99999,16,39,47,210,149.442010,0.377091,0.000249279,1.99458
clsQDEIM,0.01,4,0.99999,16,39,47,210,2.687857,0.396115,0.000212614,0.0817215
SOPT,0.01,4,0.99999,16,39,47,220,3.858825,0.233994,0.000329183,0.130485
gappy-POD,0.01,4,0.99999,16,39,47,220,3.798658,0.18926,0.00086274,0.247173
QDEIM,0.01,4,0.99999,16,39,47,220,6.799677,0.232767,0.000324179,0.109355
clsSOPT,0.01,4,0.99999,16,39,47,220,3.858825,0.37878,0.000220917,0.0987656
clsgappy-POD,0.01,4,0.99999,16,39,47,220,70.600806,0.381571,0.000284075,1.88837
clsQDEIM,0.01,4,0.99999,16,39,47,220,2.421297,0.408541,0.000204656,0.0775515
SOPT,0.01,4,0.99999,16,39,47,230,3.635740,0.237785,0.000329373,0.130897
gappy-POD,0.01,4,0.99999,16,39,47,230,3.759591,0.185567,0.000862442,0.247704
QDEIM,0.01,4,0.99999,16,39,47,230,7.833513,0.236902,0.000312474,0.10575
clsSOPT,0.01,4,0.99999,16,39,47,230,3.635740,0.397748,0.000219853,0.0986101
clsgappy-POD,0.01,4,0.99999,16,39,47,230,151.643977,0.39936,0.000285434,1.91295
clsQDEIM,0.01,4,0.99999,16,39,47,230,2.456617,0.407391,0.000204754,0.0774587
SOPT,0.01,5,0.999999,25,49,55,60,35.273760,0.141523,0.000807029,0.258299
gappy-POD,0.01,5,0.999999,25,49,55,60,36.730217,0.111329,0.00116092,0.368285
QDEIM,0.01,5,0.999999,25,49,55,60,31.497241,0.106601,0.00128768,0.366245
clsSOPT,0.01,5,0.999999,25,49,55,60,35.273760,0.195594,0.00070663,0.158688
clsgappy-POD,0.01,5,0.999999,25,49,55,60,3202.890264,0.179226,nan,nan
clsQDEIM,0.01,5,0.999999,25,49,55,60,22.207378,0.190451,0.000735688,0.250866
SOPT,0.01,5,0.999999,25,49,55,70,16.340997,0.148024,0.00075163,0.247518
gappy-POD,0.01,5,0.999999,25,49,55,70,15.450159,0.113282,0.00116899,0.364552
QDEIM,0.01,5,0.999999,25,49,55,70,32.002929,0.126747,0.00106071,0.321713
clsSOPT,0.01,5,0.999999,25,49,55,70,16.340997,0.214057,0.000600153,0.15342
clsgappy-POD,0.01,5,0.999999,25,49,55,70,228.620352,0.194756,nan,nan
clsQDEIM,0.01,5,0.999999,25,49,55,70,11.019994,0.232177,0.000514867,0.241772
SOPT,0.01,5,0.999999,25,49,55,80,12.911275,0.158689,0.000678965,0.228098
gappy-POD,0.01,5,0.999999,25,49,55,80,13.411137,0.123279,0.00104906,0.329747
QDEIM,0.01,5,0.999999,25,49,55,80,16.175642,0.136225,0.000992856,0.308212
clsSOPT,0.01,5,0.999999,25,49,55,80,12.911275,0.224635,0.000548062,0.15365
clsgappy-POD,0.01,5,0.999999,25,49,55,80,1404.329254,0.224519,nan,nan
clsQDEIM,0.01,5,0.999999,25,49,55,80,10.077169,0.258813,0.000368789,0.128269
SOPT,0.01,5,0.999999,25,49,55,90,11.856082,0.164699,0.000613297,0.221128
gappy-POD,0.01,5,0.999999,25,49,55,90,7.703627,0.118655,0.00107749,0.336927
QDEIM,0.01,5,0.999999,25,49,55,90,15.160486,0.154134,0.000970088,0.303375
clsSOPT,0.01,5,0.999999,25,49,55,90,11.856082,0.234131,0.000535967,0.176023
clsgappy-POD,0.01,5,0.999999,25,49,55,90,1407.089497,0.238346,0.00237101,15.4526
clsQDEIM,0.01,5,0.999999,25,49,55,90,9.003486,0.276601,0.000307583,0.120659
SOPT,0.01,5,0.999999,25,49,55,100,7.287392,0.164943,0.000613252,0.220807
gappy-POD,0.01,5,0.999999,25,49,55,100,7.553680,0.135041,0.00103588,0.322301
QDEIM,0.01,5,0.999999,25,49,55,100,10.320595,0.15849,0.000937476,0.298435
clsSOPT,0.01,5,0.999999,25,49,55,100,7.287392,0.240164,0.000530106,0.178964
clsgappy-POD,0.01,5,0.999999,25,49,55,100,1253.519729,0.250119,0.0127544,470.964
clsQDEIM,0.01,5,0.999999,25,49,55,100,5.881974,0.291471,0.000263939,0.108778
SOPT,0.01,5,0.999999,25,49,55,110,5.442648,0.169515,0.000577755,0.218116
gappy-POD,0.01,5,0.999999,25,49,55,110,73.707585,0.14285,0.00100037,0.299768
QDEIM,0.01,5,0.999999,25,49,55,110,13.030242,0.167187,0.000881708,0.286427
clsSOPT,0.01,5,0.999999,25,49,55,110,5.442648,0.249675,0.000490706,0.164476
clsgappy-POD,0.01,5,0.999999,25,49,55,110,1072.496825,0.267923,0.00162879,19.0738
clsQDEIM,0.01,5,0.999999,25,49,55,110,17.255236,0.300383,0.000227144,0.102696
SOPT,0.01,5,0.999999,25,49,55,120,6.426548,0.180045,0.00048992,0.190912
gappy-POD,0.01,5,0.999999,25,49,55,120,7.785922,0.147045,0.00100618,0.29898
QDEIM,0.01,5,0.999999,25,49,55,120,9.021578,0.171911,0.0008727,0.283966
clsSOPT,0.01,5,0.999999,25,49,55,120,6.426548,0.262449,0.000475552,0.160532
clsgappy-POD,0.01,5,0.999999,25,49,55,120,120.777675,0.274365,0.000698255,2.92744
clsQDEIM,0.01,5,0.999999,25,49,55,120,4.438578,0.315687,0.000227168,0.103813
SOPT,0.01,5,0.999999,25,49,55,130,6.262083,0.185617,0.000476843,0.187955
gappy-POD,0.01,5,0.999999,25,49,55,130,5.730248,0.156753,0.000998271,0.292238
QDEIM,0.01,5,0.999999,25,49,55,130,8.256207,0.173846,0.000857107,0.279911
clsSOPT,0.01,5,0.999999,25,49,55,130,6.262083,0.279974,0.000427072,0.156642
clsgappy-POD,0.01,5,0.999999,25,49,55,130,1272.853699,0.306227,0.000416761,2.24794
clsQDEIM,0.01,5,0.999999,25,49,55,130,4.111337,0.326771,0.000216463,0.106538
SOPT,0.01,5,0.999999,25,49,55,140,5.587298,0.189075,0.000473391,0.189044
gappy-POD,0.01,5,0.999999,25,49,55,140,6.078199,0.159525,0.00095169,0.29068
QDEIM,0.01,5,0.999999,25,49,55,140,6.394546,0.17768,0.000821332,0.273236
clsSOPT,0.01,5,0.999999,25,49,55,140,5.587298,0.291045,0.00042463,0.155808
clsgappy-POD,0.01,5,0.999999,25,49,55,140,1348.834152,0.305986,0.000236298,2.95363
clsQDEIM,0.01,5,0.999999,25,49,55,140,3.869845,0.336488,0.00021223,0.103121
SOPT,0.01,5,0.999999,25,49,55,150,5.427393,0.19696,0.000446122,0.182705
gappy-POD,0.01,5,0.999999,25,49,55,150,5.015473,0.158864,0.000951969,0.289595
QDEIM,0.01,5,0.999999,25,49,55,150,7.417522,0.177228,0.000821217,0.273508
clsSOPT,0.01,5,0.999999,25,49,55,150,5.427393,0.316915,0.00035664,0.148532
clsgappy-POD,0.01,5,0.999999,25,49,55,150,58.595306,0.327395,0.000285285,1.96128
clsQDEIM,0.01,5,0.999999,25,49,55,150,3.535367,0.345095,0.000207573,0.0993357
SOPT,0.01,5,0.999999,25,49,55,160,5.130613,0.2024,0.000422212,0.175245
gappy-POD,0.01,5,0.999999,25,49,55,160,4.761566,0.164296,0.000915668,0.279412
QDEIM,0.01,5,0.999999,25,49,55,160,5.783455,0.183915,0.000820958,0.274853
clsSOPT,0.01,5,0.999999,25,49,55,160,5.130613,0.314291,0.000357058,0.148612
clsgappy-POD,0.01,5,0.999999,25,49,55,160,51.973322,0.336814,0.000268644,2.03459
clsQDEIM,0.01,5,0.999999,25,49,55,160,3.332849,0.352043,0.000208404,0.0992309
SOPT,0.01,5,0.999999,25,49,55,170,4.759347,0.201252,0.000421831,0.174897
gappy-POD,0.01,5,0.999999,25,49,55,170,4.987832,0.174393,0.000876994,0.273275
QDEIM,0.01,5,0.999999,25,49,55,170,5.774711,0.183159,0.000767486,0.264315
clsSOPT,0.01,5,0.999999,25,49,55,170,4.759347,0.324134,0.000356251,0.150145
clsgappy-POD,0.01,5,0.999999,25,49,55,170,80.395512,0.341923,0.000286801,3.97634
clsQDEIM,0.01,5,0.999999,25,49,55,170,3.497045,0.363815,0.000202062,0.0939477
SOPT,0.01,5,0.999999,25,49,55,180,4.525141,0.208576,0.000399679,0.173834
gappy-POD,0.01,5,0.999999,25,49,55,180,4.984254,0.169921,0.000984147,0.290652
QDEIM,0.01,5,0.999999,25,49,55,180,5.159306,0.186337,0.00073012,0.256002
clsSOPT,0.01,5,0.999999,25,49,55,180,4.525141,0.334265,0.000356052,0.15008
clsgappy-POD,0.01,5,0.999999,25,49,55,180,70.360971,0.36273,0.000355992,3.38926
clsQDEIM,0.01,5,0.999999,25,49,55,180,3.294324,0.373962,0.000201648,0.0902476
SOPT,0.01,5,0.999999,25,49,55,190,4.727460,0.215478,0.000377454,0.166237
gappy-POD,0.01,5,0.999999,25,49,55,190,4.572144,0.173878,0.000921443,0.280056
QDEIM,0.01,5,0.999999,25,49,55,190,5.059969,0.194902,0.000727562,0.256856
clsSOPT,0.01,5,0.999999,25,49,55,190,4.727460,0.339645,0.000356443,0.148236
clsgappy-POD,0.01,5,0.999999,25,49,55,190,63.209773,0.347675,0.000534416,3.65522
clsQDEIM,0.01,5,0.999999,25,49,55,190,3.173790,0.381336,0.000200945,0.0896555
SOPT,0.01,5,0.999999,25,49,55,200,4.375667,0.221154,0.000374146,0.165803
gappy-POD,0.01,5,0.999999,25,49,55,200,4.437002,0.175513,0.000888592,0.279973
QDEIM,0.01,5,0.999999,25,49,55,200,6.478210,0.202373,0.000629004,0.227543
clsSOPT,0.01,5,0.999999,25,49,55,200,4.375667,0.355983,0.000331392,0.13781
clsgappy-POD,0.01,5,0.999999,25,49,55,200,70.428349,0.362943,0.000359828,2.99853
clsQDEIM,0.01,5,0.999999,25,49,55,200,3.538421,0.387539,0.000200171,0.088627
SOPT,0.01,5,0.999999,25,49,55,210,4.866696,0.229556,0.000350083,0.156768
gappy-POD,0.01,5,0.999999,25,49,55,210,4.446104,0.181366,0.000876007,0.278548
QDEIM,0.01,5,0.999999,25,49,55,210,6.519515,0.207614,0.000592487,0.214572
clsSOPT,0.01,5,0.999999,25,49,55,210,4.866696,0.365578,0.000326959,0.136656
clsgappy-POD,0.01,5,0.999999,25,49,55,210,60.767073,0.371408,0.000296001,1.6518
clsQDEIM,0.01,5,0.999999,25,49,55,210,2.936248,0.392932,0.000197651,0.089527
SOPT,0.01,5,0.999999,25,49,55,220,4.600956,0.230177,0.000350165,0.157008
gappy-POD,0.01,5,0.999999,25,49,55,220,4.726362,0.189142,0.000811338,0.258996
QDEIM,0.01,5,0.999999,25,49,55,220,6.064270,0.212096,0.000533338,0.203899
clsSOPT,0.01,5,0.999999,25,49,55,220,4.600956,0.376887,0.000284915,0.132065
clsgappy-POD,0.01,5,0.999999,25,49,55,220,996.679078,0.379995,0.000305561,1.97174
clsQDEIM,0.01,5,0.999999,25,49,55,220,3.274559,0.399328,0.000197819,0.0900031
SOPT,0.01,5,0.999999,25,49,55,230,4.006311,0.236635,0.000318958,0.147753
gappy-POD,0.01,5,0.999999,25,49,55,230,4.112520,0.185234,0.000850486,0.260909
QDEIM,0.01,5,0.999999,25,49,55,230,4.907988,0.213965,0.000533665,0.203597
clsSOPT,0.01,5,0.999999,25,49,55,230,4.006311,0.385268,0.000262008,0.124552
clsgappy-POD,0.01,5,0.999999,25,49,55,230,105.329560,0.406287,0.000262481,1.98439
clsQDEIM,0.01,5,0.999999,25,49,55,230,2.798941,0.408434,0.000197783,0.0901593
SOPT,0.01,6,0.9999999,37,57,61,70,41.334366,0.144836,0.000795613,0.335687
gappy-POD,0.01,6,0.9999999,37,57,61,70,32.424109,0.112779,0.00118845,0.51916
QDEIM,0.01,6,0.9999999,37,57,61,70,33.545380,0.138335,0.000902142,0.368635
clsSOPT,0.01,6,0.9999999,37,57,61,70,41.334366,0.204723,0.000839537,0.311172
clsgappy-POD,0.01,6,0.9999999,37,57,61,70,431.081921,0.211396,nan,nan
clsQDEIM,0.01,6,0.9999999,37,57,61,70,26.304303,0.210059,0.000574905,0.322818
SOPT,0.01,6,0.9999999,37,57,61,80,22.397776,0.148417,0.000766517,0.305558
gappy-POD,0.01,6,0.9999999,37,57,61,80,18.534971,0.124599,0.00113546,0.474004
QDEIM,0.01,6,0.9999999,37,57,61,80,24.201355,0.14914,0.000808533,0.321501
clsSOPT,0.01,6,0.9999999,37,57,61,80,22.397776,0.222818,0.000753553,0.287826
clsgappy-POD,0.01,6,0.9999999,37,57,61,80,224.726639,0.204985,nan,nan
clsQDEIM,0.01,6,0.9999999,37,57,61,80,11.623809,0.242716,0.000519641,0.227368
SOPT,0.01,6,0.9999999,37,57,61,90,11.961457,0.157738,0.000670723,0.279452
gappy-POD,0.01,6,0.9999999,37,57,61,90,13.528227,0.123099,0.00109062,0.476122
QDEIM,0.01,6,0.9999999,37,57,61,90,17.729414,0.160557,0.00074033,0.294789
clsSOPT,0.01,6,0.9999999,37,57,61,90,11.961457,0.236361,0.000745741,0.28316
clsgappy-POD,0.01,6,0.9999999,37,57,61,90,171.676592,0.233568,nan,nan
clsQDEIM,0.01,6,0.9999999,37,57,61,90,9.355743,0.257982,0.000510613,0.230115
SOPT,0.01,6,0.9999999,37,57,61,100,9.322786,0.164193,0.000649259,0.280446
gappy-POD,0.01,6,0.9999999,37,57,61,100,9.946254,0.138775,0.00104745,0.450218
QDEIM,0.01,6,0.9999999,37,57,61,100,11.444588,0.170424,0.000736825,0.288241
clsSOPT,0.01,6,0.9999999,37,57,61,100,9.322786,0.252721,0.000703133,0.27062
clsgappy-POD,0.01,6,0.9999999,37,57,61,100,116.835395,0.259636,nan,nan
clsQDEIM,0.01,6,0.9999999,37,57,61,100,7.320396,0.268387,0.000472294,0.217998
SOPT,0.01,6,0.9999999,37,57,61,110,9.509969,0.16697,0.000631574,0.272369
gappy-POD,0.01,6,0.9999999,37,57,61,110,7.569552,0.13946,0.00103006,0.427744
QDEIM,0.01,6,0.9999999,37,57,61,110,10.002259,0.168315,0.000735001,0.28987
clsSOPT,0.01,6,0.9999999,37,57,61,110,9.509969,0.261067,0.000658241,0.261098
clsgappy-POD,0.01,6,0.9999999,37,57,61,110,106.735953,0.269119,nan,nan
clsQDEIM,0.01,6,0.9999999,37,57,61,110,6.123981,0.28682,0.000430925,0.225143
SOPT,0.01,6,0.9999999,37,57,61,120,7.253703,0.170446,0.000619945,0.26706
gappy-POD,0.01,6,0.9999999,37,57,61,120,7.424129,0.146546,0.00099515,0.409034
QDEIM,0.01,6,0.9999999,37,57,61,120,11.248255,0.176378,0.000718571,0.287769
clsSOPT,0.01,6,0.9999999,37,57,61,120,7.253703,0.279069,0.000551389,0.243073
clsgappy-POD,0.01,6,0.9999999,37,57,61,120,358.038999,0.298708,nan,nan
clsQDEIM,0.01,6,0.9999999,37,57,61,120,5.156182,0.294696,0.00042213,0.201063
SOPT,0.01,6,0.9999999,37,57,61,130,6.724978,0.171251,0.000598896,0.261035
gappy-POD,0.01,6,0.9999999,37,57,61,130,6.197571,0.153416,0.000995341,0.392002
QDEIM,0.01,6,0.9999999,37,57,61,130,9.658772,0.183299,0.000693054,0.289521
clsSOPT,0.01,6,0.9999999,37,57,61,130,6.724978,0.297066,0.000476003,0.208574
clsgappy-POD,0.01,6,0.9999999,37,57,61,130,1293.678399,0.288126,nan,nan
clsQDEIM,0.01,6,0.9999999,37,57,61,130,5.020392,0.314519,0.000356026,0.181368
SOPT,0.01,6,0.9999999,37,57,61,140,6.447947,0.179036,0.00055563,0.255087
gappy-POD,0.01,6,0.9999999,37,57,61,140,6.069702,0.157492,0.000999663,0.369162
QDEIM,0.01,6,0.9999999,37,57,61,140,7.922931,0.185746,0.000686729,0.290203
clsSOPT,0.01,6,0.9999999,37,57,61,140,6.447947,0.304443,0.000432144,0.197482
clsgappy-POD,0.01,6,0.9999999,37,57,61,140,124.611414,0.310424,nan,nan
clsQDEIM,0.01,6,0.9999999,37,57,61,140,4.547016,0.319733,0.000352628,0.179244
SOPT,0.01,6,0.9999999,37,57,61,150,5.998722,0.185668,0.000534468,0.247512
gappy-POD,0.01,6,0.9999999,37,57,61,150,5.078145,0.160713,0.000950246,0.365132
QDEIM,0.01,6,0.9999999,37,57,61,150,6.800800,0.183186,0.000686857,0.290099
clsSOPT,0.01,6,0.9999999,37,57,61,150,5.998722,0.31546,0.000432207,0.198356
clsgappy-POD,0.01,6,0.9999999,37,57,61,150,90.231338,0.322609,nan,nan
clsQDEIM,0.01,6,0.9999999,37,57,61,150,4.120774,0.322515,0.000349359,0.171264
SOPT,0.01,6,0.9999999,37,57,61,160,4.943185,0.198796,0.00050645,0.241424
gappy-POD,0.01,6,0.9999999,37,57,61,160,4.999646,0.165256,0.000940271,0.367059
QDEIM,0.01,6,0.9999999,37,57,61,160,6.887601,0.192105,0.000656171,0.281678
clsSOPT,0.01,6,0.9999999,37,57,61,160,4.943185,0.329094,0.000390214,0.178911
clsgappy-POD,0.01,6,0.9999999,37,57,61,160,183.918842,0.328138,nan,nan
clsQDEIM,0.01,6,0.9999999,37,57,61,160,4.043409,0.33966,0.000318346,0.164284
SOPT,0.01,6,0.9999999,37,57,61,170,5.199622,0.205766,0.000454223,0.228002
gappy-POD,0.01,6,0.9999999,37,57,61,170,5.342289,0.175216,0.000907217,0.348775
QDEIM,0.01,6,0.9999999,37,57,61,170,7.835610,0.193837,0.000639443,0.276854
clsSOPT,0.01,6,0.9999999,37,57,61,170,5.199622,0.331087,0.000390153,0.179686
clsgappy-POD,0.01,6,0.9999999,37,57,61,170,109.314849,0.335474,nan,nan
clsQDEIM,0.01,6,0.9999999,37,57,61,170,3.734357,0.348617,0.000288818,0.163292
SOPT,0.01,6,0.9999999,37,57,61,180,4.932722,0.214483,0.000437446,0.225005
gappy-POD,0.01,6,0.9999999,37,57,61,180,4.504445,0.179047,0.00086066,0.333255
QDEIM,0.01,6,0.9999999,37,57,61,180,5.935914,0.191426,0.000638901,0.2779
clsSOPT,0.01,6,0.9999999,37,57,61,180,4.932722,0.342529,0.000385524,0.176803
clsgappy-POD,0.01,6,0.9999999,37,57,61,180,63.347315,0.345096,nan,nan
clsQDEIM,0.01,6,0.9999999,37,57,61,180,3.766753,0.355438,0.000262006,0.158051
SOPT,0.01,6,0.9999999,37,57,61,190,5.674468,0.219419,0.000411837,0.218989
gappy-POD,0.01,6,0.9999999,37,57,61,190,5.306821,0.18515,0.000854791,0.33343
QDEIM,0.01,6,0.9999999,37,57,61,190,7.868002,0.199013,0.00063816,0.276581
clsSOPT,0.01,6,0.9999999,37,57,61,190,5.674468,0.343902,0.000385472,0.176038
clsgappy-POD,0.01,6,0.9999999,37,57,61,190,809.290376,0.363864,nan,nan
clsQDEIM,0.01,6,0.9999999,37,57,61,190,3.306250,0.367279,0.000255191,0.150447
SOPT,0.01,6,0.9999999,37,57,61,200,4.775030,0.221123,0.000410653,0.219558
gappy-POD,0.01,6,0.9999999,37,57,61,200,4.851578,0.174552,0.000953379,0.347288
QDEIM,0.01,6,0.9999999,37,57,61,200,6.524445,0.195048,0.000638375,0.27657
clsSOPT,0.01,6,0.9999999,37,57,61,200,4.775030,0.351532,0.000386049,0.179031
clsgappy-POD,0.01,6,0.9999999,37,57,61,200,72.093478,0.363385,nan,nan
clsQDEIM,0.01,6,0.9999999,37,57,61,200,3.244117,0.380043,0.000238891,0.139544
SOPT,0.01,6,0.9999999,37,57,61,210,4.677936,0.227889,0.000410089,0.218862
gappy-POD,0.01,6,0.9999999,37,57,61,210,4.724665,0.182156,0.000890395,0.332283
QDEIM,0.01,6,0.9999999,37,57,61,210,7.011184,0.195711,0.000638298,0.276712
clsSOPT,0.01,6,0.9999999,37,57,61,210,4.677936,0.358607,0.00038579,0.177631
clsgappy-POD,0.01,6,0.9999999,37,57,61,210,134.789545,0.382469,nan,nan
clsQDEIM,0.01,6,0.9999999,37,57,61,210,3.285402,0.391034,0.000229615,0.140167
SOPT,0.01,6,0.9999999,37,57,61,220,4.808837,0.233881,0.000375421,0.207542
gappy-POD,0.01,6,0.9999999,37,57,61,220,4.657998,0.183529,0.000868003,0.329782
QDEIM,0.01,6,0.9999999,37,57,61,220,5.937510,0.19753,0.000631637,0.27391
clsSOPT,0.01,6,0.9999999,37,57,61,220,4.808837,0.370193,0.00037193,0.172041
clsgappy-POD,0.01,6,0.9999999,37,57,61,220,762.080451,0.385327,nan,nan
clsQDEIM,0.01,6,0.9999999,37,57,61,220,2.828263,0.395131,0.000228424,0.138081
SOPT,0.01,6,0.9999999,37,57,61,230,4.682769,0.237619,0.000370691,0.207478
gappy-POD,0.01,6,0.9999999,37,57,61,230,4.249595,0.190526,0.000833357,0.31973
QDEIM,0.01,6,0.9999999,37,57,61,230,5.072141,0.196447,0.000631804,0.274642
clsSOPT,0.01,6,0.9999999,37,57,61,230,4.682769,0.38269,0.00034714,0.158444
clsgappy-POD,0.01,6,0.9999999,37,57,61,230,73.537789,0.395696,nan,nan
clsQDEIM,0.01,6,0.9999999,37,57,61,230,2.920266,0.399923,0.000227783,0.134984
