method,t,xx,vv,ee,q,condV,condE,time,ErrX,ErrV,ErrE
clssopt,0.1,6,4,3,10,1.298898,1.651338,0.276254,0.000212697,0.17106,0.00387534
clsqdeim,0.1,6,4,3,10,1.207590,2.684420,0.230693,nan,nan,nan
clsgnat,0.1,6,4,3,10,11.851933,35685.438459,0.122685,nan,nan,nan
sopt,0.1,6,4,3,10,1.820456,2.149235,0.253037,2.436e-05,0.0106881,0.00146833
qdeim,0.1,6,4,3,10,3.344298,3.152111,0.166044,3.95688e-05,0.0322157,0.00289994
gnat,0.1,6,4,3,10,2.231688,2.855869,0.164135,3.97283e-05,0.0322393,0.00291951
clssopt,0.1,6,4,3,20,1.000000,1.940800,0.45024,0.000199353,0.178251,0.00390877
clsqdeim,0.1,6,4,3,20,1.155622,8.501639,0.415248,nan,nan,nan
clsgnat,0.1,6,4,3,20,1543.516363,36436.795393,0.138928,nan,nan,nan
sopt,0.1,6,4,3,20,9.447070,1.787336,0.311224,3.86677e-05,0.0131759,0.00192926
qdeim,0.1,6,4,3,20,2.591161,3.439145,0.185222,3.96402e-05,0.0323485,0.00287655
gnat,0.1,6,4,3,20,4.815972,3.314605,0.200145,3.97834e-05,0.0323082,0.00292822
clssopt,0.1,6,4,3,30,1.000000,1.459617,0.55367,0.000190681,0.182573,0.00392679
clsqdeim,0.1,6,4,3,30,1.852509,2.177959,,0.0020776,10.7009,3.50903
clsgnat,0.1,6,4,3,30,3.364684,16286.075396,0.168722,nan,nan,nan
sopt,0.1,6,4,3,30,7.131049,4.359155,0.346241,5.82379e-05,0.0431027,0.00181751
qdeim,0.1,6,4,3,30,22.333613,3.720519,0.233163,4.56185e-05,0.0318973,0.00290872
gnat,0.1,6,4,3,30,3.015748,2.228683,0.233669,3.96177e-05,0.0320496,0.00289331
clssopt,0.1,6,4,3,40,1.000000,2.162230,0.777676,0.000187668,0.184209,0.00394951
clsqdeim,0.1,6,4,3,40,1.148723,3.255673,0.479749,0.000155783,0.217976,0.0062632
clsgnat,0.1,6,4,3,40,1.450392,15559.053353,0.220758,nan,nan,nan
sopt,0.1,6,4,3,40,7.668320,2638.920866,0.384129,0.000122884,0.15155,0.00316359
qdeim,0.1,6,4,3,40,2.253363,1.995240,0.268046,4.7569e-05,0.0234794,0.00169769
gnat,0.1,6,4,3,40,2.631486,2.448635,0.260895,3.96723e-05,0.0320874,0.00287166
clssopt,0.1,6,4,3,50,1.000000,1.886250,1.06456,0.000184088,0.186374,0.00393966
clsqdeim,0.1,6,4,3,50,1.149583,3.214302,0.392167,0.000973058,0.691167,0.0281205
clsgnat,0.1,6,4,3,50,1.665590,13839.445195,0.233081,nan,nan,nan
sopt,0.1,6,4,3,50,5.781736,4.350007,0.515087,0.000202107,0.308436,0.00536015
qdeim,0.1,6,4,3,50,2.022618,1.983909,0.274062,5.27356e-05,0.020308,0.00117154
gnat,0.1,6,4,3,50,4.871840,2.361862,0.293233,3.98014e-05,0.0321543,0.00286909
clssopt,0.1,6,4,3,60,1.000000,2.499531,1.05444,0.000182134,0.186577,0.00394721
clsqdeim,0.1,6,4,3,60,1.368906,2.930755,0.336431,0.000742469,0.666058,0.0246653
clsgnat,0.1,6,4,3,60,2.405777,13215.072750,0.313673,nan,nan,nan
sopt,0.1,6,4,3,60,5.405123,2698.919243,0.612864,0.000301047,0.556488,0.00891528
qdeim,0.1,6,4,3,60,12.464762,4.512555,0.279063,5.5523e-05,0.0201521,0.00116337
gnat,0.1,6,4,3,60,2.534005,2.338779,0.330219,3.99262e-05,0.0321793,0.00286512
clssopt,0.1,6,4,3,70,1.000000,1.800578,1.28185,0.000178995,0.186955,0.00387908
clsqdeim,0.1,6,4,3,70,1.091126,1.770468,0.639989,0.000316822,0.156478,0.0135607
clsgnat,0.1,6,4,3,70,2.029697,61959.978839,0.306975,nan,nan,nan
sopt,0.1,6,4,3,70,5.723314,3.937294,0.805439,0.000403758,0.875534,0.0150594
qdeim,0.1,6,4,3,70,2.118669,2.349654,0.300637,5.53941e-05,0.0197938,0.00115787
gnat,0.1,6,4,3,70,2.771310,2.570457,0.600891,2.57735e-05,0.0229906,0.00170124
clssopt,0.1,6,4,3,80,1.000000,2.437027,1.58662,0.000178,0.187066,0.00386421
clsqdeim,0.1,6,4,3,80,1.080103,3.621622,2.37017,0.00133703,1.69029,0.0546591
clsgnat,0.1,6,4,3,80,69527940.632329,61083.048841,0.339192,nan,nan,nan
sopt,0.1,6,4,3,80,4.393417,2916.772413,1.17379,0.000583658,1.63964,0.0415722
qdeim,0.1,6,4,3,80,2.482593,3.311910,0.32667,5.38777e-05,0.0211629,0.00115918
gnat,0.1,6,4,3,80,3.176540,2.652627,0.643877,2.4883e-05,0.01975,0.00169713
clssopt,0.1,6,4,3,90,1.000000,1.895641,1.61821,0.000178006,0.187057,0.00386397
clsqdeim,0.1,6,4,3,90,1.335135,2.029090,0.683728,0.00133091,0.973094,0.0393076
clsgnat,0.1,6,4,3,90,36973347.896351,59879.013615,0.36574,nan,nan,nan
sopt,0.1,6,4,3,90,4.431045,3.615142,1.35703,0.000728637,2.47117,0.0962184
qdeim,0.1,6,4,3,90,10.614374,3.449465,0.338495,5.28263e-05,0.0227923,0.00116879
gnat,0.1,6,4,3,90,2.265009,2.782252,0.661978,2.43372e-05,0.0174257,0.0016931
clssopt,0.1,6,4,3,100,1.000000,2.290692,1.84668,0.000178006,0.187057,0.00386397
clsqdeim,0.1,6,4,3,100,1.072094,4.151274,0.681174,0.00136352,0.991443,0.0415375
clsgnat,0.1,6,4,3,100,36588662.236752,64644.910143,0.375997,nan,nan,nan
sopt,0.1,6,4,3,100,4.563314,3052.106601,1.65864,0.000841383,3.322,0.186543
qdeim,0.1,6,4,3,100,3.518387,3.337863,0.348021,5.32325e-05,0.0232018,0.00118117
gnat,0.1,6,4,3,100,2.460238,2.571517,0.729591,2.38988e-05,0.0161008,0.0016918
clssopt,0.1,6,4,3,110,1.000000,2.526808,1.94918,0.000178014,0.187046,0.00386371
clsqdeim,0.1,6,4,3,110,1.065737,3.609829,0.761396,nan,nan,nan
clsgnat,0.1,6,4,3,110,41208024.526843,62590.221839,0.428652,nan,nan,nan
sopt,0.1,6,4,3,110,4.023075,3.558223,2.00013,0.000930638,4.1131,0.317282
qdeim,0.1,6,4,3,110,3.094203,3.341026,0.448929,5.42008e-05,0.0233212,0.00119679
gnat,0.1,6,4,3,110,2.298931,2.281621,0.772213,2.2072e-05,0.0138303,0.00164056
clssopt,0.1,6,4,3,120,1.000000,2.453925,2.14543,0.000178014,0.187046,0.00386371
clsqdeim,0.1,6,4,3,120,1.253451,11.785568,0.616098,nan,nan,nan
clsgnat,0.1,6,4,3,120,41468765.151389,63429.524956,0.446305,nan,nan,nan
sopt,0.1,6,4,3,120,4.062086,2039.008406,2.27285,0.000982395,4.59341,0.430051
qdeim,0.1,6,4,3,120,5.815175,2.904243,0.358651,5.50849e-05,0.0234369,0.00120984
gnat,0.1,6,4,3,120,2.260905,2.717204,0.768989,2.03899e-05,0.0117584,0.00158123
clssopt,0.1,6,4,3,130,1.000000,2.660873,2.28712,0.000178013,0.187047,0.0038637
clsqdeim,0.1,6,4,3,130,1.137844,3.028204,0.574398,nan,nan,nan
clsgnat,0.1,6,4,3,130,44910328.689070,63636.354999,0.449775,nan,nan,nan
sopt,0.1,6,4,3,130,3.785537,3.433320,2.55504,0.0010055,4.80957,0.494824
qdeim,0.1,6,4,3,130,2.673400,3.145515,0.350232,5.58798e-05,0.023549,0.00122169
gnat,0.1,6,4,3,130,2.392532,2.340349,0.791412,1.87972e-05,0.0104249,0.00151111
clssopt,0.1,6,4,3,140,1.000000,2.800749,2.48009,0.000178013,0.187047,0.0038637
clsqdeim,0.1,6,4,3,140,1.115307,4.675297,0.628101,nan,nan,nan
clsgnat,0.1,6,4,3,140,48166403.937309,66859.754624,0.575536,nan,nan,nan
sopt,0.1,6,4,3,140,3.812922,3.402985,2.72217,0.00102241,4.96559,0.549053
qdeim,0.1,6,4,3,140,2.699306,2.882402,0.357736,5.66046e-05,0.0235689,0.00123147
gnat,0.1,6,4,3,140,2.791621,2.438181,0.815073,1.78489e-05,0.00960384,0.00147044
clssopt,0.1,6,4,3,150,1.000000,2.455490,2.78556,0.000178014,0.187046,0.00386365
clsqdeim,0.1,6,4,3,150,1.322965,2.495516,0.65918,nan,nan,nan
clsgnat,0.1,6,4,3,150,47761597.760674,65448.150760,0.491166,nan,nan,nan
sopt,0.1,6,4,3,150,3.824691,3.075760,2.758,0.00100689,4.81733,0.499314
qdeim,0.1,6,4,3,150,4.435029,3.060180,0.371464,5.78911e-05,0.0236035,0.00125155
gnat,0.1,6,4,3,150,2.203093,2.383929,0.817155,1.79735e-05,0.00958485,0.00147552
clssopt,0.1,6,4,3,160,1.000000,2.557876,3.04283,0.000178014,0.187046,0.00386365
clsqdeim,0.1,6,4,3,160,1.057961,4.826478,0.72954,nan,nan,nan
clsgnat,0.1,6,4,3,160,47322578.107701,66313.732710,0.507551,nan,nan,nan
sopt,0.1,6,4,3,160,3.883643,3.043552,2.97422,0.00101142,4.85792,0.514032
qdeim,0.1,6,4,3,160,2.703479,2.921848,0.352526,5.91395e-05,0.0236875,0.00127519
gnat,0.1,6,4,3,160,2.343057,3.243655,0.853846,1.81377e-05,0.00968074,0.00148228
clssopt,0.1,6,4,3,170,1.000000,2.520137,3.2622,0.000178016,0.187042,0.00386357
clsqdeim,0.1,6,4,3,170,1.108045,2.626140,0.642051,nan,nan,nan
clsgnat,0.1,6,4,3,170,52179240.233659,64452.819750,0.521796,nan,nan,nan
sopt,0.1,6,4,3,170,3.964829,2.931633,2.86259,0.00101928,4.92966,0.539762
qdeim,0.1,6,4,3,170,2.614305,2.972726,0.333609,7.52535e-05,0.0265709,0.00200468
gnat,0.1,6,4,3,170,2.759275,2.398602,0.847154,1.82902e-05,0.00978258,0.00148877
clssopt,0.1,6,4,3,180,1.000000,2.569506,3.50931,0.000178016,0.187042,0.00386357
clsqdeim,0.1,6,4,3,180,1.459844,4.647431,0.631869,nan,nan,nan
clsgnat,0.1,6,4,3,180,52343721.223378,73020.908951,0.542205,nan,nan,nan
sopt,0.1,6,4,3,180,4.012075,5.188037,2.88975,0.00101376,4.87568,0.521723
qdeim,0.1,6,4,3,180,4.697327,2.734851,0.325832,7.56384e-05,0.0264031,0.00203091
gnat,0.1,6,4,3,180,2.361304,2.695816,0.967567,1.84182e-05,0.00991914,0.00149456
clssopt,0.1,6,4,3,190,1.000000,2.648897,3.77126,0.000178016,0.187042,0.00386357
clsqdeim,0.1,6,4,3,190,1.128870,2.798348,0.673322,nan,nan,nan
clsgnat,0.1,6,4,3,190,53639927.372690,64578.935468,0.541958,nan,nan,nan
sopt,0.1,6,4,3,190,4.288709,3.425664,3.04781,0.00102128,4.94482,0.546966
qdeim,0.1,6,4,3,190,2.845899,2.948005,0.317623,7.57618e-05,0.0261072,0.00203326
gnat,0.1,6,4,3,190,2.288107,2.479003,0.907132,1.85835e-05,0.0100343,0.00150045
clssopt,0.1,6,4,3,200,1.000000,2.719637,3.94327,0.000178016,0.187042,0.00386357
clsqdeim,0.1,6,4,3,200,1.161754,4.526460,0.659777,nan,nan,nan
clsgnat,0.1,6,4,3,200,56738610.930318,68092.486907,0.571373,nan,nan,nan
sopt,0.1,6,4,3,200,2.837161,7.153083,3.23322,0.00101622,4.89787,0.530451
qdeim,0.1,6,4,3,200,2.896165,2.962778,0.427391,7.57946e-05,0.0258267,0.00203586
gnat,0.1,6,4,3,200,2.654029,2.662744,0.894271,1.87482e-05,0.010148,0.00150613
clssopt,0.1,6,6,5,10,2.067313,3.577104,0.288076,0.00127634,,
clsqdeim,0.1,6,6,5,10,6.249770,4.387599,0.721048,0.00204489,6.11774,0.678862
clsgnat,0.1,6,6,5,10,209471809.845211,48945.321510,0.158533,0.00127634,,
sopt,0.1,6,6,5,10,5.739289,6.149829,0.277114,2.08273e-05,0.00748563,0.00173371
qdeim,0.1,6,6,5,10,41.814148,3.189760,0.195864,2.28177e-05,0.0143382,0.00166424
gnat,0.1,6,6,5,10,7.647307,3.604855,0.245391,2.10855e-05,0.0129396,0.00188973
clssopt,0.1,6,6,5,20,2.939706,1.946436,0.353031,0.00127634,,
clsqdeim,0.1,6,6,5,20,6.450327,4.561787,0.330242,0.00127634,,
clsgnat,0.1,6,6,5,20,171701616.630735,67548.935668,0.137654,0.00127634,,
sopt,0.1,6,6,5,20,4.253383,5.272181,0.409786,2.06184e-05,0.00791204,0.00178889
qdeim,0.1,6,6,5,20,4987.022437,4.170414,0.23666,2.28376e-05,0.0144,0.00166558
gnat,0.1,6,6,5,20,9.056004,3.877510,0.344451,2.10614e-05,0.012981,0.00188706
clssopt,0.1,6,6,5,30,1.801276,8.841217,0.369184,0.00127634,,
clsqdeim,0.1,6,6,5,30,2.423499,183.856602,0.380859,0.00127634,,
clsgnat,0.1,6,6,5,30,116588807.712128,35349.107374,0.150469,0.00127634,,
sopt,0.1,6,6,5,30,5.758364,5.099330,0.455691,2.10425e-05,0.00872253,0.0018305
qdeim,0.1,6,6,5,30,5087.262244,2877.240190,0.264246,2.27798e-05,0.014371,0.00166667
gnat,0.1,6,6,5,30,7.412651,6.782219,0.341723,2.10374e-05,0.0130552,0.00188363
clssopt,0.1,6,6,5,40,1.488094,1.819999,0.426022,0.00127634,,
clsqdeim,0.1,6,6,5,40,2.513006,72.654622,0.409415,0.00127634,,
clsgnat,0.1,6,6,5,40,8741563.035880,95362.851557,0.174341,0.00127634,,
sopt,0.1,6,6,5,40,1499.281959,3.118348,0.523112,2.0915e-05,0.00879497,0.00185355
qdeim,0.1,6,6,5,40,15.577687,7.600410,0.275805,2.26734e-05,0.0143065,0.00166632
gnat,0.1,6,6,5,40,5.473177,3.552938,0.392525,2.1014e-05,0.0132811,0.0018766
clssopt,0.1,6,6,5,50,1.560691,1.499402,0.426081,0.00127634,,
clsqdeim,0.1,6,6,5,50,2.373634,62.454120,0.450829,0.00127634,,
clsgnat,0.1,6,6,5,50,2082873.428809,35813.054555,0.187345,0.00127634,,
sopt,0.1,6,6,5,50,9.691548,3.253758,0.572433,2.09471e-05,0.00870816,0.00186525
qdeim,0.1,6,6,5,50,6700.721609,10.147108,0.265628,2.26674e-05,0.0143066,0.00166622
gnat,0.1,6,6,5,50,4.086570,2.780067,0.457833,2.09281e-05,0.0135569,0.00185985
clssopt,0.1,6,6,5,60,1.652256,2.672098,0.397095,0.00127634,,
clsqdeim,0.1,6,6,5,60,2.342746,102490.001195,0.40396,0.00127634,,
clsgnat,0.1,6,6,5,60,1667575.859842,41219.857559,0.232651,0.00127634,,
sopt,0.1,6,6,5,60,7.366862,7.444967,0.648513,2.08461e-05,0.00851658,0.00185865
qdeim,0.1,6,6,5,60,12.611809,9176.493496,0.276225,2.26648e-05,0.014307,0.00166617
gnat,0.1,6,6,5,60,3.739676,3.023599,0.490206,2.08279e-05,0.0136283,0.00185157
clssopt,0.1,6,6,5,70,1.822153,1.406331,0.498404,0.00127634,,
clsqdeim,0.1,6,6,5,70,1.895247,57.621905,0.429543,0.00127634,,
clsgnat,0.1,6,6,5,70,1322364.701372,93325.424317,0.266782,0.00127634,,
sopt,0.1,6,6,5,70,3.951294,3.435014,0.648394,2.05143e-05,0.00821873,0.00181981
qdeim,0.1,6,6,5,70,9.649748,1610.076832,0.289553,1.94086e-05,0.0125892,0.0017266
gnat,0.1,6,6,5,70,3.501956,2.701703,0.579658,2.07884e-05,0.0135884,0.00185156
clssopt,0.1,6,6,5,80,1.767296,1.500412,0.535121,0.00127634,,
clsqdeim,0.1,6,6,5,80,2.181282,1707.314281,0.435303,0.00127634,,
clsgnat,0.1,6,6,5,80,2474776.283791,75582.061821,0.275153,0.00127634,,
sopt,0.1,6,6,5,80,3.223355,3.021243,0.694544,1.99669e-05,0.00776649,0.00175204
qdeim,0.1,6,6,5,80,11.280801,974.426697,0.354108,1.87751e-05,0.0132208,0.00172224
gnat,0.1,6,6,5,80,3.187624,3.102484,0.592433,2.07236e-05,0.0135347,0.00185193
clssopt,0.1,6,6,5,90,1.496000,2.529693,0.569655,0.00127634,,
clsqdeim,0.1,6,6,5,90,2.099416,801.642446,0.510049,0.00127634,,
clsgnat,0.1,6,6,5,90,1445618.914088,108638.055268,0.237162,0.00127634,,
sopt,0.1,6,6,5,90,3.249432,4.692862,0.645202,1.98572e-05,0.00762486,0.00173787
qdeim,0.1,6,6,5,90,10.444168,655.555448,0.380808,1.87665e-05,0.0138106,0.00170699
gnat,0.1,6,6,5,90,3.293726,3.463198,0.64441,2.06731e-05,0.0134752,0.00185212
clssopt,0.1,6,6,5,100,1.832563,1.586918,0.631828,0.00127634,,
clsqdeim,0.1,6,6,5,100,2.411713,8.555854,0.629863,0.00127634,,
clsgnat,0.1,6,6,5,100,85090174.222148,86116.172986,0.249006,0.00127634,,
sopt,0.1,6,6,5,100,3.589930,2.463050,0.640236,1.86215e-05,0.0070441,0.00161616
qdeim,0.1,6,6,5,100,9.335925,10.879365,0.513641,1.90973e-05,0.0146869,0.00177486
gnat,0.1,6,6,5,100,3.579623,2.413497,1.03622,2.06373e-05,0.0133784,0.00185267
clssopt,0.1,6,6,5,110,1.664212,1.580316,0.687533,0.00127634,,
clsqdeim,0.1,6,6,5,110,2.599778,7.124360,0.660709,0.00127634,,
clsgnat,0.1,6,6,5,110,9974380.465790,86334.521314,0.262738,0.00127634,,
sopt,0.1,6,6,5,110,3.119168,2.956487,0.642465,1.85259e-05,0.00692266,0.00160315
qdeim,0.1,6,6,5,110,8.401581,8.353043,0.458281,1.95149e-05,0.0134233,0.00171517
gnat,0.1,6,6,5,110,5.226221,2.448231,0.657413,2.05937e-05,0.0132553,0.00185396
clssopt,0.1,6,6,5,120,1.493252,3.679663,0.693902,0.00127634,,
clsqdeim,0.1,6,6,5,120,1.893049,1631.844853,0.801216,0.00127634,,
clsgnat,0.1,6,6,5,120,7218190.882880,106157.196017,0.283301,0.00127634,,
sopt,0.1,6,6,5,120,2.952112,3.364428,0.657031,1.83117e-05,0.00677561,0.00157653
qdeim,0.1,6,6,5,120,6.384547,666.916739,0.541864,1.94839e-05,0.0117339,0.00178393
gnat,0.1,6,6,5,120,3.831657,2.549057,0.823051,2.0351e-05,0.0118152,0.00183735
clssopt,0.1,6,6,5,130,1.780418,1.329646,0.7892,0.00127634,,
clsqdeim,0.1,6,6,5,130,2.654699,5.359320,0.958764,0.000217794,0.2983,0.0046104
clsgnat,0.1,6,6,5,130,5242961.731539,92496.398953,0.312678,0.00127634,,
sopt,0.1,6,6,5,130,2.756807,2.466064,0.696043,1.868e-05,0.00665783,0.00143147
qdeim,0.1,6,6,5,130,5.501604,6.282704,0.563645,1.97239e-05,0.0109645,0.00180152
gnat,0.1,6,6,5,130,2.647519,2.225618,0.663684,2.06301e-05,0.00967131,0.00185243
clssopt,0.1,6,6,5,140,3.147284,1.550802,0.854539,0.00127634,,
clsqdeim,0.1,6,6,5,140,2.770211,5.291770,0.995739,0.000225672,0.319323,0.00763843
clsgnat,0.1,6,6,5,140,359973.645604,81638.466278,0.395094,0.00127634,,
sopt,0.1,6,6,5,140,2.634173,2.478031,0.685398,1.87381e-05,0.00681446,0.0014231
qdeim,0.1,6,6,5,140,5.288818,5.848438,0.578329,1.98879e-05,0.0107753,0.00179837
gnat,0.1,6,6,5,140,2.591691,2.828595,0.720918,2.02397e-05,0.00959597,0.00185206
clssopt,0.1,6,6,5,150,1.409415,3.306375,0.937878,0.00127634,,
clsqdeim,0.1,6,6,5,150,4.126990,1117.126244,1.02277,0.000160996,0.300566,0.00744546
clsgnat,0.1,6,6,5,150,388025.054165,16905.531800,0.308318,0.00127634,,
sopt,0.1,6,6,5,150,6.770176,2.578753,0.720504,1.87204e-05,0.00690721,0.0014178
qdeim,0.1,6,6,5,150,4.480686,9.661691,0.578466,1.9883e-05,0.0107786,0.00179688
gnat,0.1,6,6,5,150,2.473068,2.819255,0.787735,1.99683e-05,0.00942437,0.0018242
clssopt,0.1,6,6,5,160,1.403268,1.993093,0.851986,0.00127634,,
clsqdeim,0.1,6,6,5,160,4.073028,4.533587,1.09063,8.41666e-05,0.178166,0.00573343
clsgnat,0.1,6,6,5,160,410149.422767,12870.100005,0.277171,0.00127634,,
sopt,0.1,6,6,5,160,2.410457,2.453118,0.751811,1.87456e-05,0.00714503,0.00138693
qdeim,0.1,6,6,5,160,4.034068,4.817636,0.568588,1.98777e-05,0.01078,0.00179577
gnat,0.1,6,6,5,160,2.657497,2.231479,0.770367,1.97563e-05,0.00929735,0.00180263
clssopt,0.1,6,6,5,170,1.795509,2.524257,0.97381,0.00127634,,
clsqdeim,0.1,6,6,5,170,4.342329,3.939637,1.12377,0.00012529,0.237613,0.00606418
clsgnat,0.1,6,6,5,170,433601.668758,13112.726561,0.380385,0.00127634,,
sopt,0.1,6,6,5,170,6.024625,2.436530,0.805714,1.88309e-05,0.00730704,0.00137702
qdeim,0.1,6,6,5,170,4.425982,5.850629,0.628331,1.99055e-05,0.0107691,0.00179528
gnat,0.1,6,6,5,170,2.695435,2.057710,0.810694,1.96156e-05,0.00916644,0.0017867
clssopt,0.1,6,6,5,180,2.254502,5.103544,1.25934,0.00127634,,
clsqdeim,0.1,6,6,5,180,4.580926,865.545976,1.2381,0.000318833,0.438566,0.00627022
clsgnat,0.1,6,6,5,180,455648.833749,13284.975198,0.292994,0.00127634,,
sopt,0.1,6,6,5,180,6.369668,2.361171,0.917328,1.87926e-05,0.00755267,0.00134168
qdeim,0.1,6,6,5,180,4.799994,11.014468,0.599672,1.98572e-05,0.0108189,0.00179284
gnat,0.1,6,6,5,180,2.508368,2.945994,0.871739,1.94204e-05,0.00912774,0.00178024
clssopt,0.1,6,6,5,190,3.980773,1.963041,1.34791,0.00127634,,
clsqdeim,0.1,6,6,5,190,4.467931,2.297558,1.27886,0.000317101,0.429324,0.00678719
clsgnat,0.1,6,6,5,190,458280.590053,12857.936912,0.291412,0.00127634,,
sopt,0.1,6,6,5,190,5.640579,2.456925,0.906807,1.81111e-05,0.00780041,0.00123985
qdeim,0.1,6,6,5,190,5.928990,5.518621,0.596172,1.97965e-05,0.0109238,0.001868
gnat,0.1,6,6,5,190,2.318724,2.047412,0.911546,1.92796e-05,0.00906364,0.0017752
clssopt,0.1,6,6,5,200,6.801800,1.780821,1.45686,0.00127634,,
clsqdeim,0.1,6,6,5,200,4.721280,1.896418,1.30276,0.000304604,0.404615,0.00702824
clsgnat,0.1,6,6,5,200,472419.644311,12152.035904,0.297798,0.00127634,,
sopt,0.1,6,6,5,200,5.583594,2.731773,0.922984,1.815e-05,0.00789764,0.00122745
qdeim,0.1,6,6,5,200,6.934521,6.078988,0.605368,1.98091e-05,0.0110202,0.00189236
gnat,0.1,6,6,5,200,2.165535,2.080164,0.91624,1.91984e-05,0.00903504,0.00177101
clssopt,0.1,6,9,9,10,3.170556,3.258540,,,,
