window,w,t,q,qV,qE,ErrX,ErrV,ErrE,TT1,TT2,TT3
10,97,0.1,8.83482e-06,0.000749255,0.000918387,250.903,12.4466
48.2707
56.1833
57.7304
58.272
48.058
36.1042
48.0166
52.0426
55.1408
52.607
53.358
51.7147
45.6338
42.9993
36.8699
37.8438
50.5864
54.539
55.8795
71.7702
51.4651
55.7651
54.9603
58.1284
43.6636
54.1511
49.6168
57.6639
49.7548
50.9434
29.653
32.9196
34.9918
36.0888
35.1811
23.049
27.2867
26.7314
24.7079
48.0484
33.3054
24.628
26.0891
28.1861
28.1062
29.6593
40.2878
44.4071
49.0221
44.522
49.3689
46.5931
31.9679
36.812
37.4246
51.5778
42.0206
24.482
19.6655
20.0584
22.708
28.7844
40.4471
34.7993
40.1878
41.9157
49.1042
52.0878
38.5228
34.5998
23.4154
29.5754
22.0107
38.9798
36.5811
46.2533
28.106
44.5258
53.4812
49.9662
38.0885
42.4738
45.0233
58.3708
52.7231
52.6254
51.9198
48.8286
48.5525
33.7733
41.7176
36.4588
44.9852
44.4641
38.8353
33.127,1.60066e+01
15,61,0.1,7.49895e-06,0.00103975,0.000430896,161.337,12.4491
95.2303
99.9626
98.8348
69.6017
78.3028
85.1584
81.491
79.527
85.0916
67.6288
100.974
85.1636
110.391
96.6687
95.9314
77.5948
91.6154
102.763
69.5262
57.0916
59.74
65.0322
34.1143
42.978
61.7232
53.4058
55.3788
48.9842
47.1431
69.1822
72.1553
82.1183
73.5689
62.3981
73.6936
61.2906
31.0383
36.9473
49.7803
60.2676
60.051
74.934
72.7406
43.4721
39.4787
45.4912
67.0665
58.1593
73.4603
76.3068
71.5587
71.4706
98.5793
83.0074
71.319
71.7869
59.0318
65.3939
67.844
52.6122,1.33946e+01
20,49,0.1,3.82653e-06,0.00141688,0.000471793,142.117,12.4682
138.209
131.946
104.261
107.735
110.576
118.973
99.1788
100.466
111.416
130.266
138.292
143.09
109.216
127.646
89.0772
62.0388
79.889
80.4574
56.4914
67.9376
74.6581
69.5965
53.7828
95.6286
82.396
97.7711
80.5229
87.66
64.026
36.1794
49.7178
74.3899
82.3075
103.837
76.1864
54.834
65.1644
77.7887
68.7228
103.953
92.0198
119.106
116.776
101.871
89.6247
78.1323
89.4572
71.5142,1.09279e+01
25,38,0.1,0.0112652,0.000815841,0.00040634,104.316,8.37363
199.691
152.265
144.154
134.042
153.905
123.757
169.822
173.564
182.702
151.65
159.437
113.939
104.655
105.025
90.1095
101.4
83.5245
73.8688
130.42
118.358
105.538
126.527
69.2059
74.2991
88.4049
138.102
114.055
70.57
97.6171
110.249
136.173
123.748
174.533
141.633
124.52
120.068
98.8404,1.14895e+01
30,33,0.1,3.17192e-05,0.00224385,0.000537334,93.5638,12.4126
231.817
245.966
195.105
222.516
150.882
182.443
203.133
211.844
168.839
175.878
106.475
118.06
87.4275
128.129
99.4936
139.638
151.398
122.536
152.324
74.5264
90.4779
127.5
150.37
85.6592
106.285
132.662
161.784
182.173
173.524
156.864
133.716
120.148,9.64046e+00
35,27,0.1,9.15463e-06,0.00203753,0.000347374,86.1857,173.879
285.542
229.569
217.445
212.084
264.678
266.24
242.258
215.913
181.879
119.698
150.745
132.908
191.937
187.179
196.715
117.592
111.053
206.974
157.641
140.388
166.884
179.546
238.007
218.552
156.165
147.493,8.51062e+00
40,25,0.1,0.00152752,0.0593664,0.00143896,75.7109,12.3989
311.31
286.078
241.295
261.638
295.19
329.208
325.361
198.868
166.576
199.183
165.941
156.587
239.308
171.428
132.101
147.023
216.395
150.922
173.129
221.467
265.134
216.571
195.62
166.484,7.17263e+00
45,21,0.1,4.80297e-06,0.00183953,0.000180151,63.3754,322.872
298.126
369.449
284.343
419.816
333.954
306.154
181.958
217.67
185.223
231.328
242.83
191.103
137.19
235.047
152.308
217.037
264.576
301.205
233.146
179.763,9.00337e+00
50,20,0.1,2.86945e-06,0.000600838,0.000198205,63.2069,53.7828
536.429
287.99
357.076
394.345
336.212
299.866
230.965
203.748
229.466
284.846
326.654
179.622
215.574
225.251
201.768
253.427
328.953
284.911
225.968,8.62866e+00
55,18,0.1,6.58243e-06,0.00072008,0.000880493,59.9605,45.0504
451.348
375.129
400.691
511.404
488.031
318.215
209.281
215.193
271.184
339.647
208.176
293.358
251.271
295.474
357.566
323.255
254.404,7.21824e+00
60,17,0.1,2.53764e-06,0.000571344,0.00019309,55.9235,12.4593
573.981
410.536
475.598
577.311
430.661
297.76
311.917
276.126
370.774
284.437
225.297
299.924
321.028
419.994
324.4
292.975,1.07032e+01
65,15,0.1,4.02858e-06,0.00115431,0.000377869,56.4265,291.523
604.512
473.995
749.111
634.945
301.569
324.731
290.399
360.043
242.795
317.087
317.718
405.344
396.665
284.234,9.35637e+00
70,14,0.1,1.15249e-05,0.00279724,0.00051423,70.1872,427.356
524.11
501.7
729.018
432.87
331.537
320.299
416.042
338.888
360.781
356.717
469.423
430.06
344.031,1.62131e+01
75,13,0.1,3.86632e-06,0.0016953,0.000384882,52.1898,518.25
577.117
635.878
769.802
496.817
395.046
388.524
412.689
272.28
396.056
397.924
509.942
368.709,9.35445e+00
80,13,0.1