ws,w,t,nqp,ErrX,ErrV,ErrE,TT3
10,97,0.1,44,27,129,70,173,94,155,85,156,87,142,80,132,30,136,63,131,74,168,78,126,75,160,79,129,68,107,56,146,64,122,31,119,43,139,72,172,95,191,96,197,125,132,86,130,90,147,100,139,97,110,70,151,76,118,57,162,100,156,85,129,64,83,38,96,45,78,40,104,47,107,42,81,31,78,31,93,29,82,28,154,64,94,38,85,28,102,32,110,32,89,39,75,39,99,61,161,96,124,87,146,95,142,83,125,72,99,43,107,56,101,56,138,84,132,78,76,43,67,32,67,29,77,31,89,46,119,57,93,60,107,54,135,79,128,93,123,87,125,77,101,41,92,32,99,42,71,29,104,71,105,59,109,72,78,45,120,66,154,88,137,74,99,55,130,80,127,71,137,113,111,69,123,97,113,98,115,72,129,82,87,70,127,70,124,79,167,73,166,79,149,67,120,44,,8.92102e-06,0.000681297,0.000940046,4.26797
15,61,0.1,44,27,225,90,188,117,197,99,201,60,177,97,220,99,198,108,163,86,212,98,157,53,246,105,244,119,222,113,192,93,190,102,148,90,200,87,264,142,165,75,133,61,93,52,162,56,103,39,142,39,160,79,125,48,147,58,122,52,97,56,194,130,161,95,170,100,187,107,145,78,169,105,135,87,92,40,99,41,117,70,145,75,151,103,160,102,158,114,107,52,108,56,131,59,160,87,107,70,173,107,154,116,172,90,136,102,156,114,112,93,144,92,165,81,157,69,213,93,206,88,150,64,,7.77837e-06,0.00101612,0.00044755,5.13415
20,49,0.1,44,27,312,138,228,126,244,109,205,92,222,106,239,105,204,86,189,62,223,133,286,203,234,118,222,142,197,118,278,154,170,91,124,63,107,71,198,72,128,44,164,90,168,65,168,65,111,63,240,131,171,124,192,100,160,84,170,121,139,82,94,49,103,68,159,81,199,114,165,125,161,74,134,67,120,90,135,96,126,89,190,126,216,104,204,148,164,125,172,107,192,96,212,103,236,93,201,71,,3.56498e-06,0.00142639,0.000469142,3.90756
25,38,0.1,28,21,320,166,231,141,257,127,237,130,231,116,217,95,281,165,316,167,254,163,218,145,267,186,213,86,141,76,215,78,191,76,180,91,170,83,117,69,225,134,200,116,189,89,206,125,146,86,143,66,160,78,244,117,204,104,157,82,178,90,171,99,215,123,218,126,195,149,195,106,201,101,250,107,235,80,,0.0112617,0.000801526,0.000405616,3.59582
30,33,0.1,44,27,321,171,355,169,307,142,351,121,246,125,258,186,285,178,279,173,197,154,280,154,145,89,199,91,170,80,211,115,211,84,271,133,248,158,196,129,228,133,162,84,158,89,235,115,210,157,172,89,184,89,177,112,221,136,257,127,207,139,247,129,269,116,257,86,,0.00117461,0.0448498,0.00142653,3.87931
35,27,0.1,288,162,373,157,340,145,267,121,280,133,360,228,290,201,328,171,291,138,219,90,212,82,222,98,198,119,280,170,252,166,273,154,198,117,169,110,268,172,224,121,209,126,203,120,191,153,225,149,236,144,312,113,282,100,,8.99904e-06,0.00213155,0.000357677,3.78242
40,25,0.1,44,27,322,170,375,182,319,159,340,133,358,247,326,202,391,199,245,128,218,129,324,121,214,151,247,139,284,178,204,141,217,103,216,110,259,140,213,119,216,116,269,146,258,170,244,140,275,128,299,108,,1.02626e-05,0.00212302,0.00056345,4.41459
45,21,0.1,331,175,356,191,367,150,298,168,370,220,292,210,334,160,209,136,288,94,239,113,276,196,268,159,235,153,155,118,236,174,199,117,210,139,262,179,234,157,270,149,277,113,,4.80297e-06,0.00183953,0.000180151,3.9844
50,20,0.1,138,64,470,241,338,185,363,181,377,252,257,193,298,187,248,140,246,113,261,143,306,172,313,195,256,129,254,152,214,162,168,168,218,162,261,129,267,144,356,118,,3.0163e-06,0.000567637,0.000207118,3.9001
55,18,0.1,135,55,406,215,376,213,343,179,354,246,432,240,246,131,239,127,227,134,263,164,318,191,243,132,272,191,278,150,270,131,262,179,292,156,367,124,,6.58243e-06,0.00072008,0.000880493,4.13474
60,17,0.1,44,27,453,248,368,246,387,193,379,253,339,248,286,149,307,149,256,180,313,198,283,137,196,149,268,147,258,163,297,188,260,159,371,132,,2.53764e-06,0.000571344,0.00019309,4.20066
65,15,0.1,325,149,449,237,382,205,475,258,459,234,256,144,260,163,250,178,253,216,228,160,227,167,276,150,314,189,276,184,334,138,,4.02858e-06,0.00115431,0.000377869,4.24884
70,14,0.1,359,170,408,229,362,243,462,222,305,203,292,155,243,172,320,213,312,175,298,190,318,173,300,197,279,163,415,138,,1.15249e-05,0.00279724,0.00051423,4.20896
75,13,0.1,383,199,402,257,422,315,504,268,358,166,353,182,295,225,300,197,214,179,325,184,261,179,290,193,410,145,,3.86632e-06,0.0016953,0.000384882,4.346
80,13,0.1,44,27,582,290,388,253,443,283,468,238,282,153,282,186,250,240,300,136,308,187,285,213,268,185,,,,,
