EQPglobal,20,24,0.1,0.9999,,1.86974e-05,0.00498579,0.000636397,2.6991,48,32,293,171,336,184,326,194,264,167,341,237,224,156,287,196,217,122,212,98,188,116,237,115,237,139,245,146,223,133,195,134,202,137,248,145,219,128,246,139,247,147,229,157,271,135,265,102,
EQPglobal,40,12,0.1,0.9999,,1.11261e-05,0.00180863,0.00015347,3.05348,425,242,438,301,457,331,474,270,254,167,282,181,290,193,340,191,340,174,334,196,288,189,410,156,
EQP,20,24,0.1,0.9999,40,5.77635e+12,1.41766e+23,2.89344,,40,32,40,40,40,40,40,40,40,40,40,40,40,40,40,40,40,40,40,40,40,40,40,40,40,40,40,40,40,40,40,40,40,40,40,40,40,40,40,40,40,40,40,40,40,40,40,40,
EQP,20,24,0.1,0.9999,60,3.73453e+13,4.09589e+25,2.71506,,48,32,60,60,60,60,60,60,60,60,60,60,60,60,60,60,60,60,60,60,60,60,60,60,60,60,60,60,60,60,60,60,60,60,60,60,60,60,60,60,60,60,60,60,60,60,60,60,
EQP,20,24,0.1,0.9999,80,0.000249109,0.0842607,0.0907093,3.90109,48,32,80,80,80,80,80,80,80,80,80,80,80,80,80,80,80,80,80,80,80,80,80,80,80,80,80,80,80,80,80,80,80,80,80,80,80,80,80,80,80,80,80,80,80,80,80,80,
EQP,20,24,0.1,0.9999,100,9.03678e-05,0.00669089,0.0102453,2.24124,48,32,100,100,100,100,100,100,100,100,100,100,100,100,100,100,100,100,100,100,100,100,100,100,100,100,100,100,100,100,100,100,100,100,100,100,100,100,100,100,100,100,100,100,100,100,100,100,
EQP,20,24,0.1,0.9999,120,3.40797e-05,0.0422272,0.00273448,2.1319,48,32,120,120,120,120,120,120,120,120,120,120,120,120,120,120,120,120,120,98,120,116,120,115,120,120,120,120,120,120,120,120,120,120,120,120,120,120,120,120,120,120,120,120,120,120,120,102,
EQP,20,24,0.1,0.9999,140,5.05207e-05,0.00629905,0.0024079,2.82672,48,32,140,140,140,140,140,140,140,140,140,140,140,140,140,140,140,122,140,98,140,116,140,115,140,140,140,140,140,133,140,134,140,137,140,140,140,128,140,140,140,140,140,140,140,135,140,102,
EQP,20,24,0.1,0.9999,160,5.02119e-05,0.00693865,0.000798628,2.02864,48,32,160,160,160,160,160,160,160,160,160,160,160,156,160,160,160,122,160,98,160,116,160,115,160,139,160,146,160,133,160,134,160,137,160,145,160,128,160,139,160,147,160,157,160,135,160,102,
EQP,20,24,0.1,0.9999,180,2.37473e-05,0.00926066,0.000710262,2.37807,48,32,180,171,180,180,180,180,180,167,180,180,180,156,180,180,180,122,180,98,180,116,180,115,180,139,180,146,180,133,180,134,180,137,180,145,180,128,180,139,180,147,180,157,180,135,180,102,
EQP,20,24,0.1,0.9999,200,2.2435e-05,0.00337968,0.000715504,2.48601,48,32,200,171,200,184,200,194,200,167,200,200,200,156,200,200,200,122,200,98,188,116,200,115,200,139,200,146,200,133,195,134,200,137,200,145,200,128,200,139,200,147,200,157,200,135,200,102,
EQP,40,12,0.1,0.9999,40,1.92431e+13,4.50559e+12,2.01533e+06,,40,40,40,40,40,40,40,40,40,40,40,40,40,40,40,40,40,40,40,40,40,40,40,40,
EQP,40,12,0.1,0.9999,60,751.227,2.06031e+07,1.31406e+06,,60,60,60,60,60,60,60,60,60,60,60,60,60,60,60,60,60,60,60,60,60,60,60,60,
EQP,40,12,0.1,0.9999,80,3.60374e+12,2.41015e+11,1.50733e+19,,80,80,80,80,80,80,80,80,80,80,80,80,80,80,80,80,80,80,80,80,80,80,80,80,
EQP,40,12,0.1,0.9999,100,1.40724e+11,2.40104e+10,1.48421e+08,,100,100,100,100,100,100,100,100,100,100,100,100,100,100,100,100,100,100,100,100,100,100,100,100,
EQP,40,12,0.1,0.9999