method,n,energy_frac,rwdim,rrdim,nldim,nsr,time,error
SOPT,3,0.9999,19,21,21,26,0.7528376530000001,0.0001191978100572501
clsSOPT,3,0.9999,19,21,21,26,0.75119313,0.0002222106574692411
QDEIM,3,0.9999,19,21,21,26,0.7662097040000001,0.0002839328081274755
clsQDEIM,3,0.9999,19,21,21,26,0.73497937,0.0001367733827946015
SOPT,3,0.9999,19,21,21,31,0.869709658,0.0006665527372493055
clsSOPT,3,0.9999,19,21,21,31,0.8281622670000001,0.0002826974171605737
QDEIM,3,0.9999,19,21,21,31,0.832451195,0.0007146900243293877
clsQDEIM,3,0.9999,19,21,21,31,0.823342524,0.0001674443029830762
SOPT,3,0.9999,19,21,21,36,0.92129222,0.0003491526828059748
clsSOPT,3,0.9999,19,21,21,36,0.929562474,0.0005953240899594593
QDEIM,3,0.9999,19,21,21,36,0.916007109,0.0004938148312311519
clsQDEIM,3,0.9999,19,21,21,36,0.911333668,0.0001753466576328039
SOPT,3,0.9999,19,21,21,41,1.013620883,0.000391704477051771
clsSOPT,3,0.9999,19,21,21,41,1.013630341,0.0003427509436352876
QDEIM,3,0.9999,19,21,21,41,1.017276642,0.0004538467812482973
clsQDEIM,3,0.9999,19,21,21,41,1.010412454,0.0001369744169084205
SOPT,3,0.9999,19,21,21,46,1.12176628,9.483098478546131e-05
clsSOPT,3,0.9999,19,21,21,46,1.105922274,0.0001150084959957737
QDEIM,3,0.9999,19,21,21,46,1.100461749,0.0004523664656913839
clsQDEIM,3,0.9999,19,21,21,46,1.065634199,0.0001259701993102944
SOPT,3,0.9999,19,21,21,51,1.15956738,0.0001275541314282762
clsSOPT,3,0.9999,19,21,21,51,1.193520333,0.000128857437893363
QDEIM,3,0.9999,19,21,21,51,1.191836138,0.0005169363837072338
clsQDEIM,3,0.9999,19,21,21,51,1.158962796,0.0001019909234006819
SOPT,3,0.9999,19,21,21,56,1.24774165,0.0001035989957716561
clsSOPT,3,0.9999,19,21,21,56,1.278634589,7.285112257307224e-05
QDEIM,3,0.9999,19,21,21,56,1.263742305,0.0005851852949320644
clsQDEIM,3,0.9999,19,21,21,56,1.24832269,0.0001187632024929478
SOPT,3,0.9999,19,21,21,61,1.340806047,0.0002160646370502662
clsSOPT,3,0.9999,19,21,21,61,1.358729034,8.520051646484475e-05
QDEIM,3,0.9999,19,21,21,61,1.358688554,0.0006313809992749165
clsQDEIM,3,0.9999,19,21,21,61,1.356281406,0.0002502332694979745
SOPT,3,0.9999,19,21,21,66,1.406636347,0.0003588630051430592
clsSOPT,3,0.9999,19,21,21,66,1.457297356,7.557057133483508e-05
QDEIM,3,0.9999,19,21,21,66,1.479810776,0.0002134094068738129
clsQDEIM,3,0.9999,19,21,21,66,1.411440489,0.0004347301023279412
SOPT,3,0.9999,19,21,21,71,1.500777033,0.000243610695968845
clsSOPT,3,0.9999,19,21,21,71,1.527668941,0.0003881448238683386
QDEIM,3,0.9999,19,21,21,71,1.555867638,0.0002899612159615341
clsQDEIM,3,0.9999,19,21,21,71,1.484627935,0.0006230391057887487
SOPT,3,0.9999,19,21,21,76,1.575254353,0.0002493341932578119
clsSOPT,3,0.9999,19,21,21,76,1.615529692,0.0003886995437301564
QDEIM,3,0.9999,19,21,21,76,1.578437243,0.0002713223438913925
clsQDEIM,3,0.9999,19,21,21,76,1.579652196,0.000436117146042753
SOPT,3,0.9999,19,21,21,81,1.624918905,0.0002127570146686308
clsSOPT,3,0.9999,19,21,21,81,1.694807487,0.0003848947621667675
QDEIM,3,0.9999,19,21,21,81,1.657750972,0.0003885624668800481
clsQDEIM,3,0.9999,19,21,21,81,1.645296093,0.0004604470857195471
SOPT,3,0.9999,19,21,21,86,1.704178677,0.0001715622043726401
clsSOPT,3,0.9999,19,21,21,86,1.748994871,0.0004732346007308532
QDEIM,3,0.9999,19,21,21,86,1.69858222,0.0004125742332355845
clsQDEIM,3,0.9999,19,21,21,86,1.737856703,0.0007653914298733568
SOPT,3,0.9999,19,21,21,91,1.7566697,0.0001718468235094696
clsSOPT,3,0.9999,19,21,21,91,1.831219579,0.0004643535349771345
QDEIM,3,0.9999,19,21,21,91,1.772750531,0.0004317404361356047
clsQDEIM,3,0.9999,19,21,21,91,1.822274725,0.0007117222604924421
SOPT,3,0.9999,19,21,21,96,1.82475267,0.00017077713323641
clsSOPT,3,0.9999,19,21,21,96,1.914301043,0.0004568767891676064
QDEIM,3,0.9999,19,21,21,96,1.838785446,0.000449091239820328
clsQDEIM,3,0.9999,19,21,21,96,1.895962969,0.0009612072758905654
SOPT,3,0.9999,19,21,21,101,1.901964144,0.0001707771332366175
clsSOPT,3,0.9999,19,21,21,101,1.975530087,0.0004496566291999605
QDEIM,3,0.9999,19,21,21,101,1.911004532,0.0003444458098388372
clsQDEIM,3,0.9999,19,21,21,101,1.975894372,0.0008277506695073999
SOPT,3,0.9999,19,21,21,106,1.974722492,0.0001707771332366215
clsSOPT,3,0.9999,19,21,21,106,2.036498964,0.0001484045812094894
QDEIM,3,0.9999,19,21,21,106,1.993351687,0.0003175935865118204
clsQDEIM,3,0.9999,19,21,21,106,2.027173471,0.0009064023089734592
SOPT,3,0.9999,19,21,21,111,2.037086167,0.0001707771332366242
clsSOPT,3,0.9999,19,21,21,111,2.108436381,0.0001191592871641485
QDEIM,3,0.9999,19,21,21,111,2.011865747,0.0001547089043343372
clsQDEIM,3,0.9999,19,21,21,111,2.083542917,0.0009403496651267587
SOPT,3,0.9999,19,21,21,116,2.120320405,0.0001707771332366259
clsSOPT,3,0.9999,19,21,21,116,2.178474904,0.0001168425057196861
QDEIM,3,0.9999,19,21,21,116,2.049684329,0.0005495379554749195
clsQDEIM,3,0.9999,19,21,21,116,2.171687519,0.001038635123024096
SOPT,3,0.9999,19,21,21,121,2.165266655,0.0001707771332366207
clsSOPT,3,0.9999,19,21,21,121,2.272948717,0.000107282012065928
QDEIM,3,0.9999,19,21,21,121,2.104736222,0.000181941123614464
clsQDEIM,3,0.9999,19,21,21,121,2.232854399,0.0009741223842892117
SOPT,3,0.9999,19,21,21,126,2.225257171,0.0001707771332366138
clsSOPT,3,0.9999,19,21,21,126,2.335518434,0.0001428002008529965
QDEIM,3,0.9999,19,21,21,126,2.188100461,8.816874431021036e-05
clsQDEIM,3,0.9999,19,21,21,126,2.302927894,0.001026397687183022
SOPT,3,0.9999,19,21,21,131,2.316399236,0.0001707771332366223
clsSOPT,3,0.9999,19,21,21,131,2.39506639,0.0001431203019457039
QDEIM,3,0.9999,19,21,21,131,2.257145468,0.0001309800825379987
clsQDEIM,3,0.9999,19,21,21,131,2.357536928,0.001172378184652568
SOPT,3,0.9999,19,21,21,136,2.382832933,0.0001707771332366151
clsSOPT,3,0.9999,19,21,21,136,2.456619496,0.0001441366729800125
QDEIM,3,0.9999,19,21,21,136,2.332205123,0.0001626844045082633
clsQDEIM,3,0.9999,19,21,21,136,2.408829901,0.001286984313813249
SOPT,3,0.9999,19,21,21,141,2.436150859,0.000170777133236619
clsSOPT,3,0.9999,19,21,21,141,2.518171144,0.0001488062915081644
QDEIM,3,0.9999,19,21,21,141,2.38824,0.0003502707576347014
clsQDEIM,3,0.9999,19,21,21,141,2.46877568,0.001187838986834267
SOPT,3,0.9999,19,21,21,146,2.523646046,0.0001707771332366195
clsSOPT,3,0.9999,19,21,21,146,2.53707493,0.0001449712945561234
QDEIM,3,0.9999,19,21,21,146,2.433804525,0.0004332548915826835
clsQDEIM,3,0.9999,19,21,21,146,2.564139158,0.0006414597950449934
SOPT,3,0.9999,19,21,21,151,2.597247524,0.000170777133236623
clsSOPT,3,0.9999,19,21,21,151,2.572557324,0.0001437302201697468
QDEIM,3,0.9999,19,21,21,151,2.530684377,0.0005190654671437075
clsQDEIM,3,0.9999,19,21,21,151,2.584671361,0.0006120437776636964
SOPT,3,0.9999,19,21,21,156,2.687337388,0.0001707771332366221
clsSOPT,3,0.9999,19,21,21,156,2.59805908,0.0001438372910858033
QDEIM,3,0.9999,19,21,21,156,2.59389843,0.00053175357108218
clsQDEIM,3,0.9999,19,21,21,156,2.649605705,0.0001705091210334367
SOPT,3,0.9999,19,21,21,161,2.769022097,0.0001685365243363389
clsSOPT,3,0.9999,19,21,21,161,2.645578639,0.000143066581042914
QDEIM,3,0.9999,19,21,21,161,2.670845241,0.0005797177286366527
clsQDEIM,3,0.9999,19,21,21,161,2.760078843,0.0001489863139472386
SOPT,3,0.9999,19,21,21,166,2.793403465,0.0001672386485756531
clsSOPT,3,0.9999,19,21,21,166,2.714371989,0.0001430665810429218
QDEIM,3,0.9999,19,21,21,166,2.745596863,9.372363018030227e-05
clsQDEIM,3,0.9999,19,21,21,166,2.765205593,0.0002737493953568451
SOPT,3,0.9999,19,21,21,171,2.846500404,0.0001674200338501344
clsSOPT,3,0.9999,19,21,21,171,2.78254523,0.0001430665810431206
QDEIM,3,0.9999,19,21,21,171,2.79466517,8.824199733258383e-05
clsQDEIM,3,0.9999,19,21,21,171,2.829936496,0.0003109313991640996
SOPT,3,0.9999,19,21,21,176,2.906286711,0.0001660824218747698
clsSOPT,3,0.9999,19,21,21,176,2.864287051,0.0001430665810427221
QDEIM,3,0.9999,19,21,21,176,2.858157496,0.0001029319496594994
clsQDEIM,3,0.9999,19,21,21,176,2.903821065,8.292068480525989e-05
SOPT,3,0.9999,19,21,21,181,2.99051786,0.0001648178291316032
clsSOPT,3,0.9999,19,21,21,181,2.926568322,0.000143066581043124
QDEIM,3,0.9999,19,21,21,181,2.937949026,0.0001333204202063756
clsQDEIM,3,0.9999,19,21,21,181,2.952185385,8.229659892619618e-05
SOPT,3,0.9999,19,21,21,186,3.042371081,0.000166207788382378
clsSOPT,3,0.9999,19,21,21,186,2.978914662,0.0001430665810427161
QDEIM,3,0.9999,19,21,21,186,2.999122061,8.267730262906487e-05
clsQDEIM,3,0.9999,19,21,21,186,3.040032399,0.0001005933829856426
SOPT,3,0.9999,19,21,21,191,3.079318955,0.0001698007678855151
clsSOPT,3,0.9999,19,21,21,191,3.057330845,0.0001430665810431273
QDEIM,3,0.9999,19,21,21,191,3.048456122,9.484522611143661e-05
clsQDEIM,3,0.9999,19,21,21,191,3.087077382,0.0002404389607938427
SOPT,3,0.9999,19,21,21,196,3.123018029,0.0001720027210564973
clsSOPT,3,0.9999,19,21,21,196,3.133524277,0.0001430665810429155
QDEIM,3,0.9999,19,21,21,196,3.186886363,9.445776328357235e-05
clsQDEIM,3,0.9999,19,21,21,196,3.135579099,0.0001931915172377969
SOPT,3,0.9999,19,21,21,201,3.156332083,0.0001722085315152244
clsSOPT,3,0.9999,19,21,21,201,3.191981558,0.0001430665810431179
QDEIM,3,0.9999,19,21,21,201,3.180166953,0.0001084355762669676
clsQDEIM,3,0.9999,19,21,21,201,3.189045605,0.0001506530946539708
SOPT,3,0.9999,19,21,21,206,3.209067037,0.0001715206679643625
clsSOPT,3,0.9999,19,21,21,206,3.273829941,0.0001430665810431226
QDEIM,3,0.9999,19,21,21,206,3.236678782,0.0002165926984072943
clsQDEIM,3,0.9999,19,21,21,206,3.262065241,0.0001766317987261568
SOPT,3,0.9999,19,21,21,211,3.248553337,0.0001700060565570162
clsSOPT,3,0.9999,19,21,21,211,3.304226775,0.0001430665810431211
QDEIM,3,0.9999,19,21,21,211,3.342237916,0.0002432560581264012
clsQDEIM,3,0.9999,19,21,21,211,3.325291844,0.0002481134891531224
SOPT,3,0.9999,19,21,21,216,3.293727109,0.0001693511048638209
clsSOPT,3,0.9999,19,21,21,216,3.408321484,0.0001430665810427159
QDEIM,3,0.9999,19,21,21,216,3.418547985,0.0002906555333568656
clsQDEIM,3,0.9999,19,21,21,216,3.408770489,0.0003468144769084777
SOPT,3,0.9999,19,21,21,221,3.357904392,0.0001690896675037053
clsSOPT,3,0.9999,19,21,21,221,3.486402923,0.0001430665810431238
QDEIM,3,0.9999,19,21,21,221,3.423880216,0.0002981572436235996
clsQDEIM,3,0.9999,19,21,21,221,3.472360433,0.0004253154716949451
SOPT,3,0.9999,19,21,21,226,3.367672251,0.0001698511876899529
clsSOPT,3,0.9999,19,21,21,226,3.516801748,0.0001417261487394598
QDEIM,3,0.9999,19,21,21,226,3.51216554,0.0002012521030800854
clsQDEIM,3,0.9999,19,21,21,226,3.505366259,0.0004383635887376057
SOPT,3,0.9999,19,21,21,231,3.446721994,0.0001646224818341929
clsSOPT,3,0.9999,19,21,21,231,3.555955913,0.0001421705287056514
QDEIM,3,0.9999,19,21,21,231,3.528963478,0.0001458362820899943
clsQDEIM,3,0.9999,19,21,21,231,3.513283113,0.0004370247478051716
SOPT,3,0.9999,19,21,21,236,3.536966034,0.0001703707265368579
clsSOPT,3,0.9999,19,21,21,236,3.573012834,0.0001420288966773023
QDEIM,3,0.9999,19,21,21,236,3.540619194,0.0001496840373895068
clsQDEIM,3,0.9999,19,21,21,236,3.605784549,0.0004410862929714544
SOPT,3,0.9999,19,21,21,241,3.602299258,0.0001036814213183786
clsSOPT,3,0.9999,19,21,21,241,3.609797541,0.0001398520075851014
QDEIM,3,0.9999,19,21,21,241,3.603011036,0.0001114015760982701
clsQDEIM,3,0.9999,19,21,21,241,3.623185689,0.0004092481769804831
SOPT,3,0.9999,19,21,21,246,3.625079274,0.0002429874683761135
clsSOPT,3,0.9999,19,21,21,246,3.630411847,0.000140277124457559
QDEIM,3,0.9999,19,21,21,246,3.637559113,8.313722028099031e-05
clsQDEIM,3,0.9999,19,21,21,246,3.69539357,0.000407658310988696
SOPT,3,0.9999,19,21,21,251,3.710063071,0.0001980065990010424
clsSOPT,3,0.9999,19,21,21,251,3.648413319,0.0001375371826656376
QDEIM,3,0.9999,19,21,21,251,3.689192505,0.0002642866103055945
clsQDEIM,3,0.9999,19,21,21,251,3.788570337,0.0003901134003992563
SOPT,3,0.9999,19,21,21,256,3.799426168,0.0001307813518270637
clsSOPT,3,0.9999,19,21,21,256,3.677125982,0.0001340676266887699
QDEIM,3,0.9999,19,21,21,256,3.711688094,0.0002430500498236052
clsQDEIM,3,0.9999,19,21,21,256,3.855193734,0.0003936104090931627
SOPT,3,0.9999,19,21,21,261,3.865922178,0.0002426991433708032
clsSOPT,3,0.9999,19,21,21,261,3.705781931,0.0001337139182024154
QDEIM,3,0.9999,19,21,21,261,3.767680602,0.0002406762013095103
clsQDEIM,3,0.9999,19,21,21,261,3.914224937,0.0004135949758453155
SOPT,3,0.9999,19,21,21,266,3.921586687,0.0002594937167412627
clsSOPT,3,0.9999,19,21,21,266,3.808293683,0.0001335682501428902
QDEIM,3,0.9999,19,21,21,266,3.832945676,0.0002720258040878853
clsQDEIM,3,0.9999,19,21,21,266,4.055573371,0.0004205587619961562
SOPT,3,0.9999,19,21,21,271,4.014657996,0.0002234396756527172
clsSOPT,3,0.9999,19,21,21,271,3.796557483,0.0001350529792633917
QDEIM,3,0.9999,19,21,21,271,3.86975181,0.0002600118985718572
clsQDEIM,3,0.9999,19,21,21,271,4.014322701,0.000403101177210842
SOPT,4,0.99999,24,27,27,32,0.956461042,0.007887758844400631
clsSOPT,4,0.99999,24,27,27,32,0.95259085,0.006809730921613797
QDEIM,4,0.99999,24,27,27,32,0.951556214,0.003189256191765245
clsQDEIM,4,0.99999,24,27,27,32,0.926964908,0.003356081805496047
SOPT,4,0.99999,24,27,27,37,1.036003585,0.006393552410525401
clsSOPT,4,0.99999,24,27,27,37,1.037049688,0.004740831134410788
QDEIM,4,0.99999,24,27,27,37,1.040698556,0.002024658372806016
clsQDEIM,4,0.99999,24,27,27,37,1.00068644,0.003158699631950407
SOPT,4,0.99999,24,27,27,42,1.143542573,0.004617694252451909
clsSOPT,4,0.99999,24,27,27,42,1.128348197,0.0002912698770376297
QDEIM,4,0.99999,24,27,27,42,1.126312648,0.002277865421693553
clsQDEIM,4,0.99999,24,27,27,42,1.090088463,0.002598655733157141
SOPT,4,0.99999,24,27,27,47,1.231615529,0.002703816343031113
clsSOPT,4,0.99999,24,27,27,47,1.208366331,0.001214839077185306
QDEIM,4,0.99999,24,27,27,47,1.2189222,0.002161792109669826
clsQDEIM,4,0.99999,24,27,27,47,1.174715879,0.0007632451255000217
SOPT,4,0.99999,24,27,27,52,1.301903498,0.002066639355926609
clsSOPT,4,0.99999,24,27,27,52,1.289070719,0.001370789423423671
QDEIM,4,0.99999,24,27,27,52,1.300816888,0.002060686762822588
clsQDEIM,4,0.99999,24,27,27,52,1.262764906,0.002138700450066907
SOPT,4,0.99999,24,27,27,57,1.389734103,0.002171942609143064
clsSOPT,4,0.99999,24,27,27,57,1.375031797,0.001954736717681416
QDEIM,4,0.99999,24,27,27,57,1.40259849,0.002674558255530122
clsQDEIM,4,0.99999,24,27,27,57,1.350357991,0.001397893571975038
SOPT,4,0.99999,24,27,27,62,1.478495046,0.002365740000794344
clsSOPT,4,0.99999,24,27,27,62,1.458618635,0.001069187559588081
QDEIM,4,0.99999,24,27,27,62,1.484688778,0.00234987252868783
clsQDEIM,4,0.99999,24,27,27,62,1.436161046,0.001211878489248069
SOPT,4,0.99999,24,27,27,67,1.570044265,0.002019412036646075
clsSOPT,4,0.99999,24,27,27,67,1.543977453,0.001006831569821937
QDEIM,4,0.99999,24,27,27,67,1.537070274,0.002237808175828755
clsQDEIM,4,0.99999,24,27,27,67,1.519045634,0.001221332530611016
SOPT,4,0.99999,24,27,27,72,1.643937682,0.001383310135153923
clsSOPT,4,0.99999,24,27,27,72,1.639403099,0.0009268075420111906
QDEIM,4,0.99999,24,27,27,72,1.604476615,0.002346191564565496
clsQDEIM,4,0.99999,24,27,27,72,1.537727349,0.001206456353406372
SOPT,4,0.99999,24,27,27,77,1.725720726,0.001870044883029167
clsSOPT,4,0.99999,24,27,27,77,1.712233501,0.0003444360038964298
QDEIM,4,0.99999,24,27,27,77,1.683909838,0.001964250817863326
clsQDEIM,4,0.99999,24,27,27,77,1.542985288,0.001236567895641591
SOPT,4,0.99999,24,27,27,82,1.805002664,0.00136942063244264
clsSOPT,4,0.99999,24,27,27,82,1.767398025,2.400697176902764e-05
QDEIM,4,0.99999,24,27,27,82,1.74640788,0.001860179727535767
clsQDEIM,4,0.99999,24,27,27,82,1.630563721,0.003856393376166851
SOPT,4,0.99999,24,27,27,87,1.864517245,0.001131763722366955
clsSOPT,4,0.99999,24,27,27,87,1.871649391,0.0008681639294942341
QDEIM,4,0.99999,24,27,27,87,1.815668703,0.002292083692188014
clsQDEIM,4,0.99999,24,27,27,87,1.691918035,0.00375972695074259
SOPT,4,0.99999,24,27,27,92,1.943241023,0.001779189193286662
clsSOPT,4,0.99999,24,27,27,92,1.960138982,0.0003700377786079734
QDEIM,4,0.99999,24,27,27,92,1.892339161,0.002413896350075476
clsQDEIM,4,0.99999,24,27,27,92,1.801035871,0.005333238189026244
SOPT,4,0.99999,24,27,27,97,2.003098445,0.001544440409131026
clsSOPT,4,0.99999,24,27,27,97,2.012787943,0.0009075578196416925
QDEIM,4,0.99999,24,27,27,97,1.948665104,0.002207102576734288
clsQDEIM,4,0.99999,24,27,27,97,1.86162846,0.001617967265603712
SOPT,4,0.99999,24,27,27,102,2.059254755,0.001276814919934016
clsSOPT,4,0.99999,24,27,27,102,2.092910375,0.0009462583266385994
QDEIM,4,0.99999,24,27,27,102,2.01004736,0.002284995810965303
clsQDEIM,4,0.99999,24,27,27,102,1.944428588,0.003686792908787936
SOPT,4,0.99999,24,27,27,107,2.145317964,0.001099219151333775
clsSOPT,4,0.99999,24,27,27,107,2.19045882,0.002049418964375213
QDEIM,4,0.99999,24,27,27,107,2.067807425,0.002341165647754591
clsQDEIM,4,0.99999,24,27,27,107,2.019355267,0.005328030435734081
SOPT,4,0.99999,24,27,27,112,2.199840249,0.000862235294151665
clsSOPT,4,0.99999,24,27,27,112,2.25994061,0.001424365740017032
QDEIM,4,0.99999,24,27,27,112,2.13663042,0.003552313215451224
clsQDEIM,4,0.99999,24,27,27,112,2.129111397,0.007072511722284675
SOPT,4,0.99999,24,27,27,117,2.263163785,0.0009991975048945965
clsSOPT,4,0.99999,24,27,27,117,2.335828507,0.0002676627199006365
QDEIM,4,0.99999,24,27,27,117,2.190056542,0.003677873647435961
clsQDEIM,4,0.99999,24,27,27,117,2.203435772,0.007190312840997915
SOPT,4,0.99999,24,27,27,122,2.348765772,0.0002034404527425081
clsSOPT,4,0.99999,24,27,27,122,2.377022766,0.0006100769769163698
QDEIM,4,0.99999,24,27,27,122,2.264932807,0.003849522722390074
clsQDEIM,4,0.99999,24,27,27,122,2.255771925,0.007098556155091958
SOPT,4,0.99999,24,27,27,127,2.42070365,0.0003984903066569086
clsSOPT,4,0.99999,24,27,27,127,2.462323922,0.0004319883530676022
QDEIM,4,0.99999,24,27,27,127,2.349536202,0.003776693456538121
clsQDEIM,4,0.99999,24,27,27,127,2.338977381,0.007124475180954171
SOPT,4,0.99999,24,27,27,132,2.500247012,0.0002007799379517887
clsSOPT,4,0.99999,24,27,27,132,2.558933916,0.0004697483952730898
QDEIM,4,0.99999,24,27,27,132,2.387427905,0.003645288442673574
clsQDEIM,4,0.99999,24,27,27,132,2.414832629,0.007282826433782727
SOPT,4,0.99999,24,27,27,137,2.565671127,0.0004029393380382972
clsSOPT,4,0.99999,24,27,27,137,2.624568623,0.0005384173647047559
QDEIM,4,0.99999,24,27,27,137,2.424109844,0.003743552590084321
clsQDEIM,4,0.99999,24,27,27,137,2.470345999,0.005473501518192235
SOPT,4,0.99999,24,27,27,142,2.648759055,0.0007472535055463113
clsSOPT,4,0.99999,24,27,27,142,2.67809531,0.0006437575462741274
QDEIM,4,0.99999,24,27,27,142,2.499172815,0.004941505034903612
clsQDEIM,4,0.99999,24,27,27,142,2.555107337,0.005631766929073368
SOPT,4,0.99999,24,27,27,147,2.71296244,0.0003849406283758512
clsSOPT,4,0.99999,24,27,27,147,2.75164134,0.0007759328128932442
QDEIM,4,0.99999,24,27,27,147,2.578347663,0.004916183548691082
clsQDEIM,4,0.99999,24,27,27,147,2.62617604,0.006622585729851736
SOPT,4,0.99999,24,27,27,152,2.755602793,3.813496529820516e-05
clsSOPT,4,0.99999,24,27,27,152,2.806931305,0.0008505262147892105
QDEIM,4,0.99999,24,27,27,152,2.663455299,0.00497668992493777
clsQDEIM,4,0.99999,24,27,27,152,2.714529762,0.007262761927030225
SOPT,4,0.99999,24,27,27,157,2.852448961,0.0001851434526798672
clsSOPT,4,0.99999,24,27,27,157,2.86954882,0.0008745488600620375
QDEIM,4,0.99999,24,27,27,157,2.726452744,0.005017041927582046
clsQDEIM,4,0.99999,24,27,27,157,2.787992453,0.007176060030016625
SOPT,4,0.99999,24,27,27,162,2.957208403,0.0004130791698654745
clsSOPT,4,0.99999,24,27,27,162,2.945225805,0.0009152546076070623
QDEIM,4,0.99999,24,27,27,162,2.810046345,0.006716537069149122
clsQDEIM,4,0.99999,24,27,27,162,2.838615144,0.00654469136466948
SOPT,4,0.99999,24,27,27,167,3.010692957,0.0003594852740476259
clsSOPT,4,0.99999,24,27,27,167,2.9908367,0.0009531213001732437
QDEIM,4,0.99999,24,27,27,167,2.827114359,0.006548639941442403
clsQDEIM,4,0.99999,24,27,27,167,2.931529016,0.005048139211994131
SOPT,4,0.99999,24,27,27,172,3.130157082,8.725096051882346e-05
clsSOPT,4,0.99999,24,27,27,172,3.03720593,0.001018784086880485
QDEIM,4,0.99999,24,27,27,172,2.902789222,0.006799123076195126
clsQDEIM,4,0.99999,24,27,27,172,2.962315406,0.005270479143746574
SOPT,4,0.99999,24,27,27,177,3.171618438,0.0002133718468191789
clsSOPT,4,0.99999,24,27,27,177,3.061252456,0.001096956021929508
QDEIM,4,0.99999,24,27,27,177,2.931979631,0.006822450469615101
clsQDEIM,4,0.99999,24,27,27,177,3.03354387,0.007456309464234799
SOPT,4,0.99999,24,27,27,182,3.243981666,5.155100082933675e-05
clsSOPT,4,0.99999,24,27,27,182,3.122346653,0.001164940089095372
QDEIM,4,0.99999,24,27,27,182,3.00486347,0.006974700304399934
clsQDEIM,4,0.99999,24,27,27,182,3.115114689,0.009545194741473664
SOPT,4,0.99999,24,27,27,187,3.306797698,0.000336976305718451
clsSOPT,4,0.99999,24,27,27,187,3.162315659,0.001264701904866984
QDEIM,4,0.99999,24,27,27,187,3.083327948,0.006829941669627922
clsQDEIM,4,0.99999,24,27,27,187,3.11057098,0.009489572190731944
SOPT,4,0.99999,24,27,27,192,3.38079611,0.0005109642108021131
clsSOPT,4,0.99999,24,27,27,192,3.186366571,0.001318941299274581
QDEIM,4,0.99999,24,27,27,192,3.144067851,0.006852256135984779
clsQDEIM,4,0.99999,24,27,27,192,3.180559939,0.009525707991790255
SOPT,4,0.99999,24,27,27,197,3.417895473,0.0006797933084634046
clsSOPT,4,0.99999,24,27,27,197,3.278668124,0.001318941299274582
QDEIM,4,0.99999,24,27,27,197,3.236821933,0.006710215083637323
clsQDEIM,4,0.99999,24,27,27,197,3.247010217,0.009532360355301464
SOPT,4,0.99999,24,27,27,202,3.51591154,0.0008008844596479518
clsSOPT,4,0.99999,24,27,27,202,3.331415084,0.001318941299274582
QDEIM,4,0.99999,24,27,27,202,3.312886041,0.001325616142241739
clsQDEIM,4,0.99999,24,27,27,202,3.308081801,0.009631817139318224
SOPT,4,0.99999,24,27,27,207,3.569653498,0.0008672091826763395
clsSOPT,4,0.99999,24,27,27,207,3.393410511,0.00131894129927458
QDEIM,4,0.99999,24,27,27,207,3.34229789,0.001344978292056871
clsQDEIM,4,0.99999,24,27,27,207,3.358935535,0.009753539140737197
SOPT,4,0.99999,24,27,27,212,3.669986533,0.0008672091826763441
clsSOPT,4,0.99999,24,27,27,212,3.451523616,0.001318941299274578
QDEIM,4,0.99999,24,27,27,212,3.415027651,0.002972000266626589
clsQDEIM,4,0.99999,24,27,27,212,3.47268125,0.009707211308171254
SOPT,4,0.99999,24,27,27,217,3.699035855,0.0008672091826761255
clsSOPT,4,0.99999,24,27,27,217,3.532121327,0.001318941299274578
QDEIM,4,0.99999,24,27,27,217,3.483045527,0.00372851899505301
clsQDEIM,4,0.99999,24,27,27,217,3.518453631,0.009366762150029306
SOPT,4,0.99999,24,27,27,222,3.795831096,0.0008672091826763454
clsSOPT,4,0.99999,24,27,27,222,3.613630695,0.001318941299274578
QDEIM,4,0.99999,24,27,27,222,3.540325216,0.003410663071023174
clsQDEIM,4,0.99999,24,27,27,222,3.552270483,0.00958668514160552
SOPT,4,0.99999,24,27,27,227,3.828243943,0.0008672091826761265
clsSOPT,4,0.99999,24,27,27,227,3.669931732,0.00131894129927434
QDEIM,4,0.99999,24,27,27,227,3.614067189,0.003369550102710956
clsQDEIM,4,0.99999,24,27,27,227,3.6452327,0.009583732002922667
SOPT,4,0.99999,24,27,27,232,3.908302302,0.0008672091826758778
clsSOPT,4,0.99999,24,27,27,232,3.718190754,0.00131894129927458
QDEIM,4,0.99999,24,27,27,232,3.647556103,0.003222137966420236
clsQDEIM,4,0.99999,24,27,27,232,3.70164125,0.01009433700943169
SOPT,4,0.99999,24,27,27,237,3.938120033,0.0008672091826761309
clsSOPT,4,0.99999,24,27,27,237,3.760580456,0.001318941299274579
QDEIM,4,0.99999,24,27,27,237,3.726540728,0.003479415039606173
clsQDEIM,4,0.99999,24,27,27,237,3.766897331,0.01139550241199147
SOPT,4,0.99999,24,27,27,242,4.025026299,0.0008672091826756539
clsSOPT,4,0.99999,24,27,27,242,3.814017806,0.001318941299274814
QDEIM,4,0.99999,24,27,27,242,3.814147033,0.003481290736979041
clsQDEIM,4,0.99999,24,27,27,242,3.862184437,0.01163677828247887
SOPT,4,0.99999,24,27,27,247,4.13324986,0.00086720918267565
clsSOPT,4,0.99999,24,27,27,247,3.879611466,0.00131894129927458
QDEIM,4,0.99999,24,27,27,247,3.831674616,0.004816231216097275
clsQDEIM,4,0.99999,24,27,27,247,3.899360026,0.01390683153588982
SOPT,4,0.99999,24,27,27,252,4.152521281,0.0008672091826761283
clsSOPT,4,0.99999,24,27,27,252,3.931487155,0.00131894129927458
QDEIM,4,0.99999,24,27,27,252,3.870382164,0.0047852522852038
clsQDEIM,4,0.99999,24,27,27,252,3.968091868,0.0160566789459417
SOPT,4,0.99999,24,27,27,257,4.209656966,0.0008672091826758884
clsSOPT,4,0.99999,24,27,27,257,3.966717789,0.001365032491482815
QDEIM,4,0.99999,24,27,27,257,3.92743275,0.005400832005697941
clsQDEIM,4,0.99999,24,27,27,257,4.031628158,0.01668571405988941
SOPT,4,0.99999,24,27,27,262,4.320771842,0.0008672091826763508
clsSOPT,4,0.99999,24,27,27,262,4.032199688,0.001418982298091889
QDEIM,4,0.99999,24,27,27,262,4.024779824,0.005924610256020648
clsQDEIM,4,0.99999,24,27,27,262,4.096309981,0.01728362330589544
SOPT,4,0.99999,24,27,27,267,4.366253507,0.0008672091826758932
clsSOPT,4,0.99999,24,27,27,267,4.06962445,0.001487526576580556
QDEIM,4,0.99999,24,27,27,267,4.05578317,0.006042570341667627
clsQDEIM,4,0.99999,24,27,27,267,4.130732115,0.01832377593042985
SOPT,4,0.99999,24,27,27,272,4.413830555,0.0008952024469996918
clsSOPT,4,0.99999,24,27,27,272,4.143064057,0.00160756612522756
QDEIM,4,0.99999,24,27,27,272,4.113365478,0.006043343263545279
clsQDEIM,4,0.99999,24,27,27,272,4.203609489,0.01920527399531434
SOPT,4,0.99999,24,27,27,277,4.512426644,0.0008134541325010845
clsSOPT,4,0.99999,24,27,27,277,4.154023749,0.00162372034568549
QDEIM,4,0.99999,24,27,27,277,4.144147842,0.006304697875643447
clsQDEIM,4,0.99999,24,27,27,277,4.296891385,0.01732210246293647
SOPT,5,0.999999,29,32,32,37,,
clsSOPT,5,0.999999,29,32,32,37,,
QDEIM,5,0.999999,29,32,32,37,1.250911447,0.0036057205719677
clsQDEIM,5,0.999999,29,32,32,37,1.180677246,0.0009423118253181391
SOPT,5,0.999999,29,32,32,42,1.368063905,0.006149297359191595
clsSOPT,5,0.999999,29,32,32,42,1.337674024,0.002858792325207204
QDEIM,5,0.999999,29,32,32,42,1.466206066,0.01795664126753948
clsQDEIM,5,0.999999,29,32,32,42,1.262059303,8.673147026401269e-05
SOPT,5,0.999999,29,32,32,47,1.562248742,0.113808878113671
clsSOPT,5,0.999999,29,32,32,47,1.38994302,0.001321144741758889
QDEIM,5,0.999999,29,32,32,47,1.506859401,0.05189323374188371
clsQDEIM,5,0.999999,29,32,32,47,1.336035478,0.0001023452756905057
SOPT,5,0.999999,29,32,32,52,,
clsSOPT,5,0.999999,29,32,32,52,1.519456199,0.0003488044937717797
QDEIM,5,0.999999,29,32,32,52,1.730349384,0.7305670185801559
clsQDEIM,5,0.999999,29,32,32,52,1.484303258,0.003534965523246472
SOPT,5,0.999999,29,32,32,57,1.932271044,2.353827037826559
clsSOPT,5,0.999999,29,32,32,57,1.563958733,0.0009013040691741078
QDEIM,5,0.999999,29,32,32,57,1.816788013,1.242600883270425
clsQDEIM,5,0.999999,29,32,32,57,1.682184333,0.005868211373112948
SOPT,5,0.999999,29,32,32,62,1.690341458,0.0003528087591339076
clsSOPT,5,0.999999,29,32,32,62,1.644558272,0.001229957370551125
QDEIM,5,0.999999,29,32,32,62,,
clsQDEIM,5,0.999999,29,32,32,62,1.626558946,0.001693765175532433
SOPT,5,0.999999,29,32,32,67,1.751830381,0.0003516093639998218
clsSOPT,5,0.999999,29,32,32,67,1.745580484,0.0007524303984664396
QDEIM,5,0.999999,29,32,32,67,1.894175662,0.1509666076659859
clsQDEIM,5,0.999999,29,32,32,67,2.050633563,0.03389670179170533
SOPT,5,0.999999,29,32,32,72,1.831769951,0.0001041783287920091
clsSOPT,5,0.999999,29,32,32,72,1.813404919,0.001837430440145843
QDEIM,5,0.999999,29,32,32,72,1.857884184,0.006609503313338404
clsQDEIM,5,0.999999,29,32,32,72,1.83607155,0.001449445219032468
SOPT,5,0.999999,29,32,32,77,1.922097673,0.0005974399134236741
clsSOPT,5,0.999999,29,32,32,77,1.955875063,0.0002940083476515346
QDEIM,5,0.999999,29,32,32,77,1.97386955,0.01914816160100561
clsQDEIM,5,0.999999,29,32,32,77,1.893965764,0.0006750769147931138
SOPT,5,0.999999,29,32,32,82,2.015994515,0.000928003028092969
clsSOPT,5,0.999999,29,32,32,82,1.978375473,0.0008100045510733167
QDEIM,5,0.999999,29,32,32,82,2.374133197,1.001287519940618
clsQDEIM,5,0.999999,29,32,32,82,1.958237922,0.001007986239015085
SOPT,5,0.999999,29,32,32,87,2.102008051,0.001123275655024719
clsSOPT,5,0.999999,29,32,32,87,,
QDEIM,5,0.999999,29,32,32,87,2.359666475,0.07929329205671309
clsQDEIM,5,0.999999,29,32,32,87,2.027588163,0.001047523204445917
SOPT,5,0.999999,29,32,32,92,2.172151553,0.001040124681452863
clsSOPT,5,0.999999,29,32,32,92,,
QDEIM,5,0.999999,29,32,32,92,2.196039763,0.01538001438095357
clsQDEIM,5,0.999999,29,32,32,92,2.101933566,0.0009496751087983709
SOPT,5,0.999999,29,32,32,97,2.281201855,0.0009672166520443919
clsSOPT,5,0.999999,29,32,32,97,,
QDEIM,5,0.999999,29,32,32,97,2.508789875,0.1652856083911323
clsQDEIM,5,0.999999,29,32,32,97,2.15776296,0.001104196889480986
SOPT,5,0.999999,29,32,32,102,2.371290039,0.0005895019545043678
clsSOPT,5,0.999999,29,32,32,102,,
QDEIM,5,0.999999,29,32,32,102,2.451234934,0.02690977800748226
clsQDEIM,5,0.999999,29,32,32,102,2.237494294,0.00082519921613603
SOPT,5,0.999999,29,32,32,107,2.445699899,0.0007010338857154706
clsSOPT,5,0.999999,29,32,32,107,,
QDEIM,5,0.999999,29,32,32,107,2.609805093,0.03293419501085318
clsQDEIM,5,0.999999,29,32,32,107,2.319708118,0.0009623853381479201
SOPT,5,0.999999,29,32,32,112,2.495066222,0.0006940581692320952
clsSOPT,5,0.999999,29,32,32,112,,
QDEIM,5,0.999999,29,32,32,112,2.620915286,0.02609526002170977
clsQDEIM,5,0.999999,29,32,32,112,2.425723486,0.001390062669803242
SOPT,5,0.999999,29,32,32,117,2.600983774,0.0007683340838283824
clsSOPT,5,0.999999,29,32,32,117,,
QDEIM,5,0.999999,29,32,32,117,2.729209827,0.04577360258972872
clsQDEIM,5,0.999999,29,32,32,117,2.492688604,0.0003256402214807404
SOPT,5,0.999999,29,32,32,122,2.675561751,0.0009371136089000638
clsSOPT,5,0.999999,29,32,32,122,,
QDEIM,5,0.999999,29,32,32,122,2.805839061,0.04274363517827726
clsQDEIM,5,0.999999,29,32,32,122,2.533732954,0.0007206291865234802
SOPT,5,0.999999,29,32,32,127,2.774973912,0.0007000182385985991
clsSOPT,5,0.999999,29,32,32,127,,
QDEIM,5,0.999999,29,32,32,127,3.04390695,0.03392992575858481
clsQDEIM,5,0.999999,29,32,32,127,2.643619693,0.001827202158410831
SOPT,5,0.999999,29,32,32,132,2.857148617,0.0006236826766086458
clsSOPT,5,0.999999,29,32,32,132,,
QDEIM,5,0.999999,29,32,32,132,2.816576328,0.005991185995484872
clsQDEIM,5,0.999999,29,32,32,132,2.848680138,0.004536404523252788
SOPT,5,0.999999,29,32,32,137,2.917443265,0.0003218700102611299
clsSOPT,5,0.999999,29,32,32,137,,
QDEIM,5,0.999999,29,32,32,137,2.931852194,0.007291372537036042
clsQDEIM,5,0.999999,29,32,32,137,,
SOPT,5,0.999999,29,32,32,142,3.009419082,0.0005196373396800868
clsSOPT,5,0.999999,29,32,32,142,,
QDEIM,5,0.999999,29,32,32,142,3.002742377,0.004496967917029909
clsQDEIM,5,0.999999,29,32,32,142,,
SOPT,5,0.999999,29,32,32,147,3.108455852,0.000595598286790994
clsSOPT,5,0.999999,29,32,32,147,,
QDEIM,5,0.999999,29,32,32,147,3.336146018,0.01198794431448232
clsQDEIM,5,0.999999,29,32,32,147,,
SOPT,5,0.999999,29,32,32,152,3.196418887,0.001043184080247641
clsSOPT,5,0.999999,29,32,32,152,,
QDEIM,5,0.999999,29,32,32,152,,
clsQDEIM,5,0.999999,29,32,32,152,,
SOPT,5,0.999999,29,32,32,157,3.288564711,0.0007704375671993058
clsSOPT,5,0.999999,29,32,32,157,,
QDEIM,5,0.999999,29,32,32,157,,
clsQDEIM,5,0.999999,29,32,32,157,,
SOPT,5,0.999999,29,32,32,162,3.370361719,0.0008715138977961837
clsSOPT,5,0.999999,29,32,32,162,,
QDEIM,5,0.999999,29,32,32,162,,
clsQDEIM,5,0.999999,29,32,32,162,,
SOPT,5,0.999999,29,32,32,167,3.470440861,0.0009128121372343546
clsSOPT,5,0.999999,29,32,32,167,,
QDEIM,5,0.999999,29,32,32,167,3.656439745,0.04368093331453488
clsQDEIM,5,0.999999,29,32,32,167,,
SOPT,5,0.999999,29,32,32,172,3.533820948,0.0007012041068082857
clsSOPT,5,0.999999,29,32,32,172,,
QDEIM,5,0.999999,29,32,32,172,,
clsQDEIM,5,0.999999,29,32,32,172,,
SOPT,5,0.999999,29,32,32,177,3.638529603,0.0006555098911139334
clsSOPT,5,0.999999,29,32,32,177,,
QDEIM,5,0.999999,29,32,32,177,,
clsQDEIM,5,0.999999,29,32,32,177,,
SOPT,5,0.999999,29,32,32,182,3.737090373,0.0004734959928855609
clsSOPT,5,0.999999,29,32,32,182,,
QDEIM,5,0.999999,29,32,32,182,,
clsQDEIM,5,0.999999,29,32,32,182,,
SOPT,5,0.999999,29,32,32,187,3.729685827,0.0007266448268307941
clsSOPT,5,0.999999,29,32,32,187,,
QDEIM,5,0.999999,29,32,32,187,,
clsQDEIM,5,0.999999,29,32,32,187,,
SOPT,5,0.999999,29,32,32,192,3.833972109,0.0006861101370804761
clsSOPT,5,0.999999,29,32,32,192,,
QDEIM,5,0.999999,29,32,32,192,,
clsQDEIM,5,0.999999,29,32,32,192,,
SOPT,5,0.999999,29,32,32,197,3.946172977,0.0005754058049950283
clsSOPT,5,0.999999,29,32,32,197,,
QDEIM,5,0.999999,29,32,32,197,,
clsQDEIM,5,0.999999,29,32,32,197,,
SOPT,5,0.999999,29,32,32,202,3.962052559,0.0005329128857909675
clsSOPT,5,0.999999,29,32,32,202,,
QDEIM,5,0.999999,29,32,32,202,,
clsQDEIM,5,0.999999,29,32,32,202,3.842540464,0.01052497051592236
SOPT,5,0.999999,29,32,32,207,4.062374785,0.0006123520941037402
clsSOPT,5,0.999999,29,32,32,207,,
QDEIM,5,0.999999,29,32,32,207,,
clsQDEIM,5,0.999999,29,32,32,207,3.913996882,0.005650051066318137
SOPT,5,0.999999,29,32,32,212,4.108252835,0.0007158826547283771
clsSOPT,5,0.999999,29,32,32,212,,
QDEIM,5,0.999999,29,32,32,212,,
clsQDEIM,5,0.999999,29,32,32,212,3.957990632,0.004512019033093996
SOPT,5,0.999999,29,32,32,217,4.157722697,0.0007159274477717463
clsSOPT,5,0.999999,29,32,32,217,,
QDEIM,5,0.999999,29,32,32,217,,
clsQDEIM,5,0.999999,29,32,32,217,4.028927614,0.004386504893082008
SOPT,5,0.999999,29,32,32,222,4.309373272,0.0008639830969915871
clsSOPT,5,0.999999,29,32,32,222,,
QDEIM,5,0.999999,29,32,32,222,,
clsQDEIM,5,0.999999,29,32,32,222,4.079296609,0.004093150312006156
SOPT,5,0.999999,29,32,32,227,4.331900074,0.0009024924823104018
clsSOPT,5,0.999999,29,32,32,227,,
QDEIM,5,0.999999,29,32,32,227,,
clsQDEIM,5,0.999999,29,32,32,227,4.082922572,0.003925733631995852
SOPT,5,0.999999,29,32,32,232,,
clsSOPT,5,0.999999,29,32,32,232,,
QDEIM,5,0.999999,29,32,32,232,,
clsQDEIM,5,0.999999,29,32,32,232,4.195162837,0.004607602060506023
SOPT,5,0.999999,29,32,32,237,,
clsSOPT,5,0.999999,29,32,32,237,,
QDEIM,5,0.999999,29,32,32,237,,
clsQDEIM,5,0.999999,29,32,32,237,4.122673533,0.004925497915193251
SOPT,5,0.999999,29,32,32,242,,
clsSOPT,5,0.999999,29,32,32,242,,
QDEIM,5,0.999999,29,32,32,242,,
clsQDEIM,5,0.999999,29,32,32,242,4.17229584,0.0035932063592187
SOPT,5,0.999999,29,32,32,247,,
clsSOPT,5,0.999999,29,32,32,247,,
QDEIM,5,0.999999,29,32,32,247,,
clsQDEIM,5,0.999999,29,32,32,247,4.148904725,0.003229521481253722
SOPT,5,0.999999,29,32,32,252,,
clsSOPT,5,0.999999,29,32,32,252,,
QDEIM,5,0.999999,29,32,32,252,,
clsQDEIM,5,0.999999,29,32,32,252,4.165834767,0.003244515973015699
SOPT,5,0.999999,29,32,32,257,,
clsSOPT,5,0.999999,29,32,32,257,,
QDEIM,5,0.999999,29,32,32,257,,
clsQDEIM,5,0.999999,29,32,32,257,4.275240505,0.008582702222655777
SOPT,5,0.999999,29,32,32,262,,
clsSOPT,5,0.999999,29,32,32,262,,
QDEIM,5,0.999999,29,32,32,262,,
clsQDEIM,5,0.999999,29,32,32,262,4.372177644,0.01059450118450081
SOPT,5,0.999999,29,32,32,267,,
clsSOPT,5,0.999999,29,32,32,267,,
QDEIM,5,0.999999,29,32,32,267,,
clsQDEIM,5,0.999999,29,32,32,267,4.925929306,0.1226629170613639
SOPT,5,0.999999,29,32,32,272,,
clsSOPT,5,0.999999,29,32,32,272,,
QDEIM,5,0.999999,29,32,32,272,,
clsQDEIM,5,0.999999,29,32,32,272,,
SOPT,5,0.999999,29,32,32,277,,
clsSOPT,5,0.999999,29,32,32,277,,
QDEIM,5,0.999999,29,32,32,277,,
clsQDEIM,5,0.999999,29,32,32,277,,
SOPT,5,0.999999,29,32,32,282,,
clsSOPT,5,0.999999,29,32,32,282,,
QDEIM,5,0.999999,29,32,32,282,5.859695666,0.8195228165385227
clsQDEIM,5,0.999999,29,32,32,282,,
SOPT,6,1,34,38,37,42,1.539908954,0.00485586891654028
clsSOPT,6,1,34,38,37,42,1.658924005,0.02005940222479532
QDEIM,6,1,34,38,37,42,,
clsQDEIM,6,1,34,38,37,42,1.52361949,0.009039231478463059
SOPT,6,1,34,38,37,47,1.636624344,0.001187247325334467
clsSOPT,6,1,34,38,37,47,1.597993769,0.00270469687499891
QDEIM,6,1,34,38,37,47,,
clsQDEIM,6,1,34,38,37,47,1.608644902,0.007511269522123665
SOPT,6,1,34,38,37,52,1.751772693,0.0005040159927698327
clsSOPT,6,1,34,38,37,52,1.724058894,0.001603766947395511
QDEIM,6,1,34,38,37,52,1.883245474,0.003814723306890174
clsQDEIM,6,1,34,38,37,52,1.760575157,0.006999850874753956
SOPT,6,1,34,38,37,57,1.828645511,0.001680835368867409
clsSOPT,6,1,34,38,37,57,1.810848856,0.000371175731937011
QDEIM,6,1,34,38,37,57,2.018402045,0.005392183793806148
clsQDEIM,6,1,34,38,37,57,,
SOPT,6,1,34,38,37,62,1.910100392,0.001834727165066818
clsSOPT,6,1,34,38,37,62,1.905946543,0.0004875223307441143
QDEIM,6,1,34,38,37,62,2.588526417,1.201018815918825
clsQDEIM,6,1,34,38,37,62,1.940105045,0.0334586238015882
SOPT,6,1,34,38,37,67,1.989310347,0.002014221837034479
clsSOPT,6,1,34,38,37,67,2.031565616,0.0006065109715756923
QDEIM,6,1,34,38,37,67,2.188069861,0.00736802525522744
clsQDEIM,6,1,34,38,37,67,,
SOPT,6,1,34,38,37,72,2.08258591,0.001684622803096545
clsSOPT,6,1,34,38,37,72,2.119929957,0.001599657682706966
QDEIM,6,1,34,38,37,72,2.063646788,0.003214230342915598
clsQDEIM,6,1,34,38,37,72,,
SOPT,6,1,34,38,37,77,2.154269298,0.002823232944941652
clsSOPT,6,1,34,38,37,77,2.242912388,0.0001620650962004537
QDEIM,6,1,34,38,37,77,2.176269918,0.004474258642406261
clsQDEIM,6,1,34,38,37,77,,
SOPT,6,1,34,38,37,82,2.245060045,0.002589133258252102
clsSOPT,6,1,34,38,37,82,2.287778016,0.0002391550762378591
QDEIM,6,1,34,38,37,82,2.253593218,0.002296212193466505
clsQDEIM,6,1,34,38,37,82,,
SOPT,6,1,34,38,37,87,2.318004029,0.003081212544897985
clsSOPT,6,1,34,38,37,87,2.347204541,0.0009723710934885291
QDEIM,6,1,34,38,37,87,2.358504761,0.002451442862176359
clsQDEIM,6,1,34,38,37,87,,
SOPT,6,1,34,38,37,92,2.418155838,0.004241885959135295
clsSOPT,6,1,34,38,37,92,2.552043641,0.0004144629123993003
QDEIM,6,1,34,38,37,92,2.426442403,0.003263382549543211
clsQDEIM,6,1,34,38,37,92,,
SOPT,6,1,34,38,37,97,2.478403213,0.004606407047927037
clsSOPT,6,1,34,38,37,97,2.622686157,0.0004281986001322181
QDEIM,6,1,34,38,37,97,2.487444543,0.003289051283704935
clsQDEIM,6,1,34,38,37,97,,
SOPT,6,1,34,38,37,102,2.565091499,0.004665490355080818
clsSOPT,6,1,34,38,37,102,2.63257857,0.001544982930321008
QDEIM,6,1,34,38,37,102,2.559562649,0.00324165807312642
clsQDEIM,6,1,34,38,37,102,,
SOPT,6,1,34,38,37,107,2.628116582,0.003234839447183575
clsSOPT,6,1,34,38,37,107,2.688249989,0.001632507973099836
QDEIM,6,1,34,38,37,107,2.624392875,0.00311531120169192
clsQDEIM,6,1,34,38,37,107,,
SOPT,6,1,34,38,37,112,2.712656829,0.003148130519503098
clsSOPT,6,1,34,38,37,112,2.744787028,0.00262875496656605
QDEIM,6,1,34,38,37,112,2.717998413,0.003171021355469642
clsQDEIM,6,1,34,38,37,112,,
SOPT,6,1,34,38,37,117,2.777602762,0.002559841938664136
clsSOPT,6,1,34,38,37,117,2.815848824,0.00102434653239698
QDEIM,6,1,34,38,37,117,2.833804966,0.002198941758747997
clsQDEIM,6,1,34,38,37,117,,
SOPT,6,1,34,38,37,122,2.87820722,0.002514364392516772
clsSOPT,6,1,34,38,37,122,2.885755163,0.001137479489506269
QDEIM,6,1,34,38,37,122,2.926301028,0.002579195888506978
clsQDEIM,6,1,34,38,37,122,,
SOPT,6,1,34,38,37,127,2.962485553,0.001745676756321262
clsSOPT,6,1,34,38,37,127,2.928612475,0.001134483335127587
QDEIM,6,1,34,38,37,127,2.994014975,0.003083952801304017
clsQDEIM,6,1,34,38,37,127,,
SOPT,6,1,34,38,37,132,3.0358327,0.001734143552049742
clsSOPT,6,1,34,38,37,132,2.974287284,0.001040216513582382
QDEIM,6,1,34,38,37,132,3.053354744,0.003235953250442231
clsQDEIM,6,1,34,38,37,132,,
SOPT,6,1,34,38,37,137,3.144911962,0.002357439758960531
clsSOPT,6,1,34,38,37,137,3.032391237,0.0009765977123659454
QDEIM,6,1,34,38,37,137,3.90172982,0.003190336006947861
clsQDEIM,6,1,34,38,37,137,,
SOPT,6,1,34,38,37,142,3.193172725,0.002469413291515375
clsSOPT,6,1,34,38,37,142,3.092196953,0.000976597712365727
QDEIM,6,1,34,38,37,142,3.169001092,0.003221109589799518
clsQDEIM,6,1,34,38,37,142,,
SOPT,6,1,34,38,37,147,3.280748741,0.003152399703397633
clsSOPT,6,1,34,38,37,147,3.113328931,0.0009765977123654831
QDEIM,6,1,34,38,37,147,4.114881759,0.00229300254837666
clsQDEIM,6,1,34,38,37,147,,
SOPT,6,1,34,38,37,152,3.646229233,0.003115493606875207
clsSOPT,6,1,34,38,37,152,3.178640516,0.0009765977123659616
QDEIM,6,1,34,38,37,152,3.348168009,0.002523632764666867
clsQDEIM,6,1,34,38,37,152,,
SOPT,6,1,34,38,37,157,3.439051766,0.003497236776200888
clsSOPT,6,1,34,38,37,157,3.254783948,0.0009765977123659471
QDEIM,6,1,34,38,37,157,3.445366049,0.002494825313338018
clsQDEIM,6,1,34,38,37,157,,
SOPT,6,1,34,38,37,162,3.49787025,0.00391969287124229
clsSOPT,6,1,34,38,37,162,3.343998602,0.0009765977123657201
QDEIM,6,1,34,38,37,162,3.473681154,0.002476185557622563
clsQDEIM,6,1,34,38,37,162,,
SOPT,6,1,34,38,37,167,3.516676146,0.003454902896455684
clsSOPT,6,1,34,38,37,167,3.41110112,0.0009765977123657175
QDEIM,6,1,34,38,37,167,3.577885375,0.003015089702729363
clsQDEIM,6,1,34,38,37,167,,
SOPT,6,1,34,38,37,172,3.646111062,0.004604649189120479
clsSOPT,6,1,34,38,37,172,3.529772295,0.0009765977123657201
QDEIM,6,1,34,38,37,172,3.57652074,0.003470084545908333
clsQDEIM,6,1,34,38,37,172,,
SOPT,6,1,34,38,37,177,3.659903128,0.003515262784836421
clsSOPT,6,1,34,38,37,177,3.582422998,0.0009765977123659608
QDEIM,6,1,34,38,37,177,3.647149427,0.00388819244219913
clsQDEIM,6,1,34,38,37,177,,
SOPT,6,1,34,38,37,182,3.781398108,0.003395387240259671
clsSOPT,6,1,34,38,37,182,3.700054753,0.0009765977123659391
QDEIM,6,1,34,38,37,182,3.777404353,0.002841957491133295
clsQDEIM,6,1,34,38,37,182,,
SOPT,6,1,34,38,37,187,3.750980307,0.003466128473842965
clsSOPT,6,1,34,38,37,187,3.720356086,0.0009765977123657248
QDEIM,6,1,34,38,37,187,3.807872512,0.00139268266173705
clsQDEIM,6,1,34,38,37,187,,
SOPT,6,1,34,38,37,192,3.914655825,0.003857819932666492
clsSOPT,6,1,34,38,37,192,3.774232247,0.0009765977123657123
QDEIM,6,1,34,38,37,192,3.837156883,0.0007502127221495325
clsQDEIM,6,1,34,38,37,192,,
SOPT,6,1,34,38,37,197,3.938314799,0.003768460626693229
clsSOPT,6,1,34,38,37,197,3.858335509,0.0009765977123657216
QDEIM,6,1,34,38,37,197,3.87894299,0.0008532953963535803
clsQDEIM,6,1,34,38,37,197,,
SOPT,6,1,34,38,37,202,4.03793849,0.002476540177441972
clsSOPT,6,1,34,38,37,202,3.957146914,0.0009090061752487427
QDEIM,6,1,34,38,37,202,3.966175604,0.0003328621407860816
clsQDEIM,6,1,34,38,37,202,,
SOPT,6,1,34,38,37,207,4.106981569,0.002269681961195312
clsSOPT,6,1,34,38,37,207,4.1608622,0.0007912124565907728
QDEIM,6,1,34,38,37,207,4.062699617,0.000567653827047425
clsQDEIM,6,1,34,38,37,207,,
SOPT,6,1,34,38,37,212,4.222030575,0.002264423414014536
clsSOPT,6,1,34,38,37,212,4.129714473,0.0007349734251563462
QDEIM,6,1,34,38,37,212,4.070206004,0.0005624937048526381
clsQDEIM,6,1,34,38,37,212,,
SOPT,6,1,34,38,37,217,5.580949669,0.002234549983948838
clsSOPT,6,1,34,38,37,217,4.224989284,0.0006483902322692921
QDEIM,6,1,34,38,37,217,4.183023846,0.000645418145117684
clsQDEIM,6,1,34,38,37,217,,
SOPT,6,1,34,38,37,222,4.303198724,0.002276603322388841
clsSOPT,6,1,34,38,37,222,4.263213815,0.0005942422972237402
QDEIM,6,1,34,38,37,222,4.274835965,0.0007281018457574283
clsQDEIM,6,1,34,38,37,222,,
SOPT,6,1,34,38,37,227,4.366169328,0.002034314936523938
clsSOPT,6,1,34,38,37,227,4.35911423,0.001070958797812103
QDEIM,6,1,34,38,37,227,4.230247189,0.001997414407675999
clsQDEIM,6,1,34,38,37,227,,
SOPT,6,1,34,38,37,232,4.446469329,0.001751889631802209
clsSOPT,6,1,34,38,37,232,4.41921602,0.001000064515957862
QDEIM,6,1,34,38,37,232,4.265012164,0.002467654604606589
clsQDEIM,6,1,34,38,37,232,,
SOPT,6,1,34,38,37,237,4.541324411,0.001426306207762765
clsSOPT,6,1,34,38,37,237,4.513265795,0.0009118325293836046
QDEIM,6,1,34,38,37,237,4.319069999,0.002075202657534527
clsQDEIM,6,1,34,38,37,237,,
SOPT,6,1,34,38,37,242,4.695609518,0.001067284204869576
clsSOPT,6,1,34,38,37,242,4.599444186,0.0007282517848834457
QDEIM,6,1,34,38,37,242,4.389640469,0.002398487867066207
clsQDEIM,6,1,34,38,37,242,,
SOPT,6,1,34,38,37,247,4.723291163,0.001019931144064845
clsSOPT,6,1,34,38,37,247,4.693590053,0.0005992600234955498
QDEIM,6,1,34,38,37,247,4.53427759,0.002677775036669737
clsQDEIM,6,1,34,38,37,247,,
SOPT,6,1,34,38,37,252,4.82275456,0.001019931144064842
clsSOPT,6,1,34,38,37,252,4.754777722,0.0004685936874059968
QDEIM,6,1,34,38,37,252,4.631901958,0.002936747909390114
clsQDEIM,6,1,34,38,37,252,,
SOPT,6,1,34,38,37,257,4.909826675,0.001019931144064854
clsSOPT,6,1,34,38,37,257,4.819749903,0.0004346626865013677
QDEIM,6,1,34,38,37,257,4.688846649,0.002616928367348492
clsQDEIM,6,1,34,38,37,257,,
SOPT,6,1,34,38,37,262,4.979029607,0.001019931144064848
clsSOPT,6,1,34,38,37,262,4.854004327,0.000492153316148596
QDEIM,6,1,34,38,37,262,4.747097804,0.002768541238518736
clsQDEIM,6,1,34,38,37,262,,
SOPT,6,1,34,38,37,267,5.021907918,0.00101993114406462
clsSOPT,6,1,34,38,37,267,4.935889646,0.0005248925856938001
QDEIM,6,1,34,38,37,267,4.786455956,0.002790197864483346
clsQDEIM,6,1,34,38,37,267,,
SOPT,6,1,34,38,37,272,5.172040139,0.001019931144064737
clsSOPT,6,1,34,38,37,272,4.992817862,0.001366434521529274
QDEIM,6,1,34,38,37,272,4.873437178,0.002811063805363976
clsQDEIM,6,1,34,38,37,272,,
SOPT,6,1,34,38,37,277,5.233998892,0.001019931144064618
clsSOPT,6,1,34,38,37,277,5.010314739,0.001415719136879058
QDEIM,6,1,34,38,37,277,4.914578645,0.002817153961969599
clsQDEIM,6,1,34,38,37,277,,
SOPT,6,1,34,38,37,282,5.25290331,0.001019931144064621
clsSOPT,6,1,34,38,37,282,4.999908663,0.0004425002470320399
QDEIM,6,1,34,38,37,282,4.992222332,0.002603480927352424
clsQDEIM,6,1,34,38,37,282,,
SOPT,6,1,34,38,37,287,5.395992751,0.001019931144064849
clsSOPT,6,1,34,38,37,287,5.155606062,0.0007700976009153526
QDEIM,6,1,34,38,37,287,5.038045589,0.00263173505103012
clsQDEIM,6,1,34,38,37,287,,
