method,t,xx,vv,ee,q,condV,condE,time,ErrX,ErrV,ErrE
clssopt,0.05,7,8,20,10,5.880819,3.639857,0.3154,3.22613e-05,0.00574153,0.00117293
clsqdeim,0.05,7,8,20,10,6.096901,2.897733,0.321636,6.08239e-05,0.0125384,0.00117737
clsgnat,0.05,7,8,20,10,12731316.715254,6250155.240708,1.21461,0.0500529,,5.45421e-05
sopt,0.05,7,8,20,10,14.371724,3.664435,0.302373,7.86908e-06,0.000832924,7.55061e-05
qdeim,0.05,7,8,20,10,25.743906,4.669280,0.27502,1.86285e-05,0.00218752,0.000279894
gnat,0.05,7,8,20,10,9.968890,2.911700,0.275519,0.00118352,0.374585,0.0495714
clssopt,0.05,7,8,20,20,4.216687,3.196452,0.367778,6.21902e-05,0.0109181,0.00178872
clsqdeim,0.05,7,8,20,20,4.701000,3.020010,0.362585,4.63115e-05,0.00775049,0.00122406
clsgnat,0.05,7,8,20,20,5620815.680065,4813280.476350,1.44049,0.0500529,,5.45421e-05
sopt,0.05,7,8,20,20,6.791734,3.722991,0.317255,1.13777e-05,0.000777163,7.5177e-05
qdeim,0.05,7,8,20,20,27.290786,2.865056,0.318987,1.3636e-05,0.00155372,0.000211053
gnat,0.05,7,8,20,20,11.885566,2.108756,0.278574,0.00117407,0.369215,0.0488242
clssopt,0.05,7,8,20,30,3.170500,2.048440,0.439138,2.57073e-05,0.00145868,0.000123746
clsqdeim,0.05,7,8,20,30,3.859047,1.766295,0.410935,4.8664e-05,0.00564939,0.000732832
clsgnat,0.05,7,8,20,30,8834007.114295,2062565.254264,0.779745,0.0500529,,5.45421e-05
sopt,0.05,7,8,20,30,5.285902,3.206614,0.439135,1.30178e-05,0.00087572,0.000122174
qdeim,0.05,7,8,20,30,20.028243,1.958960,0.376611,1.1525e-05,0.00125789,0.000196432
gnat,0.05,7,8,20,30,6.830146,2.462186,0.287666,0.000446366,0.119927,0.014359
clssopt,0.05,7,8,20,40,2.919681,2.526917,0.437809,2.80469e-05,0.00251032,0.000440555
clsqdeim,0.05,7,8,20,40,3.415410,2.351008,0.454457,1.54233e-05,0.00141082,0.000131527
clsgnat,0.05,7,8,20,40,9200445.314927,3471589.545180,,1.75199e+51,3.53711e+66,nan
sopt,0.05,7,8,20,40,5.249810,3.519457,0.405488,9.70298e-06,0.000572567,7.56277e-05
qdeim,0.05,7,8,20,40,14.158397,2.688360,0.478125,6.26344e-06,0.000734206,0.000112851
gnat,0.05,7,8,20,40,12.013027,2.526885,0.30667,0.000647585,0.223945,0.0262921
clssopt,0.05,7,8,20,50,2.511469,2.066242,0.509809,4.23453e-05,0.00431087,0.000611407
clsqdeim,0.05,7,8,20,50,3.293627,1.895412,0.495374,1.63262e-05,0.00143331,0.000235432
clsgnat,0.05,7,8,20,50,5556340.869084,1.284825,0.965266,0.0500529,,5.45421e-05
sopt,0.05,7,8,20,50,4.600692,2.636101,0.427811,9.69854e-06,0.00047626,4.69049e-05
qdeim,0.05,7,8,20,50,8.541786,2.307716,0.40701,2.81036e-06,0.00046463,5.43378e-05
gnat,0.05,7,8,20,50,5.596218,1.682240,0.294204,0.000230784,0.0645013,0.00718431
clssopt,0.05,7,8,20,60,2.776220,1.856038,0.587811,2.1913e-05,0.0016843,0.000248806
clsqdeim,0.05,7,8,20,60,3.329386,1.574595,0.549105,1.80041e-05,0.0026941,0.000375315
clsgnat,0.05,7,8,20,60,5618481.866063,16.790080,1.1029,0.0500529,,5.45421e-05
sopt,0.05,7,8,20,60,4.528578,2.557967,0.466736,8.84278e-06,0.000376462,4.64541e-05
qdeim,0.05,7,8,20,60,7.757324,2.133432,0.448114,2.75305e-06,0.000456998,5.13493e-05
gnat,0.05,7,8,20,60,7.737750,1.867922,0.324101,0.000195892,0.0525594,0.0058303
clssopt,0.05,7,8,20,70,2.679278,1.576346,0.559375,1.30252e-05,0.00123109,0.000146981
clsqdeim,0.05,7,8,20,70,2.534660,1.659585,0.583356,2.51299e-05,0.00416434,0.000656436
clsgnat,0.05,7,8,20,70,2958969.275182,2.784682,2.16388,0.0500529,,5.45421e-05
sopt,0.05,7,8,20,70,4.048971,2.562427,0.494836,8.34639e-06,0.000474637,4.13999e-05
qdeim,0.05,7,8,20,70,7.797562,1.852723,0.473461,2.12221e-06,0.000487376,4.73998e-05
gnat,0.05,7,8,20,70,4.801110,1.692654,0.36195,3.28142e-05,0.00458934,0.000388666
clssopt,0.05,7,8,20,80,2.266694,1.927756,0.589484,1.45831e-05,0.0016032,0.00016585
clsqdeim,0.05,7,8,20,80,2.676604,2.063691,0.607977,1.82742e-05,0.00279356,0.000453884
clsgnat,0.05,7,8,20,80,3407958.584755,1326452.090881,,4.04467e+09,7.53566e+24,2.29173e+48
sopt,0.05,7,8,20,80,3.684256,2.452979,0.549898,8.07081e-06,0.000498459,3.97849e-05
qdeim,0.05,7,8,20,80,7.254623,3.143273,0.487299,2.14521e-06,0.000427949,4.54919e-05
gnat,0.05,7,8,20,80,6.046543,1.663889,0.355581,6.4466e-06,0.000494621,4.90097e-05
clssopt,0.05,7,8,20,90,2.412459,1.326380,0.633479,2.29085e-05,0.00298586,0.000259726
clsqdeim,0.05,7,8,20,90,2.139534,1.610941,0.630121,3.74224e-05,0.00546047,0.000942319
clsgnat,0.05,7,8,20,90,2322763.852083,1403892.925056,,151.544,3.29439e+17,1.51992e+35
sopt,0.05,7,8,20,90,3.106081,2.451832,0.54599,8.41675e-06,0.000509124,3.93769e-05
qdeim,0.05,7,8,20,90,6.900608,2.480624,0.506655,2.06908e-06,0.000471951,4.52156e-05
gnat,0.05,7,8,20,90,5.412690,1.523273,0.361594,1.1009e-05,0.000887726,0.000100675
clssopt,0.05,7,8,20,100,2.489229,1.458007,0.689816,1.79361e-05,0.00205362,0.00019299
clsqdeim,0.05,7,8,20,100,2.442633,1.668737,0.675831,5.51343e-05,0.00652852,0.00108079
clsgnat,0.05,7,8,20,100,4254643.322482,1144103.538039,1.24085,0.0500529,,5.45421e-05
sopt,0.05,7,8,20,100,3.452236,2.289569,0.57926,6.50083e-06,0.000525838,3.78865e-05
qdeim,0.05,7,8,20,100,5.856763,2.344436,0.52528,2.52635e-06,0.000393286,4.69277e-05
gnat,0.05,7,8,20,100,5.319666,1.674671,0.366596,9.92196e-06,0.000570513,6.47496e-05
clssopt,0.05,7,8,20,110,2.625882,1.365064,0.689773,1.97153e-05,0.00214894,0.000195336
clsqdeim,0.05,7,8,20,110,2.135131,1.439849,0.728643,4.6927e-05,0.00460691,0.000701665
clsgnat,0.05,7,8,20,110,2674547.565347,1237210.453779,,6.01502e+74,nan,nan
sopt,0.05,7,8,20,110,3.095747,2.438729,0.604083,7.43451e-06,0.000581467,4.01896e-05
qdeim,0.05,7,8,20,110,4.693217,2.263213,0.620256,2.4477e-06,0.000392297,4.17295e-05
gnat,0.05,7,8,20,110,4.414679,1.388793,0.38444,4.32282e-06,0.000403392,5.34164e-05
clssopt,0.05,7,8,20,120,2.975812,1.878464,0.746004,1.90232e-05,0.00219869,0.000183912
clsqdeim,0.05,7,8,20,120,2.332535,1.756851,0.719378,3.37273e-05,0.0029106,0.000397953
clsgnat,0.05,7,8,20,120,3156256.990807,1188740.910525,,nan,nan,5.2683e+18
sopt,0.05,7,8,20,120,2.886253,2.685705,0.635247,7.73829e-06,0.000574608,3.96175e-05
qdeim,0.05,7,8,20,120,5.607613,3.365349,0.541881,2.29948e-06,0.000378423,4.19289e-05
gnat,0.05,7,8,20,120,4.666938,1.654467,0.403852,3.96251e-06,0.000362466,6.05365e-05
clssopt,0.05,7,8,20,130,3.376989,1.473414,0.750292,1.94865e-05,0.00240853,0.000181658
clsqdeim,0.05,7,8,20,130,1.897378,1.388783,0.771055,3.33017e-05,0.00308455,0.000427055
clsgnat,0.05,7,8,20,130,2835592.387101,911797.749892,,nan,nan,nan
sopt,0.05,7,8,20,130,2.672269,2.370103,0.655677,7.26273e-06,0.000607163,4.74834e-05
qdeim,0.05,7,8,20,130,4.808231,2.074745,0.562342,1.74082e-06,0.000342331,4.14306e-05
gnat,0.05,7,8,20,130,4.572676,1.522194,0.414752,5.06012e-06,0.00038898,4.96135e-05
clssopt,0.05,7,8,20,140,2.801166,1.475657,0.794979,2.12309e-05,0.00249632,0.000171257
clsqdeim,0.05,7,8,20,140,2.068175,1.460584,0.910652,1.9169e-05,0.00156213,0.0001705
clsgnat,0.05,7,8,20,140,3293663.081734,2.905274,,nan,nan,nan
sopt,0.05,7,8,20,140,2.839766,2.296132,0.689087,7.41707e-06,0.000622274,5.3486e-05
qdeim,0.05,7,8,20,140,5.028429,2.499709,0.621772,1.98986e-06,0.000304386,4.4204e-05
gnat,0.05,7,8,20,140,4.666168,1.604238,0.421124,5.60181e-06,0.0006033,4.89258e-05
clssopt,0.05,7,8,20,150,4.048794,1.428260,0.81204,1.8859e-05,0.00201136,0.000165713
clsqdeim,0.05,7,8,20,150,2.094396,1.312828,0.80123,2.35026e-05,0.00171749,0.000140212
clsgnat,0.05,7,8,20,150,3392317.566362,1.574442,,5.99148e+42,8.31566e+57,nan
sopt,0.05,7,8,20,150,2.750512,2.292335,0.680538,6.56077e-06,0.000628604,5.41073e-05
qdeim,0.05,7,8,20,150,4.198712,2.380028,0.575418,1.74539e-06,0.000308346,4.30896e-05
gnat,0.05,7,8,20,150,4.264301,1.313119,0.533963,4.77619e-06,0.000694785,6.86905e-05
clssopt,0.05,7,8,20,160,4.632945,1.590392,0.867687,1.6027e-05,0.00203243,0.000197073
clsqdeim,0.05,7,8,20,160,2.064951,1.503927,0.815014,1.94084e-05,0.00142077,9.4231e-05
clsgnat,0.05,7,8,20,160,3148148.694800,948857.620104,1.84867,0.0500529,,5.45421e-05
sopt,0.05,7,8,20,160,3.185105,2.368405,0.736796,6.63513e-06,0.000607089,5.21651e-05
qdeim,0.05,7,8,20,160,4.088930,2.842532,0.568942,1.9173e-06,0.00028968,4.74545e-05
gnat,0.05,7,8,20,160,4.827953,1.812631,0.440846,2.52947e-06,0.000322833,4.6052e-05
clssopt,0.05,7,8,20,170,3.984423,1.442090,0.837482,1.44295e-05,0.00239763,0.000224497
clsqdeim,0.05,7,8,20,170,1.826794,1.297818,0.959761,1.8232e-05,0.0012031,7.08445e-05
clsgnat,0.05,7,8,20,170,3162929.565339,846775.032069,,nan,nan,nan
sopt,0.05,7,8,20,170,2.992139,2.257295,0.740495,6.61349e-06,0.000610331,5.21064e-05
qdeim,0.05,7,8,20,170,3.536501,2.240388,0.607983,2.5036e-06,0.000284514,4.69645e-05
gnat,0.05,7,8,20,170,3.953635,1.483829,0.470855,1.96422e-06,0.000475482,5.45371e-05
clssopt,0.05,7,8,20,180,4.606824,1.335651,0.870341,1.40587e-05,0.00259288,0.00024579
clsqdeim,0.05,7,8,20,180,1.984028,1.297026,0.872479,1.5582e-05,0.00103012,5.79197e-05
clsgnat,0.05,7,8,20,180,2983857.658589,872222.019866,1.75935,0.0500529,,5.45421e-05
sopt,0.05,7,8,20,180,3.228322,2.181876,0.744429,6.33952e-06,0.000600252,5.01484e-05
qdeim,0.05,7,8,20,180,3.514343,2.015463,0.614733,2.60562e-06,0.000305567,4.3829e-05
gnat,0.05,7,8,20,180,4.907092,1.563990,0.494121,1.96354e-06,0.000423873,4.70248e-05
clssopt,0.05,7,8,20,190,4.116485,1.316281,0.873397,1.44681e-05,0.00322744,0.000275057
clsqdeim,0.05,7,8,20,190,1.841405,1.348532,0.879553,1.46921e-05,0.000956094,5.62639e-05
clsgnat,0.05,7,8,20,190,3019049.114232,777227.256222,,1.94486e+62,5.40865e+77,nan
sopt,0.05,7,8,20,190,2.933429,2.123878,0.769752,6.03538e-06,0.000584246,4.58037e-05
qdeim,0.05,7,8,20,190,3.298288,1.601518,0.620381,2.36498e-06,0.000332866,4.30731e-05
gnat,0.05,7,8,20,190,4.008268,1.318972,0.461055,1.8367e-06,0.000395584,4.94547e-05
clssopt,0.05,7,8,20,200,4.332885,1.435577,0.879709,1.43077e-05,0.00320417,0.000268269
clsqdeim,0.05,7,8,20,200,2.082533,1.434899,0.910147,1.35028e-05,0.000827521,6.27289e-05
clsgnat,0.05,7,8,20,200,3818310.455567,3.094655,4.14161,0.0500529,,5.45421e-05
sopt,0.05,7,8,20,200,3.024685,2.277566,0.769659,6.10074e-06,0.000577081,4.23838e-05
qdeim,0.05,7,8,20,200,3.835859,2.278758,0.611529,2.40809e-06,0.000325425,4.1466e-05
gnat,0.05,7,8,20,200,4.154506,1.695665,0.477714,1.56761e-06,0.000444816,5.10959e-05
clssopt,0.05,7,14,33,10,9.823496,4.264348,,0.0248071,5.24475,1.01412
clsqdeim,0.05,7,14,33,10,9.951011,4.172884,,0.0184154,6.13415,1.0934
clsgnat,0.05,7,14,33,10,24017943.384980,36057811.951465,0.59887,0.0500529,,
sopt,0.05,7,14,33,10,16.122239,6.525746,0.332155,6.54369e-05,0.00721673,0.000851634
qdeim,0.05,7,14,33,10,40.152379,9.803022,0.334636,1.2294e-05,0.0021465,0.000279973
gnat,0.05,7,14,33,10,12.551922,5.479278,,0.0043957,2.63562,0.283407
clssopt,0.05,7,14,33,20,6.459503,3.396469,0.483355,3.60297e-05,0.00817759,0.000811432
clsqdeim,0.05,7,14,33,20,7.248181,3.436972,0.527871,5.69822e-05,0.0319707,0.00605594
clsgnat,0.05,7,14,33,20,18673456.164326,24686443.228787,,1.58351e+09,1.4705e+25,4.07288e+49
sopt,0.05,7,14,33,20,9.599729,6.133416,0.388743,1.25707e-05,0.00101575,0.00016373
qdeim,0.05,7,14,33,20,18.594864,4.580666,0.408148,3.73822e-06,0.000618561,8.9653e-05
gnat,0.05,7,14,33,20,7.198233,4.273188,,0.00448869,2.72721,0.314748
clssopt,0.05,7,14,33,30,5.485234,2.404656,1.78893,0.00013195,0.107464,0.0323014
clsqdeim,0.05,7,14,33,30,4.550899,4.016883,,0.00578621,3.13012,0.658827
clsgnat,0.05,7,14,33,30,8730965.216088,8954233.037251,0.832356,0.0500529,,
sopt,0.05,7,14,33,30,7.480319,4.884479,0.421145,1.10278e-05,0.000595203,7.78411e-05
qdeim,0.05,7,14,33,30,16.296526,4.287890,0.440656,2.33726e-06,0.000417903,5.50624e-05
gnat,0.05,7,14,33,30,9.426200,2.975739,,0.00464333,2.42356,0.277218
clssopt,0.05,7,14,33,40,4.551555,2.518448,0.581587,1.43607e-06,0.000606759,4.14543e-05
clsqdeim,0.05,7,14,33,40,3.899917,2.550287,,0.00641975,1.60009,0.289129
clsgnat,0.05,7,14,33,40,6433925.152746,7342619.726855,0.988112,0.0500529,,
sopt,0.05,7,14,33,40,5.653864,4.232570,0.474787,1.43504e-05,0.000831179,0.000109426
qdeim,0.05,7,14,33,40,10.746366,4.222492,0.478377,4.44692e-06,0.00058779,8.55849e-05
gnat,0.05,7,14,33,40,5.556753,2.649099,,0.00452158,2.47286,0.281567
clssopt,0.05,7,14,33,50,4.020323,2.631439,,0.0118611,26493.5,4.38193e+08
clsqdeim,0.05,7,14,33,50,3.586770,2.440984,,0.0137136,1.72687,0.390744
clsgnat,0.05,7,14,33,50,4506119.581604,5329561.273393,2.92996,0.0500529,,
sopt,0.05,7,14,33,50,5.836078,3.634622,0.491743,1.3188e-05,0.000800555,8.709e-05
qdeim,0.05,7,14,33,50,9.754135,3.869490,0.518047,3.37101e-06,0.000458567,6.12156e-05
gnat,0.05,7,14,33,50,5.232728,3.308963,0.365909,0.000195495,0.0476773,0.00448562
clssopt,0.05,7,14,33,60,3.437886,1.974174,,0.00580019,24306.8,4.44347e+08
clsqdeim,0.05,7,14,33,60,3.668088,2.169892,,0.0091617,1.42824,0.315159
clsgnat,0.05,7,14,33,60,4694253.938060,4618572.238893,2.17672,0.0500529,,
sopt,0.05,7,14,33,60,6.343746,3.305785,0.511276,6.48367e-06,0.000560389,0.000113962
qdeim,0.05,7,14,33,60,9.155493,3.618407,0.540143,2.42594e-06,0.000399515,4.88826e-05
gnat,0.05,7,14,33,60,5.135928,2.547908,0.470868,0.000805567,0.280139,0.0336149
clssopt,0.05,7,14,33,70,3.421487,2.388376,,0.0151976,6.04949e+06,3.38066e+13
clsqdeim,0.05,7,14,33,70,3.091891,3.276960,,0.0090339,1.31034,0.32738
clsgnat,0.05,7,14,33,70,3600044.501118,5824718.130429,,nan,nan,nan
sopt,0.05,7,14,33,70,5.055240,3.346528,0.567969,5.19226e-06,0.000545497,9.42322e-05
qdeim,0.05,7,14,33,70,10.175680,3.869747,0.597023,5.60888e-06,0.000967948,0.000127164
gnat,0.05,7,14,33,70,5.415047,6.484321,0.426179,0.00105141,0.387667,0.0356926
clssopt,0.05,7,14,33,80,3.142778,1.642139,,0.0198319,2.35352e+09,6.19692e+18
clsqdeim,0.05,7,14,33,80,2.946753,2.093520,,0.00595469,1.26988,0.311814
clsgnat,0.05,7,14,33,80,3810666.792543,5211155.113612,1.39411,0.0500529,,
sopt,0.05,7,14,33,80,5.035558,2.564327,0.60424,3.99979e-06,0.000439595,7.63396e-05
qdeim,0.05,7,14,33,80,8.994915,2.846607,0.620693,3.45406e-06,0.000787827,9.50853e-05
gnat,0.05,7,14,33,80,4.482972,1.858027,0.43471,0.000903831,0.310993,0.0313846
clssopt,0.05,7,14,33,90,2.725180,1.883940,,0.0166691,8.85943e+11,8.05282e+23
clsqdeim,0.05,7,14,33,90,2.979402,1.804191,,0.00262797,1.57067,0.379354
clsgnat,0.05,7,14,33,90,3292017.595598,4942438.259983,,nan,nan,3.47316e+20
sopt,0.05,7,14,33,90,4.548439,2.884182,0.620121,3.4615e-06,0.000385369,6.08873e-05
qdeim,0.05,7,14,33,90,6.783855,2.856445,0.631914,3.16062e-06,0.000818975,8.69988e-05
gnat,0.05,7,14,33,90,5.495070,1.814768,0.450984,0.000164508,0.0381334,0.0045328
clssopt,0.05,7,14,33,100,2.554276,1.736940,,0.017342,1.60026e+12,2.56045e+24
clsqdeim,0.05,7,14,33,100,2.760896,1.900971,0.928328,0.000940367,0.614849,0.153029
clsgnat,0.05,7,14,33,100,4509374.593040,4888576.962414,4.2198,0.0500529,,
sopt,0.05,7,14,33,100,4.352981,3.048420,0.671744,3.16783e-06,0.000360662,5.18378e-05
qdeim,0.05,7,14,33,100,8.631350,2.589010,0.624269,2.8347e-06,0.000718008,9.10156e-05
gnat,0.05,7,14,33,100,4.187248,1.874728,0.463192,1.6366e-05,0.00494598,0.000585136
clssopt,0.05,7,14,33,110,2.630633,1.654860,,0.0149563,5.40739e+11,2.32659e+23
clsqdeim,0.05,7,14,33,110,2.921285,1.914435,0.906204,0.000548742,0.278442,0.0674457
clsgnat,0.05,7,14,33,110,3545436.840344,4271445.435419,,nan,nan,nan
sopt,0.05,7,14,33,110,5.131208,2.960655,0.643317,2.89988e-06,0.000365288,4.9975e-05
qdeim,0.05,7,14,33,110,6.638530,2.898137,0.670351,3.62301e-06,0.000762124,9.95979e-05
gnat,0.05,7,14,33,110,4.502144,2.184047,0.44461,9.11631e-06,0.00105913,0.000127821
clssopt,0.05,7,14,33,120,2.461922,1.854158,,0.00806083,7.50671e+11,4.75428e+23
clsqdeim,0.05,7,14,33,120,2.750589,1.962784,0.858619,1.42907e-05,0.00791598,0.00157912
clsgnat,0.05,7,14,33,120,6064157.079080,4311429.041404,2.82283,0.0500529,,
sopt,0.05,7,14,33,120,4.288843,3.059671,0.728406,2.70732e-06,0.000344543,4.55812e-05
qdeim,0.05,7,14,33,120,6.285898,2.870493,0.697969,6.6834e-06,0.00141175,0.000218886
gnat,0.05,7,14,33,120,4.411995,1.894501,0.573398,4.05189e-06,0.000691525,6.27832e-05
clssopt,0.05,7,14,33,130,2.854046,1.748198,,0.0140914,7.75093e+11,4.82593e+23
clsqdeim,0.05,7,14,33,130,2.355882,1.616227,0.889817,2.09233e-05,0.00542257,0.000973089
clsgnat,0.05,7,14,33,130,4009114.910802,5471899.047020,1.61904,0.0500529,,
sopt,0.05,7,14,33,130,4.134137,2.714006,0.763055,2.71893e-06,0.000356624,4.36509e-05
qdeim,0.05,7,14,33,130,5.462850,2.574701,0.723772,8.46274e-06,0.00159723,0.00025112
gnat,0.05,7,14,33,130,3.699186,2.129814,0.493103,5.33437e-06,0.000477483,3.85129e-05
clssopt,0.05,7,14,33,140,2.471407,2.088197,,0.0238972,2.04315e+10,2.48668e+20
clsqdeim,0.05,7,14,33,140,2.402903,2.417109,0.919621,1.29543e-05,0.00351353,0.000646477
clsgnat,0.05,7,14,33,140,5307846.241296,5596193.740156,1.59655,0.0500529,,
sopt,0.05,7,14,33,140,4.039819,3.105222,0.777501,2.48477e-06,0.000354404,4.31876e-05
qdeim,0.05,7,14,33,140,5.335805,2.939331,0.837568,1.22934e-05,0.00217122,0.000342796
gnat,0.05,7,14,33,140,3.380204,2.792318,0.555809,4.67231e-06,0.000619593,5.8981e-05
clssopt,0.05,7,14,33,150,2.301992,1.778588,,0.0298367,8.68132,5.66621
clsqdeim,0.05,7,14,33,150,2.257951,1.541805,0.96143,8.64643e-06,0.0019077,0.0003941
clsgnat,0.05,7,14,33,150,3662366.596036,5499702.368110,,6.18974e+54,4.79899e+69,nan
sopt,0.05,7,14,33,150,4.047801,2.716937,0.823469,2.19972e-06,0.000344678,3.81578e-05
qdeim,0.05,7,14,33,150,4.912934,2.364241,0.798827,1.25184e-05,0.00218834,0.000363074
gnat,0.05,7,14,33,150,3.863270,1.841438,0.511043,2.87049e-06,0.000473102,7.81749e-05
clssopt,0.05,7,14,33,160,2.305333,1.634422,,0.0282838,13.829,22.5851
clsqdeim,0.05,7,14,33,160,2.140185,1.591614,1.06935,4.83529e-06,0.00108254,0.000192078
clsgnat,0.05,7,14,33,160,3365685.789342,4313857.836835,1.99756,0.0500529,,
sopt,0.05,7,14,33,160,3.969273,2.681416,0.850885,1.92191e-06,0.000340057,3.24488e-05
qdeim,0.05,7,14,33,160,5.951047,2.323806,0.778083,1.61662e-05,0.00215752,0.000332026
gnat,0.05,7,14,33,160,3.123877,1.918447,0.575107,2.43895e-06,0.000374379,5.87054e-05
clssopt,0.05,7,14,33,170,2.349825,1.644743,,0.0212534,41.1782,114.37
clsqdeim,0.05,7,14,33,170,2.188806,1.656687,1.03174,4.18981e-06,0.000619879,0.000125772
clsgnat,0.05,7,14,33,170,3012218.169931,4137056.848473,5.42371,0.0500529,,
sopt,0.05,7,14,33,170,3.831894,2.757177,0.916071,2.23885e-06,0.000344703,3.3458e-05
qdeim,0.05,7,14,33,170,4.963718,2.527167,0.767031,8.08553e-06,0.00101389,0.000162901
gnat,0.05,7,14,33,170,3.643847,1.659215,0.557552,2.98885e-06,0.000349968,3.552e-05
clssopt,0.05,7,14,33,180,1.999129,1.812443,,0.0209438,10.3115,8.0811
clsqdeim,0.05,7,14,33,180,2.133863,1.556073,0.996296,2.74206e-06,0.00048808,5.90096e-05
clsgnat,0.05,7,14,33,180,2940936.872654,3410776.018773,1.76713,0.0500529,,
sopt,0.05,7,14,33,180,3.637550,2.513896,0.978097,2.23358e-06,0.00035302,3.36146e-05
qdeim,0.05,7,14,33,180,5.004074,2.421993,0.768199,4.76934e-06,0.000782153,0.000103753
gnat,0.05,7,14,33,180,3.350352,1.665611,0.587251,4.28538e-06,0.000390534,4.3843e-05
clssopt,0.05,7,14,33,190,2.158373,1.593041,,0.018828,6.94311,3.57376
clsqdeim,0.05,7,14,33,190,2.062902,1.504329,1.27762,3.65407e-06,0.00047572,7.36776e-05
clsgnat,0.05,7,14,33,190,2897578.203039,3896071.059943,1.87072,0.0500529,,
sopt,0.05,7,14,33,190,3.761601,2.566835,0.908258,2.35428e-06,0.000356335,3.19481e-05
qdeim,0.05,7,14,33,190,4.908007,2.568204,0.76831,4.32343e-06,0.00072549,0.000100353
gnat,0.05,7,14,33,190,3.142945,1.821452,0.506355,3.84512e-06,0.000421689,4.09284e-05
clssopt,0.05,7,14,33,200,2.002507,1.454441,,0.0195936,18.499,29.6192
clsqdeim,0.05,7,14,33,200,1.903668,1.483205,1.30935,3.74724e-06,0.000452327,6.33769e-05
clsgnat,0.05,7,14,33,200,2804967.982982,4527516.062653,1.87618,0.0500529,,
sopt,0.05,7,14,33,200,3.416071,2.472682,0.931531,2.53205e-06,0.000367178,3.21521e-05
qdeim,0.05,7,14,33,200,4.747317,2.479214,0.835789,4.48251e-06,0.000690659,9.7073e-05
gnat,0.05,7,14,33,200,2.904585,1.598928,0.685676,2.60162e-06,0.000413506,3.49017e-05
clssopt,0.05,7,23,43,10,13.272251,8.278825,0.520091,9.31783e-05,0.0210626,0.00309764
clsqdeim,0.05,7,23,43,10,13.332009,9.190741,0.570113,1.69435e-05,0.00503457,0.00032411
clsgnat,0.05,7,23,43,10,27599496.793344,462037632.580838,1.18687,0.0500529,0.198892,5.45421e-05
sopt,0.05,7,23,43,10,35.485740,14.356260,0.425746,1.02239e-05,0.00280636,0.000430935
qdeim,0.05,7,23,43,10,35.353357,16.972391,0.381339,2.28081e-05,0.0138686,0.001522
gnat,0.05,7,23,43,10,19.234725,13.582414,,0.0120948,2.84294,0.43103
clssopt,0.05,7,23,43,20,8.248800,6.306567,0.5591,2.41402e-06,0.000345069,3.74795e-05
clsqdeim,0.05,7,23,43,20,7.713019,5.392948,0.55499,9.03895e-06,0.00114856,0.000165438
clsgnat,0.05,7,23,43,20,14695440.692719,309639123.653475,0.885636,0.0500529,0.198892,5.45421e-05
sopt,0.05,7,23,43,20,9.944192,8.789848,0.66302,2.5005e-06,0.000489659,6.85528e-05
qdeim,0.05,7,23,43,20,14.247760,13.012838,0.494889,9.66443e-06,0.00251823,0.000284583
gnat,0.05,7,23,43,20,11.699568,7.057037,,0.0123991,3.20548,0.510317
clssopt,0.05,7,23,43,30,6.148831,3.699696,0.592592,3.9699e-06,0.00033226,3.52362e-05
clsqdeim,0.05,7,23,43,30,6.711677,4.488118,0.623058,1.00821e-05,0.000817165,7.77353e-05
clsgnat,0.05,7,23,43,30,10893669.671707,17795636.649866,0.915285,0.0500529,0.198892,5.45421e-05
sopt,0.05,7,23,43,30,12.015815,6.434691,0.544445,2.07521e-06,0.000406823,4.18048e-05
qdeim,0.05,7,23,43,30,11.137772,7.698815,0.475392,4.01052e-06,0.000728846,7.00886e-05
gnat,0.05,7,23,43,30,8.551747,4.117042,,0.0124367,3.10541,0.487293
clssopt,0.05,7,23,43,40,4.880150,3.289399,0.633382,3.42689e-06,0.000317503,2.81021e-05
clsqdeim,0.05,7,23,43,40,6.177489,2.785306,0.678627,7.99041e-06,0.000954976,9.10304e-05
clsgnat,0.05,7,23,43,40,6853181.666164,42707798.380949,3.44458,0.0500529,0.198892,5.45421e-05
sopt,0.05,7,23,43,40,10.822394,5.635845,0.746251,2.39067e-06,0.000389353,2.48215e-05
qdeim,0.05,7,23,43,40,9.564336,6.711944,0.533155,1.06125e-05,0.00129547,0.000134418
gnat,0.05,7,23,43,40,8.785071,3.528901,,0.0125291,3.19801,0.511809
clssopt,0.05,7,23,43,50,5.461000,3.056012,0.696459,3.66951e-06,0.000326291,2.73985e-05
clsqdeim,0.05,7,23,43,50,4.834512,3.373118,0.725009,3.38636e-06,0.000563544,5.11093e-05
clsgnat,0.05,7,23,43,50,5913628.571910,22248386.324296,,nan,nan,nan
sopt,0.05,7,23,43,50,7.617102,5.410926,0.62924,2.01734e-06,0.000374892,2.39596e-05
qdeim,0.05,7,23,43,50,10.448576,7.930344,0.556095,9.89692e-06,0.00115532,0.000129723
gnat,0.05,7,23,43,50,7.041391,3.502408,,0.0122013,3.13633,0.49511
clssopt,0.05,7,23,43,60,4.245588,2.759625,0.738155,2.36567e-06,0.000347529,2.39664e-05
clsqdeim,0.05,7,23,43,60,4.181923,2.946251,0.789282,2.43631e-06,0.00055214,5.40025e-05
clsgnat,0.05,7,23,43,60,5702816.046553,65305245.542617,,3.51279e+47,4.83737e+63,nan
sopt,0.05,7,23,43,60,6.697243,5.289152,0.659001,2.02918e-06,0.000376018,2.42628e-05
qdeim,0.05,7,23,43,60,7.941627,6.279667,0.578254,1.01729e-05,0.000934347,0.000119947
gnat,0.05,7,23,43,60,6.355241,3.352962,,0.0124285,3.3734,0.549604
clssopt,0.05,7,23,43,70,3.823549,3.152876,0.73822,2.68266e-06,0.000414803,3.28189e-05
clsqdeim,0.05,7,23,43,70,3.735272,2.553854,0.826252,5.45344e-06,0.000642027,4.93477e-05
clsgnat,0.05,7,23,43,70,4719227.632887,38175405.462347,3.06117,0.0500529,0.198892,5.45421e-05
sopt,0.05,7,23,43,70,6.502984,4.585448,0.679409,1.66085e-06,0.000387838,2.6859e-05
qdeim,0.05,7,23,43,70,7.785046,6.552552,0.646568,7.99755e-06,0.00089638,0.000124857
gnat,0.05,7,23,43,70,5.716974,2.624744,,0.0120681,15.258,23.2118
clssopt,0.05,7,23,43,80,3.640104,2.514907,0.776477,1.73289e-06,0.000369801,2.44779e-05
clsqdeim,0.05,7,23,43,80,3.693889,2.691607,0.965765,4.29787e-06,0.000567139,3.63445e-05
clsgnat,0.05,7,23,43,80,4609941.556274,5920898.324713,9.20533,0.0500529,0.198892,5.45421e-05
sopt,0.05,7,23,43,80,5.124183,4.514044,0.713428,1.78771e-06,0.000391955,3.94644e-05
qdeim,0.05,7,23,43,80,7.598742,5.028119,0.648261,6.3146e-06,0.000749839,8.21357e-05
gnat,0.05,7,23,43,80,5.217935,2.408925,0.485943,0.000735665,0.761363,0.0932601
clssopt,0.05,7,23,43,90,3.370172,2.281593,0.831982,1.65029e-06,0.000349386,2.25333e-05
clsqdeim,0.05,7,23,43,90,3.297502,2.189749,0.92231,3.53721e-06,0.000552887,2.87025e-05
clsgnat,0.05,7,23,43,90,4326866.352743,6839681.394152,,7.9594e+44,4.70459e+60,nan
sopt,0.05,7,23,43,90,4.888441,4.249389,0.768855,2.04236e-06,0.000392879,3.87014e-05
qdeim,0.05,7,23,43,90,7.130923,5.812409,0.744931,5.5696e-06,0.000688903,7.40948e-05
gnat,0.05,7,23,43,90,4.488339,2.424359,,0.00544796,49.7601,4293.16
clssopt,0.05,7,23,43,100,3.054094,2.120370,0.900683,1.76667e-06,0.000356734,2.30783e-05
clsqdeim,0.05,7,23,43,100,2.992184,2.232248,0.998232,2.97817e-06,0.000541845,3.06505e-05
clsgnat,0.05,7,23,43,100,3415423.867628,8516463.654944,,nan,nan,nan
sopt,0.05,7,23,43,100,5.128644,4.805023,0.923273,2.12875e-06,0.000374369,3.16648e-05
qdeim,0.05,7,23,43,100,6.611590,5.205018,0.708633,6.63559e-06,0.000738795,9.15367e-05
gnat,0.05,7,23,43,100,4.722534,2.472929,0.610928,0.00109542,1.0868,0.105619
clssopt,0.05,7,23,43,110,2.958499,2.134676,0.886286,1.72186e-06,0.000365398,2.49692e-05
clsqdeim,0.05,7,23,43,110,2.973668,2.342873,0.989931,3.16597e-06,0.000561547,3.02773e-05
clsgnat,0.05,7,23,43,110,3648226.369173,7801271.155365,3.06864,0.0500529,0.198892,5.45421e-05
sopt,0.05,7,23,43,110,5.752527,4.391307,0.83373,2.06908e-06,0.000365592,2.95497e-05
qdeim,0.05,7,23,43,110,6.181440,4.924360,0.70451,5.31654e-06,0.00066864,7.82516e-05
gnat,0.05,7,23,43,110,4.545763,2.403454,0.542415,0.000800873,0.50634,0.0461128
clssopt,0.05,7,23,43,120,2.823987,2.041199,0.966074,1.65516e-06,0.000360129,2.15371e-05
clsqdeim,0.05,7,23,43,120,2.910499,2.164516,1.01287,3.52871e-06,0.000572123,3.31451e-05
clsgnat,0.05,7,23,43,120,3173025.644201,9147018.772163,1.69784,0.0500529,0.198892,5.45421e-05
sopt,0.05,7,23,43,120,4.859077,5.105953,0.87492,2.42943e-06,0.000373176,2.83912e-05
qdeim,0.05,7,23,43,120,5.947261,4.495184,0.7288,4.19185e-06,0.000581551,6.04416e-05
gnat,0.05,7,23,43,120,4.069052,2.475243,0.54894,6.3535e-05,0.0178471,0.00238051
clssopt,0.05,7,23,43,130,2.789410,2.126827,0.930373,1.86342e-06,0.000373706,2.05324e-05
clsqdeim,0.05,7,23,43,130,2.654075,1.946873,1.04954,4.07069e-06,0.000609382,3.71916e-05
clsgnat,0.05,7,23,43,130,4440044.691470,5908525.042763,,4.99871e+57,5.62404e+73,nan
sopt,0.05,7,23,43,130,4.620051,5.010526,0.866374,2.1637e-06,0.00037185,3.04847e-05
qdeim,0.05,7,23,43,130,5.512638,4.664861,0.79426,3.80602e-06,0.000589589,5.47631e-05
gnat,0.05,7,23,43,130,4.100581,2.325331,,0.0191971,28.1415,1.07168
clssopt,0.05,7,23,43,140,2.630282,1.815889,1.00048,1.59853e-06,0.000370311,1.91847e-05
clsqdeim,0.05,7,23,43,140,2.848482,1.863944,1.06506,3.53197e-06,0.000593647,2.97722e-05
clsgnat,0.05,7,23,43,140,3817218.476798,12817106.103099,3.53746,0.0500529,0.198892,5.45421e-05
sopt,0.05,7,23,43,140,4.413005,4.951104,1.00763,2.17788e-06,0.000366499,2.79745e-05
qdeim,0.05,7,23,43,140,5.421290,4.328150,0.859156,3.73026e-06,0.000519868,4.33335e-05
gnat,0.05,7,23,43,140,3.751882,2.537902,0.604008,2.29798e-06,0.000576761,7.09351e-05
clssopt,0.05,7,23,43,150,2.677291,1.987107,0.999737,1.49011e-06,0.000367759,1.9012e-05
clsqdeim,0.05,7,23,43,150,2.709087,2.198266,1.09798,3.15325e-06,0.000582399,2.86663e-05
clsgnat,0.05,7,23,43,150,4665034.134660,5735239.886677,,nan,nan,nan
sopt,0.05,7,23,43,150,4.626343,5.312098,0.945697,1.87423e-06,0.000363134,2.98181e-05
qdeim,0.05,7,23,43,150,5.579318,4.699693,0.889392,2.86799e-06,0.000489885,3.71664e-05
gnat,0.05,7,23,43,150,4.425196,2.104570,0.571285,6.05176e-05,0.0170246,0.00203244
clssopt,0.05,7,23,43,160,2.472111,1.886742,1.02784,1.52078e-06,0.000364554,1.75189e-05
clsqdeim,0.05,7,23,43,160,2.443722,1.943112,1.1168,2.72656e-06,0.000567888,2.53227e-05
clsgnat,0.05,7,23,43,160,3883455.799945,6926937.071471,,nan,nan,nan
sopt,0.05,7,23,43,160,3.988687,5.306258,0.941095,1.83799e-06,0.000359905,2.94727e-05
qdeim,0.05,7,23,43,160,5.524884,4.453291,0.910958,2.64785e-06,0.000462007,3.48775e-05
gnat,0.05,7,23,43,160,3.568855,2.069170,0.617396,2.67738e-06,0.000651207,8.10846e-05
clssopt,0.05,7,23,43,170,2.337306,1.939939,1.04557,1.53863e-06,0.00035533,1.78844e-05
clsqdeim,0.05,7,23,43,170,2.326870,1.950074,1.16781,2.90527e-06,0.000560528,3.04513e-05
clsgnat,0.05,7,23,43,170,3876107.188315,5582603.214664,,2.88636e+66,3.60644e+81,nan
sopt,0.05,7,23,43,170,4.464956,5.597349,0.956225,1.89593e-06,0.000360488,2.56412e-05
qdeim,0.05,7,23,43,170,5.540973,4.868623,0.840246,2.53147e-06,0.000435504,3.22353e-05
gnat,0.05,7,23,43,170,3.513930,2.011556,0.600142,3.62535e-06,0.000584843,5.36832e-05
clssopt,0.05,7,23,43,180,2.277480,1.756997,1.07549,1.5642e-06,0.000351757,1.70831e-05
clsqdeim,0.05,7,23,43,180,2.448341,1.798066,1.2416,3.20374e-06,0.000556245,2.38522e-05
clsgnat,0.05,7,23,43,180,4059888.411221,4959595.219745,2.06533,0.0500529,0.198892,5.45421e-05
sopt,0.05,7,23,43,180,4.216121,5.842089,1.01253,1.9336e-06,0.000360381,2.66258e-05
qdeim,0.05,7,23,43,180,4.976239,4.933311,0.888101,2.60327e-06,0.000428707,3.25377e-05
gnat,0.05,7,23,43,180,3.429971,2.110213,0.577703,3.44476e-06,0.00156777,0.000224934
clssopt,0.05,7,23,43,190,2.169755,1.777630,1.08799,1.69078e-06,0.000356007,1.72128e-05
clsqdeim,0.05,7,23,43,190,2.542624,1.971963,1.43522,5.49305e-06,0.000641984,2.82715e-05
clsgnat,0.05,7,23,43,190,4139292.700315,6288144.845241,,nan,nan,nan
sopt,0.05,7,23,43,190,4.232267,5.075801,0.994048,2.03833e-06,0.000358999,2.54641e-05
qdeim,0.05,7,23,43,190,5.024739,4.339581,0.890055,2.94736e-06,0.000425267,3.42766e-05
gnat,0.05,7,23,43,190,3.560349,2.326850,0.602426,3.66235e-06,0.000496597,4.20493e-05
clssopt,0.05,7,23,43,200,2.328980,1.695008,1.10825,1.84122e-06,0.000360671,1.75184e-05
clsqdeim,0.05,7,23,43,200,2.311366,1.624470,1.23067,5.02124e-06,0.00064942,3.15534e-05
clsgnat,0.05,7,23,43,200,3641579.384492,5424350.543134,23.3063,0.0500529,5864.67,1.94671e+06
sopt,0.05,7,23,43,200,4.099530,5.405150,1.02625,2.01741e-06,0.000358358,2.60357e-05
qdeim,0.05,7,23,43,200,5.065713,4.200494,1.13692,2.96928e-06,0.000423362,3.35728e-05
gnat,0.05,7,23,43,200,3.257414,2.158103,0.825778,1.57811e-06,0.000391707,3.06092e-05
clssopt,0.05,7,36,53,10,18.783649,11.196393,,0.00232686,1.22584,0.101699
clsqdeim,0.05,7,36,53,10,15.811206,17.084953,,0.019964,1.20132,0.19742
clsgnat,0.05,7,36,53,10,52992709.780736,137927730.820876,,nan,nan,nan
sopt,0.05,7,36,53,10,34.282470,22.133130,0.50755,7.71803e-06,0.000584002,4.89802e-05
qdeim,0.05,7,36,53,10,27.153996,15.864170,0.429108,6.50788e-06,0.00294308,0.00034416
gnat,0.05,7,36,53,10,20.279597,15.486943,,0.00630969,3.36068,0.461569
clssopt,0.05,7,36,53,20,8.985285,8.371809,0.691944,0.000346321,0.11028,0.0175107
clsqdeim,0.05,7,36,53,20,11.517775,8.859943,0.920531,0.00336974,0.990354,0.353567
clsgnat,0.05,7,36,53,20,56711284.530892,45757928.880400,,6.67613e+16,1.47792e+33,9.22745e+64
sopt,0.05,7,36,53,20,17.406074,11.230603,0.527538,1.43069e-06,0.000437084,5.97214e-05
qdeim,0.05,7,36,53,20,25.702447,21.233020,0.497947,4.28719e-06,0.00125462,0.000160528
gnat,0.05,7,36,53,20,14.143716,9.026980,,0.00628091,3.4543,0.484154
clssopt,0.05,7,36,53,30,8.196160,6.044420,0.824955,0.00274934,0.816423,0.0636295
clsqdeim,0.05,7,36,53,30,7.599295,7.611229,,0.0179779,7.14802,1.05377
clsgnat,0.05,7,36,53,30,22090840.516748,87967669.860991,3.90777,0.0500529,0.198892,5.45421e-05
sopt,0.05,7,36,53,30,10.668986,8.708388,0.667668,1.49572e-06,0.000391813,4.36592e-05
qdeim,0.05,7,36,53,30,20.980080,18.797768,0.567262,2.55425e-06,0.000879187,9.2748e-05
gnat,0.05,7,36,53,30,11.355227,7.045293,,0.00632947,3.46905,0.489988
clssopt,0.05,7,36,53,40,6.884966,4.919081,0.77165,0.000116481,0.0236922,0.00315576
clsqdeim,0.05,7,36,53,40,6.760512,5.739656,,0.0174225,2.55649,0.440738
clsgnat,0.05,7,36,53,40,10969255.279717,214291551.718056,1.15873,0.0500529,0.198892,5.45421e-05
sopt,0.05,7,36,53,40,10.024349,8.889974,0.721317,1.27743e-06,0.000324981,2.92755e-05
qdeim,0.05,7,36,53,40,17.701282,15.954130,0.617652,2.99575e-06,0.00106578,0.000106615
gnat,0.05,7,36,53,40,7.572209,5.650050,,0.00641843,3.47721,0.49036
clssopt,0.05,7,36,53,50,5.780701,3.907674,0.801176,1.48019e-05,0.00849574,0.00135867
clsqdeim,0.05,7,36,53,50,5.482863,4.446539,,0.0083214,4.96976,1.5007
clsgnat,0.05,7,36,53,50,7849984.228511,32163497.582433,,nan,nan,nan
sopt,0.05,7,36,53,50,8.698308,6.922582,0.645231,1.65601e-06,0.000339191,2.54779e-05
qdeim,0.05,7,36,53,50,16.308752,16.086844,0.792049,1.79128e-06,0.000480601,4.52065e-05
gnat,0.05,7,36,53,50,7.807077,4.345284,,0.00647623,3.37511,0.477292
clssopt,0.05,7,36,53,60,5.093455,4.729743,0.854149,5.55937e-06,0.00133931,0.000150583
clsqdeim,0.05,7,36,53,60,4.417883,4.744084,0.874255,4.17531e-05,0.0729823,0.0415956
clsgnat,0.05,7,36,53,60,8320392.480767,440978236.814437,3.63773,0.0500529,0.198892,5.45421e-05
sopt,0.05,7,36,53,60,8.390706,9.391796,0.715133,4.86112e-06,0.000564301,5.95467e-05
qdeim,0.05,7,36,53,60,13.396303,17.116538,0.700744,2.42945e-06,0.000533072,5.53509e-05
gnat,0.05,7,36,53,60,6.919322,6.639514,,0.00641447,3.40566,0.47646
clssopt,0.05,7,36,53,70,4.206397,3.453835,0.916838,6.96262e-06,0.00144398,0.000165695
clsqdeim,0.05,7,36,53,70,4.482833,3.317429,,0.0030703,1.31208,0.138241
clsgnat,0.05,7,36,53,70,7525012.150706,53991481.839717,3.73908,0.0500529,0.198892,5.45421e-05
sopt,0.05,7,36,53,70,7.108662,5.944742,0.748367,3.44598e-06,0.00043317,3.57208e-05
qdeim,0.05,7,36,53,70,14.495340,9.984968,0.742148,3.76852e-06,0.00058081,5.43381e-05
gnat,0.05,7,36,53,70,,,,,
