method,t,dt,ef,rxdim,rvdim,nsr,time,errx,errv
SOPT,0.01,0,0.9,3,6,12,50,3.216770,0.749043,0.00185124,0.843596
gappy-POD,0.01,0,0.9,3,6,12,50,2.406421,0.524936,0.00353333,1.08604
QDEIM,0.01,0,0.9,3,6,12,50,3.287894,0.480645,0.00324478,0.958305
clsSOPT,0.01,0,0.9,3,6,12,50,3.216770,0.736495,0.00188058,2.2052
clsgappy-POD,0.01,0,0.9,3,6,12,50,61.493042,0.516531,0.00276019,6.44152
clsQDEIM,0.01,0,0.9,3,6,12,50,2.294416,0.821049,0.00293587,1.75592
SOPT,0.01,0,0.9,3,6,12,100,4.234682,1.12499,0.00107711,0.536083
gappy-POD,0.01,0,0.9,3,6,12,100,2.089519,0.877746,0.00213064,0.779877
QDEIM,0.01,0,0.9,3,6,12,100,2.517403,0.782064,0.00209594,0.794572
clsSOPT,0.01,0,0.9,3,6,12,100,4.234682,1.00732,0.00147879,0.984041
clsgappy-POD,0.01,0,0.9,3,6,12,100,66.522220,0.794417,0.00118292,39.0924
clsQDEIM,0.01,0,0.9,3,6,12,100,2.096381,1.05027,0.0015506,3.02504
SOPT,0.01,0,0.9,3,6,12,150,4.546774,1.3953,0.000582039,0.438962
gappy-POD,0.01,0,0.9,3,6,12,150,1.954325,1.07845,0.00161889,0.585229
QDEIM,0.01,0,0.9,3,6,12,150,2.402478,0.96119,0.0010131,0.66866
clsSOPT,0.01,0,0.9,3,6,12,150,4.546774,1.24908,0.00082013,0.560907
clsgappy-POD,0.01,0,0.9,3,6,12,150,51.376775,1.02645,0.00387863,9.82974
clsQDEIM,0.01,0,0.9,3,6,12,150,1.729298,1.25713,0.000811849,1.21156
SOPT,0.01,0,0.9,3,6,12,200,6.874532,1.46249,0.000512762,0.420036
gappy-POD,0.01,0,0.9,3,6,12,200,1.915001,1.28297,0.000758732,0.450576
QDEIM,0.01,0,0.9,3,6,12,200,2.356721,1.16972,0.000532835,0.526612
clsSOPT,0.01,0,0.9,3,6,12,200,6.874532,1.37828,0.00057944,0.493256
clsgappy-POD,0.01,0,0.9,3,6,12,200,48.033023,1.15076,0.00281898,18.4963
clsQDEIM,0.01,0,0.9,3,6,12,200,1.503035,1.31468,0.000347431,1.20917
SOPT,0.01,0,0.9,3,6,12,250,5.112466,1.51457,0.000488526,0.430246
gappy-POD,0.01,0,0.9,3,6,12,250,2.189079,1.42909,0.000416528,0.411088
QDEIM,0.01,0,0.9,3,6,12,250,2.199835,1.37258,0.000441966,0.492638
clsSOPT,0.01,0,0.9,3,6,12,250,5.112466,1.36766,0.000367943,0.644688
clsgappy-POD,0.01,0,0.9,3,6,12,250,53.626554,1.27474,0.0215436,133.589
clsQDEIM,0.01,0,0.9,3,6,12,250,1.502238,1.43399,0.000345723,0.930053
SOPT,0.01,0,0.9,3,6,12,300,4.353174,1.56332,0.000410681,0.590808
gappy-POD,0.01,0,0.9,3,6,12,300,2.058983,1.48209,0.000392364,0.402695
QDEIM,0.01,0,0.9,3,6,12,300,2.390452,1.44747,0.00042172,0.465667
clsSOPT,0.01,0,0.9,3,6,12,300,4.353174,1.45037,0.001164,0.703511
clsgappy-POD,0.01,0,0.9,3,6,12,300,60.632114,1.35942,0.014216,79.5473
clsQDEIM,0.01,0,0.9,3,6,12,300,1.451277,1.42385,0.00110549,1.09274
SOPT,0.01,0,0.9,3,6,12,350,4.749118,1.56321,0.000413986,0.415723
gappy-POD,0.01,0,0.9,3,6,12,350,2.281121,1.54339,0.000395247,0.392768
QDEIM,0.01,0,0.9,3,6,12,350,2.259842,1.51025,0.000389233,0.414686
clsSOPT,0.01,0,0.9,3,6,12,350,4.749118,1.48855,0.00147663,0.807185
clsgappy-POD,0.01,0,0.9,3,6,12,350,48.607241,1.42497,0.0171344,86.1756
clsQDEIM,0.01,0,0.9,3,6,12,350,1.473006,1.464,0.00101303,1.05794
SOPT,0.01,0,0.9,3,6,12,400,3.667977,1.59213,0.000398754,0.411753
gappy-POD,0.01,0,0.9,3,6,12,400,2.365410,1.55051,0.000392799,0.406711
QDEIM,0.01,0,0.9,3,6,12,400,2.137849,1.5457,0.00038804,0.41506
clsSOPT,0.01,0,0.9,3,6,12,400,3.667977,1.51988,0.00121958,0.72795
clsgappy-POD,0.01,0,0.9,3,6,12,400,43.948895,1.56909,0.0103585,22.9112
clsQDEIM,0.01,0,0.9,3,6,12,400,1.368597,1.51609,0.00108251,1.18042
SOPT,0.01,0,0.9,3,6,12,450,3.835054,1.56712,0.000398985,0.502926
gappy-POD,0.01,0,0.9,3,6,12,450,2.217261,1.5434,0.000394453,0.394099
QDEIM,0.01,0,0.9,3,6,12,450,2.814273,1.53241,0.000390858,0.398859
clsSOPT,0.01,0,0.9,3,6,12,450,3.835054,1.52268,0.000881676,0.45317
clsgappy-POD,0.01,0,0.9,3,6,12,450,44.041196,1.55941,0.00931354,26.6117
clsQDEIM,0.01,0,0.9,3,6,12,450,1.402209,1.51221,0.000997169,1.0553
SOPT,0.01,0,0.9,3,6,12,500,5.629591,1.57742,0.000437473,0.418739
gappy-POD,0.01,0,0.9,3,6,12,500,2.381623,1.56667,0.000394207,0.390951
QDEIM,0.01,0,0.9,3,6,12,500,2.637225,1.56568,0.000395432,0.395443
clsSOPT,0.01,0,0.9,3,6,12,500,5.629591,1.58225,0.000643552,0.349477
clsgappy-POD,0.01,0,0.9,3,6,12,500,46.168109,1.57325,0.0102902,27.8399
clsQDEIM,0.01,0,0.9,3,6,12,500,1.279059,1.56569,0.000851713,0.904287
SOPT,0.01,0,0.9,3,6,12,550,3.782180,1.59485,0.000462224,0.352467
gappy-POD,0.01,0,0.9,3,6,12,550,2.651954,1.58649,0.000394719,0.394514
QDEIM,0.01,0,0.9,3,6,12,550,2.624157,1.56442,0.000397476,0.395267
clsSOPT,0.01,0,0.9,3,6,12,550,3.782180,1.55961,0.000569403,0.306231
clsgappy-POD,0.01,0,0.9,3,6,12,550,46.572249,1.58445,0.0102203,26.4404
clsQDEIM,0.01,0,0.9,3,6,12,550,1.290546,1.54526,0.000383336,0.884282
SOPT,0.01,0,0.9,3,6,12,600,4.091226,1.58037,0.000448242,0.395383
gappy-POD,0.01,0,0.9,3,6,12,600,3.104801,1.56888,0.000395716,0.392452
QDEIM,0.01,0,0.9,3,6,12,600,2.286876,1.5686,0.000397652,0.394518
clsSOPT,0.01,0,0.9,3,6,12,600,4.091226,1.58139,0.000465661,0.237836
clsgappy-POD,0.01,0,0.9,3,6,12,600,49.279745,1.56328,0.0104914,30.0033
clsQDEIM,0.01,0,0.9,3,6,12,600,1.437848,1.58426,0.000347878,0.688913
SOPT,0.01,0,0.9,3,6,12,650,3.370991,1.60374,0.000411347,0.412257
gappy-POD,0.01,0,0.9,3,6,12,650,2.987295,1.59406,0.000396198,0.393423
QDEIM,0.01,0,0.9,3,6,12,650,2.434728,1.57926,0.000398857,0.389858
clsSOPT,0.01,0,0.9,3,6,12,650,3.370991,1.5685,0.000351368,0.238906
clsgappy-POD,0.01,0,0.9,3,6,12,650,42.578921,1.57611,0.0101464,34.3315
clsQDEIM,0.01,0,0.9,3,6,12,650,1.301398,1.57184,0.000344271,0.441665
SOPT,0.01,0,0.9,3,6,12,700,3.254555,1.59239,0.000453659,0.458319
gappy-POD,0.01,0,0.9,3,6,12,700,3.031859,1.58449,0.000396468,0.393268
QDEIM,0.01,0,0.9,3,6,12,700,2.931892,1.59411,0.000402413,0.38295
clsSOPT,0.01,0,0.9,3,6,12,700,3.254555,1.55909,0.000454397,0.360815
clsgappy-POD,0.01,0,0.9,3,6,12,700,38.803714,1.58687,0.00596103,9.89814
clsQDEIM,0.01,0,0.9,3,6,12,700,1.266478,1.56316,0.000508244,0.491562
SOPT,0.01,0,0.9,3,6,12,750,3.432745,1.5713,0.000503678,0.481768
gappy-POD,0.01,0,0.9,3,6,12,750,2.965474,1.58559,0.000397416,0.391552
QDEIM,0.01,0,0.9,3,6,12,750,3.191765,1.57931,0.000399924,0.393497
clsSOPT,0.01,0,0.9,3,6,12,750,3.432745,1.56522,0.000731163,0.455326
clsgappy-POD,0.01,0,0.9,3,6,12,750,37.934069,1.56567,0.00509032,6.26813
clsQDEIM,0.01,0,0.9,3,6,12,750,1.307526,1.56709,0.000380783,0.359318
SOPT,0.01,0,0.9,3,6,12,800,3.379551,1.62154,0.000461419,0.427446
gappy-POD,0.01,0,0.9,3,6,12,800,3.018548,1.5833,0.000401025,0.382045
QDEIM,0.01,0,0.9,3,6,12,800,2.990698,1.59386,0.000410284,0.403508
clsSOPT,0.01,0,0.9,3,6,12,800,3.379551,1.56765,0.000847447,0.498363
clsgappy-POD,0.01,0,0.9,3,6,12,800,45.724017,1.57749,0.004323,6.75203
clsQDEIM,0.01,0,0.9,3,6,12,800,1.263700,1.57373,0.000464957,0.238404
SOPT,0.01,0,0.9,3,6,12,850,3.510084,1.59164,0.000445429,0.423489
gappy-POD,0.01,0,0.9,3,6,12,850,2.992917,1.58727,0.000400593,0.372806
QDEIM,0.01,0,0.9,3,6,12,850,3.076110,1.59208,0.000406166,0.389916
clsSOPT,0.01,0,0.9,3,6,12,850,3.510084,1.56435,0.000841634,0.590254
clsgappy-POD,0.01,0,0.9,3,6,12,850,45.228369,1.58214,0.00409105,5.07226
clsQDEIM,0.01,0,0.9,3,6,12,850,1.316177,1.58177,0.000434407,0.240252
SOPT,0.01,0,0.9,3,6,12,900,4.040677,1.57272,0.000423943,0.425905
gappy-POD,0.01,0,0.9,3,6,12,900,3.155542,1.60281,0.000414333,0.379427
QDEIM,0.01,0,0.9,3,6,12,900,3.732906,1.56698,0.000409101,0.404946
clsSOPT,0.01,0,0.9,3,6,12,900,4.040677,1.57149,0.00126752,0.741145
clsgappy-POD,0.01,0,0.9,3,6,12,900,51.323554,1.58601,0.00378477,6.98855
clsQDEIM,0.01,0,0.9,3,6,12,900,1.396603,1.58919,0.000401179,0.27749
SOPT,0.01,0,0.9,3,6,12,950,4.230359,1.59251,0.000425616,0.421869
gappy-POD,0.01,0,0.9,3,6,12,950,3.272665,1.61285,0.000421808,0.37963
QDEIM,0.01,0,0.9,3,6,12,950,3.660257,1.59765,0.000399779,0.393012
clsSOPT,0.01,0,0.9,3,6,12,950,4.230359,1.60339,0.0011565,0.6162
clsgappy-POD,0.01,0,0.9,3,6,12,950,48.596914,1.60132,0.00369789,5.03152
clsQDEIM,0.01,0,0.9,3,6,12,950,1.247457,1.58533,0.000409977,0.256021
SOPT,0.01,0,0.9,3,6,12,1000,4.758684,1.59494,0.000426033,0.421153
gappy-POD,0.01,0,0.9,3,6,12,1000,3.526430,1.61745,0.000414916,0.3856
QDEIM,0.01,0,0.9,3,6,12,1000,4.030976,1.61662,0.000407894,0.39409
clsSOPT,0.01,0,0.9,3,6,12,1000,4.758684,1.58464,0.00105544,0.626723
clsgappy-POD,0.01,0,0.9,3,6,12,1000,45.446884,1.58249,0.00321654,2.25601
clsQDEIM,0.01,0,0.9,3,6,12,1000,1.273535,1.58225,0.000416509,0.236265
SOPT,0.01,0,0.9,3,6,12,1050,5.235209,1.59254,0.000428044,0.41298
gappy-POD,0.01,0,0.9,3,6,12,1050,4.688884,1.58897,0.000404859,0.394039
QDEIM,0.01,0,0.9,3,6,12,1050,4.203076,1.61753,0.000410216,0.397245
clsSOPT,0.01,0,0.9,3,6,12,1050,5.235209,1.5968,0.000625317,0.346561
clsgappy-POD,0.01,0,0.9,3,6,12,1050,46.166156,1.61295,0.0030686,2.10049
clsQDEIM,0.01,0,0.9,3,6,12,1050,1.414883,1.57237,0.000411278,0.234514
SOPT,0.01,0,0.9,3,6,12,1100,5.670506,1.59125,0.000417978,0.406903
gappy-POD,0.01,0,0.9,3,6,12,1100,5.479062,1.62419,0.000404658,0.397704
QDEIM,0.01,0,0.9,3,6,12,1100,4.675182,1.60702,0.000405544,0.397894
clsSOPT,0.01,0,0.9,3,6,12,1100,5.670506,1.59245,0.000471625,0.265279
clsgappy-POD,0.01,0,0.9,3,6,12,1100,42.513857,1.59142,0.00340071,7.0329
clsQDEIM,0.01,0,0.9,3,6,12,1100,1.383471,1.61457,0.000413064,0.248062
SOPT,0.01,0,0.9,3,6,12,1150,5.837039,1.6052,0.00040356,0.395605
gappy-POD,0.01,0,0.9,3,6,12,1150,5.831396,1.60682,0.000405326,0.397694
QDEIM,0.01,0,0.9,3,6,12,1150,5.823599,1.62373,0.000405288,0.397647
clsSOPT,0.01,0,0.9,3,6,12,1150,5.837039,1.58375,0.000423745,0.243637
clsgappy-POD,0.01,0,0.9,3,6,12,1150,41.175955,1.61085,0.0030044,6.05448
clsQDEIM,0.01,0,0.9,3,6,12,1150,1.266159,1.59367,0.000422467,0.235086
SOPT,0.01,1,0.99,7,16,29,50,6.905523,0.660587,0.00236862,1.68899
gappy-POD,0.01,1,0.99,7,16,29,50,8.370398,0.542567,0.00347581,2.058
QDEIM,0.01,1,0.99,7,16,29,50,9.704794,0.540766,0.0034286,2.34313
clsSOPT,0.01,1,0.99,7,16,29,50,6.905523,0.863674,0.0104737,27.1997
clsgappy-POD,0.01,1,0.99,7,16,29,50,2115.125534,0.773768,nan,nan
clsQDEIM,0.01,1,0.99,7,16,29,50,6.469409,0.750154,0.0213022,139.813
SOPT,0.01,1,0.99,7,16,29,100,4.018175,1.06352,0.0011283,1.07597
gappy-POD,0.01,1,0.99,7,16,29,100,3.567808,1.00156,0.00228513,1.64578
QDEIM,0.01,1,0.99,7,16,29,100,4.545132,0.919413,0.00205787,1.29983
clsSOPT,0.01,1,0.99,7,16,29,100,4.018175,1.25858,0.00238334,6.35873
clsgappy-POD,0.01,1,0.99,7,16,29,100,61.274125,1.18455,0.0154029,101.166
clsQDEIM,0.01,1,0.99,7,16,29,100,2.779351,1.10424,0.0072704,25.4076
SOPT,0.01,1,0.99,7,16,29,150,3.893412,1.35168,0.000456368,0.674645
gappy-POD,0.01,1,0.99,7,16,29,150,3.236530,1.19463,0.00178595,1.52026
QDEIM,0.01,1,0.99,7,16,29,150,3.146497,1.14779,0.00149453,1.01014
clsSOPT,0.01,1,0.99,7,16,29,150,3.893412,1.42708,0.00155682,2.19026
clsgappy-POD,0.01,1,0.99,7,16,29,150,83.110280,1.33437,0.0248694,708.116
clsQDEIM,0.01,1,0.99,7,16,29,150,2.427864,1.31985,0.000745199,1.73222
SOPT,0.01,1,0.99,7,16,29,200,4.270261,1.47801,0.000341413,0.580635
gappy-POD,0.01,1,0.99,7,16,29,200,2.873206,1.28913,0.000995143,1.07493
QDEIM,0.01,1,0.99,7,16,29,200,3.392482,1.33792,0.000554716,0.486232
clsSOPT,0.01,1,0.99,7,16,29,200,4.270261,1.49911,0.00117812,1.80395
clsgappy-POD,0.01,1,0.99,7,16,29,200,44.834225,1.37551,0.00265649,14.7297
clsQDEIM,0.01,1,0.99,7,16,29,200,1.941285,1.46933,0.000607729,1.52654
SOPT,0.01,1,0.99,7,16,29,250,4.503917,1.51971,0.000348721,0.552603
gappy-POD,0.01,1,0.99,7,16,29,250,2.729621,1.39953,0.000825544,0.74199
QDEIM,0.01,1,0.99,7,16,29,250,3.101685,1.41598,0.0004494,0.49525
clsSOPT,0.01,1,0.99,7,16,29,250,4.503917,1.53647,0.00183042,2.62731
clsgappy-POD,0.01,1,0.99,7,16,29,250,53.526300,1.43567,0.0060936,7.66518
clsQDEIM,0.01,1,0.99,7,16,29,250,1.950001,1.51623,0.00398754,6.22961
SOPT,0.01,1,0.99,7,16,29,300,4.831232,1.60541,0.000314712,0.561758
gappy-POD,0.01,1,0.99,7,16,29,300,2.722009,1.50645,0.000324783,0.383994
QDEIM,0.01,1,0.99,7,16,29,300,2.840013,1.44589,0.000417331,0.395877
clsSOPT,0.01,1,0.99,7,16,29,300,4.831232,1.55683,0.00196361,2.55187
clsgappy-POD,0.01,1,0.99,7,16,29,300,66.667063,1.4853,0.00388281,8.08132
clsQDEIM,0.01,1,0.99,7,16,29,300,1.768438,1.56004,0.00272685,4.09134
SOPT,0.01,1,0.99,7,16,29,350,5.611836,1.5974,0.000292034,0.506598
gappy-POD,0.01,1,0.99,7,16,29,350,2.828851,1.56482,0.00028682,0.34065
QDEIM,0.01,1,0.99,7,16,29,350,2.894632,1.51849,0.000279977,0.319242
clsSOPT,0.01,1,0.99,7,16,29,350,5.611836,1.61399,0.00180113,2.10374
clsgappy-POD,0.01,1,0.99,7,16,29,350,64.069635,1.54014,0.00121726,3.89209
clsQDEIM,0.01,1,0.99,7,16,29,350,1.745290,1.56993,0.00218293,3.5924
SOPT,0.01,1,0.99,7,16,29,400,11.090092,1.62109,0.000298666,0.538536
gappy-POD,0.01,1,0.99,7,16,29,400,2.887856,1.60409,0.000284347,0.335727
QDEIM,0.01,1,0.99,7,16,29,400,2.820749,1.57096,0.000284335,0.332194
clsSOPT,0.01,1,0.99,7,16,29,400,11.090092,1.60728,0.00169267,1.90832
clsgappy-POD,0.01,1,0.99,7,16,29,400,57.368555,1.624,0.00165448,5.57376
clsQDEIM,0.01,1,0.99,7,16,29,400,1.657577,1.57851,0.00253386,4.30543
SOPT,0.01,1,0.99,7,16,29,450,10.834983,1.61646,0.000328666,0.601347
gappy-POD,0.01,1,0.99,7,16,29,450,2.845417,1.58937,0.000287392,0.355216
QDEIM,0.01,1,0.99,7,16,29,450,3.022888,1.59485,0.000300941,0.361486
clsSOPT,0.01,1,0.99,7,16,29,450,10.834983,1.6221,0.00155416,1.78873
clsgappy-POD,0.01,1,0.99,7,16,29,450,55.799972,1.57044,0.0019876,4.75737
clsQDEIM,0.01,1,0.99,7,16,29,450,1.672731,1.58152,0.00190726,3.55338
SOPT,0.01,1,0.99,7,16,29,500,9.356272,1.62115,0.00033058,0.540261
gappy-POD,0.01,1,0.99,7,16,29,500,2.868630,1.60175,0.000283671,0.325147
QDEIM,0.01,1,0.99,7,16,29,500,3.096252,1.61956,0.000291251,0.357179
clsSOPT,0.01,1,0.99,7,16,29,500,9.356272,1.59418,0.00113324,1.34192
clsgappy-POD,0.01,1,0.99,7,16,29,500,56.874962,1.62774,0.00181905,4.17649
clsQDEIM,0.01,1,0.99,7,16,29,500,1.579209,1.59605,0.00171617,3.31718
SOPT,0.01,1,0.99,7,16,29,550,8.623064,1.59471,0.000311301,0.495808
gappy-POD,0.01,1,0.99,7,16,29,550,3.042074,1.63553,0.000284043,0.324854
QDEIM,0.01,1,0.99,7,16,29,550,3.106536,1.60467,0.000288516,0.33959
clsSOPT,0.01,1,0.99,7,16,29,550,8.623064,1.60741,0.00129257,1.46435
clsgappy-POD,0.01,1,0.99,7,16,29,550,54.840540,1.58121,0.0020464,3.3985
clsQDEIM,0.01,1,0.99,7,16,29,550,1.598253,1.60441,0.00203387,3.58784
SOPT,0.01,1,0.99,7,16,29,600,6.441279,1.6344,0.000311605,0.47772
gappy-POD,0.01,1,0.99,7,16,29,600,3.089566,1.61941,0.00028307,0.317878
QDEIM,0.01,1,0.99,7,16,29,600,3.575682,1.6385,0.000280188,0.330332
clsSOPT,0.01,1,0.99,7,16,29,600,6.441279,1.6296,0.000981221,1.21839
clsgappy-POD,0.01,1,0.99,7,16,29,600,54.551559,1.62798,0.001777,3.84295
clsQDEIM,0.01,1,0.99,7,16,29,600,1.489358,1.64081,0.00148496,2.9056
SOPT,0.01,1,0.99,7,16,29,650,7.310198,1.62687,0.000293363,0.476942
gappy-POD,0.01,1,0.99,7,16,29,650,3.346429,1.62832,0.000281153,0.328514
QDEIM,0.01,1,0.99,7,16,29,650,3.569228,1.642,0.000280852,0.329707
clsSOPT,0.01,1,0.99,7,16,29,650,7.310198,1.60268,0.000613841,0.816939
clsgappy-POD,0.01,1,0.99,7,16,29,650,54.773500,1.65568,0.00176018,4.30978
clsQDEIM,0.01,1,0.99,7,16,29,650,1.518912,1.61399,0.00121946,2.67854
SOPT,0.01,1,0.99,7,16,29,700,7.223866,1.6222,0.000286659,0.448673
gappy-POD,0.01,1,0.99,7,16,29,700,3.859134,1.63656,0.000278512,0.31494
QDEIM,0.01,1,0.99,7,16,29,700,3.698347,1.63984,0.000280916,0.324007
clsSOPT,0.01,1,0.99,7,16,29,700,7.223866,1.61121,0.000690042,0.894439
clsgappy-POD,0.01,1,0.99,7,16,29,700,55.680180,1.63973,0.0024015,3.83017
clsQDEIM,0.01,1,0.99,7,16,29,700,1.464530,1.63324,0.00132213,2.31191
SOPT,0.01,1,0.99,7,16,29,750,8.000594,1.62049,0.000280973,0.448233
gappy-POD,0.01,1,0.99,7,16,29,750,3.684590,1.63437,0.000287768,0.350233
QDEIM,0.01,1,0.99,7,16,29,750,3.651999,1.65095,0.000279627,0.331737
clsSOPT,0.01,1,0.99,7,16,29,750,8.000594,1.64382,0.000670626,0.958626
clsgappy-POD,0.01,1,0.99,7,16,29,750,49.223061,1.62436,0.00126958,4.34789
clsQDEIM,0.01,1,0.99,7,16,29,750,1.489272,1.62704,0.0004987,1.9186
SOPT,0.01,1,0.99,7,16,29,800,5.581534,1.62481,0.00029063,0.413009
gappy-POD,0.01,1,0.99,7,16,29,800,3.921595,1.64466,0.000279237,0.333667
QDEIM,0.01,1,0.99,7,16,29,800,3.914609,1.63652,0.000280876,0.334228
clsSOPT,0.01,1,0.99,7,16,29,800,5.581534,1.60861,0.000412427,0.844171
clsgappy-POD,0.01,1,0.99,7,16,29,800,47.654314,1.62336,0.00173534,3.44977
clsQDEIM,0.01,1,0.99,7,16,29,800,1.426772,1.62726,0.000443285,1.75062
SOPT,0.01,1,0.99,7,16,29,850,5.322998,1.61893,0.000285619,0.421981
gappy-POD,0.01,1,0.99,7,16,29,850,4.422236,1.62412,0.00028249,0.340505
QDEIM,0.01,1,0.99,7,16,29,850,3.906148,1.62972,0.000281982,0.333353
clsSOPT,0.01,1,0.99,7,16,29,850,5.322998,1.61784,0.000508016,1.04779
clsgappy-POD,0.01,1,0.99,7,16,29,850,45.062963,1.63628,0.0007433,6.62329
clsQDEIM,0.01,1,0.99,7,16,29,850,1.437697,1.64334,0.000371146,1.65547
SOPT,0.01,1,0.99,7,16,29,900,6.213780,1.65687,0.000278004,0.40426
gappy-POD,0.01,1,0.99,7,16,29,900,4.521733,1.64964,0.000278511,0.332804
QDEIM,0.01,1,0.99,7,16,29,900,4.012665,1.65248,0.000284414,0.338683
clsSOPT,0.01,1,0.99,7,16,29,900,6.213780,1.6433,0.000553615,1.28545
clsgappy-POD,0.01,1,0.99,7,16,29,900,35.268098,1.6501,0.000880154,4.9964
clsQDEIM,0.01,1,0.99,7,16,29,900,1.461216,1.62539,0.000607905,2.21893
SOPT,0.01,1,0.99,7,16,29,950,6.668732,1.65382,0.000280333,0.405876
gappy-POD,0.01,1,0.99,7,16,29,950,4.732670,1.64843,0.00028406,0.336925
QDEIM,0.01,1,0.99,7,16,29,950,4.302729,1.63642,0.000281527,0.336767
clsSOPT,0.01,1,0.99,7,16,29,950,6.668732,1.63441,0.000794338,2.41148
clsgappy-POD,0.01,1,0.99,7,16,29,950,34.689443,1.62069,0.000676868,4.87221
clsQDEIM,0.01,1,0.99,7,16,29,950,1.399183,1.60828,0.000371258,1.89739
SOPT,0.01,1,0.99,7,16,29,1000,6.977397,1.63145,0.000286547,0.372575
gappy-POD,0.01,1,0.99,7,16,29,1000,4.828284,1.6679,0.000284325,0.339314
QDEIM,0.01,1,0.99,7,16,29,1000,4.817499,1.64429,0.000281756,0.330221
clsSOPT,0.01,1,0.99,7,16,29,1000,6.977397,1.62106,0.00052937,2.0777
clsgappy-POD,0.01,1,0.99,7,16,29,1000,38.719355,1.67525,0.000682048,4.6832
clsQDEIM,0.01,1,0.99,7,16,29,1000,1.368625,1.64403,0.000331761,1.7336
SOPT,0.01,1,0.99,7,16,29,1050,7.435085,1.66962,0.000275529,0.368776
gappy-POD,0.01,1,0.99,7,16,29,1050,4.936443,1.66438,0.000283214,0.323277
QDEIM,0.01,1,0.99,7,16,29,1050,4.909125,1.65997,0.000283157,0.336802
clsSOPT,0.01,1,0.99,7,16,29,1050,7.435085,1.6536,0.000386807,1.58645
clsgappy-POD,0.01,1,0.99,7,16,29,1050,43.046401,1.66993,0.00293197,8.21992
clsQDEIM,0.01,1,0.99,7,16,29,1050,1.424507,1.62843,0.000358973,1.47561
SOPT,0.01,1,0.99,7,16,29,1100,7.641752,1.65329,0.000278407,0.36933
gappy-POD,0.01,1,0.99,7,16,29,1100,5.649146,1.66611,0.000282819,0.336048
QDEIM,0.01,1,0.99,7,16,29,1100,5.597134,1.64813,0.00028309,0.336096
clsSOPT,0.01,1,0.99,7,16,29,1100,7.641752,1.62651,0.000392162,1.47754
clsgappy-POD,0.01,1,0.99,7,16,29,1100,34.687426,1.65938,0.00474091,15.5851
clsQDEIM,0.01,1,0.99,7,16,29,1100,1.428208,1.65922,0.000398762,1.47212
SOPT,0.01,1,0.99,7,16,29,1150,7.985943,1.67516,0.000279889,0.342567
gappy-POD,0.01,1,0.99,7,16,29,1150,7.906048,1.64546,0.000282936,0.338938
QDEIM,0.01,1,0.99,7,16,29,1150,7.921023,1.68836,0.000282941,0.338924
clsSOPT,0.01,1,0.99,7,16,29,1150,7.985943,1.63856,0.000476688,1.29498
clsgappy-POD,0.01,1,0.99,7,16,29,1150,44.945519,1.65007,0.00264832,16.464
clsQDEIM,0.01,1,0.99,7,16,29,1150,1.410768,1.64157,0.00048939,1.27006
SOPT,0.01,2,0.999,14,30,59,100,8.398494,1.17556,0.00148514,0.679992
gappy-POD,0.01,2,0.999,14,30,59,100,7.812864,1.00087,0.00165881,2.76558
QDEIM,0.01,2,0.999,14,30,59,100,9.591510,1.16852,0.00121584,1.06418
clsSOPT,0.01,2,0.999,14,30,59,100,8.398494,1.30177,0.00119549,1.4763
clsgappy-POD,0.01,2,0.999,14,30,59,100,400.105260,1.32738,nan,nan
clsQDEIM,0.01,2,0.999,14,30,59,100,5.655874,1.10924,0.00566053,8.36305
SOPT,0.01,2,0.999,14,30,59,150,5.301884,1.37026,0.000977255,0.356533
gappy-POD,0.01,2,0.999,14,30,59,150,4.806739,1.26738,0.000717907,1.16373
QDEIM,0.01,2,0.999,14,30,59,150,7.443149,1.43756,0.000496048,0.447133
clsSOPT,0.01,2,0.999,14,30,59,150,5.301884,1.52913,0.000411331,0.481697
clsgappy-POD,0.01,2,0.999,14,30,59,150,113.605101,1.53642,0.0125734,59.5124
clsQDEIM,0.01,2,0.999,14,30,59,150,3.829267,1.34657,0.00175048,4.08634
SOPT,0.01,2,0.999,14,30,59,200,4.500267,1.50399,0.000542976,0.349285
gappy-POD,0.01,2,0.999,14,30,59,200,3.445684,1.43118,0.000559314,0.551551
QDEIM,0.01,2,0.999,14,30,59,200,6.438726,1.51329,0.000459187,0.375204
clsSOPT,0.01,2,0.999,14,30,59,200,4.500267,1.61678,0.000338536,0.479083
clsgappy-POD,0.01,2,0.999,14,30,59,200,77.253946,1.4844,nan,nan
clsQDEIM,0.01,2,0.999,14,30,59,200,3.141642,1.52255,0.0025865,12.4884
SOPT,0.01,2,0.999,14,30,59,250,4.231210,1.62576,0.000226642,0.426996
gappy-POD,0.01,2,0.999,14,30,59,250,3.744364,1.60912,0.000256418,0.361548
QDEIM,0.01,2,0.999,14,30,59,250,6.270995,1.54997,0.000328345,0.345833
clsSOPT,0.01,2,0.999,14,30,59,250,4.231210,1.62981,0.000278918,0.586473
clsgappy-POD,0.01,2,0.999,14,30,59,250,119.739696,1.61871,0.00749351,7.83945
clsQDEIM,0.01,2,0.999,14,30,59,250,2.737911,1.55498,0.000460533,1.34234
SOPT,0.01,2,0.999,14,30,59,300,3.817854,1.64818,0.000213554,0.401368
gappy-POD,0.01,2,0.999,14,30,59,300,3.228762,1.63781,0.00021566,0.359073
QDEIM,0.01,2,0.999,14,30,59,300,4.557045,1.57903,0.000242654,0.341902
clsSOPT,0.01,2,0.999,14,30,59,300,3.817854,1.6635,0.000276585,0.562047
clsgappy-POD,0.01,2,0.999,14,30,59,300,70.546979,1.63706,0.00864313,13.9342
clsQDEIM,0.01,2,0.999,14,30,59,300,2.515952,1.58028,0.000440974,0.900768
SOPT,0.01,2,0.999,14,30,59,350,4.329336,1.70453,0.000219333,0.43585
gappy-POD,0.01,2,0.999,14,30,59,350,3.156615,1.67887,0.000195577,0.401084
QDEIM,0.01,2,0.999,14,30,59,350,3.901730,1.63171,0.000188337,0.373202
clsSOPT,0.01,2,0.999,14,30,59,350,4.329336,1.66968,0.000268301,0.546096
clsgappy-POD,0.01,2,0.999,14,30,59,350,74.832556,1.68654,0.00895457,5.02172
clsQDEIM,0.01,2,0.999,14,30,59,350,2.206629,1.6149,0.000584357,1.20977
SOPT,0.01,2,0.999,14,30,59,400,3.789646,1.70001,0.000224064,0.423463
gappy-POD,0.01,2,0.999,14,30,59,400,2.876757,1.6908,0.000189755,0.408549
QDEIM,0.01,2,0.999,14,30,59,400,3.343071,1.67861,0.000201614,0.35291
clsSOPT,0.01,2,0.999,14,30,59,400,3.789646,1.68217,0.000266611,0.559869
clsgappy-POD,0.01,2,0.999,14,30,59,400,64.442186,1.70249,0.00953763,6.66268
clsQDEIM,0.01,2,0.999,14,30,59,400,2.136275,1.65963,0.000650708,1.63952
SOPT,0.01,2,0.999,14,30,59,450,3.950866,1.67341,0.00020553,0.426749
gappy-POD,0.01,2,0.999,14,30,59,450,2.795684,1.68673,0.000191004,0.402713
QDEIM,0.01,2,0.999,14,30,59,450,3.619159,1.66506,0.000197521,0.356893
clsSOPT,0.01,2,0.999,14,30,59,450,3.950866,1.68005,0.000256059,0.503617
clsgappy-POD,0.01,2,0.999,14,30,59,450,74.210843,1.67468,0.00919757,7.83114
clsQDEIM,0.01,2,0.999,14,30,59,450,2.025876,1.65115,0.000546819,1.13216
SOPT,0.01,2,0.999,14,30,59,500,4.335367,1.69495,0.000206637,0.431194
gappy-POD,0.01,2,0.999,14,30,59,500,2.927121,1.67124,0.000190755,0.408487
QDEIM,0.01,2,0.999,14,30,59,500,3.380402,1.67345,0.000194067,0.373275
clsSOPT,0.01,2,0.999,14,30,59,500,4.335367,1.66908,0.000258888,0.489977
clsgappy-POD,0.01,2,0.999,14,30,59,500,69.532071,1.6875,0.00383508,10.0613
clsQDEIM,0.01,2,0.999,14,30,59,500,2.079735,1.64751,0.000391542,1.04897
SOPT,0.01,2,0.999,14,30,59,550,4.930261,1.68768,0.000207544,0.414076
gappy-POD,0.01,2,0.999,14,30,59,550,2.989622,1.71948,0.000198046,0.4128
QDEIM,0.01,2,0.999,14,30,59,550,3.295745,1.68919,0.000194103,0.385224
clsSOPT,0.01,2,0.999,14,30,59,550,4.930261,1.69541,0.000242206,0.547494
clsgappy-POD,0.01,2,0.999,14,30,59,550,73.508071,1.72032,0.00395791,8.62456
clsQDEIM,0.01,2,0.999,14,30,59,550,1.903836,1.6681,0.000377396,0.785035
SOPT,0.01,2,0.999,14,30,59,600,5.001904,1.71419,0.000217347,0.405421
gappy-POD,0.01,2,0.999,14,30,59,600,2.981736,1.69249,0.000199119,0.415645
QDEIM,0.01,2,0.999,14,30,59,600,3.237699,1.73398,0.000196226,0.380994
clsSOPT,0.01,2,0.999,14,30,59,600,5.001904,1.70351,0.000245401,0.536791
clsgappy-POD,0.01,2,0.999,14,30,59,600,63.119294,1.72135,0.00352952,13.0062
clsQDEIM,0.01,2,0.999,14,30,59,600,1.874956,1.68325,0.000458343,1.05526
SOPT,0.01,2,0.999,14,30,59,650,5.482275,1.71349,0.000212198,0.427732
gappy-POD,0.01,2,0.999,14,30,59,650,3.037861,1.70596,0.000194913,0.414419
QDEIM,0.01,2,0.999,14,30,59,650,3.296678,1.71098,0.000200103,0.380021
clsSOPT,0.01,2,0.999,14,30,59,650,5.482275,1.69147,0.000464709,0.487557
clsgappy-POD,0.01,2,0.999,14,30,59,650,54.385453,1.71303,0.00722159,8.64253
clsQDEIM,0.01,2,0.999,14,30,59,650,1.770470,1.6898,0.000397802,1.3783
SOPT,0.01,2,0.999,14,30,59,700,5.887625,1.72124,0.00021307,0.427033
gappy-POD,0.01,2,0.999,14,30,59,700,3.341393,1.7225,0.000189254,0.405824
QDEIM,0.01,2,0.999,14,30,59,700,3.207590,1.73032,0.000199442,0.393198
clsSOPT,0.01,2,0.999,14,30,59,700,5.887625,1.69211,0.000402142,0.481537
clsgappy-POD,0.01,2,0.999,14,30,59,700,48.421741,1.70662,0.00620269,8.12999
clsQDEIM,0.01,2,0.999,14,30,59,700,1.789121,1.69701,0.000363307,1.22652
SOPT,0.01,2,0.999,14,30,59,750,5.508231,1.71799,0.000222536,0.423629
gappy-POD,0.01,2,0.999,14,30,59,750,3.283213,1.76327,0.000190709,0.393732
QDEIM,0.01,2,0.999,14,30,59,750,3.246817,1.7171,0.000197858,0.392755
clsSOPT,0.01,2,0.999,14,30,59,750,5.508231,1.70849,0.000341792,0.550879
clsgappy-POD,0.01,2,0.999,14,30,59,750,67.145686,1.73108,0.00579069,7.99099
clsQDEIM,0.01,2,0.999,14,30,59,750,1.735079,1.70684,0.000389181,1.19183
SOPT,0.01,2,0.999,14,30,59,800,5.578729,1.75409,0.000209639,0.450848
gappy-POD,0.01,2,0.999,14,30,59,800,3.322516,1.72025,0.000196157,0.415331
QDEIM,0.01,2,0.999,14,30,59,800,3.372198,1.71578,0.000196591,0.406072
clsSOPT,0.01,2,0.999,14,30,59,800,5.578729,1.72394,0.000284458,0.570226
clsgappy-POD,0.01,2,0.999,14,30,59,800,62.269286,1.71399,0.00671116,7.98404
clsQDEIM,0.01,2,0.999,14,30,59,800,1.690067,1.73495,0.000408178,1.18163
SOPT,0.01,2,0.999,14,30,59,850,5.852714,1.75259,0.000200814,0.465303
gappy-POD,0.01,2,0.999,14,30,59,850,3.479846,1.71622,0.000200021,0.410571
QDEIM,0.01,2,0.999,14,30,59,850,3.736225,1.75378,0.000195712,0.419472
clsSOPT,0.01,2,0.999,14,30,59,850,5.852714,1.73845,0.000256902,0.503754
clsgappy-POD,0.01,2,0.999,14,30,59,850,65.897481,1.76024,0.0059386,7.78646
clsQDEIM,0.01,2,0.999,14,30,59,850,1.654909,1.74613,0.000441676,1.32665
SOPT,0.01,2,0.999,14,30,59,900,5.772842,1.76969,0.000207216,0.456939
gappy-POD,0.01,2,0.999,14,30,59,900,3.756339,1.73644,0.000196508,0.413573
QDEIM,0.01,2,0.999,14,30,59,900,4.253436,1.74477,0.000191237,0.417022
clsSOPT,0.01,2,0.999,14,30,59,900,5.772842,1.72917,0.000245889,0.511529
clsgappy-POD,0.01,2,0.999,14,30,59,900,55.359734,1.73338,0.00548718,7.46566
clsQDEIM,0.01,2,0.999,14,30,59,900,1.683977,1.71787,0.000390411,0.996705
SOPT,0.01,2,0.999,14,30,59,950,6.222047,1.72642,0.000206651,0.436817
gappy-POD,0.01,2,0.999,14,30,59,950,3.880866,1.73096,0.000190197,0.413534
QDEIM,0.01,2,0.999,14,30,59,950,4.236508,1.72842,0.000190125,0.416203
clsSOPT,0.01,2,0.999,14,30,59,950,6.222047,1.72734,0.000222798,0.634697
clsgappy-POD,0.01,2,0.999,14,30,59,950,55.936507,1.73696,0.00502933,7.8567
clsQDEIM,0.01,2,0.999,14,30,59,950,1.634559,1.72336,0.000396165,0.976892
SOPT,0.01,2,0.999,14,30,59,1000,6.462143,1.75034,0.000198151,0.423985
gappy-POD,0.01,2,0.999,14,30,59,1000,4.381893,1.75708,0.00018937,0.417089
QDEIM,0.01,2,0.999,14,30,59,1000,4.465107,1.76516,0.000192041,0.417489
clsSOPT,0.01,2,0.999,14,30,59,1000,6.462143,1.76188,0.000244961,0.660793
clsgappy-POD,0.01,2,0.999,14,30,59,1000,52.170154,1.77151,0.0048773,7.69643
clsQDEIM,0.01,2,0.999,14,30,59,1000,1.622753,1.74116,0.000328851,0.818271
SOPT,0.01,2,0.999,14,30,59,1050,4.944118,1.76407,0.000192744,0.43472
gappy-POD,0.01,2,0.999,14,30,59,1050,5.036128,1.775,0.00018994,0.415552
QDEIM,0.01,2,0.999,14,30,59,1050,4.706933,1.76997,0.000190865,0.415274
clsSOPT,0.01,2,0.999,14,30,59,1050,4.944118,1.77164,0.00024619,0.692564
clsgappy-POD,0.01,2,0.999,14,30,59,1050,51.307336,1.75813,0.00439034,8.28068
clsQDEIM,0.01,2,0.999,14,30,59,1050,1.593522,1.74953,0.000311215,0.781642
SOPT,0.01,2,0.999,14,30,59,1100,5.054630,1.7798,0.000190173,0.416909
gappy-POD,0.01,2,0.999,14,30,59,1100,5.490632,1.77275,0.000189934,0.416551
QDEIM,0.01,2,0.999,14,30,59,1100,5.500581,1.77713,0.000189974,0.416081
clsSOPT,0.01,2,0.999,14,30,59,1100,5.054630,1.758,0.000293925,0.751923
clsgappy-POD,0.01,2,0.999,14,30,59,1100,52.046089,1.78177,0.00351131,8.81668
clsQDEIM,0.01,2,0.999,14,30,59,1100,1.562070,1.75956,0.000302556,0.725066
SOPT,0.01,2,0.999,14,30,59,1150,5.335101,1.79594,0.000190029,0.415482
gappy-POD,0.01,2,0.999,14,30,59,1150,5.576689,1.77285,0.000189868,0.417197
QDEIM,0.01,2,0.999,14,30,59,1150,5.578947,1.77771,0.00018986,0.417211
clsSOPT,0.01,2,0.999,14,30,59,1150,5.335101,1.77238,0.00030863,0.799028
clsgappy-POD,0.01,2,0.999,14,30,59,1150,53.609566,1.79486,0.00378957,8.74181
clsQDEIM,0.01,2,0.999,14,30,59,1150,1.599809,1.75641,0.000307976,0.775018
SOPT,0.01,3,0.9999,24,54,96,100,48.598173,1.24282,0.00180282,2.77155
gappy-POD,0.01,3,0.9999,24,54,96,100,142.604289,1.15734,0.00441257,2.67963
QDEIM,0.01,3,0.9999,24,54,96,100,137.382056,1.11045,0.00126229,1.47555
clsSOPT,0.01,3,0.9999,24,54,96,100,48.598173,1.34029,0.0188388,193.679
clsgappy-POD,0.01,3,0.9999,24,54,96,100,1836.924737,1.3652,nan,nan
clsQDEIM,0.01,3,0.9999,24,54,96,100,48.202432,1.27695,nan,nan
SOPT,0.01,3,0.9999,24,54,96,150,9.797403,1.40345,0.000663389,1.23222
gappy-POD,0.01,3,0.9999,24,54,96,150,10.195639,1.30673,0.00155353,1.81374
QDEIM,0.01,3,0.9999,24,54,96,150,10.918771,1.41879,0.000229852,0.486575
clsSOPT,0.01,3,0.9999,24,54,96,150,9.797403,1.54027,0.00276664,9.80014
clsgappy-POD,0.01,3,0.9999,24,54,96,150,132.409274,1.5288,nan,nan
clsQDEIM,0.01,3,0.9999,24,54,96,150,8.567230,1.47157,0.00106128,2.48271
SOPT,0.01,3,0.9999,24,54,96,200,6.265066,1.62796,0.000279475,0.30526
gappy-POD,0.01,3,0.9999,24,54,96,200,6.099236,1.52936,0.000801926,1.31752
QDEIM,0.01,3,0.9999,24,54,96,200,9.578300,1.55667,0.000247757,0.339096
clsSOPT,0.01,3,0.9999,24,54,96,200,6.265066,1.6339,0.000251047,0.55758
clsgappy-POD,0.01,3,0.9999,24,54,96,200,143.832164,1.58121,nan,nan
clsQDEIM,0.01,3,0.9999,24,54,96,200,4.968095,1.61308,0.000608997,0.893041
SOPT,0.01,3,0.9999,24,54,96,250,4.706766,1.69962,0.000156577,0.347884
gappy-POD,0.01,3,0.9999,24,54,96,250,4.598722,1.66042,0.00023508,0.335724
QDEIM,0.01,3,0.9999,24,54,96,250,6.835245,1.65173,0.000323676,0.290952
clsSOPT,0.01,3,0.9999,24,54,96,250,4.706766,1.71779,0.000379216,0.538961
clsgappy-POD,0.01,3,0.9999,24,54,96,250,138.501963,1.68276,0.00917964,324.19
clsQDEIM,0.01,3,0.9999,24,54,96,250,4.049331,1.65236,0.000298141,0.616392
SOPT,0.01,3,0.9999,24,54,96,300,4.361180,1.73631,0.000274495,0.450285
gappy-POD,0.01,3,0.9999,24,54,96,300,3.808541,1.68241,0.000264025,0.375609
QDEIM,0.01,3,0.9999,24,54,96,300,4.849206,1.67425,0.000289313,0.349089
clsSOPT,0.01,3,0.9999,24,54,96,300,4.361180,1.71841,0.000401166,0.501735
clsgappy-POD,0.01,3,0.9999,24,54,96,300,114.044342,1.75844,nan,nan
clsQDEIM,0.01,3,0.9999,24,54,96,300,3.690376,1.71019,0.000344028,0.400349
SOPT,0.01,3,0.9999,24,54,96,350,4.397953,1.75667,0.000205847,0.435747
gappy-POD,0.01,3,0.9999,24,54,96,350,3.589606,1.71383,0.000381847,0.364854
QDEIM,0.01,3,0.9999,24,54,96,350,5.038501,1.72695,0.000169299,0.275815
clsSOPT,0.01,3,0.9999,24,54,96,350,4.397953,1.73728,0.000264864,0.476555
clsgappy-POD,0.01,3,0.9999,24,54,96,350,113.957202,1.75316,0.00657985,13.0034
clsQDEIM,0.01,3,0.9999,24,54,96,350,3.041694,1.75902,0.000340058,0.429236
SOPT,0.01,3,0.9999,24,54,96,400,4.032515,1.75785,0.000156354,0.386408
gappy-POD,0.01,3,0.9999,24,54,96,400,3.321563,1.78238,0.000117237,0.311833
QDEIM,0.01,3,0.9999,24,54,96,400,4.327079,1.74257,0.000143011,0.261147
clsSOPT,0.01,3,0.9999,24,54,96,400,4.032515,1.76042,0.000418875,0.569575
clsgappy-POD,0.01,3,0.9999,24,54,96,400,87.247698,1.77372,0.00588871,50.9776
clsQDEIM,0.01,3,0.9999,24,54,96,400,2.646438,1.74954,0.000507651,0.450178
SOPT,0.01,3,0.9999,24,54,96,450,4.048125,1.79126,0.000236719,0.378054
gappy-POD,0.01,3,0.9999,24,54,96,450,3.200226,1.77363,0.00014179,0.282388
QDEIM,0.01,3,0.9999,24,54,96,450,4.218027,1.78157,0.000157605,0.285446
clsSOPT,0.01,3,0.9999,24,54,96,450,4.048125,1.75849,0.000260311,0.551035
clsgappy-POD,0.01,3,0.9999,24,54,96,450,119.295896,1.80685,0.0176968,46.0182
clsQDEIM,0.01,3,0.9999,24,54,96,450,2.705319,1.73815,0.000367069,0.392185
SOPT,0.01,3,0.9999,24,54,96,500,4.163477,1.7704,0.000325884,0.383039
gappy-POD,0.01,3,0.9999,24,54,96,500,3.167314,1.78491,0.000126854,0.316391
QDEIM,0.01,3,0.9999,24,54,96,500,3.972562,1.76896,0.000156627,0.282198
clsSOPT,0.01,3,0.9999,24,54,96,500,4.163477,1.7334,0.000259959,0.538006
clsgappy-POD,0.01,3,0.9999,24,54,96,500,95.629741,1.77797,0.00824752,9.85883
clsQDEIM,0.01,3,0.9999,24,54,96,500,2.406895,1.74695,0.000381716,0.363118
SOPT,0.01,3,0.9999,24,54,96,550,4.586567,1.78715,0.000308894,0.386817
gappy-POD,0.01,3,0.9999,24,54,96,550,2.996274,1.80199,0.000155332,0.296109
QDEIM,0.01,3,0.9999,24,54,96,550,4.040312,1.79503,0.000173878,0.300138
clsSOPT,0.01,3,0.9999,24,54,96,550,4.586567,1.78763,0.00020395,0.493901
clsgappy-POD,0.01,3,0.9999,24,54,96,550,105.754927,1.80289,0.0164966,95.3909
clsQDEIM,0.01,3,0.9999,24,54,96,550,2.442177,1.75065,0.000368216,0.359808
SOPT,0.01,3,0.9999,24,54,96,600,4.683443,1.78434,0.000307003,0.383945
gappy-POD,0.01,3,0.9999,24,54,96,600,2.932891,1.78139,0.00012888,0.310139
QDEIM,0.01,3,0.9999,24,54,96,600,3.821837,1.77817,0.000146958,0.270764
clsSOPT,0.01,3,0.9999,24,54,96,600,4.683443,1.79516,0.00020813,0.46272
clsgappy-POD,0.01,3,0.9999,24,54,96,600,82.185763,1.7826,0.00786458,11.9296
clsQDEIM,0.01,3,0.9999,24,54,96,600,2.299709,1.77755,0.000306049,0.381516
SOPT,0.01,3,0.9999,24,54,96,650,28.509984,1.81628,0.000297957,0.380326
gappy-POD,0.01,3,0.9999,24,54,96,650,2.929274,1.80241,0.000122973,0.307774
QDEIM,0.01,3,0.9999,24,54,96,650,3.920344,1.79124,0.000141876,0.269202
clsSOPT,0.01,3,0.9999,24,54,96,650,28.509984,1.81554,0.000191328,0.471737
clsgappy-POD,0.01,3,0.9999,24,54,96,650,85.354343,1.78908,0.0134669,26.9139
clsQDEIM,0.01,3,0.9999,24,54,96,650,2.116593,1.80523,0.000298484,0.359261
SOPT,0.01,3,0.9999,24,54,96,700,28.225852,1.8118,0.000296936,0.376723
gappy-POD,0.01,3,0.9999,24,54,96,700,2.978460,1.81724,0.000156707,0.284656
QDEIM,0.01,3,0.9999,24,54,96,700,4.069788,1.79502,0.000143136,0.262415
clsSOPT,0.01,3,0.9999,24,54,96,700,28.225852,1.79546,0.000189889,0.450069
clsgappy-POD,0.01,3,0.9999,24,54,96,700,80.199899,1.79745,0.0085925,12.6135
clsQDEIM,0.01,3,0.9999,24,54,96,700,2.160894,1.79018,0.000289614,0.392168
SOPT,0.01,3,0.9999,24,54,96,750,8.554281,1.83671,0.000249161,0.35388
gappy-POD,0.01,3,0.9999,24,54,96,750,3.039976,1.81263,0.000140567,0.281947
QDEIM,0.01,3,0.9999,24,54,96,750,3.706872,1.80732,0.000143703,0.26498
clsSOPT,0.01,3,0.9999,24,54,96,750,8.554281,1.80984,0.00015096,0.409956
clsgappy-POD,0.01,3,0.9999,24,54,96,750,107.923242,1.85974,0.0122787,19.7909
clsQDEIM,0.01,3,0.9999,24,54,96,750,2.043155,1.80116,0.000261803,0.388287
SOPT,0.01,3,0.9999,24,54,96,800,7.263701,1.84312,0.000212754,0.350935
gappy-POD,0.01,3,0.9999,24,54,96,800,3.200652,1.81738,0.000145388,0.289056
QDEIM,0.01,3,0.9999,24,54,96,800,3.596773,1.84792,0.000136135,0.280535
clsSOPT,0.01,3,0.9999,24,54,96,800,7.263701,1.81746,0.000194676,0.400972
clsgappy-POD,0.01,3,0.9999,24,54,96,800,73.585849,1.82929,0.0149757,37.9208
clsQDEIM,0.01,3,0.9999,24,54,96,800,2.064267,1.80805,0.000158912,0.32248
SOPT,0.01,3,0.9999,24,54,96,850,6.526189,1.85343,0.000242395,0.336789
gappy-POD,0.01,3,0.9999,24,54,96,850,3.220621,1.85669,0.000141657,0.275476
QDEIM,0.01,3,0.9999,24,54,96,850,4.110470,1.83193,0.000134255,0.28501
clsSOPT,0.01,3,0.9999,24,54,96,850,6.526189,1.8387,0.000179451,0.397102
clsgappy-POD,0.01,3,0.9999,24,54,96,850,89.000219,1.86677,0.0124292,14.8641
clsQDEIM,0.01,3,0.9999,24,54,96,850,2.010823,1.83415,0.000141355,0.297096
SOPT,0.01,3,0.9999,24,54,96,900,6.637407,1.90615,0.000158427,0.311229
gappy-POD,0.01,3,0.9999,24,54,96,900,3.282281,1.86681,0.000123163,0.29736
QDEIM,0.01,3,0.9999,24,54,96,900,3.751173,1.8593,0.000134358,0.280923
clsSOPT,0.01,3,0.9999,24,54,96,900,6.637407,1.85329,0.000179595,0.385692
clsgappy-POD,0.01,3,0.9999,24,54,96,900,96.903554,1.86042,0.0101602,9.32987
clsQDEIM,0.01,3,0.9999,24,54,96,900,1.905021,1.83962,0.000150026,0.299999
SOPT,0.01,3,0.9999,24,54,96,950,7.361834,1.91155,0.000153578,0.315013
gappy-POD,0.01,3,0.9999,24,54,96,950,3.301003,1.88027,0.000126846,0.289977
QDEIM,0.01,3,0.9999,24,54,96,950,3.587571,1.92467,0.00012638,0.289592
clsSOPT,0.01,3,0.9999,24,54,96,950,7.361834,1.91835,0.000158345,0.355732
clsgappy-POD,0.01,3,0.9999,24,54,96,950,69.525661,1.90412,0.00921178,12.4541
clsQDEIM,0.01,3,0.9999,24,54,96,950,1.868796,1.884,0.000158899,0.325885
SOPT,0.01,3,0.9999,24,54,96,1000,5.808185,1.94434,0.000137499,0.312538
gappy-POD,0.01,3,0.9999,24,54,96,1000,3.600823,1.94343,0.000131063,0.285766
QDEIM,0.01,3,0.9999,24,54,96,1000,3.941623,1.93094,0.000136694,0.28665
clsSOPT,0.01,3,0.9999,24,54,96,1000,5.808185,1.96072,0.000144421,0.368313
clsgappy-POD,0.01,3,0.9999,24,54,96,1000,80.503266,1.96233,0.00727744,9.48616
clsQDEIM,0.01,3,0.9999,24,54,96,1000,1.883711,1.93834,0.000174538,0.319568
SOPT,0.01,3,0.9999,24,54,96,1050,5.537815,2.02577,0.000140795,0.300321
gappy-POD,0.01,3,0.9999,24,54,96,1050,4.660312,2.04942,0.000132896,0.284131
QDEIM,0.01,3,0.9999,24,54,96,1050,4.676781,2.03285,0.000132989,0.282095
clsSOPT,0.01,3,0.9999,24,54,96,1050,5.537815,2.00097,0.000182531,0.399685
clsgappy-POD,0.01,3,0.9999,24,54,96,1050,91.191076,2.00502,0.00728856,9.43918
clsQDEIM,0.01,3,0.9999,24,54,96,1050,1.858872,2.00679,0.000165293,0.320667
SOPT,0.01,3,0.9999,24,54,96,1100,5.914821,2.13053,0.000160161,0.279863
gappy-POD,0.01,3,0.9999,24,54,96,1100,4.788401,2.14048,0.000130612,0.283566
QDEIM,0.01,3,0.9999,24,54,96,1100,4.869935,2.1232,0.000129781,0.284188
clsSOPT,0.01,3,0.9999,24,54,96,1100,5.914821,2.21723,0.000153974,0.382001
clsgappy-POD,0.01,3,0.9999,24,54,96,1100,82.819709,2.11469,0.00675812,10.1816
clsQDEIM,0.01,3,0.9999,24,54,96,1100,1.840816,2.08163,0.000167838,0.331787
SOPT,0.01,3,0.9999,24,54,96,1150,6.382254,2.25301,0.000150281,0.296707
gappy-POD,0.01,3,0.9999,24,54,96,1150,6.175490,2.23928,0.000129844,0.283988
QDEIM,0.01,3,0.9999,24,54,96,1150,5.256341,2.24181,0.000129827,0.283961
clsSOPT,0.01,3,0.9999,24,54,96,1150,6.382254,2.22444,0.000168576,0.352753
clsgappy-POD,0.01,3,0.9999,24,54,96,1150,104.948828,2.22225,0.00763904,10.6215
clsQDEIM,0.01,3,0.9999,24,54,96,1150,1.829937,2.23437,0.000166074,0.349836
SOPT,0.01,4,0.99999,37,89,134,150,52.359328,1.55615,0.00101484,2.01309
gappy-POD,0.01,4,0.99999,37,89,134,150,31.924404,1.46095,0.000952804,1.25658
QDEIM,0.01,4,0.99999,37,89,134,150,46.853196,1.50739,0.000993353,2.0925
clsSOPT,0.01,4,0.99999,37,89,134,150,52.359328,1.62918,0.0013672,3.26921
clsgappy-POD,0.01,4,0.99999,37,89,134,150,573.681757,1.60018,nan,nan
clsQDEIM,0.01,4,0.99999,37,89,134,150,29.326751,1.63394,0.00266064,4.13049
SOPT,0.01,4,0.99999,37,89,134,200,10.433703,1.6459,0.000405059,0.433677
gappy-POD,0.01,4,0.99999,37,89,134,200,10.460998,1.53893,0.00225289,1.03032
QDEIM,0.01,4,0.99999,37,89,134,200,12.692741,1.62343,0.000871439,1.26023
clsSOPT,0.01,4,0.99999,37,89,134,200,10.433703,1.70667,0.000286477,0.635153
clsgappy-POD,0.01,4,0.99999,37,89,134,200,163.563101,1.68798,nan,nan
clsQDEIM,0.01,4,0.99999,37,89,134,200,8.790325,1.72783,0.00182348,2.07622
SOPT,0.01,4,0.99999,37,89,134,250,7.131537,1.77035,0.000342205,0.31972
gappy-POD,0.01,4,0.99999,37,89,134,250,6.981632,1.65903,0.00118592,0.468937
QDEIM,0.01,4,0.99999,37,89,134,250,9.318221,1.70965,0.000479318,0.592653
clsSOPT,0.01,4,0.99999,37,89,134,250,7.131537,1.75594,0.000214149,0.772015
clsgappy-POD,0.01,4,0.99999,37,89,134,250,123.095169,1.73098,nan,nan
clsQDEIM,0.01,4,0.99999,37,89,134,250,6.084626,1.76465,0.000553619,1.05351
SOPT,0.01,4,0.99999,37,89,134,300,5.508292,1.80756,0.000435907,0.403576
gappy-POD,0.01,4,0.99999,37,89,134,300,5.285244,1.76493,0.000420752,0.361768
QDEIM,0.01,4,0.99999,37,89,134,300,8.582206,1.75721,0.000323094,0.58356
clsSOPT,0.01,4,0.99999,37,89,134,300,5.508292,1.79867,0.00039578,0.819485
clsgappy-POD,0.01,4,0.99999,37,89,134,300,190.278140,1.81538,0.00309692,23.4584
clsQDEIM,0.01,4,0.99999,37,89,134,300,5.144385,1.79166,0.000271461,0.482848
SOPT,0.01,4,0.99999,37,89,134,350,5.112515,1.81916,0.000225922,0.393473
gappy-POD,0.01,4,0.99999,37,89,134,350,4.741262,1.79081,0.000309433,0.316718
QDEIM,0.01,4,0.99999,37,89,134,350,6.827518,1.79108,0.000306861,0.507435
clsSOPT,0.01,4,0.99999,37,89,134,350,5.112515,1.8282,0.000262871,0.650349
clsgappy-POD,0.01,4,0.99999,37,89,134,350,75.859074,1.83059,0.00416117,22.5525
clsQDEIM,0.01,4,0.99999,37,89,134,350,4.067924,1.77907,0.000343169,0.481279
SOPT,0.01,4,0.99999,37,89,134,400,4.573492,1.83961,0.000159905,0.386153
gappy-POD,0.01,4,0.99999,37,89,134,400,4.258826,1.83038,0.00042584,0.308886
QDEIM,0.01,4,0.99999,37,89,134,400,5.534621,1.81094,0.000226844,0.368346
clsSOPT,0.01,4,0.99999,37,89,134,400,4.573492,1.82006,0.00017183,0.462124
clsgappy-POD,0.01,4,0.99999,37,89,134,400,96.676248,1.82374,0.00427438,21.7176
clsQDEIM,0.01,4,0.99999,37,89,134,400,3.757206,1.81466,0.000502606,0.584964
SOPT,0.01,4,0.99999,37,89,134,450,4.324891,1.83184,0.000247981,0.465706
gappy-POD,0.01,4,0.99999,37,89,134,450,3.864795,1.84208,0.00049673,0.33226
QDEIM,0.01,4,0.99999,37,89,134,450,5.059060,1.83319,0.000219004,0.339788
clsSOPT,0.01,4,0.99999,37,89,134,450,4.324891,1.83233,0.000153915,0.407888
clsgappy-POD,0.01,4,0.99999,37,89,134,450,78.822502,1.85031,0.00966107,10.7432
clsQDEIM,0.01,4,0.99999,37,89,134,450,3.119770,1.83424,0.000409253,0.478172
SOPT,0.01,4,0.99999,37,89,134,500,4.462542,1.87019,0.000248546,0.473793
gappy-POD,0.01,4,0.99999,37,89,134,500,3.719461,1.87117,0.000230894,0.329549
QDEIM,0.01,4,0.99999,37,89,134,500,5.026270,1.87087,0.000179264,0.308972
clsSOPT,0.01,4,0.99999,37,89,134,500,4.462542,1.86916,0.000137998,0.378624
clsgappy-POD,0.01,4,0.99999,37,89,134,500,83.125571,1.89424,0.0112136,30.8314
clsQDEIM,0.01,4,0.99999,37,89,134,500,3.024578,1.86287,0.000330076,0.405566
SOPT,0.01,4,0.99999,37,89,134,550,4.247935,1.90168,0.000302425,0.464047
gappy-POD,0.01,4,0.99999,37,89,134,550,3.672203,1.91736,0.000135995,0.312616
QDEIM,0.01,4,0.99999,37,89,134,550,4.497943,1.89606,0.000170021,0.308263
clsSOPT,0.01,4,0.99999,37,89,134,550,4.247935,1.90458,0.00013208,0.327112
clsgappy-POD,0.01,4,0.99999,37,89,134,550,102.531859,1.906,0.0116557,25.4121
clsQDEIM,0.01,4,0.99999,37,89,134,550,2.809662,1.91589,0.000213089,0.33346
SOPT,0.01,4,0.99999,37,89,134,600,4.290594,1.9259,0.000291814,0.393528
gappy-POD,0.01,4,0.99999,37,89,134,600,3.477755,1.91408,0.000163541,0.252667
QDEIM,0.01,4,0.99999,37,89,134,600,4.426644,1.91797,0.000161238,0.289115
clsSOPT,0.01,4,0.99999,37,89,134,600,4.290594,1.9394,0.000128012,0.337875
clsgappy-POD,0.01,4,0.99999,37,89,134,600,80.303089,1.93561,0.0105071,27.5233
clsQDEIM,0.01,4,0.99999,37,89,134,600,2.667920,1.94574,0.000269106,0.338574
SOPT,0.01,4,0.99999,37,89,134,650,5.909094,1.97716,0.000306526,0.374683
gappy-POD,0.01,4,0.99999,37,89,134,650,3.340077,1.94259,0.000148595,0.253339
QDEIM,0.01,4,0.99999,37,89,134,650,4.179687,1.93852,0.000158577,0.311715
clsSOPT,0.01,4,0.99999,37,89,134,650,5.909094,1.94456,0.000119139,0.333116
clsgappy-POD,0.01,4,0.99999,37,89,134,650,115.573278,1.934,0.00849175,11.8985
clsQDEIM,0.01,4,0.99999,37,89,134,650,2.591186,1.9362,0.00032109,0.383182
SOPT,0.01,4,0.99999,37,89,134,700,10.967473,1.96069,0.00034475,0.376436
gappy-POD,0.01,4,0.99999,37,89,134,700,3.357739,1.95669,0.000146012,0.260109
QDEIM,0.01,4,0.99999,37,89,134,700,4.111632,1.96577,0.000160874,0.31466
clsSOPT,0.01,4,0.99999,37,89,134,700,10.967473,1.93655,0.000183598,0.301367
clsgappy-POD,0.01,4,0.99999,37,89,134,700,100.257961,1.94676,0.00588486,14.0792
clsQDEIM,0.01,4,0.99999,37,89,134,700,2.521935,1.94431,0.000252524,0.366474
SOPT,0.01,4,0.99999,37,89,134,750,11.026513,1.97324,0.000160418,0.279047
gappy-POD,0.01,4,0.99999,37,89,134,750,3.562645,1.98538,0.000139407,0.256607
QDEIM,0.01,4,0.99999,37,89,134,750,3.944883,1.99912,0.000178944,0.296844
clsSOPT,0.01,4,0.99999,37,89,134,750,11.026513,1.96632,0.000145374,0.323582
clsgappy-POD,0.01,4,0.99999,37,89,134,750,98.535385,1.98408,0.00679788,4.8004
clsQDEIM,0.01,4,0.99999,37,89,134,750,2.366425,1.9389,0.000301752,0.398934
SOPT,0.01,4,0.99999,37,89,134,800,11.285255,1.98853,0.000120661,0.276322
gappy-POD,0.01,4,0.99999,37,89,134,800,3.297802,1.96483,0.00013578,0.269673
QDEIM,0.01,4,0.99999,37,89,134,800,4.031564,2.00313,0.000199581,0.313328
clsSOPT,0.01,4,0.99999,37,89,134,800,11.285255,1.97395,0.000152772,0.28264
clsgappy-POD,0.01,4,0.99999,37,89,134,800,192.963263,1.96044,0.00746794,4.59935
clsQDEIM,0.01,4,0.99999,37,89,134,800,2.364417,1.9593,0.000263889,0.357687
SOPT,0.01,4,0.99999,37,89,134,850,6.209538,2.00768,0.000136803,0.259813
gappy-POD,0.01,4,0.99999,37,89,134,850,3.538347,1.99926,0.000139001,0.259201
QDEIM,0.01,4,0.99999,37,89,134,850,3.726414,2.03239,0.000160744,0.285863
clsSOPT,0.01,4,0.99999,37,89,134,850,6.209538,1.98915,0.000136229,0.291445
clsgappy-POD,0.01,4,0.99999,37,89,134,850,95.736161,2.0012,0.00768152,9.66825
clsQDEIM,0.01,4,0.99999,37,89,134,850,2.287229,1.9921,0.000259604,0.355189
SOPT,0.01,4,0.99999,37,89,134,900,6.126466,2.01865,0.000126575,0.26053
gappy-POD,0.01,4,0.99999,37,89,134,900,3.485428,2.01418,0.000149959,0.297702
QDEIM,0.01,4,0.99999,37,89,134,900,3.873221,2.05382,0.00016315,0.281885
clsSOPT,0.01,4,0.99999,37,89,134,900,6.126466,2.02361,0.000148339,0.271004
clsgappy-POD,0.01,4,0.99999,37,89,134,900,98.535544,2.02509,0.00850175,6.47044
clsQDEIM,0.01,4,0.99999,37,89,134,900,2.233553,1.98554,0.000277267,0.380751
SOPT,0.01,4,0.99999,37,89,134,950,5.626158,2.02366,0.000136286,0.260773
gappy-POD,0.01,4,0.99999,37,89,134,950,3.574865,2.02432,0.000134381,0.260638
QDEIM,0.01,4,0.99999,37,89,134,950,3.768550,2.02576,0.000148308,0.271618
clsSOPT,0.01,4,0.99999,37,89,134,950,5.626158,2.02861,0.000218305,0.327787
clsgappy-POD,0.01,4,0.99999,37,89,134,950,84.171884,2.01574,0.00831169,10.9553
clsQDEIM,0.01,4,0.99999,37,89,134,950,2.137245,1.99712,0.00019914,0.321096
SOPT,0.01,4,0.99999,37,89,134,1000,5.439573,2.03103,0.000153859,0.264968
gappy-POD,0.01,4,0.99999,37,89,134,1000,3.636031,2.03124,0.000128657,0.246453
QDEIM,0.01,4,0.99999,37,89,134,1000,3.737368,2.03739,0.000140898,0.26303
clsSOPT,0.01,4,0.99999,37,89,134,1000,5.439573,2.022,0.000186333,0.327045
clsgappy-POD,0.01,4,0.99999,37,89,134,1000,114.835398,2.02799,0.00877637,12.1076
clsQDEIM,0.01,4,0.99999,37,89,134,1000,2.097196,2.01021,0.000190615,0.310949
SOPT,0.01,4,0.99999,37,89,134,1050,6.417530,2.06413,0.000141648,0.263746
gappy-POD,0.01,4,0.99999,37,89,134,1050,3.890084,2.03971,0.00012656,0.24747
QDEIM,0.01,4,0.99999,37,89,134,1050,3.822356,2.03761,0.000138497,0.264332
clsSOPT,0.01,4,0.99999,37,89,134,1050,6.417530,2.04626,0.000197609,0.326083
clsgappy-POD,0.01,4,0.99999,37,89,134,1050,88.758311,2.05723,0.00922164,9.54808
clsQDEIM,0.01,4,0.99999,37,89,134,1050,2.080112,2.03607,0.000184814,0.320929
SOPT,0.01,4,0.99999,37,89,134,1100,6.012294,2.0807,0.000136689,0.255881
gappy-POD,0.01,4,0.99999,37,89,134,1100,4.036684,2.05835,0.000129231,0.251249
QDEIM,0.01,4,0.99999,37,89,134,1100,4.058194,2.06399,0.000131136,0.257465
clsSOPT,0.01,4,0.99999,37,89,134,1100,6.012294,2.06917,0.000163089,0.280121
clsgappy-POD,0.01,4,0.99999,37,89,134,1100,100.722961,2.07418,0.00779056,12.4225
clsQDEIM,0.01,4,0.99999,37,89,134,1100,2.060105,2.03608,0.000162067,0.289709
SOPT,0.01,4,0.99999,37,89,134,1150,5.635201,2.09922,0.000125833,0.246936
gappy-POD,0.01,4,0.99999,37,89,134,1150,5.477992,2.10148,0.000131362,0.254707
QDEIM,0.01,4,0.99999,37,89,134,1150,5.066828,2.06961,0.000130224,0.253745
clsSOPT,0.01,4,0.99999,37,89,134,1150,5.635201,2.06142,0.000151597,0.297742
clsgappy-POD,0.01,4,0.99999,37,89,134,1150,86.522473,2.08186,0.00809073,10.7235
clsQDEIM,0.01,4,0.99999,37,89,134,1150,2.023233,2.05835,0.000144117,0.276401
SOPT,0.01,5,0.999999,58,124,165,200,23.132728,1.79561,0.00135835,0.76662
gappy-POD,0.01,5,0.999999,58,124,165,200,18.222316,1.74773,0.000564099,1.11788
QDEIM,0.01,5,0.999999,58,124,165,200,22.698791,1.80912,0.00073606,0.689689
clsSOPT,0.01,5,0.999999,58,124,165,200,23.132728,1.82961,0.000710761,0.931664
clsgappy-POD,0.01,5,0.999999,58,124,165,200,532.795744,1.79902,nan,nan
clsQDEIM,0.01,5,0.999999,58,124,165,200,18.606454,1.8458,0.0009337,1.30697
SOPT,0.01,5,0.999999,58,124,165,250,10.208085,1.87784,0.00127474,0.87094
gappy-POD,0.01,5,0.999999,58,124,165,250,9.426107,1.84775,0.000341289,0.300534
QDEIM,0.01,5,0.999999,58,124,165,250,16.229832,1.87665,0.00119621,0.853994
clsSOPT,0.01,5,0.999999,58,124,165,250,10.208085,1.84471,0.000403914,0.520622
clsgappy-POD,0.01,5,0.999999,58,124,165,250,152.774554,1.84012,nan,nan
clsQDEIM,0.01,5,0.999999,58,124,165,250,8.625560,1.88235,0.000604063,1.00395
SOPT,0.01,5,0.999999,58,124,165,300,7.194082,1.94524,0.000661738,0.681138
gappy-POD,0.01,5,0.999999,58,124,165,300,7.302368,1.95595,0.000574079,0.518977
QDEIM,0.01,5,0.999999,58,124,165,300,8.879320,1.9057,0.000306147,0.402787
clsSOPT,0.01,5,0.999999,58,124,165,300,7.194082,1.94091,0.000184366,0.543564
clsgappy-POD,0.01,5,0.999999,58,124,165,300,183.890759,1.91221,nan,nan
clsQDEIM,0.01,5,0.999999,58,124,165,300,5.936296,1.93259,0.000665414,1.23451
SOPT,0.01,5,0.999999,58,124,165,350,5.671862,1.97678,0.000379748,0.466696
gappy-POD,0.01,5,0.999999,58,124,165,350,5.615856,1.9502,0.00066749,0.564233
QDEIM,0.01,5,0.999999,58,124,165,350,7.054582,1.93196,0.000185951,0.412571
clsSOPT,0.01,5,0.999999,58,124,165,350,5.671862,1.99473,0.000320032,0.547544
clsgappy-POD,0.01,5,0.999999,58,124,165,350,118.904088,1.94065,0.00291478,198.81
clsQDEIM,0.01,5,0.999999,58,124,165,350,4.773180,1.92977,0.000591223,0.648962
SOPT,0.01,5,0.999999,58,124,165,400,5.115441,1.97078,0.000449984,0.488586
gappy-POD,0.01,5,0.999999,58,124,165,400,4.968623,1.97314,0.000504866,0.685602
QDEIM,0.01,5,0.999999,58,124,165,400,5.928869,1.96018,0.000189827,0.378557
clsSOPT,0.01,5,0.999999,58,124,165,400,5.115441,1.95716,0.000338384,0.517075
clsgappy-POD,0.01,5,0.999999,58,124,165,400,217.611009,1.97813,0.00642314,25.1381
clsQDEIM,0.01,5,0.999999,58,124,165,400,4.450566,1.93133,0.000717481,0.588124
SOPT,0.01,5,0.999999,58,124,165,450,4.665635,1.99499,0.000352139,0.381537
gappy-POD,0.01,5,0.999999,58,124,165,450,4.431374,1.9815,0.000555067,0.464315
QDEIM,0.01,5,0.999999,58,124,165,450,5.367845,1.97478,0.000222146,0.338288
clsSOPT,0.01,5,0.999999,58,124,165,450,4.665635,1.97401,0.000339223,0.46504
clsgappy-POD,0.01,5,0.999999,58,124,165,450,185.702244,1.9833,nan,nan
clsQDEIM,0.01,5,0.999999,58,124,165,450,3.754923,1.98148,0.000614907,0.460274
SOPT,0.01,5,0.999999,58,124,165,500,4.826315,1.99706,0.000340122,0.3783
gappy-POD,0.01,5,0.999999,58,124,165,500,4.073997,2.0102,0.000266432,0.353992
QDEIM,0.01,5,0.999999,58,124,165,500,5.260025,2.01179,0.000244755,0.366569
clsSOPT,0.01,5,0.999999,58,124,165,500,4.826315,2.01888,0.00032319,0.401894
clsgappy-POD,0.01,5,0.999999,58,124,165,500,135.805657,2.01784,nan,nan
clsQDEIM,0.01,5,0.999999,58,124,165,500,3.576481,2.0179,0.000356545,0.367615
SOPT,0.01,5,0.999999,58,124,165,550,4.379475,2.05311,0.000275235,0.36305
gappy-POD,0.01,5,0.999999,58,124,165,550,3.955690,2.07335,0.000315345,0.374262
QDEIM,0.01,5,0.999999,58,124,165,550,4.408511,2.04564,0.000216588,0.356873
clsSOPT,0.01,5,0.999999,58,124,165,550,4.379475,2.03928,0.000394685,0.402792
clsgappy-POD,0.01,5,0.999999,58,124,165,550,144.912409,2.04509,0.0216644,127.513
clsQDEIM,0.01,5,0.999999,58,124,165,550,3.281374,2.03919,0.000237085,0.327578
SOPT,0.01,5,0.999999,58,124,165,600,4.217276,2.09419,0.000338654,0.380836
gappy-POD,0.01,5,0.999999,58,124,165,600,3.883575,2.0736,0.000207889,0.331612
QDEIM,0.01,5,0.999999,58,124,165,600,4.409584,2.05045,0.000236431,0.334261
clsSOPT,0.01,5,0.999999,58,124,165,600,4.217276,2.0736,0.000329632,0.383208
clsgappy-POD,0.01,5,0.999999,58,124,165,600,121.535474,2.09692,0.0208964,82.4231
clsQDEIM,0.01,5,0.999999,58,124,165,600,3.075026,2.0376,0.000296861,0.362915
SOPT,0.01,5,0.999999,58,124,165,650,4.417541,2.08177,0.000356946,0.347039
gappy-POD,0.01,5,0.999999,58,124,165,650,3.627220,2.07334,0.000211084,0.310109
QDEIM,0.01,5,0.999999,58,124,165,650,4.018018,2.07397,0.00016203,0.307399
clsSOPT,0.01,5,0.999999,58,124,165,650,4.417541,2.08842,0.000293769,0.336036
clsgappy-POD,0.01,5,0.999999,58,124,165,650,79.378225,2.07313,0.00907315,8.08287
clsQDEIM,0.01,5,0.999999,58,124,165,650,3.001431,2.05744,0.000259111,0.351491
SOPT,0.01,5,0.999999,58,124,165,700,4.110222,2.13795,0.000152448,0.278425
gappy-POD,0.01,5,0.999999,58,124,165,700,3.712117,2.11526,0.000144971,0.317196
QDEIM,0.01,5,0.999999,58,124,165,700,3.910133,2.13355,0.000133827,0.28212
clsSOPT,0.01,5,0.999999,58,124,165,700,4.110222,2.10767,0.000211988,0.306198
clsgappy-POD,0.01,5,0.999999,58,124,165,700,119.707224,2.10875,0.00793797,8.13996
clsQDEIM,0.01,5,0.999999,58,124,165,700,2.779175,2.09631,0.000180751,0.315353
SOPT,0.01,5,0.999999,58,124,165,750,4.162071,2.13555,0.000149905,0.299837
gappy-POD,0.01,5,0.999999,58,124,165,750,3.527878,2.12499,0.00012803,0.281546
QDEIM,0.01,5,0.999999,58,124,165,750,3.897106,2.11024,0.000130664,0.289472
clsSOPT,0.01,5,0.999999,58,124,165,750,4.162071,2.13914,0.000171683,0.286966
clsgappy-POD,0.01,5,0.999999,58,124,165,750,169.173032,2.11115,0.00532151,20.3963
clsQDEIM,0.01,5,0.999999,58,124,165,750,2.642275,2.10151,0.000157813,0.306517
SOPT,0.01,5,0.999999,58,124,165,800,4.084631,2.14198,0.000162399,0.312074
gappy-POD,0.01,5,0.999999,58,124,165,800,3.452809,2.12607,0.000135305,0.264306
QDEIM,0.01,5,0.999999,58,124,165,800,4.058176,2.17476,0.000123763,0.285896
clsSOPT,0.01,5,0.999999,58,124,165,800,4.084631,2.12347,0.000272373,0.288759
clsgappy-POD,0.01,5,0.999999,58,124,165,800,150.651891,2.12303,0.00416983,21.4191
clsQDEIM,0.01,5,0.999999,58,124,165,800,2.606113,2.13123,0.000241909,0.316372
SOPT,0.01,5,0.999999,58,124,165,850,3.687851,2.13638,0.000144587,0.316019
gappy-POD,0.01,5,0.999999,58,124,165,850,3.441276,2.11905,0.000127356,0.284637
QDEIM,0.01,5,0.999999,58,124,165,850,3.686863,2.15629,0.000135826,0.289737
clsSOPT,0.01,5,0.999999,58,124,165,850,3.687851,2.13009,0.000255201,0.278762
clsgappy-POD,0.01,5,0.999999,58,124,165,850,133.343455,2.14156,0.00647594,12.3887
clsQDEIM,0.01,5,0.999999,58,124,165,850,2.487529,2.13821,0.00027084,0.329709
SOPT,0.01,5,0.999999,58,124,165,900,3.756606,2.16011,0.000158333,0.314747
gappy-POD,0.01,5,0.999999,58,124,165,900,3.365024,2.15879,0.000129474,0.302834
QDEIM,0.01,5,0.999999,58,124,165,900,3.683039,2.1706,0.000126402,0.291995
clsSOPT,0.01,5,0.999999,58,124,165,900,3.756606,2.15232,0.000256912,0.271857
clsgappy-POD,0.01,5,0.999999,58,124,165,900,104.621835,2.14206,0.00739467,36.4094
clsQDEIM,0.01,5,0.999999,58,124,165,900,2.393478,2.1613,0.000277827,0.330679
SOPT,0.01,5,0.999999,58,124,165,950,3.661375,2.1808,0.000146362,0.272883
gappy-POD,0.01,5,0.999999,58,124,165,950,3.542941,2.17739,0.000147427,0.256657
QDEIM,0.01,5,0.999999,58,124,165,950,3.654795,2.18745,0.000127685,0.27491
clsSOPT,0.01,5,0.999999,58,124,165,950,3.661375,2.18484,0.000244304,0.270638
clsgappy-POD,0.01,5,0.999999,58,124,165,950,78.438566,2.17284,0.00830296,11.8518
clsQDEIM,0.01,5,0.999999,58,124,165,950,2.410953,2.17972,0.000206759,0.294507
SOPT,0.01,5,0.999999,58,124,165,1000,3.421814,2.19259,0.000136304,0.276258
gappy-POD,0.01,5,0.999999,58,124,165,1000,3.693310,2.22112,0.000136287,0.265033
QDEIM,0.01,5,0.999999,58,124,165,1000,3.618885,2.21118,0.000126552,0.277568
clsSOPT,0.01,5,0.999999,58,124,165,1000,3.421814,2.2128,0.000255043,0.289855
clsgappy-POD,0.01,5,0.999999,58,124,165,1000,128.432446,2.2077,0.00882905,16.9137
clsQDEIM,0.01,5,0.999999,58,124,165,1000,2.279422,2.18646,0.00020943,0.287022
SOPT,0.01,5,0.999999,58,124,165,1050,3.619787,2.23942,0.000126086,0.271128
gappy-POD,0.01,5,0.999999,58,124,165,1050,3.841213,2.21528,0.000135992,0.265591
QDEIM,0.01,5,0.999999,58,124,165,1050,3.673490,2.21027,0.000128179,0.27393
clsSOPT,0.01,5,0.999999,58,124,165,1050,3.619787,2.23431,0.00017221,0.265841
clsgappy-POD,0.01,5,0.999999,58,124,165,1050,108.332152,2.23673,0.00847851,13.9848
clsQDEIM,0.01,5,0.999999,58,124,165,1050,2.233120,2.22627,0.000196495,0.283935
SOPT,0.01,5,0.999999,58,124,165,1100,4.472624,2.25819,0.000124428,0.275546
gappy-POD,0.01,5,0.999999,58,124,165,1100,5.111641,2.25601,0.000128943,0.273766
QDEIM,0.01,5,0.999999,58,124,165,1100,4.075118,2.2132,0.000129294,0.269092
clsSOPT,0.01,5,0.999999,58,124,165,1100,4.472624,2.23047,0.000158615,0.256439
clsgappy-POD,0.01,5,0.999999,58,124,165,1100,158.610586,2.24439,0.0101566,21.7425
clsQDEIM,0.01,5,0.999999,58,124,165,1100,2.224110,2.22087,0.000145279,0.272188
SOPT,0.01,5,0.999999,58,124,165,1150,4.944746,2.27739,0.000127074,0.271269
gappy-POD,0.01,5,0.999999,58,124,165,1150,4.968678,2.24542,0.000127079,0.271224
QDEIM,0.01,5,0.999999,58,124,165,1150,4.947360,2.25501,0.000127071,0.271185
clsSOPT,0.01,5,0.999999,58,124,165,1150,4.944746,2.2458,0.000125855,0.257269
clsgappy-POD,0.01,5,0.999999,58,124,165,1150,110.571734,2.26901,0.0100838,19.9419
clsQDEIM,0.01,5,0.999999,58,124,165,1150,2.195836,2.23572,0.000126854,0.260301
SOPT,0.01,6,0.9999999,87,156,189,200,89.640308,1.95698,0.000497938,0.502823
gappy-POD,0.01,6,0.9999999,87,156,189,200,80.998226,1.88436,0.000976833,3.36062
QDEIM,0.01,6,0.9999999,87,156,189,200,59.498407,1.94691,0.000447671,1.03069
clsSOPT,0.01,6,0.9999999,87,156,189,200,89.640308,2.03724,0.00103808,5.58949
clsgappy-POD,0.01,6,0.9999999,87,156,189,200,898.632540,1.9549,nan,nan
clsQDEIM,0.01,6,0.9999999,87,156,189,200,84.794548,1.96746,0.000967037,1.73873
SOPT,0.01,6,0.9999999,87,156,189,250,14.322531,2.02915,0.00161459,3.14122
gappy-POD,0.01,6,0.9999999,87,156,189,250,13.668342,2.02178,0.000501431,0.595547
QDEIM,0.01,6,0.9999999,87,156,189,250,16.360697,2.03638,0.000503127,0.577565
clsSOPT,0.01,6,0.9999999,87,156,189,250,14.322531,2.02897,0.000270602,0.335335
clsgappy-POD,0.01,6,0.9999999,87,156,189,250,204.776963,2.03169,nan,nan
clsQDEIM,0.01,6,0.9999999,87,156,189,250,13.119479,2.05215,0.000549405,1.11364
SOPT,0.01,6,0.9999999,87,156,189,300,8.820186,2.11186,0.00110717,2.41974
gappy-POD,0.01,6,0.9999999,87,156,189,300,9.300826,2.06471,0.000664082,0.510875
QDEIM,0.01,6,0.9999999,87,156,189,300,10.466913,2.06895,0.000403762,0.405157
clsSOPT,0.01,6,0.9999999,87,156,189,300,8.820186,2.08267,0.00031079,0.327306
clsgappy-POD,0.01,6,0.9999999,87,156,189,300,146.799668,2.06095,nan,nan
clsQDEIM,0.01,6,0.9999999,87,156,189,300,7.718549,2.04671,0.000523758,0.792048
SOPT,0.01,6,0.9999999,87,156,189,350,6.608258,2.11843,0.000964479,1.4587
gappy-POD,0.01,6,0.9999999,87,156,189,350,6.883657,2.11817,0.000414822,0.604959
QDEIM,0.01,6,0.9999999,87,156,189,350,8.289380,2.11718,0.000419622,0.344284
clsSOPT,0.01,6,0.9999999,87,156,189,350,6.608258,2.07497,0.000361732,0.288152
clsgappy-POD,0.01,6,0.9999999,87,156,189,350,317.081889,2.05066,nan,nan
clsQDEIM,0.01,6,0.9999999,87,156,189,350,6.173620,2.10957,0.000348912,0.628644
SOPT,0.01,6,0.9999999,87,156,189,400,5.776562,2.11772,0.000895955,0.948601
gappy-POD,0.01,6,0.9999999,87,156,189,400,5.742159,2.12122,0.000361879,0.313835
QDEIM,0.01,6,0.9999999,87,156,189,400,7.263611,2.11916,0.000414599,0.302755
clsSOPT,0.01,6,0.9999999,87,156,189,400,5.776562,2.10983,0.000531833,0.392509
clsgappy-POD,0.01,6,0.9999999,87,156,189,400,236.870697,2.08141,nan,nan
clsQDEIM,0.01,6,0.9999999,87,156,189,400,5.260666,2.09195,0.000438498,0.426219
SOPT,0.01,6,0.9999999,87,156,189,450,5.262325,2.1289,0.000577595,0.480756
gappy-POD,0.01,6,0.9999999,87,156,189,450,4.957811,2.12771,0.00027964,0.221272
QDEIM,0.01,6,0.9999999,87,156,189,450,6.525947,2.13806,0.000498139,0.34584
clsSOPT,0.01,6,0.9999999,87,156,189,450,5.262325,2.1159,0.000286274,0.217424
clsgappy-POD,0.01,6,0.9999999,87,156,189,450,144.728178,2.09217,nan,nan
clsQDEIM,0.01,6,0.9999999,87,156,189,450,4.514358,2.13243,0.000502057,0.47374
SOPT,0.01,6,0.9999999,87,156,189,500,4.922034,2.16583,0.000565574,0.523985
gappy-POD,0.01,6,0.9999999,87,156,189,500,4.826294,2.19392,0.000284645,0.318407
QDEIM,0.01,6,0.9999999,87,156,189,500,6.940059,2.17018,0.000494877,0.364246
clsSOPT,0.01,6,0.9999999,87,156,189,500,4.922034,2.1583,0.000305429,0.229862
clsgappy-POD,0.01,6,0.9999999,87,156,189,500,101.915720,2.11705,nan,nan
clsQDEIM,0.01,6,0.9999999,87,156,189,500,4.219126,2.15417,0.000470267,0.374758
SOPT,0.01,6,0.9999999,87,156,189,550,4.793810,2.18032,0.000503729,0.549195
gappy-POD,0.01,6,0.9999999,87,156,189,550,4.448881,2.21115,0.000273407,0.303205
QDEIM,0.01,6,0.9999999,87,156,189,550,6.462976,2.19813,0.000439671,0.339447
clsSOPT,0.01,6,0.9999999,87,156,189,550,4.793810,2.21812,0.000336862,0.264637
clsgappy-POD,0.01,6,0.9999999,87,156,189,550,86.327581,2.16383,nan,nan
clsQDEIM,0.01,6,0.9999999,87,156,189,550,3.767364,2.17604,0.000406431,0.434523
SOPT,0.01,6,0.9999999,87,156,189,600,4.711351,2.23424,0.000420311,0.375467
gappy-POD,0.01,6,0.9999999,87,156,189,600,4.069550,2.23825,0.000206283,0.240558
QDEIM,0.01,6,0.9999999,87,156,189,600,6.555257,2.2428,0.00038878,0.331529
clsSOPT,0.01,6,0.9999999,87,156,189,600,4.711351,2.21907,0.000338362,0.246022
clsgappy-POD,0.01,6,0.9999999,87,156,189,600,113.478876,2.21463,nan,nan
clsQDEIM,0.01,6,0.9999999,87,156,189,600,3.510815,2.23142,0.000363753,0.374021
SOPT,0.01,6,0.9999999,87,156,189,650,4.268750,2.24533,0.000296564,0.237387
gappy-POD,0.01,6,0.9999999,87,156,189,650,3.968485,2.26406,0.000184352,0.209479
QDEIM,0.01,6,0.9999999,87,156,189,650,5.582400,2.26501,0.000347359,0.304595
clsSOPT,0.01,6,0.9999999,87,156,189,650,4.268750,2.24677,0.000325358,0.246473
clsgappy-POD,0.01,6,0.9999999,87,156,189,650,76.038755,2.23267,nan,nan
clsQDEIM,0.01,6,0.9999999,87,156,189,650,3.276616,2.25629,0.000308248,0.329853
SOPT,0.01,6,0.9999999,87,156,189,700,4.245180,2.28999,0.000283125,0.247325
gappy-POD,0.01,6,0.9999999,87,156,189,700,3.749184,2.26604,0.000243844,0.208358
QDEIM,0.01,6,0.9999999,87,156,189,700,4.639719,2.26399,0.000342893,0.302125
clsSOPT,0.01,6,0.9999999,87,156,189,700,4.245180,2.2674,0.0003184,0.244999
clsgappy-POD,0.01,6,0.9999999,87,156,189,700,78.905599,2.24469,nan,nan
clsQDEIM,0.01,6,0.9999999,87,156,189,700,3.106336,2.26193,0.000338891,0.330658
SOPT,0.01,6,0.9999999,87,156,189,750,4.198027,2.27599,0.000250774,0.247238
gappy-POD,0.01,6,0.9999999,87,156,189,750,3.727309,2.28409,0.000138038,0.204341
QDEIM,0.01,6,0.9999999,87,156,189,750,5.054499,2.26637,0.000280448,0.239568
clsSOPT,0.01,6,0.9999999,87,156,189,750,4.198027,2.26886,0.000352348,0.233296
clsgappy-POD,0.01,6,0.9999999,87,156,189,750,117.696662,2.23867,nan,nan
clsQDEIM,0.01,6,0.9999999,87,156,189,750,2.901174,2.29272,0.000296484,0.314851
SOPT,0.01,6,0.9999999,87,156,189,800,3.960540,2.2862,0.000248387,0.254892
gappy-POD,0.01,6,0.9999999,87,156,189,800,3.446123,2.2965,0.000137723,0.198314
QDEIM,0.01,6,0.9999999,87,156,189,800,5.060983,2.2881,0.000256486,0.238789
clsSOPT,0.01,6,0.9999999,87,156,189,800,3.960540,2.30086,0.000320595,0.228262
clsgappy-POD,0.01,6,0.9999999,87,156,189,800,100.299129,2.27209,nan,nan
clsQDEIM,0.01,6,0.9999999,87,156,189,800,2.819631,2.29902,0.000279251,0.314906
SOPT,0.01,6,0.9999999,87,156,189,850,3.999916,2.30965,0.000245984,0.250398
gappy-POD,0.01,6,0.9999999,87,156,189,850,3.474806,2.32205,0.000135416,0.215515
QDEIM,0.01,6,0.9999999,87,156,189,850,5.563927,2.3425,0.000239019,0.223212
clsSOPT,0.01,6,0.9999999,87,156,189,850,3.999916,2.31362,0.000298507,0.225396
clsgappy-POD,0.01,6,0.9999999,87,156,189,850,102.170859,2.29662,nan,nan
clsQDEIM,0.01,6,0.9999999,87,156,189,850,2.700297,2.32136,0.000257916,0.295316
SOPT,0.01,6,0.9999999,87,156,189,900,3.769214,2.361,0.000205184,0.224507
gappy-POD,0.01,6,0.9999999,87,156,189,900,3.487301,2.35434,0.000135977,0.216749
QDEIM,0.01,6,0.9999999,87,156,189,900,3.850117,2.33983,0.000180399,0.220952
clsSOPT,0.01,6,0.9999999,87,156,189,900,3.769214,2.34664,0.000226942,0.210735
clsgappy-POD,0.01,6,0.9999999,87,156,189,900,94.752475,2.34176,nan,nan
clsQDEIM,0.01,6,0.9999999,87,156,189,900,2.612180,2.33238,0.000212427,0.27083
SOPT,0.01,6,0.9999999,87,156,189,950,3.655698,2.33631,0.000131483,0.216153
gappy-POD,0.01,6,0.9999999,87,156,189,950,3.620195,2.34554,0.000140798,0.216163
QDEIM,0.01,6,0.9999999,87,156,189,950,4.386678,2.34617,0.000191872,0.218971
clsSOPT,0.01,6,0.9999999,87,156,189,950,3.655698,2.35691,0.000180457,0.191474
clsgappy-POD,0.01,6,0.9999999,87,156,189,950,90.999195,2.33019,nan,nan
clsQDEIM,0.01,6,0.9999999,87,156,189,950,2.513665,2.34622,0.000245956,0.303545
SOPT,0.01,6,0.9999999,87,156,189,1000,3.532082,2.37475,0.000134193,0.211366
gappy-POD,0.01,6,0.9999999,87,156,189,1000,3.858057,2.39317,0.000130923,0.215682
QDEIM,0.01,6,0.9999999,87,156,189,1000,5.400387,2.35778,0.000199235,0.21622
clsSOPT,0.01,6,0.9999999,87,156,189,1000,3.532082,2.37291,0.000200945,0.181684
clsgappy-POD,0.01,6,0.9999999,87,156,189,1000,87.478632,2.38729,nan,nan
clsQDEIM,0.01,6,0.9999999,87,156,189,1000,2.475758,2.38559,0.000187022,0.272319
SOPT,0.01,6,0.9999999,87,156,189,1050,3.629484,2.4468,0.000132122,0.211804
gappy-POD,0.01,6,0.9999999,87,156,189,1050,3.739875,2.4369,0.000133355,0.214129
QDEIM,0.01,6,0.9999999,87,156,189,1050,5.309699,2.41031,0.000156066,0.208848
clsSOPT,0.01,6,0.9999999,87,156,189,1050,3.629484,2.38011,0.000138954,0.177118
clsgappy-POD,0.01,6,0.9999999,87,156,189,1050,75.400523,2.38826,nan,nan
clsQDEIM,0.01,6,0.9999999,87,156,189,1050,2.507790,2.39884,0.000129652,0.237968
SOPT,0.01,6,0.9999999,87,156,189,1100,4.161076,2.39258,0.000130214,0.217038
gappy-POD,0.01,6,0.9999999,87,156,189,1100,4.556625,2.41421,0.00013257,0.212481
QDEIM,0.01,6,0.9999999,87,156,189,1100,5.336742,2.3978,0.00014673,0.21503
clsSOPT,0.01,6,0.9999999,87,156,189,1100,4.161076,2.39858,0.000134706,0.185854
clsgappy-POD,0.01,6,0.9999999,87,156,189,1100,96.051337,2.39184,nan,nan
clsQDEIM,0.01,6,0.9999999,87,156,189,1100,2.367657,2.39546,0.000129909,0.208258
SOPT,0.01,6,0.9999999,87,156,189,1150,6.006415,2.42494,0.00013056,0.211231
gappy-POD,0.01,6,0.9999999,87,156,189,1150,6.008720,2.43896,0.000130621,0.211251
QDEIM,0.01,6,0.9999999,87,156,189,1150,5.999806,2.4242,0.000130553,0.211375
clsSOPT,0.01,6,0.9999999,87,156,189,1150,6.006415,2.43924,0.000134866,0.205865
clsgappy-POD,0.01,6,0.9999999,87,156,189,1150,79.171146,2.39196,nan,nan
clsQDEIM,0.01,6,0.9999999,87,156,189,1150,2.329391,2.3987,0.000134445,0.206167
