method,t,dt,ef,rxdim,rvdim,nsr,time,errx,errv
SOPT,0.01,0,0.9,2,5,10,50,4.141639,0.461288,0.00203464,0.319588
gappy-POD,0.01,0,0.9,2,5,10,50,2.581413,0.274869,0.00299878,0.361293
QDEIM,0.01,0,0.9,2,5,10,50,3.797958,0.312821,0.00285576,0.403104
clsSOPT,0.01,0,0.9,2,5,10,50,4.141639,0.346315,0.00248684,0.629758
clsgappy-POD,0.01,0,0.9,2,5,10,50,65.453543,0.339915,0.00386084,2.8924
clsQDEIM,0.01,0,0.9,2,5,10,50,2.873432,0.48154,0.00128258,0.44157
SOPT,0.01,0,0.9,2,5,10,100,2.690100,0.690966,0.000952301,0.264231
gappy-POD,0.01,0,0.9,2,5,10,100,2.079100,0.494419,0.00207927,0.310131
QDEIM,0.01,0,0.9,2,5,10,100,2.419071,0.485955,0.00203721,0.320336
clsSOPT,0.01,0,0.9,2,5,10,100,2.690100,0.616151,0.00134032,0.318458
clsgappy-POD,0.01,0,0.9,2,5,10,100,63.989709,0.507357,0.00490543,3.12811
clsQDEIM,0.01,0,0.9,2,5,10,100,2.405248,0.65236,0.000781464,0.818121
SOPT,0.01,0,0.9,2,5,10,150,6.587730,0.792114,0.00082549,0.259958
gappy-POD,0.01,0,0.9,2,5,10,150,2.075324,0.686959,0.00133122,0.2826
QDEIM,0.01,0,0.9,2,5,10,150,1.972662,0.625981,0.00113909,0.285012
clsSOPT,0.01,0,0.9,2,5,10,150,6.587730,0.755517,0.000877617,0.338349
clsgappy-POD,0.01,0,0.9,2,5,10,150,49.409235,0.646789,0.00545718,2.78707
clsQDEIM,0.01,0,0.9,2,5,10,150,3.927145,0.72324,0.000783485,1.14619
SOPT,0.01,0,0.9,2,5,10,200,7.385470,0.875868,0.000719189,0.274584
gappy-POD,0.01,0,0.9,2,5,10,200,1.681243,0.789881,0.000831123,0.274477
QDEIM,0.01,0,0.9,2,5,10,200,2.668154,0.719046,0.00091038,0.277526
clsSOPT,0.01,0,0.9,2,5,10,200,7.385470,0.787439,0.000893048,0.321976
clsgappy-POD,0.01,0,0.9,2,5,10,200,44.155625,0.747317,0.00576922,2.2713
clsQDEIM,0.01,0,0.9,2,5,10,200,2.718362,0.844543,0.000730216,1.18622
SOPT,0.01,0,0.9,2,5,10,250,4.699873,0.930328,0.000711729,0.27538
gappy-POD,0.01,0,0.9,2,5,10,250,1.872502,0.853492,0.000741352,0.278189
QDEIM,0.01,0,0.9,2,5,10,250,2.106386,0.828979,0.00074902,0.282114
clsSOPT,0.01,0,0.9,2,5,10,250,4.699873,0.824566,0.00086734,0.352068
clsgappy-POD,0.01,0,0.9,2,5,10,250,57.247963,0.760848,0.00567938,2.24237
clsQDEIM,0.01,0,0.9,2,5,10,250,3.055652,0.874378,0.000736534,0.768756
SOPT,0.01,0,0.9,2,5,10,300,3.108165,0.933194,0.000710599,0.2877
gappy-POD,0.01,0,0.9,2,5,10,300,1.854858,0.889813,0.000711551,0.28227
QDEIM,0.01,0,0.9,2,5,10,300,2.192739,0.845451,0.000725682,0.279627
clsSOPT,0.01,0,0.9,2,5,10,300,3.108165,0.880609,0.000761947,0.3431
clsgappy-POD,0.01,0,0.9,2,5,10,300,48.844819,0.830917,0.00580038,2.02483
clsQDEIM,0.01,0,0.9,2,5,10,300,2.691261,0.928761,0.000745922,0.461192
SOPT,0.01,0,0.9,2,5,10,350,3.556966,0.932986,0.000712739,0.278352
gappy-POD,0.01,0,0.9,2,5,10,350,2.054917,0.90848,0.000710957,0.282578
QDEIM,0.01,0,0.9,2,5,10,350,2.247201,0.874623,0.000711976,0.281384
clsSOPT,0.01,0,0.9,2,5,10,350,3.556966,0.884429,0.000714162,0.343854
clsgappy-POD,0.01,0,0.9,2,5,10,350,52.649425,0.840627,0.00581008,1.92654
clsQDEIM,0.01,0,0.9,2,5,10,350,2.882308,0.90972,0.000741683,0.484882
SOPT,0.01,0,0.9,2,5,10,400,4.024410,0.931121,0.000713561,0.268347
gappy-POD,0.01,0,0.9,2,5,10,400,2.009354,0.926167,0.000710933,0.283945
QDEIM,0.01,0,0.9,2,5,10,400,2.218274,0.902818,0.000711884,0.281295
clsSOPT,0.01,0,0.9,2,5,10,400,4.024410,0.893687,0.00071064,0.328301
clsgappy-POD,0.01,0,0.9,2,5,10,400,44.057118,0.910841,0.00596189,1.9652
clsQDEIM,0.01,0,0.9,2,5,10,400,2.258080,0.92231,0.000733063,0.505855
SOPT,0.01,0,0.9,2,5,10,450,2.443864,0.922334,0.000710881,0.26641
gappy-POD,0.01,0,0.9,2,5,10,450,2.020544,0.93519,0.000710987,0.282971
QDEIM,0.01,0,0.9,2,5,10,450,2.104296,0.9199,0.000710965,0.282382
clsSOPT,0.01,0,0.9,2,5,10,450,2.443864,0.901608,0.000716808,0.304449
clsgappy-POD,0.01,0,0.9,2,5,10,450,45.451724,0.909441,0.00595153,1.88882
clsQDEIM,0.01,0,0.9,2,5,10,450,2.031895,0.933907,0.000744552,0.564291
SOPT,0.01,0,0.9,2,5,10,500,2.464671,0.937406,0.000714271,0.247849
gappy-POD,0.01,0,0.9,2,5,10,500,2.169370,0.928033,0.000710948,0.283217
QDEIM,0.01,0,0.9,2,5,10,500,1.916564,0.918161,0.000710973,0.282431
clsSOPT,0.01,0,0.9,2,5,10,500,2.464671,0.924733,0.00071698,0.313501
clsgappy-POD,0.01,0,0.9,2,5,10,500,47.492323,0.927179,0.00600101,1.95593
clsQDEIM,0.01,0,0.9,2,5,10,500,2.293364,0.930407,0.000727205,0.486164
SOPT,0.01,0,0.9,2,5,10,550,2.752634,0.927851,0.000711409,0.263226
gappy-POD,0.01,0,0.9,2,5,10,550,2.207571,0.928698,0.000710913,0.283545
QDEIM,0.01,0,0.9,2,5,10,550,2.753640,0.92985,0.000711082,0.284338
clsSOPT,0.01,0,0.9,2,5,10,550,2.752634,0.924842,0.000717173,0.335001
clsgappy-POD,0.01,0,0.9,2,5,10,550,52.404899,0.933788,0.00598426,1.81685
clsQDEIM,0.01,0,0.9,2,5,10,550,2.413537,0.939934,0.000717259,0.458616
SOPT,0.01,0,0.9,2,5,10,600,2.759887,0.935073,0.000711493,0.277394
gappy-POD,0.01,0,0.9,2,5,10,600,2.458320,0.937959,0.000710956,0.284177
QDEIM,0.01,0,0.9,2,5,10,600,2.759832,0.949375,0.00071107,0.284774
clsSOPT,0.01,0,0.9,2,5,10,600,2.759887,0.940884,0.000718652,0.338416
clsgappy-POD,0.01,0,0.9,2,5,10,600,44.285247,0.944534,0.00596535,1.6316
clsQDEIM,0.01,0,0.9,2,5,10,600,2.138795,0.930332,0.000718681,0.437371
SOPT,0.01,0,0.9,2,5,10,650,2.985794,0.949671,0.000711608,0.286951
gappy-POD,0.01,0,0.9,2,5,10,650,2.655542,0.931227,0.000710865,0.283608
QDEIM,0.01,0,0.9,2,5,10,650,3.080357,0.934079,0.000711081,0.284295
clsSOPT,0.01,0,0.9,2,5,10,650,2.985794,0.939437,0.000723486,0.372845
clsgappy-POD,0.01,0,0.9,2,5,10,650,39.065591,0.938159,0.00598953,1.75046
clsQDEIM,0.01,0,0.9,2,5,10,650,1.882521,0.948784,0.000719863,0.413606
SOPT,0.01,0,0.9,2,5,10,700,3.170849,0.935377,0.000711136,0.291494
gappy-POD,0.01,0,0.9,2,5,10,700,2.600597,0.941248,0.000710874,0.28411
QDEIM,0.01,0,0.9,2,5,10,700,3.018843,0.939113,0.000711074,0.284681
clsSOPT,0.01,0,0.9,2,5,10,700,3.170849,0.932953,0.000730951,0.344289
clsgappy-POD,0.01,0,0.9,2,5,10,700,42.985768,0.93214,0.00595879,1.92766
clsQDEIM,0.01,0,0.9,2,5,10,700,1.611445,0.9267,0.000718988,0.391523
SOPT,0.01,0,0.9,2,5,10,750,3.180832,0.938832,0.000711225,0.2868
gappy-POD,0.01,0,0.9,2,5,10,750,2.728323,0.94987,0.000710968,0.284042
QDEIM,0.01,0,0.9,2,5,10,750,2.681332,0.931186,0.000711091,0.285649
clsSOPT,0.01,0,0.9,2,5,10,750,3.180832,0.941069,0.000735844,0.340279
clsgappy-POD,0.01,0,0.9,2,5,10,750,46.558872,0.942833,0.00592821,2.13955
clsQDEIM,0.01,0,0.9,2,5,10,750,1.538658,0.949141,0.000721715,0.399571
SOPT,0.01,0,0.9,2,5,10,800,3.241347,0.946611,0.000710831,0.293301
gappy-POD,0.01,0,0.9,2,5,10,800,2.815559,0.930762,0.000710975,0.283591
QDEIM,0.01,0,0.9,2,5,10,800,2.672624,0.939539,0.000711158,0.287348
clsSOPT,0.01,0,0.9,2,5,10,800,3.241347,0.938167,0.00074369,0.362561
clsgappy-POD,0.01,0,0.9,2,5,10,800,55.683171,0.935268,0.00591462,2.21722
clsQDEIM,0.01,0,0.9,2,5,10,800,1.471333,0.933798,0.000720809,0.390576
SOPT,0.01,0,0.9,2,5,10,850,3.191257,0.927652,0.000710806,0.284992
gappy-POD,0.01,0,0.9,2,5,10,850,3.072130,0.939661,0.000710881,0.283115
QDEIM,0.01,0,0.9,2,5,10,850,2.760422,0.949881,0.000711057,0.285837
clsSOPT,0.01,0,0.9,2,5,10,850,3.191257,0.932537,0.000770293,0.364724
clsgappy-POD,0.01,0,0.9,2,5,10,850,65.854256,0.935372,0.00589651,2.20437
clsQDEIM,0.01,0,0.9,2,5,10,850,1.370917,0.940267,0.000721006,0.382585
SOPT,0.01,0,0.9,2,5,10,900,3.238057,0.947108,0.000711017,0.290622
gappy-POD,0.01,0,0.9,2,5,10,900,2.854688,0.95737,0.000711048,0.28397
QDEIM,0.01,0,0.9,2,5,10,900,3.367869,0.934402,0.000711409,0.286268
clsSOPT,0.01,0,0.9,2,5,10,900,3.238057,0.944896,0.000734205,0.362775
clsgappy-POD,0.01,0,0.9,2,5,10,900,65.223137,0.946504,0.00589311,2.19861
clsQDEIM,0.01,0,0.9,2,5,10,900,1.432130,0.948534,0.000720011,0.373102
SOPT,0.01,0,0.9,2,5,10,950,3.466232,0.947581,0.000711027,0.284689
gappy-POD,0.01,0,0.9,2,5,10,950,3.748366,0.934998,0.00071132,0.283876
QDEIM,0.01,0,0.9,2,5,10,950,4.099911,0.950607,0.000711267,0.286244
clsSOPT,0.01,0,0.9,2,5,10,950,3.466232,0.945175,0.000726786,0.353995
clsgappy-POD,0.01,0,0.9,2,5,10,950,65.092657,0.951278,0.00584224,2.2943
clsQDEIM,0.01,0,0.9,2,5,10,950,1.617538,0.9348,0.000717759,0.396686
SOPT,0.01,0,0.9,2,5,10,1000,3.705520,0.945701,0.000710919,0.284029
gappy-POD,0.01,0,0.9,2,5,10,1000,4.652553,0.936036,0.000711443,0.286442
QDEIM,0.01,0,0.9,2,5,10,1000,4.652490,0.932554,0.000711147,0.285737
clsSOPT,0.01,0,0.9,2,5,10,1000,3.705520,0.933402,0.000714207,0.373494
clsgappy-POD,0.01,0,0.9,2,5,10,1000,65.077143,0.944217,0.00588062,2.27048
clsQDEIM,0.01,0,0.9,2,5,10,1000,1.575210,0.934608,0.000723496,0.405972
SOPT,0.01,0,0.9,2,5,10,1050,4.376588,0.938304,0.000711073,0.281714
gappy-POD,0.01,0,0.9,2,5,10,1050,4.902197,0.933508,0.000711399,0.285457
QDEIM,0.01,0,0.9,2,5,10,1050,4.971564,0.934297,0.000711087,0.284267
clsSOPT,0.01,0,0.9,2,5,10,1050,4.376588,0.939869,0.000715199,0.38027
clsgappy-POD,0.01,0,0.9,2,5,10,1050,62.535615,0.944984,0.00582625,2.34446
clsQDEIM,0.01,0,0.9,2,5,10,1050,1.804936,0.925216,0.000724971,0.425402
SOPT,0.01,0,0.9,2,5,10,1100,5.084059,0.945137,0.000710967,0.282881
gappy-POD,0.01,0,0.9,2,5,10,1100,5.138733,0.933965,0.000711111,0.284222
QDEIM,0.01,0,0.9,2,5,10,1100,4.774934,0.943846,0.000711057,0.284178
clsSOPT,0.01,0,0.9,2,5,10,1100,5.084059,0.939245,0.000714731,0.379441
clsgappy-POD,0.01,0,0.9,2,5,10,1100,60.025790,0.940541,0.0057882,2.44785
clsQDEIM,0.01,0,0.9,2,5,10,1100,1.996662,0.951678,0.00072276,0.412079
SOPT,0.01,0,0.9,2,5,10,1150,6.029206,0.957257,0.000711039,0.28209
gappy-POD,0.01,0,0.9,2,5,10,1150,6.372666,0.941119,0.000711056,0.284177
QDEIM,0.01,0,0.9,2,5,10,1150,6.362668,0.935658,0.000711056,0.284177
clsSOPT,0.01,0,0.9,2,5,10,1150,6.029206,0.939535,0.000714335,0.377797
clsgappy-POD,0.01,0,0.9,2,5,10,1150,69.452513,0.942335,0.00578691,2.45102
clsQDEIM,0.01,0,0.9,2,5,10,1150,1.983010,0.949677,0.00071433,0.377606
SOPT,0.01,1,0.99,5,13,23,50,4.868433,0.363273,0.00242383,0.831938
gappy-POD,0.01,1,0.99,5,13,23,50,5.994920,0.30001,0.00312915,1.00615
QDEIM,0.01,1,0.99,5,13,23,50,5.678060,0.31823,0.0025363,0.894608
clsSOPT,0.01,1,0.99,5,13,23,50,4.868433,0.466,0.00178283,0.565954
clsgappy-POD,0.01,1,0.99,5,13,23,50,312.201865,0.474901,0.00565876,15.9259
clsQDEIM,0.01,1,0.99,5,13,23,50,5.329182,0.441541,0.00213401,1.06202
SOPT,0.01,1,0.99,5,13,23,100,3.164933,0.593592,0.00135744,0.54081
gappy-POD,0.01,1,0.99,5,13,23,100,3.976710,0.469567,0.00251558,0.77193
QDEIM,0.01,1,0.99,5,13,23,100,4.315688,0.430077,0.00229193,0.630255
clsSOPT,0.01,1,0.99,5,13,23,100,3.164933,0.695664,0.000717581,0.329311
clsgappy-POD,0.01,1,0.99,5,13,23,100,107.406861,0.601497,0.00386712,7.52692
clsQDEIM,0.01,1,0.99,5,13,23,100,2.474956,0.63285,0.0011321,0.290225
SOPT,0.01,1,0.99,5,13,23,150,3.066604,0.706153,0.000813752,0.422315
gappy-POD,0.01,1,0.99,5,13,23,150,3.113396,0.556765,0.00199477,0.665638
QDEIM,0.01,1,0.99,5,13,23,150,3.545241,0.502967,0.00202661,0.622699
clsSOPT,0.01,1,0.99,5,13,23,150,3.066604,0.785605,0.000576675,0.222946
clsgappy-POD,0.01,1,0.99,5,13,23,150,63.498115,0.676854,0.00572656,3.5298
clsQDEIM,0.01,1,0.99,5,13,23,150,2.167429,0.728248,0.000872993,0.224859
SOPT,0.01,1,0.99,5,13,23,200,3.051880,0.797621,0.000555269,0.410087
gappy-POD,0.01,1,0.99,5,13,23,200,2.790029,0.627312,0.00168355,0.597683
QDEIM,0.01,1,0.99,5,13,23,200,2.991952,0.553248,0.0017894,0.565057
clsSOPT,0.01,1,0.99,5,13,23,200,3.051880,0.808471,0.000532352,0.234456
clsgappy-POD,0.01,1,0.99,5,13,23,200,63.172868,0.74526,0.00420344,5.56241
clsQDEIM,0.01,1,0.99,5,13,23,200,1.824174,0.771955,0.000763369,0.193301
SOPT,0.01,1,0.99,5,13,23,250,2.977069,0.870391,0.000464253,0.3877
gappy-POD,0.01,1,0.99,5,13,23,250,2.637601,0.706696,0.00108121,0.444426
QDEIM,0.01,1,0.99,5,13,23,250,2.717889,0.637693,0.00125857,0.418444
clsSOPT,0.01,1,0.99,5,13,23,250,2.977069,0.846155,0.000488456,0.246214
clsgappy-POD,0.01,1,0.99,5,13,23,250,68.222703,0.82064,0.00609916,2.22943
clsQDEIM,0.01,1,0.99,5,13,23,250,1.769788,0.805495,0.000704591,0.193995
SOPT,0.01,1,0.99,5,13,23,300,3.625358,0.901103,0.000441045,0.383156
gappy-POD,0.01,1,0.99,5,13,23,300,2.638443,0.784774,0.000746356,0.393845
QDEIM,0.01,1,0.99,5,13,23,300,2.907489,0.751643,0.000793457,0.36659
clsSOPT,0.01,1,0.99,5,13,23,300,3.625358,0.869423,0.000512498,0.236078
clsgappy-POD,0.01,1,0.99,5,13,23,300,123.529432,0.867584,0.00630415,3.91427
clsQDEIM,0.01,1,0.99,5,13,23,300,1.626463,0.821028,0.00062274,0.218161
SOPT,0.01,1,0.99,5,13,23,350,3.718033,0.933363,0.000445827,0.381302
gappy-POD,0.01,1,0.99,5,13,23,350,2.639960,0.840312,0.000524352,0.359939
QDEIM,0.01,1,0.99,5,13,23,350,2.917892,0.865114,0.000561666,0.363387
clsSOPT,0.01,1,0.99,5,13,23,350,3.718033,0.884868,0.00051987,0.232109
clsgappy-POD,0.01,1,0.99,5,13,23,350,69.778982,0.896419,0.0059153,4.65489
clsQDEIM,0.01,1,0.99,5,13,23,350,1.532774,0.852399,0.000555253,0.278279
SOPT,0.01,1,0.99,5,13,23,400,4.038730,0.926913,0.000441863,0.381972
gappy-POD,0.01,1,0.99,5,13,23,400,2.914097,0.914994,0.000453464,0.355343
QDEIM,0.01,1,0.99,5,13,23,400,3.256252,0.885376,0.000534956,0.369962
clsSOPT,0.01,1,0.99,5,13,23,400,4.038730,0.894165,0.000472504,0.256091
clsgappy-POD,0.01,1,0.99,5,13,23,400,56.945426,0.934088,0.00591285,2.81875
clsQDEIM,0.01,1,0.99,5,13,23,400,1.576983,0.867826,0.000582453,0.349186
SOPT,0.01,1,0.99,5,13,23,450,6.879363,0.95194,0.000434795,0.380687
gappy-POD,0.01,1,0.99,5,13,23,450,2.933744,0.937534,0.00045005,0.355966
QDEIM,0.01,1,0.99,5,13,23,450,2.962617,0.921234,0.000452885,0.355249
clsSOPT,0.01,1,0.99,5,13,23,450,6.879363,0.901252,0.000484511,0.259329
clsgappy-POD,0.01,1,0.99,5,13,23,450,70.768021,0.943091,0.00596014,2.76867
clsQDEIM,0.01,1,0.99,5,13,23,450,1.475718,0.905559,0.000556016,0.474122
SOPT,0.01,1,0.99,5,13,23,500,7.723663,0.938115,0.000443957,0.373941
gappy-POD,0.01,1,0.99,5,13,23,500,3.229143,0.942256,0.000448383,0.354587
QDEIM,0.01,1,0.99,5,13,23,500,3.274031,0.941115,0.000446832,0.350891
clsSOPT,0.01,1,0.99,5,13,23,500,7.723663,0.898545,0.000516074,0.272104
clsgappy-POD,0.01,1,0.99,5,13,23,500,81.930867,0.941915,0.00601804,2.6721
clsQDEIM,0.01,1,0.99,5,13,23,500,1.481931,0.928144,0.000532262,0.470519
SOPT,0.01,1,0.99,5,13,23,550,7.979887,0.954307,0.000437714,0.382519
gappy-POD,0.01,1,0.99,5,13,23,550,3.247321,0.967025,0.000448841,0.354615
QDEIM,0.01,1,0.99,5,13,23,550,3.226180,0.949123,0.00044776,0.359019
clsSOPT,0.01,1,0.99,5,13,23,550,7.979887,0.918294,0.000511907,0.274464
clsgappy-POD,0.01,1,0.99,5,13,23,550,78.742689,0.93871,0.00612867,2.81926
clsQDEIM,0.01,1,0.99,5,13,23,550,1.519639,0.939129,0.000451901,0.395321
SOPT,0.01,1,0.99,5,13,23,600,5.829985,0.946493,0.000439292,0.382696
gappy-POD,0.01,1,0.99,5,13,23,600,3.573576,0.955308,0.000448474,0.356162
QDEIM,0.01,1,0.99,5,13,23,600,3.390765,0.954744,0.000445657,0.359855
clsSOPT,0.01,1,0.99,5,13,23,600,5.829985,0.924792,0.000488058,0.304448
clsgappy-POD,0.01,1,0.99,5,13,23,600,71.691814,0.976523,0.00656907,3.4048
clsQDEIM,0.01,1,0.99,5,13,23,600,1.463446,0.939898,0.000452045,0.412605
SOPT,0.01,1,0.99,5,13,23,650,6.764043,0.958381,0.000443712,0.383662
gappy-POD,0.01,1,0.99,5,13,23,650,3.497438,0.954537,0.000448761,0.35465
QDEIM,0.01,1,0.99,5,13,23,650,3.524704,0.953651,0.000446062,0.357636
clsSOPT,0.01,1,0.99,5,13,23,650,6.764043,0.935211,0.000464393,0.311518
clsgappy-POD,0.01,1,0.99,5,13,23,650,67.600535,0.949865,0.00597035,3.35507
clsQDEIM,0.01,1,0.99,5,13,23,650,1.491802,0.946548,0.000449412,0.456621
SOPT,0.01,1,0.99,5,13,23,700,7.741233,0.956098,0.000443664,0.376401
gappy-POD,0.01,1,0.99,5,13,23,700,3.404118,0.952538,0.000448436,0.355185
QDEIM,0.01,1,0.99,5,13,23,700,3.632727,0.950921,0.000449682,0.352598
clsSOPT,0.01,1,0.99,5,13,23,700,7.741233,0.943694,0.000460497,0.323652
clsgappy-POD,0.01,1,0.99,5,13,23,700,61.033961,0.951699,0.00615637,3.35711
clsQDEIM,0.01,1,0.99,5,13,23,700,1.416500,0.943769,0.000464373,0.447047
SOPT,0.01,1,0.99,5,13,23,750,7.469063,0.953154,0.000446025,0.373594
gappy-POD,0.01,1,0.99,5,13,23,750,4.560947,0.958154,0.0004488,0.354857
QDEIM,0.01,1,0.99,5,13,23,750,3.795733,0.95276,0.000448956,0.353837
clsSOPT,0.01,1,0.99,5,13,23,750,7.469063,0.949965,0.000467241,0.328809
clsgappy-POD,0.01,1,0.99,5,13,23,750,73.939101,0.960839,0.00628602,3.53354
clsQDEIM,0.01,1,0.99,5,13,23,750,1.395763,0.963034,0.000469419,0.448939
SOPT,0.01,1,0.99,5,13,23,800,8.324986,0.955272,0.000438779,0.371626
gappy-POD,0.01,1,0.99,5,13,23,800,4.944524,0.95729,0.000449826,0.356143
QDEIM,0.01,1,0.99,5,13,23,800,3.811736,0.95395,0.00044909,0.355046
clsSOPT,0.01,1,0.99,5,13,23,800,8.324986,0.962595,0.000482856,0.317789
clsgappy-POD,0.01,1,0.99,5,13,23,800,74.262797,0.961195,0.00588901,3.43664
clsQDEIM,0.01,1,0.99,5,13,23,800,1.435256,0.953943,0.00047608,0.45204
SOPT,0.01,1,0.99,5,13,23,850,4.790010,0.95794,0.000438699,0.372192
gappy-POD,0.01,1,0.99,5,13,23,850,5.036805,0.960514,0.00044869,0.355896
QDEIM,0.01,1,0.99,5,13,23,850,3.847870,0.963995,0.000449932,0.353949
clsSOPT,0.01,1,0.99,5,13,23,850,4.790010,0.969432,0.000494594,0.359671
clsgappy-POD,0.01,1,0.99,5,13,23,850,68.004219,0.961158,0.00599831,3.47748
clsQDEIM,0.01,1,0.99,5,13,23,850,1.421443,0.96488,0.000481302,0.453369
SOPT,0.01,1,0.99,5,13,23,900,4.688978,0.961135,0.000439117,0.365929
gappy-POD,0.01,1,0.99,5,13,23,900,5.025467,0.967138,0.000450791,0.354684
QDEIM,0.01,1,0.99,5,13,23,900,4.183421,0.959234,0.000451316,0.355675
clsSOPT,0.01,1,0.99,5,13,23,900,4.688978,0.960661,0.000494315,0.385658
clsgappy-POD,0.01,1,0.99,5,13,23,900,92.144220,0.969216,0.00595837,3.44889
clsQDEIM,0.01,1,0.99,5,13,23,900,1.378869,0.954436,0.000498223,0.430986
SOPT,0.01,1,0.99,5,13,23,950,5.247980,0.964092,0.000441063,0.361032
gappy-POD,0.01,1,0.99,5,13,23,950,5.100102,0.957603,0.000449651,0.354919
QDEIM,0.01,1,0.99,5,13,23,950,5.043199,0.97157,0.00045227,0.354999
clsSOPT,0.01,1,0.99,5,13,23,950,5.247980,0.964476,0.000494174,0.419157
clsgappy-POD,0.01,1,0.99,5,13,23,950,59.900120,0.964906,0.00591303,3.45419
clsQDEIM,0.01,1,0.99,5,13,23,950,1.425776,0.958577,0.000499515,0.416512
SOPT,0.01,1,0.99,5,13,23,1000,4.784019,0.966385,0.000444202,0.352718
gappy-POD,0.01,1,0.99,5,13,23,1000,5.471807,0.962192,0.000450219,0.354988
QDEIM,0.01,1,0.99,5,13,23,1000,5.272839,0.962332,0.000449766,0.355156
clsSOPT,0.01,1,0.99,5,13,23,1000,4.784019,0.952385,0.000494584,0.441405
clsgappy-POD,0.01,1,0.99,5,13,23,1000,71.243833,0.960073,0.00597417,3.34907
clsQDEIM,0.01,1,0.99,5,13,23,1000,1.354278,0.961633,0.000503917,0.411252
SOPT,0.01,1,0.99,5,13,23,1050,4.866181,0.95991,0.000443021,0.360841
gappy-POD,0.01,1,0.99,5,13,23,1050,5.637558,0.970434,0.000450667,0.354678
QDEIM,0.01,1,0.99,5,13,23,1050,5.770334,0.966014,0.000449349,0.356261
clsSOPT,0.01,1,0.99,5,13,23,1050,4.866181,0.957556,0.000503968,0.465871
clsgappy-POD,0.01,1,0.99,5,13,23,1050,67.169939,0.96136,0.0061033,3.20061
clsQDEIM,0.01,1,0.99,5,13,23,1050,1.341664,0.96203,0.000515572,0.416523
SOPT,0.01,1,0.99,5,13,23,1100,5.104299,0.961689,0.0004456,0.359086
gappy-POD,0.01,1,0.99,5,13,23,1100,5.867440,0.963241,0.000449764,0.35605
QDEIM,0.01,1,0.99,5,13,23,1100,6.106047,0.971375,0.000449391,0.356488
clsSOPT,0.01,1,0.99,5,13,23,1100,5.104299,0.971109,0.000508302,0.462505
clsgappy-POD,0.01,1,0.99,5,13,23,1100,63.196379,0.959612,0.00628786,3.12554
clsQDEIM,0.01,1,0.99,5,13,23,1100,1.340101,0.959052,0.000522422,0.420441
SOPT,0.01,1,0.99,5,13,23,1150,5.692721,0.969595,0.000448082,0.359405
gappy-POD,0.01,1,0.99,5,13,23,1150,6.024685,0.968703,0.000449622,0.35624
QDEIM,0.01,1,0.99,5,13,23,1150,6.031035,0.968254,0.000449621,0.356239
clsSOPT,0.01,1,0.99,5,13,23,1150,5.692721,0.971336,0.000519288,0.439949
clsgappy-POD,0.01,1,0.99,5,13,23,1150,58.548962,0.963526,0.00614947,3.29182
clsQDEIM,0.01,1,0.99,5,13,23,1150,1.996590,0.984605,0.00052475,0.424435
SOPT,0.01,2,0.999,11,25,46,50,29.366629,0.405424,0.00262426,0.810568
gappy-POD,0.01,2,0.999,11,25,46,50,41.922508,0.350425,0.002803,1.68068
QDEIM,0.01,2,0.999,11,25,46,50,34.094819,0.342538,0.00263578,1.07177
clsSOPT,0.01,2,0.999,11,25,46,50,29.366629,0.497989,0.00131902,1.99789
clsgappy-POD,0.01,2,0.999,11,25,46,50,759.715418,0.475686,nan,nan
clsQDEIM,0.01,2,0.999,11,25,46,50,24.315834,0.489305,0.00249349,0.572492
SOPT,0.01,2,0.999,11,25,46,100,5.858385,0.578326,0.00142923,0.499003
gappy-POD,0.01,2,0.999,11,25,46,100,5.776668,0.539999,0.00188192,1.20248
QDEIM,0.01,2,0.999,11,25,46,100,11.332559,0.606235,0.00152551,0.645294
clsSOPT,0.01,2,0.999,11,25,46,100,5.858385,0.715067,0.000711063,1.54542
clsgappy-POD,0.01,2,0.999,11,25,46,100,145.147964,0.781397,0.0153078,86.3979
clsQDEIM,0.01,2,0.999,11,25,46,100,4.872576,0.707541,0.000879798,0.606139
SOPT,0.01,2,0.999,11,25,46,150,3.878828,0.751131,0.00073119,0.383375
gappy-POD,0.01,2,0.999,11,25,46,150,4.330690,0.645691,0.00168557,0.791815
QDEIM,0.01,2,0.999,11,25,46,150,7.538255,0.739573,0.000829416,0.494419
clsSOPT,0.01,2,0.999,11,25,46,150,3.878828,0.817425,0.000530955,1.13418
clsgappy-POD,0.01,2,0.999,11,25,46,150,86.678299,0.887681,0.00618108,3.26959
clsQDEIM,0.01,2,0.999,11,25,46,150,3.162088,0.769536,0.000906712,0.405127
SOPT,0.01,2,0.999,11,25,46,200,3.531015,0.878813,0.00041164,0.370596
gappy-POD,0.01,2,0.999,11,25,46,200,3.326795,0.723868,0.00158191,0.780697
QDEIM,0.01,2,0.999,11,25,46,200,6.065387,0.805623,0.000776471,0.516001
clsSOPT,0.01,2,0.999,11,25,46,200,3.531015,0.893957,0.000410157,0.71369
clsgappy-POD,0.01,2,0.999,11,25,46,200,113.648128,0.837986,0.00623969,5.26483
clsQDEIM,0.01,2,0.999,11,25,46,200,2.735817,0.831911,0.000695779,0.431902
SOPT,0.01,2,0.999,11,25,46,250,3.489160,0.917627,0.000358942,0.328909
gappy-POD,0.01,2,0.999,11,25,46,250,3.181855,0.766205,0.00144729,0.704123
QDEIM,0.01,2,0.999,11,25,46,250,4.650215,0.818289,0.000764734,0.543133
clsSOPT,0.01,2,0.999,11,25,46,250,3.489160,0.916619,0.000292096,0.582834
clsgappy-POD,0.01,2,0.999,11,25,46,250,54.930582,0.91687,0.00680588,46.8966
clsQDEIM,0.01,2,0.999,11,25,46,250,2.321137,0.875951,0.000753761,0.396573
SOPT,0.01,2,0.999,11,25,46,300,3.465582,0.94561,0.000315297,0.318186
gappy-POD,0.01,2,0.999,11,25,46,300,3.040987,0.796515,0.00113794,0.621353
QDEIM,0.01,2,0.999,11,25,46,300,4.586654,0.862033,0.000542904,0.447225
clsSOPT,0.01,2,0.999,11,25,46,300,3.465582,0.957696,0.000260845,0.512597
clsgappy-POD,0.01,2,0.999,11,25,46,300,85.187038,0.939857,0.0116159,25.8096
clsQDEIM,0.01,2,0.999,11,25,46,300,2.088539,0.880029,0.000696896,0.457229
SOPT,0.01,2,0.999,11,25,46,350,3.286816,0.961953,0.000301105,0.323594
gappy-POD,0.01,2,0.999,11,25,46,350,2.919975,0.82,0.000951407,0.60126
QDEIM,0.01,2,0.999,11,25,46,350,4.475307,0.869626,0.000466699,0.485355
clsSOPT,0.01,2,0.999,11,25,46,350,3.286816,0.938285,0.000267887,0.492709
clsgappy-POD,0.01,2,0.999,11,25,46,350,59.429489,0.925435,0.00903858,38.0248
clsQDEIM,0.01,2,0.999,11,25,46,350,2.006806,0.908636,0.000575221,0.425709
SOPT,0.01,2,0.999,11,25,46,400,3.613329,0.964796,0.000296397,0.326503
gappy-POD,0.01,2,0.999,11,25,46,400,2.910714,0.849012,0.000707253,0.496933
QDEIM,0.01,2,0.999,11,25,46,400,3.828260,0.904553,0.000331126,0.408511
clsSOPT,0.01,2,0.999,11,25,46,400,3.613329,0.958874,0.000281025,0.443546
clsgappy-POD,0.01,2,0.999,11,25,46,400,85.651135,0.965823,0.00848408,8.92636
clsQDEIM,0.01,2,0.999,11,25,46,400,2.015375,0.923074,0.000500982,0.343022
SOPT,0.01,2,0.999,11,25,46,450,3.637688,0.955401,0.000298007,0.325963
gappy-POD,0.01,2,0.999,11,25,46,450,2.810295,0.911322,0.000338122,0.390473
QDEIM,0.01,2,0.999,11,25,46,450,3.779469,0.932906,0.000293757,0.380273
clsSOPT,0.01,2,0.999,11,25,46,450,3.637688,0.963114,0.000333429,0.403141
clsgappy-POD,0.01,2,0.999,11,25,46,450,72.958255,0.958451,0.00855261,8.95992
clsQDEIM,0.01,2,0.999,11,25,46,450,1.900465,0.970933,0.000440112,0.296523
SOPT,0.01,2,0.999,11,25,46,500,3.703964,0.978237,0.000292497,0.337526
gappy-POD,0.01,2,0.999,11,25,46,500,2.832626,0.957878,0.000275156,0.358637
QDEIM,0.01,2,0.999,11,25,46,500,3.849962,0.950518,0.00027624,0.369154
clsSOPT,0.01,2,0.999,11,25,46,500,3.703964,0.969559,0.000334767,0.382608
clsgappy-POD,0.01,2,0.999,11,25,46,500,68.593606,0.972234,0.00873778,10.8813
clsQDEIM,0.01,2,0.999,11,25,46,500,1.816100,0.962985,0.000463493,0.321628
SOPT,0.01,2,0.999,11,25,46,550,4.200905,0.975212,0.000277474,0.344338
gappy-POD,0.01,2,0.999,11,25,46,550,3.246191,0.978696,0.000270347,0.350493
QDEIM,0.01,2,0.999,11,25,46,550,3.690615,0.961489,0.000270554,0.365739
clsSOPT,0.01,2,0.999,11,25,46,550,4.200905,0.972053,0.000324743,0.426617
clsgappy-POD,0.01,2,0.999,11,25,46,550,72.275318,0.966612,0.00836704,6.14184
clsQDEIM,0.01,2,0.999,11,25,46,550,1.724297,0.966715,0.000446226,0.327374
SOPT,0.01,2,0.999,11,25,46,600,4.134098,0.993402,0.000286341,0.342143
gappy-POD,0.01,2,0.999,11,25,46,600,3.237988,0.982174,0.000269024,0.350477
QDEIM,0.01,2,0.999,11,25,46,600,3.836681,0.984105,0.000260094,0.348209
clsSOPT,0.01,2,0.999,11,25,46,600,4.134098,0.974796,0.000373545,0.367454
clsgappy-POD,0.01,2,0.999,11,25,46,600,55.063065,0.986748,0.00829651,4.75638
clsQDEIM,0.01,2,0.999,11,25,46,600,1.699310,0.990025,0.000419266,0.363125
SOPT,0.01,2,0.999,11,25,46,650,4.925417,0.987454,0.000289105,0.343279
gappy-POD,0.01,2,0.999,11,25,46,650,3.376131,0.989843,0.000270455,0.34901
QDEIM,0.01,2,0.999,11,25,46,650,3.504424,0.980507,0.000263822,0.345005
clsSOPT,0.01,2,0.999,11,25,46,650,4.925417,0.98772,0.000384869,0.387676
clsgappy-POD,0.01,2,0.999,11,25,46,650,55.576161,0.982402,0.00750962,8.58102
clsQDEIM,0.01,2,0.999,11,25,46,650,1.712716,0.992545,0.000415429,0.372062
SOPT,0.01,2,0.999,11,25,46,700,5.357751,0.982986,0.000290657,0.343493
gappy-POD,0.01,2,0.999,11,25,46,700,3.305737,0.990636,0.000267479,0.349347
QDEIM,0.01,2,0.999,11,25,46,700,3.412494,0.986953,0.000265991,0.340406
clsSOPT,0.01,2,0.999,11,25,46,700,5.357751,0.984442,0.000373621,0.434654
clsgappy-POD,0.01,2,0.999,11,25,46,700,52.812321,1.00437,0.00702302,7.21917
clsQDEIM,0.01,2,0.999,11,25,46,700,1.621996,0.988348,0.000411177,0.416033
SOPT,0.01,2,0.999,11,25,46,750,5.107593,0.989544,0.000280821,0.34956
gappy-POD,0.01,2,0.999,11,25,46,750,3.401199,0.987765,0.000267702,0.347086
QDEIM,0.01,2,0.999,11,25,46,750,3.434607,1.01112,0.000266736,0.347647
clsSOPT,0.01,2,0.999,11,25,46,750,5.107593,0.992228,0.000400621,0.406718
clsgappy-POD,0.01,2,0.999,11,25,46,750,58.742647,0.997661,0.00684095,6.75635
clsQDEIM,0.01,2,0.999,11,25,46,750,1.605205,0.994514,0.00042172,0.389762
SOPT,0.01,2,0.999,11,25,46,800,7.289596,1.00846,0.000278864,0.344857
gappy-POD,0.01,2,0.999,11,25,46,800,3.598946,0.994242,0.00026617,0.347456
QDEIM,0.01,2,0.999,11,25,46,800,3.509674,1.00243,0.000264616,0.342741
clsSOPT,0.01,2,0.999,11,25,46,800,7.289596,0.998047,0.000398663,0.405698
clsgappy-POD,0.01,2,0.999,11,25,46,800,44.305785,0.994232,0.00688651,11.1106
clsQDEIM,0.01,2,0.999,11,25,46,800,1.554364,0.990354,0.000427467,0.378095
SOPT,0.01,2,0.999,11,25,46,850,6.343156,1.00806,0.000281994,0.343573
gappy-POD,0.01,2,0.999,11,25,46,850,3.943493,1.00178,0.000266902,0.347873
QDEIM,0.01,2,0.999,11,25,46,850,3.834708,1.00397,0.000264352,0.344912
clsSOPT,0.01,2,0.999,11,25,46,850,6.343156,1.00718,0.000381191,0.388863
clsgappy-POD,0.01,2,0.999,11,25,46,850,71.255877,0.999017,0.00662404,17.5944
clsQDEIM,0.01,2,0.999,11,25,46,850,1.564950,0.993275,0.00043118,0.379561
SOPT,0.01,2,0.999,11,25,46,900,5.985039,1.00577,0.000282525,0.34609
gappy-POD,0.01,2,0.999,11,25,46,900,3.626832,1.01212,0.000267793,0.346323
QDEIM,0.01,2,0.999,11,25,46,900,4.248157,1.01333,0.000267073,0.346805
clsSOPT,0.01,2,0.999,11,25,46,900,5.985039,1.01323,0.000386682,0.39815
clsgappy-POD,0.01,2,0.999,11,25,46,900,69.417227,1.02588,0.00720251,14.0903
clsQDEIM,0.01,2,0.999,11,25,46,900,1.526225,0.999204,0.000436315,0.391961
SOPT,0.01,2,0.999,11,25,46,950,6.005053,1.01416,0.000276892,0.345238
gappy-POD,0.01,2,0.999,11,25,46,950,5.073617,1.01165,0.000268014,0.346766
QDEIM,0.01,2,0.999,11,25,46,950,4.021010,1.0242,0.000267609,0.346591
clsSOPT,0.01,2,0.999,11,25,46,950,6.005053,1.02927,0.000384282,0.425977
clsgappy-POD,0.01,2,0.999,11,25,46,950,61.968971,1.01352,0.00830995,16.0922
clsQDEIM,0.01,2,0.999,11,25,46,950,1.542348,1.01047,0.000435754,0.388724
SOPT,0.01,2,0.999,11,25,46,1000,6.136519,1.00616,0.000277852,0.345999
gappy-POD,0.01,2,0.999,11,25,46,1000,5.786059,1.02157,0.000267007,0.346113
QDEIM,0.01,2,0.999,11,25,46,1000,5.665888,1.00533,0.00026823,0.346073
clsSOPT,0.01,2,0.999,11,25,46,1000,6.136519,0.998258,0.000384103,0.430652
clsgappy-POD,0.01,2,0.999,11,25,46,1000,64.855150,1.02099,0.00796898,11.7523
clsQDEIM,0.01,2,0.999,11,25,46,1000,1.491595,1.00661,0.000443175,0.38189
SOPT,0.01,2,0.999,11,25,46,1050,5.859020,1.01617,0.000274595,0.349068
gappy-POD,0.01,2,0.999,11,25,46,1050,5.353682,1.02007,0.000267133,0.346459
QDEIM,0.01,2,0.999,11,25,46,1050,5.098957,1.00766,0.000267531,0.34698
clsSOPT,0.01,2,0.999,11,25,46,1050,5.859020,1.01562,0.000378401,0.428307
clsgappy-POD,0.01,2,0.999,11,25,46,1050,58.921101,1.01493,0.0082362,28.573
clsQDEIM,0.01,2,0.999,11,25,46,1050,1.504019,1.00798,0.000423903,0.392602
SOPT,0.01,2,0.999,11,25,46,1100,6.517433,1.01546,0.000267888,0.351223
gappy-POD,0.01,2,0.999,11,25,46,1100,6.247993,1.01106,0.000267303,0.346706
QDEIM,0.01,2,0.999,11,25,46,1100,6.204105,1.00512,0.000267343,0.346843
clsSOPT,0.01,2,0.999,11,25,46,1100,6.517433,1.01555,0.000385611,0.425378
clsgappy-POD,0.01,2,0.999,11,25,46,1100,48.858351,1.02169,0.00822352,26.3968
clsQDEIM,0.01,2,0.999,11,25,46,1100,1.521564,1.0216,0.000416674,0.405452
SOPT,0.01,2,0.999,11,25,46,1150,7.138433,1.02168,0.000266544,0.34892
gappy-POD,0.01,2,0.999,11,25,46,1150,6.434821,1.01526,0.000267501,0.347128
QDEIM,0.01,2,0.999,11,25,46,1150,6.405033,1.02766,0.0002675,0.347124
clsSOPT,0.01,2,0.999,11,25,46,1150,7.138433,1.01571,0.000397787,0.410323
clsgappy-POD,0.01,2,0.999,11,25,46,1150,60.431228,1.01964,0.00779331,21.2342
clsQDEIM,0.01,2,0.999,11,25,46,1150,1.809156,1.02686,0.000411593,0.403315
SOPT,0.01,3,0.9999,19,44,72,100,11.401603,0.687212,0.00100874,0.68464
gappy-POD,0.01,3,0.9999,19,44,72,100,11.180826,0.59797,0.00182065,1.06284
QDEIM,0.01,3,0.9999,19,44,72,100,15.383875,0.691982,0.00101324,0.593323
clsSOPT,0.01,3,0.9999,19,44,72,100,11.401603,0.775795,0.000828288,0.774083
clsgappy-POD,0.01,3,0.9999,19,44,72,100,195.368003,0.705459,nan,nan
clsQDEIM,0.01,3,0.9999,19,44,72,100,10.852077,0.738623,0.000848924,0.632931
SOPT,0.01,3,0.9999,19,44,72,150,6.338945,0.839383,0.000360636,0.414633
gappy-POD,0.01,3,0.9999,19,44,72,150,5.323109,0.747798,0.000791402,0.609861
QDEIM,0.01,3,0.9999,19,44,72,150,7.400822,0.836703,0.000638676,0.450289
clsSOPT,0.01,3,0.9999,19,44,72,150,6.338945,0.906947,0.000361377,0.481572
clsgappy-POD,0.01,3,0.9999,19,44,72,150,96.746563,0.848324,0.0107458,37.1326
clsQDEIM,0.01,3,0.9999,19,44,72,150,4.970802,0.851695,0.000468113,0.590912
SOPT,0.01,3,0.9999,19,44,72,200,4.716596,0.916243,0.000244137,0.421826
gappy-POD,0.01,3,0.9999,19,44,72,200,4.538625,0.881467,0.000349347,0.526712
QDEIM,0.01,3,0.9999,19,44,72,200,6.688788,0.924658,0.000250048,0.405246
clsSOPT,0.01,3,0.9999,19,44,72,200,4.716596,0.945541,0.000431121,0.311955
clsgappy-POD,0.01,3,0.9999,19,44,72,200,120.718103,0.912783,0.0108985,30.7526
clsQDEIM,0.01,3,0.9999,19,44,72,200,3.833794,0.947695,0.000344682,0.547261
SOPT,0.01,3,0.9999,19,44,72,250,4.208206,0.938839,0.000246267,0.35877
gappy-POD,0.01,3,0.9999,19,44,72,250,3.874702,0.895151,0.000346338,0.466895
QDEIM,0.01,3,0.9999,19,44,72,250,5.700490,0.955247,0.000232519,0.338683
clsSOPT,0.01,3,0.9999,19,44,72,250,4.208206,0.958416,0.000342057,0.336099
clsgappy-POD,0.01,3,0.9999,19,44,72,250,103.133908,0.957117,0.0321491,125.576
clsQDEIM,0.01,3,0.9999,19,44,72,250,3.102558,0.966833,0.000255352,0.347059
SOPT,0.01,3,0.9999,19,44,72,300,3.759931,0.958981,0.000247419,0.333886
gappy-POD,0.01,3,0.9999,19,44,72,300,3.305368,0.944455,0.000270584,0.436153
QDEIM,0.01,3,0.9999,19,44,72,300,5.117600,0.97517,0.000239089,0.343043
clsSOPT,0.01,3,0.9999,19,44,72,300,3.759931,0.967029,0.000334292,0.317425
clsgappy-POD,0.01,3,0.9999,19,44,72,300,145.165755,0.984766,0.0149682,41.0549
clsQDEIM,0.01,3,0.9999,19,44,72,300,2.653309,1.00252,0.000284655,0.332292
SOPT,0.01,3,0.9999,19,44,72,350,3.648931,0.982366,0.000235943,0.339543
gappy-POD,0.01,3,0.9999,19,44,72,350,3.196433,0.977586,0.000233447,0.363089
QDEIM,0.01,3,0.9999,19,44,72,350,4.506152,1.00363,0.000223693,0.334349
clsSOPT,0.01,3,0.9999,19,44,72,350,3.648931,0.997344,0.000298785,0.326143
clsgappy-POD,0.01,3,0.9999,19,44,72,350,111.224393,0.990956,0.00916522,21.1202
clsQDEIM,0.01,3,0.9999,19,44,72,350,2.592491,0.994739,0.00027169,0.338917
SOPT,0.01,3,0.9999,19,44,72,400,3.773700,0.99813,0.000235004,0.331306
gappy-POD,0.01,3,0.9999,19,44,72,400,2.917101,0.983326,0.000230243,0.363305
QDEIM,0.01,3,0.9999,19,44,72,400,4.081323,1.01073,0.000227837,0.333933
clsSOPT,0.01,3,0.9999,19,44,72,400,3.773700,0.996601,0.000280361,0.393201
clsgappy-POD,0.01,3,0.9999,19,44,72,400,94.523845,1.00163,0.0122341,56.2761
clsQDEIM,0.01,3,0.9999,19,44,72,400,2.352142,1.00629,0.000254413,0.350854
SOPT,0.01,3,0.9999,19,44,72,450,3.559377,1.01752,0.000236847,0.331221
gappy-POD,0.01,3,0.9999,19,44,72,450,2.812622,1.00309,0.000228567,0.352154
QDEIM,0.01,3,0.9999,19,44,72,450,5.277259,1.00274,0.000224865,0.345269
clsSOPT,0.01,3,0.9999,19,44,72,450,3.559377,0.998977,0.000277828,0.392624
clsgappy-POD,0.01,3,0.9999,19,44,72,450,105.237533,1.00919,0.00792029,13.0615
clsQDEIM,0.01,3,0.9999,19,44,72,450,2.228520,0.993155,0.000237565,0.36904
SOPT,0.01,3,0.9999,19,44,72,500,3.696434,1.00664,0.000247859,0.33433
gappy-POD,0.01,3,0.9999,19,44,72,500,2.700645,1.01884,0.000232064,0.342056
QDEIM,0.01,3,0.9999,19,44,72,500,4.334773,1.02021,0.000234764,0.335174
clsSOPT,0.01,3,0.9999,19,44,72,500,3.696434,1.0113,0.000282046,0.381342
clsgappy-POD,0.01,3,0.9999,19,44,72,500,71.505125,1.01039,0.00887294,13.0073
clsQDEIM,0.01,3,0.9999,19,44,72,500,2.219029,1.01826,0.00024067,0.334569
SOPT,0.01,3,0.9999,19,44,72,550,4.205495,1.0244,0.000250951,0.329174
gappy-POD,0.01,3,0.9999,19,44,72,550,2.765705,1.02069,0.000227956,0.335965
QDEIM,0.01,3,0.9999,19,44,72,550,4.070283,1.0291,0.000235827,0.343622
clsSOPT,0.01,3,0.9999,19,44,72,550,4.205495,1.02733,0.000285281,0.383833
clsgappy-POD,0.01,3,0.9999,19,44,72,550,73.795450,1.02495,0.00810682,12.8146
clsQDEIM,0.01,3,0.9999,19,44,72,550,2.104684,1.01633,0.000266248,0.351445
SOPT,0.01,3,0.9999,19,44,72,600,6.493955,1.03637,0.00025106,0.329651
gappy-POD,0.01,3,0.9999,19,44,72,600,2.821082,1.02831,0.000227117,0.342582
QDEIM,0.01,3,0.9999,19,44,72,600,4.351749,1.02232,0.000234446,0.342747
clsSOPT,0.01,3,0.9999,19,44,72,600,6.493955,1.03302,0.000285076,0.382447
clsgappy-POD,0.01,3,0.9999,19,44,72,600,53.142268,1.03878,0.00907883,7.03897
clsQDEIM,0.01,3,0.9999,19,44,72,600,2.109203,1.0386,0.000265096,0.354115
SOPT,0.01,3,0.9999,19,44,72,650,6.614701,1.04077,0.000249953,0.330105
gappy-POD,0.01,3,0.9999,19,44,72,650,2.736745,1.03645,0.000227808,0.336441
QDEIM,0.01,3,0.9999,19,44,72,650,5.499448,1.03399,0.000232979,0.351695
clsSOPT,0.01,3,0.9999,19,44,72,650,6.614701,1.03838,0.000273765,0.394708
clsgappy-POD,0.01,3,0.9999,19,44,72,650,58.741471,1.05446,0.00913256,26.1499
clsQDEIM,0.01,3,0.9999,19,44,72,650,1.984182,1.03849,0.000262298,0.346933
SOPT,0.01,3,0.9999,19,44,72,700,5.975005,1.04334,0.000243347,0.326771
gappy-POD,0.01,3,0.9999,19,44,72,700,3.209908,1.03969,0.000225739,0.342514
QDEIM,0.01,3,0.9999,19,44,72,700,6.645106,1.03745,0.000237548,0.34346
clsSOPT,0.01,3,0.9999,19,44,72,700,5.975005,1.03969,0.000268281,0.417213
clsgappy-POD,0.01,3,0.9999,19,44,72,700,59.966447,1.04311,0.00902388,20.3464
clsQDEIM,0.01,3,0.9999,19,44,72,700,1.870124,1.05364,0.000255589,0.344157
SOPT,0.01,3,0.9999,19,44,72,750,5.924784,1.04057,0.00023816,0.338032
gappy-POD,0.01,3,0.9999,19,44,72,750,2.886042,1.0551,0.000227041,0.346133
QDEIM,0.01,3,0.9999,19,44,72,750,4.924616,1.03985,0.000234655,0.346005
clsSOPT,0.01,3,0.9999,19,44,72,750,5.924784,1.0392,0.000265648,0.422636
clsgappy-POD,0.01,3,0.9999,19,44,72,750,59.406326,1.04013,0.00748975,18.9579
clsQDEIM,0.01,3,0.9999,19,44,72,750,1.826833,1.03101,0.000253872,0.399573
SOPT,0.01,3,0.9999,19,44,72,800,6.131332,1.05114,0.000237999,0.346939
gappy-POD,0.01,3,0.9999,19,44,72,800,3.194920,1.04663,0.000229201,0.341745
QDEIM,0.01,3,0.9999,19,44,72,800,5.061312,1.06049,0.000235367,0.340622
clsSOPT,0.01,3,0.9999,19,44,72,800,6.131332,1.05663,0.000284418,0.391938
clsgappy-POD,0.01,3,0.9999,19,44,72,800,63.204710,1.05304,0.00759037,17.9412
clsQDEIM,0.01,3,0.9999,19,44,72,800,1.822761,1.03797,0.000260437,0.424521
SOPT,0.01,3,0.9999,19,44,72,850,7.010395,1.06,0.000237339,0.340233
gappy-POD,0.01,3,0.9999,19,44,72,850,3.202430,1.05365,0.000227685,0.344289
QDEIM,0.01,3,0.9999,19,44,72,850,6.309368,1.05143,0.000230044,0.333922
clsSOPT,0.01,3,0.9999,19,44,72,850,7.010395,1.03761,0.000281174,0.419866
clsgappy-POD,0.01,3,0.9999,19,44,72,850,68.773884,1.05819,0.00855666,36.3675
clsQDEIM,0.01,3,0.9999,19,44,72,850,1.761002,1.03554,0.000264421,0.496995
SOPT,0.01,3,0.9999,19,44,72,900,6.040681,1.05003,0.00024006,0.339093
gappy-POD,0.01,3,0.9999,19,44,72,900,3.620135,1.06712,0.000227323,0.344337
QDEIM,0.01,3,0.9999,19,44,72,900,4.854371,1.04744,0.000228982,0.330682
clsSOPT,0.01,3,0.9999,19,44,72,900,6.040681,1.04323,0.000289323,0.408945
clsgappy-POD,0.01,3,0.9999,19,44,72,900,58.593573,1.05804,0.00789849,24.1818
clsQDEIM,0.01,3,0.9999,19,44,72,900,1.828610,1.04385,0.000269157,0.480932
SOPT,0.01,3,0.9999,19,44,72,950,6.209456,1.07247,0.000244297,0.345356
gappy-POD,0.01,3,0.9999,19,44,72,950,3.399438,1.05985,0.000229138,0.344092
QDEIM,0.01,3,0.9999,19,44,72,950,4.463290,1.05555,0.000227192,0.343453
clsSOPT,0.01,3,0.9999,19,44,72,950,6.209456,1.05178,0.00029447,0.392052
clsgappy-POD,0.01,3,0.9999,19,44,72,950,46.840526,1.07742,0.00782491,36.6759
clsQDEIM,0.01,3,0.9999,19,44,72,950,1.689673,1.04732,0.000272015,0.46059
SOPT,0.01,3,0.9999,19,44,72,1000,5.443745,1.0607,0.000249822,0.341089
gappy-POD,0.01,3,0.9999,19,44,72,1000,3.674416,1.07619,0.000227851,0.3442
QDEIM,0.01,3,0.9999,19,44,72,1000,4.289339,1.06533,0.000226667,0.347313
clsSOPT,0.01,3,0.9999,19,44,72,1000,5.443745,1.06391,0.00031001,0.398488
clsgappy-POD,0.01,3,0.9999,19,44,72,1000,52.116898,1.07157,0.00778615,27.8095
clsQDEIM,0.01,3,0.9999,19,44,72,1000,1.679013,1.06673,0.000269088,0.456093
SOPT,0.01,3,0.9999,19,44,72,1050,5.770852,1.07076,0.000244901,0.334526
gappy-POD,0.01,3,0.9999,19,44,72,1050,4.600034,1.07196,0.000228789,0.342884
QDEIM,0.01,3,0.9999,19,44,72,1050,5.572256,1.08614,0.000228206,0.342274
clsSOPT,0.01,3,0.9999,19,44,72,1050,5.770852,1.0672,0.000289082,0.422427
clsgappy-POD,0.01,3,0.9999,19,44,72,1050,53.768054,1.07791,0.00820987,28.7999
clsQDEIM,0.01,3,0.9999,19,44,72,1050,1.656727,1.06354,0.000279093,0.442094
SOPT,0.01,3,0.9999,19,44,72,1100,5.224776,1.08047,0.000242479,0.331691
gappy-POD,0.01,3,0.9999,19,44,72,1100,5.166183,1.0804,0.000228424,0.342697
QDEIM,0.01,3,0.9999,19,44,72,1100,5.072851,1.07598,0.000228134,0.343081
clsSOPT,0.01,3,0.9999,19,44,72,1100,5.224776,1.06795,0.000310061,0.408702
clsgappy-POD,0.01,3,0.9999,19,44,72,1100,50.939135,1.0732,0.00903151,25.2193
clsQDEIM,0.01,3,0.9999,19,44,72,1100,1.656111,1.07119,0.000288522,0.430926
SOPT,0.01,3,0.9999,19,44,72,1150,5.997501,1.08685,0.0002343,0.341326
gappy-POD,0.01,3,0.9999,19,44,72,1150,5.484432,1.10087,0.000228192,0.343705
QDEIM,0.01,3,0.9999,19,44,72,1150,5.492509,1.07554,0.00022819,0.343701
clsSOPT,0.01,3,0.9999,19,44,72,1150,5.997501,1.07354,0.00030592,0.425266
clsgappy-POD,0.01,3,0.9999,19,44,72,1150,65.212515,1.0778,0.00922446,28.6832
clsQDEIM,0.01,3,0.9999,19,44,72,1150,1.668389,1.0683,0.000305745,0.42485
SOPT,0.01,4,0.99999,29,69,99,100,175.339629,0.697259,0.000897973,1.7364
gappy-POD,0.01,4,0.99999,29,69,99,100,114.777382,0.693997,0.00141434,1.46536
QDEIM,0.01,4,0.99999,29,69,99,100,359.618563,0.65119,0.00138199,3.10003
clsSOPT,0.01,4,0.99999,29,69,99,100,175.339629,0.808487,0.0018501,6.03965
clsgappy-POD,0.01,4,0.99999,29,69,99,100,1965.137024,0.800574,nan,nan
clsQDEIM,0.01,4,0.99999,29,69,99,100,361.084184,0.772769,0.00080852,0.512858
SOPT,0.01,4,0.99999,29,69,99,150,10.844554,0.841871,0.000599219,0.999911
gappy-POD,0.01,4,0.99999,29,69,99,150,9.486112,0.797835,0.00117484,0.797318
QDEIM,0.01,4,0.99999,29,69,99,150,27.558471,0.840765,0.000735751,0.759878
clsSOPT,0.01,4,0.99999,29,69,99,150,10.844554,0.926249,0.000290014,0.475616
clsgappy-POD,0.01,4,0.99999,29,69,99,150,353.317245,0.885857,0.0221409,496.979
clsQDEIM,0.01,4,0.99999,29,69,99,150,10.098936,0.894344,0.00175108,2.40978
SOPT,0.01,4,0.99999,29,69,99,200,6.125166,0.962921,0.000338455,0.639046
gappy-POD,0.01,4,0.99999,29,69,99,200,6.622793,0.905078,0.000453158,0.462746
QDEIM,0.01,4,0.99999,29,69,99,200,11.823506,0.890137,0.000493621,0.700779
clsSOPT,0.01,4,0.99999,29,69,99,200,6.125166,0.967687,0.000327465,0.495257
clsgappy-POD,0.01,4,0.99999,29,69,99,200,1271.545353,0.964482,0.0159121,105.235
clsQDEIM,0.01,4,0.99999,29,69,99,200,5.870656,0.929647,0.000542789,0.571298
SOPT,0.01,4,0.99999,29,69,99,250,5.236534,1.00133,0.000253384,0.510236
gappy-POD,0.01,4,0.99999,29,69,99,250,5.233370,0.959595,0.000250094,0.3822
QDEIM,0.01,4,0.99999,29,69,99,250,10.136329,0.931491,0.000429012,0.566082
clsSOPT,0.01,4,0.99999,29,69,99,250,5.236534,1.0035,0.000303653,0.303918
clsgappy-POD,0.01,4,0.99999,29,69,99,250,75.072360,1.00842,0.00666585,53.4433
clsQDEIM,0.01,4,0.99999,29,69,99,250,4.411567,0.99469,0.000447328,0.441853
SOPT,0.01,4,0.99999,29,69,99,300,4.404778,1.0424,0.00024647,0.464505
gappy-POD,0.01,4,0.99999,29,69,99,300,4.325620,0.958035,0.000241272,0.415622
QDEIM,0.01,4,0.99999,29,69,99,300,9.768275,0.970736,0.000377265,0.450692
clsSOPT,0.01,4,0.99999,29,69,99,300,4.404778,1.02713,0.000305827,0.272572
clsgappy-POD,0.01,4,0.99999,29,69,99,300,97.079115,1.04513,0.002345,20.141
clsQDEIM,0.01,4,0.99999,29,69,99,300,3.450536,0.997048,0.000300825,0.544575
SOPT,0.01,4,0.99999,29,69,99,350,3.885656,1.03993,0.000234856,0.417767
gappy-POD,0.01,4,0.99999,29,69,99,350,3.722392,1.00677,0.00023453,0.383543
QDEIM,0.01,4,0.99999,29,69,99,350,9.595665,1.01034,0.000383917,0.447628
clsSOPT,0.01,4,0.99999,29,69,99,350,3.885656,1.04153,0.000247536,0.310633
clsgappy-POD,0.01,4,0.99999,29,69,99,350,56.844963,1.04373,0.0126756,27.9762
clsQDEIM,0.01,4,0.99999,29,69,99,350,3.222482,1.03223,0.000279274,0.509434
SOPT,0.01,4,0.99999,29,69,99,400,3.773504,1.0538,0.000231641,0.404237
gappy-POD,0.01,4,0.99999,29,69,99,400,3.881795,1.03389,0.000241061,0.394522
QDEIM,0.01,4,0.99999,29,69,99,400,6.247156,1.02965,0.000271493,0.352441
clsSOPT,0.01,4,0.99999,29,69,99,400,3.773504,1.04295,0.000256867,0.320138
clsgappy-POD,0.01,4,0.99999,29,69,99,400,49.031701,1.05906,0.00715573,16.7479
clsQDEIM,0.01,4,0.99999,29,69,99,400,2.843055,1.0522,0.000263799,0.506317
SOPT,0.01,4,0.99999,29,69,99,450,3.703118,1.06073,0.000222429,0.35535
gappy-POD,0.01,4,0.99999,29,69,99,450,3.499314,1.05173,0.000223031,0.323143
QDEIM,0.01,4,0.99999,29,69,99,450,5.703553,1.04831,0.00028285,0.354021
clsSOPT,0.01,4,0.99999,29,69,99,450,3.703118,1.04916,0.00026084,0.319134
clsgappy-POD,0.01,4,0.99999,29,69,99,450,59.279541,1.05611,0.0067733,13.4773
clsQDEIM,0.01,4,0.99999,29,69,99,450,2.716163,1.05686,0.000239021,0.515326
SOPT,0.01,4,0.99999,29,69,99,500,3.853549,1.06067,0.000227454,0.345093
gappy-POD,0.01,4,0.99999,29,69,99,500,3.410983,1.07283,0.000238233,0.367413
QDEIM,0.01,4,0.99999,29,69,99,500,5.295969,1.07077,0.000302092,0.371135
clsSOPT,0.01,4,0.99999,29,69,99,500,3.853549,1.05215,0.000262966,0.353875
clsgappy-POD,0.01,4,0.99999,29,69,99,500,68.927009,1.0647,0.0171932,72.782
clsQDEIM,0.01,4,0.99999,29,69,99,500,2.510236,1.0529,0.000238705,0.504017
SOPT,0.01,4,0.99999,29,69,99,550,3.752588,1.06435,0.000230344,0.353247
gappy-POD,0.01,4,0.99999,29,69,99,550,3.335657,1.08275,0.000227474,0.353954
QDEIM,0.01,4,0.99999,29,69,99,550,4.749551,1.07452,0.00022358,0.358921
clsSOPT,0.01,4,0.99999,29,69,99,550,3.752588,1.06208,0.00025023,0.35422
clsgappy-POD,0.01,4,0.99999,29,69,99,550,45.127492,1.06673,0.0122697,62.7748
clsQDEIM,0.01,4,0.99999,29,69,99,550,2.462115,1.07754,0.000247962,0.470174
SOPT,0.01,4,0.99999,29,69,99,600,4.215171,1.08923,0.000228368,0.358197
gappy-POD,0.01,4,0.99999,29,69,99,600,3.372934,1.07787,0.000223903,0.344813
QDEIM,0.01,4,0.99999,29,69,99,600,3.784037,1.07861,0.000221285,0.35769
clsSOPT,0.01,4,0.99999,29,69,99,600,4.215171,1.06782,0.000253799,0.363209
clsgappy-POD,0.01,4,0.99999,29,69,99,600,58.053320,1.08678,0.0073242,59.9277
clsQDEIM,0.01,4,0.99999,29,69,99,600,2.218564,1.07313,0.00025501,0.462211
SOPT,0.01,4,0.99999,29,69,99,650,5.908688,1.08965,0.000228118,0.361559
gappy-POD,0.01,4,0.99999,29,69,99,650,3.044146,1.10748,0.000222537,0.335837
QDEIM,0.01,4,0.99999,29,69,99,650,3.844510,1.1012,0.000221933,0.337238
clsSOPT,0.01,4,0.99999,29,69,99,650,5.908688,1.07502,0.000261995,0.334821
clsgappy-POD,0.01,4,0.99999,29,69,99,650,55.880568,1.09721,0.0122562,44.9085
clsQDEIM,0.01,4,0.99999,29,69,99,650,2.223886,1.09169,0.000261309,0.465231
SOPT,0.01,4,0.99999,29,69,99,700,5.949141,1.0875,0.000228282,0.36375
gappy-POD,0.01,4,0.99999,29,69,99,700,3.147620,1.11078,0.000224365,0.347192
QDEIM,0.01,4,0.99999,29,69,99,700,3.748442,1.10572,0.000224245,0.332617
clsSOPT,0.01,4,0.99999,29,69,99,700,5.949141,1.09006,0.000261557,0.364166
clsgappy-POD,0.01,4,0.99999,29,69,99,700,39.369432,1.096,0.00440662,31.6363
clsQDEIM,0.01,4,0.99999,29,69,99,700,2.172014,1.10317,0.000241656,0.491054
SOPT,0.01,4,0.99999,29,69,99,750,13.493947,1.11145,0.000228994,0.37766
gappy-POD,0.01,4,0.99999,29,69,99,750,3.463243,1.12265,0.000220872,0.337433
QDEIM,0.01,4,0.99999,29,69,99,750,3.302593,1.10577,0.000224944,0.327467
clsSOPT,0.01,4,0.99999,29,69,99,750,13.493947,1.10967,0.000240224,0.348013
clsgappy-POD,0.01,4,0.99999,29,69,99,750,37.668378,1.10982,0.00286567,24.4254
clsQDEIM,0.01,4,0.99999,29,69,99,750,2.086218,1.10461,0.000242413,0.476332
SOPT,0.01,4,0.99999,29,69,99,800,5.103496,1.11359,0.000224713,0.367013
gappy-POD,0.01,4,0.99999,29,69,99,800,3.308098,1.11617,0.000220447,0.337101
QDEIM,0.01,4,0.99999,29,69,99,800,3.172256,1.12343,0.000223894,0.32946
clsSOPT,0.01,4,0.99999,29,69,99,800,5.103496,1.10277,0.000238117,0.340624
clsgappy-POD,0.01,4,0.99999,29,69,99,800,48.948295,1.11576,0.00390479,25.4735
clsQDEIM,0.01,4,0.99999,29,69,99,800,2.057856,1.11091,0.00023889,0.48191
SOPT,0.01,4,0.99999,29,69,99,850,6.415562,1.1213,0.000227899,0.369876
gappy-POD,0.01,4,0.99999,29,69,99,850,3.324963,1.11922,0.000222821,0.325888
QDEIM,0.01,4,0.99999,29,69,99,850,3.408170,1.10574,0.000224891,0.334674
clsSOPT,0.01,4,0.99999,29,69,99,850,6.415562,1.10702,0.000242044,0.344676
clsgappy-POD,0.01,4,0.99999,29,69,99,850,45.322660,1.12462,0.00298606,23.7768
clsQDEIM,0.01,4,0.99999,29,69,99,850,2.004391,1.11085,0.000237971,0.466096
SOPT,0.01,4,0.99999,29,69,99,900,5.605532,1.12681,0.000231563,0.377265
gappy-POD,0.01,4,0.99999,29,69,99,900,3.703776,1.12219,0.000221958,0.334727
QDEIM,0.01,4,0.99999,29,69,99,900,3.315040,1.11703,0.000221469,0.331575
clsSOPT,0.01,4,0.99999,29,69,99,900,5.605532,1.12315,0.000247649,0.336497
clsgappy-POD,0.01,4,0.99999,29,69,99,900,50.462007,1.12713,0.00341261,29.945
clsQDEIM,0.01,4,0.99999,29,69,99,900,1.999251,1.11093,0.000232812,0.463089
SOPT,0.01,4,0.99999,29,69,99,950,5.726067,1.12321,0.000222632,0.366617
gappy-POD,0.01,4,0.99999,29,69,99,950,3.636510,1.14119,0.000220974,0.341414
QDEIM,0.01,4,0.99999,29,69,99,950,3.433835,1.12733,0.000221877,0.333082
clsSOPT,0.01,4,0.99999,29,69,99,950,5.726067,1.12334,0.000237295,0.344728
clsgappy-POD,0.01,4,0.99999,29,69,99,950,53.644130,1.1418,0.00339051,22.48
clsQDEIM,0.01,4,0.99999,29,69,99,950,1.904470,1.12591,0.000234519,0.467962
SOPT,0.01,4,0.99999,29,69,99,1000,4.753658,1.13008,0.000222846,0.357791
gappy-POD,0.01,4,0.99999,29,69,99,1000,3.604211,1.13397,0.000221336,0.332559
QDEIM,0.01,4,0.99999,29,69,99,1000,3.736385,1.12672,0.000221582,0.337184
clsSOPT,0.01,4,0.99999,29,69,99,1000,4.753658,1.12838,0.000233255,0.373683
clsgappy-POD,0.01,4,0.99999,29,69,99,1000,49.490566,1.13116,0.00390991,21.3857
clsQDEIM,0.01,4,0.99999,29,69,99,1000,1.901307,1.13382,0.00023155,0.456531
SOPT,0.01,4,0.99999,29,69,99,1050,5.016987,1.1364,0.000222271,0.358676
gappy-POD,0.01,4,0.99999,29,69,99,1050,3.938319,1.14296,0.000221889,0.331103
QDEIM,0.01,4,0.99999,29,69,99,1050,3.877426,1.1433,0.000222034,0.334531
clsSOPT,0.01,4,0.99999,29,69,99,1050,5.016987,1.12692,0.000243921,0.366926
clsgappy-POD,0.01,4,0.99999,29,69,99,1050,51.481938,1.13815,0.00426292,22.985
clsQDEIM,0.01,4,0.99999,29,69,99,1050,1.840712,1.13746,0.000234371,0.456141
SOPT,0.01,4,0.99999,29,69,99,1100,5.167299,1.1405,0.000223818,0.342526
gappy-POD,0.01,4,0.99999,29,69,99,1100,4.344324,1.15217,0.000221716,0.336026
QDEIM,0.01,4,0.99999,29,69,99,1100,4.450127,1.13037,0.000221939,0.334605
clsSOPT,0.01,4,0.99999,29,69,99,1100,5.167299,1.13624,0.00024198,0.428615
clsgappy-POD,0.01,4,0.99999,29,69,99,1100,56.797163,1.13752,0.00453375,27.4453
clsQDEIM,0.01,4,0.99999,29,69,99,1100,1.796208,1.14106,0.000235743,0.444183
SOPT,0.01,4,0.99999,29,69,99,1150,5.917144,1.15283,0.000222228,0.334004
gappy-POD,0.01,4,0.99999,29,69,99,1150,6.291532,1.15798,0.000221931,0.335902
QDEIM,0.01,4,0.99999,29,69,99,1150,6.287172,1.14059,0.000221931,0.335901
clsSOPT,0.01,4,0.99999,29,69,99,1150,5.917144,1.14055,0.000239897,0.448418
clsgappy-POD,0.01,4,0.99999,29,69,99,1150,80.935012,1.15105,0.00456778,29.0118
clsQDEIM,0.01,4,0.99999,29,69,99,1150,1.781206,1.1538,0.000239565,0.447517
SOPT,0.01,5,0.999999,45,94,120,150,19.596459,0.886218,0.000542606,0.993112
gappy-POD,0.01,5,0.999999,45,94,120,150,19.944521,0.868859,0.000584295,1.44961
QDEIM,0.01,5,0.999999,45,94,120,150,18.886516,0.95184,0.000649464,0.866161
clsSOPT,0.01,5,0.999999,45,94,120,150,19.596459,0.969801,0.00072634,1.11754
clsgappy-POD,0.01,5,0.999999,45,94,120,150,245.572231,0.951455,nan,nan
clsQDEIM,0.01,5,0.999999,45,94,120,150,17.956690,0.959627,0.000306059,0.856598
SOPT,0.01,5,0.999999,45,94,120,200,8.014223,0.997171,0.000222964,0.649676
gappy-POD,0.01,5,0.999999,45,94,120,200,7.460434,0.965064,0.000508489,0.743675
QDEIM,0.01,5,0.999999,45,94,120,200,12.363296,1.04925,0.000305882,0.496634
clsSOPT,0.01,5,0.999999,45,94,120,200,8.014223,1.02992,0.000297359,0.773784
clsgappy-POD,0.01,5,0.999999,45,94,120,200,140.167161,1.02444,nan,nan
clsQDEIM,0.01,5,0.999999,45,94,120,200,6.917027,1.03821,0.000411814,0.733089
SOPT,0.01,5,0.999999,45,94,120,250,6.182292,1.07621,0.00021838,0.571408
gappy-POD,0.01,5,0.999999,45,94,120,250,5.706198,1.02394,0.000360107,0.682012
QDEIM,0.01,5,0.999999,45,94,120,250,12.701932,1.06937,0.000303686,0.490958
clsSOPT,0.01,5,0.999999,45,94,120,250,6.182292,1.07153,0.000297978,0.5745
clsgappy-POD,0.01,5,0.999999,45,94,120,250,170.309520,1.08315,0.0212614,207.454
clsQDEIM,0.01,5,0.999999,45,94,120,250,5.053776,1.05203,0.00023365,0.575237
SOPT,0.01,5,0.999999,45,94,120,300,4.946545,1.09035,0.000224001,0.493378
gappy-POD,0.01,5,0.999999,45,94,120,300,6.257399,1.08554,0.000228464,0.423334
QDEIM,0.01,5,0.999999,45,94,120,300,7.076607,1.08764,0.000328701,0.470467
clsSOPT,0.01,5,0.999999,45,94,120,300,4.946545,1.08444,0.000249869,0.491218
clsgappy-POD,0.01,5,0.999999,45,94,120,300,76.736598,1.08927,0.00683004,16.1008
clsQDEIM,0.01,5,0.999999,45,94,120,300,4.115025,1.05555,0.000266116,0.732246
SOPT,0.01,5,0.999999,45,94,120,350,4.427935,1.09212,0.000221831,0.496021
gappy-POD,0.01,5,0.999999,45,94,120,350,4.063943,1.09739,0.000225497,0.425783
QDEIM,0.01,5,0.999999,45,94,120,350,6.577975,1.10818,0.000309525,0.398434
clsSOPT,0.01,5,0.999999,45,94,120,350,4.427935,1.09448,0.000244303,0.494952
clsgappy-POD,0.01,5,0.999999,45,94,120,350,189.859530,1.09958,0.00567954,15.1619
clsQDEIM,0.01,5,0.999999,45,94,120,350,3.473876,1.08428,0.00023947,0.563274
SOPT,0.01,5,0.999999,45,94,120,400,4.136268,1.10545,0.000246605,0.44535
gappy-POD,0.01,5,0.999999,45,94,120,400,3.847550,1.10027,0.000234888,0.411081
QDEIM,0.01,5,0.999999,45,94,120,400,5.997270,1.11171,0.000273961,0.369354
clsSOPT,0.01,5,0.999999,45,94,120,400,4.136268,1.10338,0.00025973,0.518727
clsgappy-POD,0.01,5,0.999999,45,94,120,400,104.278133,1.1086,0.00706099,41.5909
clsQDEIM,0.01,5,0.999999,45,94,120,400,3.373657,1.09923,0.000249134,0.526003
SOPT,0.01,5,0.999999,45,94,120,450,3.869612,1.12133,0.0002311,0.455168
gappy-POD,0.01,5,0.999999,45,94,120,450,3.919787,1.11089,0.000227492,0.424491
QDEIM,0.01,5,0.999999,45,94,120,450,5.168765,1.11488,0.000266606,0.377512
clsSOPT,0.01,5,0.999999,45,94,120,450,3.869612,1.1268,0.000266778,0.495543
clsgappy-POD,0.01,5,0.999999,45,94,120,450,89.593926,1.11574,0.0125124,76.9131
clsQDEIM,0.01,5,0.999999,45,94,120,450,3.146936,1.12196,0.000233809,0.529089
SOPT,0.01,5,0.999999,45,94,120,500,4.133647,1.13191,0.000225429,0.461085
gappy-POD,0.01,5,0.999999,45,94,120,500,3.838224,1.13587,0.000222156,0.443196
QDEIM,0.01,5,0.999999,45,94,120,500,4.549545,1.12911,0.000265814,0.371336
clsSOPT,0.01,5,0.999999,45,94,120,500,4.133647,1.12237,0.000263786,0.485673
clsgappy-POD,0.01,5,0.999999,45,94,120,500,59.697384,1.13426,0.00925318,18.7224
clsQDEIM,0.01,5,0.999999,45,94,120,500,2.909311,1.11304,0.000230044,0.524005
SOPT,0.01,5,0.999999,45,94,120,550,4.344090,1.14224,0.000225232,0.448101
gappy-POD,0.01,5,0.999999,45,94,120,550,3.663813,1.13765,0.000222149,0.406126
QDEIM,0.01,5,0.999999,45,94,120,550,4.362787,1.15085,0.000263272,0.374292
clsSOPT,0.01,5,0.999999,45,94,120,550,4.344090,1.14064,0.000247237,0.48052
clsgappy-POD,0.01,5,0.999999,45,94,120,550,75.237735,1.15025,0.0080673,15.0314
clsQDEIM,0.01,5,0.999999,45,94,120,550,2.741924,1.12827,0.000232607,0.479225
SOPT,0.01,5,0.999999,45,94,120,600,5.029517,1.14385,0.000233621,0.442911
gappy-POD,0.01,5,0.999999,45,94,120,600,3.715881,1.14852,0.000222005,0.414645
QDEIM,0.01,5,0.999999,45,94,120,600,5.120186,1.14503,0.00024847,0.3896
clsSOPT,0.01,5,0.999999,45,94,120,600,5.029517,1.15556,0.000241506,0.520784
clsgappy-POD,0.01,5,0.999999,45,94,120,600,55.356324,1.15875,0.00689648,13.81
clsQDEIM,0.01,5,0.999999,45,94,120,600,3.314970,1.14485,0.000257663,0.475303
SOPT,0.01,5,0.999999,45,94,120,650,4.512127,1.16501,0.000236714,0.443812
gappy-POD,0.01,5,0.999999,45,94,120,650,3.599431,1.16671,0.000230051,0.456744
QDEIM,0.01,5,0.999999,45,94,120,650,3.926245,1.14916,0.000246614,0.389753
clsSOPT,0.01,5,0.999999,45,94,120,650,4.512127,1.16774,0.000237714,0.510374
clsgappy-POD,0.01,5,0.999999,45,94,120,650,47.707081,1.17669,0.0123606,33.7461
clsQDEIM,0.01,5,0.999999,45,94,120,650,2.426394,1.1503,0.000241054,0.483056
SOPT,0.01,5,0.999999,45,94,120,700,14.934422,1.18267,0.000235768,0.447284
gappy-POD,0.01,5,0.999999,45,94,120,700,3.540728,1.16787,0.000218266,0.43519
QDEIM,0.01,5,0.999999,45,94,120,700,3.895463,1.16752,0.000243379,0.393111
clsSOPT,0.01,5,0.999999,45,94,120,700,14.934422,1.16155,0.000223218,0.520263
clsgappy-POD,0.01,5,0.999999,45,94,120,700,48.160148,1.188,0.0131313,51.864
clsQDEIM,0.01,5,0.999999,45,94,120,700,2.359312,1.16003,0.000250856,0.479925
SOPT,0.01,5,0.999999,45,94,120,750,12.492830,1.1845,0.000227924,0.448842
gappy-POD,0.01,5,0.999999,45,94,120,750,3.524756,1.16593,0.000218648,0.441036
QDEIM,0.01,5,0.999999,45,94,120,750,3.691652,1.17108,0.000221046,0.434895
clsSOPT,0.01,5,0.999999,45,94,120,750,12.492830,1.1689,0.000224408,0.499605
clsgappy-POD,0.01,5,0.999999,45,94,120,750,46.719241,1.19394,0.0072801,55.3268
clsQDEIM,0.01,5,0.999999,45,94,120,750,2.280849,1.17776,0.00025088,0.465416
SOPT,0.01,5,0.999999,45,94,120,800,5.955411,1.19821,0.000225503,0.451408
gappy-POD,0.01,5,0.999999,45,94,120,800,3.497381,1.18637,0.000217358,0.440989
QDEIM,0.01,5,0.999999,45,94,120,800,3.951984,1.18097,0.000223834,0.42888
clsSOPT,0.01,5,0.999999,45,94,120,800,5.955411,1.18866,0.000228966,0.483686
clsgappy-POD,0.01,5,0.999999,45,94,120,800,43.390028,1.17311,0.0098607,32.6589
clsQDEIM,0.01,5,0.999999,45,94,120,800,2.206309,1.18917,0.000233343,0.487367
SOPT,0.01,5,0.999999,45,94,120,850,5.689613,1.19746,0.000221192,0.449975
gappy-POD,0.01,5,0.999999,45,94,120,850,3.461155,1.20321,0.00022315,0.442949
QDEIM,0.01,5,0.999999,45,94,120,850,3.546739,1.19262,0.000221783,0.441808
clsSOPT,0.01,5,0.999999,45,94,120,850,5.689613,1.18409,0.000226196,0.486921
clsgappy-POD,0.01,5,0.999999,45,94,120,850,65.040548,1.19496,0.0116133,23.709
clsQDEIM,0.01,5,0.999999,45,94,120,850,2.141962,1.1974,0.00023133,0.472587
SOPT,0.01,5,0.999999,45,94,120,900,6.720929,1.20327,0.000222301,0.452831
gappy-POD,0.01,5,0.999999,45,94,120,900,3.854097,1.20725,0.000218645,0.45301
QDEIM,0.01,5,0.999999,45,94,120,900,3.516262,1.19076,0.000218609,0.454296
clsSOPT,0.01,5,0.999999,45,94,120,900,6.720929,1.19052,0.000228269,0.489493
clsgappy-POD,0.01,5,0.999999,45,94,120,900,46.875581,1.20343,0.00762557,38.9425
clsQDEIM,0.01,5,0.999999,45,94,120,900,2.283482,1.19898,0.000226472,0.489674
SOPT,0.01,5,0.999999,45,94,120,950,6.540106,1.22897,0.000220835,0.454713
gappy-POD,0.01,5,0.999999,45,94,120,950,3.521485,1.21955,0.000219098,0.452826
QDEIM,0.01,5,0.999999,45,94,120,950,3.595316,1.19412,0.000218123,0.456177
clsSOPT,0.01,5,0.999999,45,94,120,950,6.540106,1.19383,0.000232235,0.493266
clsgappy-POD,0.01,5,0.999999,45,94,120,950,44.762004,1.20184,0.00886548,50.4453
clsQDEIM,0.01,5,0.999999,45,94,120,950,2.045383,1.19772,0.000224877,0.507415
SOPT,0.01,5,0.999999,45,94,120,1000,6.420718,1.21074,0.000219818,0.447529
gappy-POD,0.01,5,0.999999,45,94,120,1000,3.987719,1.23273,0.000219013,0.456104
QDEIM,0.01,5,0.999999,45,94,120,1000,4.439515,1.20093,0.000218264,0.458877
clsSOPT,0.01,5,0.999999,45,94,120,1000,6.420718,1.21887,0.000233254,0.504802
clsgappy-POD,0.01,5,0.999999,45,94,120,1000,42.205769,1.20632,0.00883504,71.9037
clsQDEIM,0.01,5,0.999999,45,94,120,1000,2.095779,1.20456,0.000221749,0.506439
SOPT,0.01,5,0.999999,45,94,120,1050,6.319780,1.22063,0.000221133,0.456789
gappy-POD,0.01,5,0.999999,45,94,120,1050,3.937458,1.2187,0.000218763,0.456304
QDEIM,0.01,5,0.999999,45,94,120,1050,3.638986,1.21599,0.000218844,0.452993
clsSOPT,0.01,5,0.999999,45,94,120,1050,6.319780,1.245,0.000236906,0.514018
clsgappy-POD,0.01,5,0.999999,45,94,120,1050,68.539295,1.22492,0.00723612,59.6589
clsQDEIM,0.01,5,0.999999,45,94,120,1050,1.985577,1.2117,0.000222627,0.519494
SOPT,0.01,5,0.999999,45,94,120,1100,6.115372,1.22936,0.000220432,0.452837
gappy-POD,0.01,5,0.999999,45,94,120,1100,4.199977,1.22977,0.000218556,0.45836
QDEIM,0.01,5,0.999999,45,94,120,1100,4.095460,1.22297,0.000218562,0.457677
clsSOPT,0.01,5,0.999999,45,94,120,1100,6.115372,1.23086,0.000233223,0.52884
clsgappy-POD,0.01,5,0.999999,45,94,120,1100,66.899342,1.23545,0.00704547,77.4987
clsQDEIM,0.01,5,0.999999,45,94,120,1100,1.947452,1.23315,0.000226134,0.528514
SOPT,0.01,5,0.999999,45,94,120,1150,5.629699,1.23521,0.000218714,0.457699
gappy-POD,0.01,5,0.999999,45,94,120,1150,5.188185,1.23813,0.000218627,0.458716
QDEIM,0.01,5,0.999999,45,94,120,1150,4.582999,1.24156,0.000218626,0.45872
clsSOPT,0.01,5,0.999999,45,94,120,1150,5.629699,1.22904,0.000231186,0.550934
clsgappy-POD,0.01,5,0.999999,45,94,120,1150,67.938014,1.25289,0.00800831,74.905
clsQDEIM,0.01,5,0.999999,45,94,120,1150,1.959162,1.23028,0.000230105,0.551579
SOPT,0.01,6,0.9999999,65,117,136,150,34.624863,0.955813,0.000693827,0.41645
gappy-POD,0.01,6,0.9999999,65,117,136,150,37.642330,0.913048,0.00122477,0.770132
QDEIM,0.01,6,0.9999999,65,117,136,150,32.868786,0.945574,0.000456716,0.496206
clsSOPT,0.01,6,0.9999999,65,117,136,150,34.624863,1.03016,0.000512082,0.794546
clsgappy-POD,0.01,6,0.9999999,65,117,136,150,800.598204,1.02682,nan,nan
clsQDEIM,0.01,6,0.9999999,65,117,136,150,27.855280,0.994611,0.000483722,0.398052
SOPT,0.01,6,0.9999999,65,117,136,200,9.658859,1.0749,0.000296322,0.379229
gappy-POD,0.01,6,0.9999999,65,117,136,200,10.004844,1.0155,0.00053203,0.418822
QDEIM,0.01,6,0.9999999,65,117,136,200,13.914160,1.01714,0.000276572,0.506113
clsSOPT,0.01,6,0.9999999,65,117,136,200,9.658859,1.09549,0.000279363,0.43898
clsgappy-POD,0.01,6,0.9999999,65,117,136,200,148.054189,1.06807,nan,nan
clsQDEIM,0.01,6,0.9999999,65,117,136,200,10.136058,1.06653,0.000271126,0.465374
SOPT,0.01,6,0.9999999,65,117,136,250,6.819359,1.12242,0.000238748,0.315063
gappy-POD,0.01,6,0.9999999,65,117,136,250,7.163642,1.07257,0.000402312,0.496731
QDEIM,0.01,6,0.9999999,65,117,136,250,9.203881,1.11792,0.000215963,0.24756
clsSOPT,0.01,6,0.9999999,65,117,136,250,6.819359,1.11571,0.000230463,0.411073
clsgappy-POD,0.01,6,0.9999999,65,117,136,250,132.737869,1.08426,nan,nan
clsQDEIM,0.01,6,0.9999999,65,117,136,250,6.280586,1.10519,0.000299464,0.559115
SOPT,0.01,6,0.9999999,65,117,136,300,5.660075,1.15629,0.000236388,0.282068
gappy-POD,0.01,6,0.9999999,65,117,136,300,5.732144,1.11995,0.000270255,0.269131
QDEIM,0.01,6,0.9999999,65,117,136,300,6.812226,1.15242,0.000230475,0.212482
clsSOPT,0.01,6,0.9999999,65,117,136,300,5.660075,1.15124,0.00021709,0.341316
clsgappy-POD,0.01,6,0.9999999,65,117,136,300,117.628533,1.14433,nan,nan
clsQDEIM,0.01,6,0.9999999,65,117,136,300,4.861616,1.12822,0.000244118,0.41359
SOPT,0.01,6,0.9999999,65,117,136,350,4.865178,1.17004,0.000252425,0.287704
gappy-POD,0.01,6,0.9999999,65,117,136,350,4.660047,1.14165,0.000214575,0.27407
QDEIM,0.01,6,0.9999999,65,117,136,350,6.279458,1.1567,0.000267533,0.238169
clsSOPT,0.01,6,0.9999999,65,117,136,350,4.865178,1.17922,0.00022437,0.337365
clsgappy-POD,0.01,6,0.9999999,65,117,136,350,75.812384,1.15678,nan,nan
clsQDEIM,0.01,6,0.9999999,65,117,136,350,4.063514,1.13897,0.000295315,0.442419
SOPT,0.01,6,0.9999999,65,117,136,400,4.390333,1.18364,0.00024211,0.3126
gappy-POD,0.01,6,0.9999999,65,117,136,400,4.440405,1.15515,0.000221372,0.238883
QDEIM,0.01,6,0.9999999,65,117,136,400,5.532881,1.1695,0.000266795,0.241588
clsSOPT,0.01,6,0.9999999,65,117,136,400,4.390333,1.16442,0.000223568,0.327503
clsgappy-POD,0.01,6,0.9999999,65,117,136,400,58.016321,1.15591,nan,nan
clsQDEIM,0.01,6,0.9999999,65,117,136,400,3.655905,1.1625,0.000243993,0.370682
SOPT,0.01,6,0.9999999,65,117,136,450,4.796202,1.17817,0.000232131,0.297982
gappy-POD,0.01,6,0.9999999,65,117,136,450,4.192911,1.16336,0.000218256,0.27435
QDEIM,0.01,6,0.9999999,65,117,136,450,5.615808,1.17433,0.000245897,0.241956
clsSOPT,0.01,6,0.9999999,65,117,136,450,4.796202,1.16716,0.000223364,0.311491
clsgappy-POD,0.01,6,0.9999999,65,117,136,450,264.494359,1.16479,nan,nan
clsQDEIM,0.01,6,0.9999999,65,117,136,450,3.381133,1.15604,0.00023668,0.361382
SOPT,0.01,6,0.9999999,65,117,136,500,4.479704,1.19626,0.000217122,0.286804
gappy-POD,0.01,6,0.9999999,65,117,136,500,3.765636,1.18532,0.000227961,0.270329
QDEIM,0.01,6,0.9999999,65,117,136,500,5.342965,1.17986,0.000245231,0.237021
clsSOPT,0.01,6,0.9999999,65,117,136,500,4.479704,1.18387,0.000226061,0.306591
clsgappy-POD,0.01,6,0.9999999,65,117,136,500,58.870628,1.1847,nan,nan
clsQDEIM,0.01,6,0.9999999,65,117,136,500,3.054735,1.17978,0.000247999,0.34196
SOPT,0.01,6,0.9999999,65,117,136,550,4.528337,1.20642,0.000216086,0.270474
gappy-POD,0.01,6,0.9999999,65,117,136,550,3.511858,1.21281,0.000212184,0.243593
QDEIM,0.01,6,0.9999999,65,117,136,550,5.522204,1.20174,0.000238443,0.241048
clsSOPT,0.01,6,0.9999999,65,117,136,550,4.528337,1.20996,0.000229754,0.288438
clsgappy-POD,0.01,6,0.9999999,65,117,136,550,64.032101,1.19998,nan,nan
clsQDEIM,0.01,6,0.9999999,65,117,136,550,2.910947,1.2011,0.00023933,0.31977
SOPT,0.01,6,0.9999999,65,117,136,600,4.564760,1.22092,0.000216046,0.266035
gappy-POD,0.01,6,0.9999999,65,117,136,600,4.115706,1.21822,0.00021721,0.236766
QDEIM,0.01,6,0.9999999,65,117,136,600,4.549329,1.21024,0.000244321,0.239844
clsSOPT,0.01,6,0.9999999,65,117,136,600,4.564760,1.21233,0.000224927,0.278794
clsgappy-POD,0.01,6,0.9999999,65,117,136,600,108.495399,1.20664,nan,nan
clsQDEIM,0.01,6,0.9999999,65,117,136,600,2.772817,1.20582,0.000242919,0.308464
