method,t,dt,ef,rxdim,rvdim,nsr,time,errx,errv
SOPT,0.01,0,0.9,2,4,5,50,7.722936,0.148603,0.0008645,0.151689
gappy-POD,0.01,0,0.9,2,4,5,50,1.579353,0.0840362,0.00141287,0.227996
QDEIM,0.01,0,0.9,2,4,5,50,1.555936,0.108485,0.00123457,0.205228
clsSOPT,0.01,0,0.9,2,4,5,50,7.722936,0.0962737,0.00111702,0.208469
clsgappy-POD,0.01,0,0.9,2,4,5,50,25.845921,0.0919898,0.000995143,0.612795
clsQDEIM,0.01,0,0.9,2,4,5,50,1.727493,0.137462,0.000869957,0.166952
SOPT,0.01,0,0.9,2,4,5,100,138.189563,0.202245,0.000582585,0.110301
gappy-POD,0.01,0,0.9,2,4,5,100,1.370527,0.182212,0.000775044,0.139064
QDEIM,0.01,0,0.9,2,4,5,100,1.584878,0.180469,0.000951436,0.166291
clsSOPT,0.01,0,0.9,2,4,5,100,138.189563,0.153212,0.000682675,0.188317
clsgappy-POD,0.01,0,0.9,2,4,5,100,21.899566,0.13965,0.000828523,0.674411
clsQDEIM,0.01,0,0.9,2,4,5,100,1.546523,0.175795,0.000635234,0.124099
SOPT,0.01,0,0.9,2,4,5,150,122.472228,0.242234,0.000397153,0.0777631
gappy-POD,0.01,0,0.9,2,4,5,150,1.343816,0.245169,0.000481055,0.100462
QDEIM,0.01,0,0.9,2,4,5,150,1.678025,0.246931,0.000533918,0.107847
clsSOPT,0.01,0,0.9,2,4,5,150,122.472228,0.198452,0.000443449,0.138028
clsgappy-POD,0.01,0,0.9,2,4,5,150,26.759348,0.200148,0.00049678,1.12593
clsQDEIM,0.01,0,0.9,2,4,5,150,1.200035,0.209238,0.00042931,0.0955756
SOPT,0.01,0,0.9,2,4,5,200,3.783815,0.266791,0.000268586,0.055386
gappy-POD,0.01,0,0.9,2,4,5,200,1.531708,0.259641,0.000447019,0.0957102
QDEIM,0.01,0,0.9,2,4,5,200,1.557199,0.263124,0.000421333,0.0924198
clsSOPT,0.01,0,0.9,2,4,5,200,3.783815,0.219484,0.000355112,0.107126
clsgappy-POD,0.01,0,0.9,2,4,5,200,26.710185,0.238004,0.00030173,1.09567
clsQDEIM,0.01,0,0.9,2,4,5,200,1.354731,0.235524,0.000408049,0.0863716
SOPT,0.01,0,0.9,2,4,5,250,4.554961,0.285915,0.000227885,0.0475283
gappy-POD,0.01,0,0.9,2,4,5,250,1.612774,0.26351,0.000443932,0.095273
QDEIM,0.01,0,0.9,2,4,5,250,1.517936,0.270382,0.000365326,0.0840327
clsSOPT,0.01,0,0.9,2,4,5,250,4.554961,0.237938,0.000318798,0.0772492
clsgappy-POD,0.01,0,0.9,2,4,5,250,28.654238,0.250533,0.000285271,1.26735
clsQDEIM,0.01,0,0.9,2,4,5,250,1.167703,0.237635,0.000402646,0.086882
SOPT,0.01,0,0.9,2,4,5,300,4.309514,0.305205,0.000216137,0.0436443
gappy-POD,0.01,0,0.9,2,4,5,300,1.703710,0.264207,0.000443937,0.0952428
QDEIM,0.01,0,0.9,2,4,5,300,1.648873,0.270342,0.000365326,0.0840388
clsSOPT,0.01,0,0.9,2,4,5,300,4.309514,0.251167,0.000279798,0.0626205
clsgappy-POD,0.01,0,0.9,2,4,5,300,24.963457,0.283741,0.000224922,1.274
clsQDEIM,0.01,0,0.9,2,4,5,300,1.166532,0.264927,0.000331161,0.0759634
SOPT,0.01,0,0.9,2,4,5,350,3.348567,0.300584,0.000214797,0.0483913
gappy-POD,0.01,0,0.9,2,4,5,350,1.985090,0.278351,0.000325154,0.0771326
QDEIM,0.01,0,0.9,2,4,5,350,1.869811,0.280471,0.000285763,0.0713163
clsSOPT,0.01,0,0.9,2,4,5,350,3.348567,0.257698,0.000249828,0.0540632
clsgappy-POD,0.01,0,0.9,2,4,5,350,25.619876,0.285659,0.000222062,1.13769
clsQDEIM,0.01,0,0.9,2,4,5,350,1.231528,0.27962,0.000256834,0.0684326
SOPT,0.01,0,0.9,2,4,5,400,3.036952,0.304179,0.000214504,0.0503291
gappy-POD,0.01,0,0.9,2,4,5,400,1.896708,0.298683,0.000220113,0.055624
QDEIM,0.01,0,0.9,2,4,5,400,2.159915,0.287451,0.000241363,0.0626064
clsSOPT,0.01,0,0.9,2,4,5,400,3.036952,0.272876,0.000229382,0.0502173
clsgappy-POD,0.01,0,0.9,2,4,5,400,24.702949,0.288261,0.000217177,1.00492
clsQDEIM,0.01,0,0.9,2,4,5,400,1.167942,0.298171,0.000219868,0.0608717
SOPT,0.01,0,0.9,2,4,5,450,2.669471,0.30781,0.000214348,0.05025
gappy-POD,0.01,0,0.9,2,4,5,450,2.146278,0.304127,0.000214354,0.050136
QDEIM,0.01,0,0.9,2,4,5,450,2.112845,0.296416,0.000214944,0.0525369
clsSOPT,0.01,0,0.9,2,4,5,450,2.669471,0.285645,0.000220048,0.0471578
clsgappy-POD,0.01,0,0.9,2,4,5,450,26.302537,0.301621,0.000217752,0.995301
clsQDEIM,0.01,0,0.9,2,4,5,450,1.147912,0.306177,0.000215049,0.0564894
SOPT,0.01,0,0.9,2,4,5,500,2.171763,0.309539,0.000214334,0.0480068
gappy-POD,0.01,0,0.9,2,4,5,500,2.386969,0.307126,0.000214354,0.0500809
QDEIM,0.01,0,0.9,2,4,5,500,2.255173,0.302688,0.000214348,0.0501364
clsSOPT,0.01,0,0.9,2,4,5,500,2.171763,0.291275,0.000215017,0.0470247
clsgappy-POD,0.01,0,0.9,2,4,5,500,25.681225,0.303069,0.000218301,0.743936
clsQDEIM,0.01,0,0.9,2,4,5,500,1.208750,0.306969,0.000214403,0.0540574
SOPT,0.01,0,0.9,2,4,5,550,2.180981,0.307533,0.000214349,0.0488674
gappy-POD,0.01,0,0.9,2,4,5,550,2.392140,0.310082,0.000214354,0.0500552
QDEIM,0.01,0,0.9,2,4,5,550,2.306018,0.311932,0.000214354,0.0500828
clsSOPT,0.01,0,0.9,2,4,5,550,2.180981,0.310127,0.000214235,0.0472929
clsgappy-POD,0.01,0,0.9,2,4,5,550,26.258673,0.307436,0.000214902,0.467859
clsQDEIM,0.01,0,0.9,2,4,5,550,1.181782,0.307693,0.000214372,0.0519645
SOPT,0.01,0,0.9,2,4,5,600,2.338238,0.3092,0.00021435,0.0502505
gappy-POD,0.01,0,0.9,2,4,5,600,2.465048,0.309442,0.000214354,0.0500913
QDEIM,0.01,0,0.9,2,4,5,600,2.174898,0.30828,0.000214354,0.0501703
clsSOPT,0.01,0,0.9,2,4,5,600,2.338238,0.308712,0.000214235,0.0472115
clsgappy-POD,0.01,0,0.9,2,4,5,600,27.181597,0.307102,0.000214278,0.240751
clsQDEIM,0.01,0,0.9,2,4,5,600,1.190443,0.308059,0.000214354,0.0490308
SOPT,0.01,0,0.9,2,4,5,650,2.546644,0.313902,0.000214352,0.0502446
gappy-POD,0.01,0,0.9,2,4,5,650,2.231365,0.312123,0.000214354,0.0500775
QDEIM,0.01,0,0.9,2,4,5,650,1.836648,0.310749,0.000214354,0.0501522
clsSOPT,0.01,0,0.9,2,4,5,650,2.546644,0.307019,0.000214324,0.0465456
clsgappy-POD,0.01,0,0.9,2,4,5,650,25.264051,0.308098,0.000214286,0.0994216
clsQDEIM,0.01,0,0.9,2,4,5,650,1.100687,0.309865,0.00021435,0.0491404
SOPT,0.01,0,0.9,2,4,5,700,2.564644,0.309182,0.000214349,0.0497901
gappy-POD,0.01,0,0.9,2,4,5,700,1.977596,0.312572,0.000214354,0.0501105
QDEIM,0.01,0,0.9,2,4,5,700,1.942197,0.314653,0.000214354,0.0501273
clsSOPT,0.01,0,0.9,2,4,5,700,2.564644,0.30979,0.000214328,0.0469541
clsgappy-POD,0.01,0,0.9,2,4,5,700,25.807957,0.310623,0.000214308,0.0471916
clsQDEIM,0.01,0,0.9,2,4,5,700,1.169003,0.307107,0.000214351,0.04933
SOPT,0.01,0,0.9,2,4,5,750,2.752920,0.308117,0.000214349,0.0494343
gappy-POD,0.01,0,0.9,2,4,5,750,1.903031,0.309916,0.000214354,0.0501254
QDEIM,0.01,0,0.9,2,4,5,750,2.117894,0.309274,0.000214354,0.050132
clsSOPT,0.01,0,0.9,2,4,5,750,2.752920,0.306749,0.000214331,0.0474687
clsgappy-POD,0.01,0,0.9,2,4,5,750,26.141816,0.310534,0.000214312,0.0420954
clsQDEIM,0.01,0,0.9,2,4,5,750,1.090518,0.30882,0.000214341,0.0491119
SOPT,0.01,0,0.9,2,4,5,800,3.021834,0.311067,0.000214354,0.0498799
gappy-POD,0.01,0,0.9,2,4,5,800,2.002590,0.309758,0.000214353,0.0500584
QDEIM,0.01,0,0.9,2,4,5,800,2.305496,0.312533,0.000214354,0.0500966
clsSOPT,0.01,0,0.9,2,4,5,800,3.021834,0.310966,0.000214336,0.0480623
clsgappy-POD,0.01,0,0.9,2,4,5,800,26.991883,0.310405,0.000214313,0.0384787
clsQDEIM,0.01,0,0.9,2,4,5,800,1.154267,0.304713,0.000214347,0.0496485
SOPT,0.01,0,0.9,2,4,5,850,3.390732,0.31165,0.000214356,0.0501645
gappy-POD,0.01,0,0.9,2,4,5,850,5.582417,0.307691,0.000214354,0.0501343
QDEIM,0.01,0,0.9,2,4,5,850,5.739923,0.309458,0.000214354,0.0501003
clsSOPT,0.01,0,0.9,2,4,5,850,3.390732,0.308526,0.000214341,0.0487149
clsgappy-POD,0.01,0,0.9,2,4,5,850,27.912076,0.312585,0.000214272,0.0522058
clsQDEIM,0.01,0,0.9,2,4,5,850,1.186950,0.305354,0.000214349,0.049705
SOPT,0.01,0,0.9,2,4,5,900,3.884572,0.305364,0.000214354,0.0500269
gappy-POD,0.01,0,0.9,2,4,5,900,5.482826,0.30984,0.000214354,0.050104
QDEIM,0.01,0,0.9,2,4,5,900,5.580066,0.306083,0.000214354,0.0501136
clsSOPT,0.01,0,0.9,2,4,5,900,3.884572,0.306707,0.000214346,0.0493751
clsgappy-POD,0.01,0,0.9,2,4,5,900,28.725874,0.307356,0.000214274,0.055267
clsQDEIM,0.01,0,0.9,2,4,5,900,1.221492,0.305727,0.000214345,0.0493477
SOPT,0.01,0,0.9,2,4,5,950,3.294155,0.307408,0.000214353,0.0501044
gappy-POD,0.01,0,0.9,2,4,5,950,5.306144,0.307333,0.000214353,0.0500574
QDEIM,0.01,0,0.9,2,4,5,950,5.205966,0.30698,0.000214353,0.050091
clsSOPT,0.01,0,0.9,2,4,5,950,3.294155,0.310089,0.000214348,0.0493917
clsgappy-POD,0.01,0,0.9,2,4,5,950,29.822026,0.308905,0.000214265,0.0464597
clsQDEIM,0.01,0,0.9,2,4,5,950,1.286465,0.306426,0.000214354,0.0502775
SOPT,0.01,0,0.9,2,4,5,1000,3.407197,0.307146,0.000214354,0.0499508
gappy-POD,0.01,0,0.9,2,4,5,1000,5.038490,0.308161,0.000214353,0.050057
QDEIM,0.01,0,0.9,2,4,5,1000,5.063009,0.312154,0.000214354,0.0501051
clsSOPT,0.01,0,0.9,2,4,5,1000,3.407197,0.308261,0.000214353,0.0497907
clsgappy-POD,0.01,0,0.9,2,4,5,1000,29.890239,0.310942,0.000214292,0.0382273
clsQDEIM,0.01,0,0.9,2,4,5,1000,1.239469,0.309892,0.000214342,0.0490401
SOPT,0.01,0,0.9,2,4,5,1050,3.473849,0.309814,0.000214354,0.0499727
gappy-POD,0.01,0,0.9,2,4,5,1050,4.811126,0.307194,0.000214354,0.0500975
QDEIM,0.01,0,0.9,2,4,5,1050,4.692458,0.311532,0.000214354,0.0500981
clsSOPT,0.01,0,0.9,2,4,5,1050,3.473849,0.305978,0.000214352,0.049762
clsgappy-POD,0.01,0,0.9,2,4,5,1050,9.336439,0.310842,0.000214286,0.0365753
clsQDEIM,0.01,0,0.9,2,4,5,1050,1.215698,0.306601,0.000214351,0.0495677
SOPT,0.01,0,0.9,2,4,5,1100,3.903274,0.306516,0.000214353,0.0498762
gappy-POD,0.01,0,0.9,2,4,5,1100,4.652364,0.307128,0.000214354,0.050097
QDEIM,0.01,0,0.9,2,4,5,1100,4.580744,0.309613,0.000214354,0.0500968
clsSOPT,0.01,0,0.9,2,4,5,1100,3.903274,0.307231,0.000214349,0.0494661
clsgappy-POD,0.01,0,0.9,2,4,5,1100,6.739970,0.309076,0.00021429,0.0383931
clsQDEIM,0.01,0,0.9,2,4,5,1100,1.316210,0.307704,0.000214355,0.049874
SOPT,0.01,0,0.9,2,4,5,1150,4.483498,0.308058,0.000214353,0.0499973
gappy-POD,0.01,0,0.9,2,4,5,1150,4.659515,0.312717,0.000214354,0.0500968
QDEIM,0.01,0,0.9,2,4,5,1150,4.662883,0.310012,0.000214354,0.0500968
clsSOPT,0.01,0,0.9,2,4,5,1150,4.483498,0.309854,0.000214349,0.0494835
clsgappy-POD,0.01,0,0.9,2,4,5,1150,7.035003,0.311371,0.000214303,0.0450944
clsQDEIM,0.01,0,0.9,2,4,5,1150,1.370193,0.313221,0.00021435,0.0495747
SOPT,0.01,1,0.99,4,8,11,50,2.735712,0.142576,0.000671999,0.132668
gappy-POD,0.01,1,0.99,4,8,11,50,3.222733,0.0737819,0.00141594,0.379196
QDEIM,0.01,1,0.99,4,8,11,50,3.558048,0.111881,0.00118266,0.327157
clsSOPT,0.01,1,0.99,4,8,11,50,2.735712,0.129475,0.000897437,0.204573
clsgappy-POD,0.01,1,0.99,4,8,11,50,22.679233,0.102133,0.00130662,1.2237
clsQDEIM,0.01,1,0.99,4,8,11,50,2.168621,0.125406,0.000767809,0.156054
SOPT,0.01,1,0.99,4,8,11,100,2.457233,0.208295,0.000306782,0.0881567
gappy-POD,0.01,1,0.99,4,8,11,100,2.028798,0.118573,0.00127044,0.335877
QDEIM,0.01,1,0.99,4,8,11,100,2.853290,0.166882,0.000734963,0.165032
clsSOPT,0.01,1,0.99,4,8,11,100,2.457233,0.163532,0.000641313,0.143756
clsgappy-POD,0.01,1,0.99,4,8,11,100,21.627258,0.154662,0.000952339,2.30541
clsQDEIM,0.01,1,0.99,4,8,11,100,1.686004,0.17754,0.000476233,0.0837701
SOPT,0.01,1,0.99,4,8,11,150,2.262042,0.250159,0.000238616,0.0686893
gappy-POD,0.01,1,0.99,4,8,11,150,1.668498,0.160132,0.00102164,0.267366
QDEIM,0.01,1,0.99,4,8,11,150,3.191262,0.232116,0.000420453,0.0977871
clsSOPT,0.01,1,0.99,4,8,11,150,2.262042,0.189124,0.000496793,0.102392
clsgappy-POD,0.01,1,0.99,4,8,11,150,22.612825,0.19226,0.000843529,3.06943
clsQDEIM,0.01,1,0.99,4,8,11,150,1.591588,0.20702,0.000357347,0.0841262
SOPT,0.01,1,0.99,4,8,11,200,3.224789,0.2678,0.000226272,0.0673787
gappy-POD,0.01,1,0.99,4,8,11,200,1.755092,0.222328,0.000611314,0.16789
QDEIM,0.01,1,0.99,4,8,11,200,2.968345,0.264425,0.00037068,0.095488
clsSOPT,0.01,1,0.99,4,8,11,200,3.224789,0.209357,0.000423835,0.0901957
clsgappy-POD,0.01,1,0.99,4,8,11,200,25.798401,0.221138,0.000739358,3.4957
clsQDEIM,0.01,1,0.99,4,8,11,200,1.312992,0.252767,0.000243191,0.0602458
SOPT,0.01,1,0.99,4,8,11,250,2.846328,0.283077,0.000216505,0.0615382
gappy-POD,0.01,1,0.99,4,8,11,250,1.794001,0.26016,0.000479249,0.129511
QDEIM,0.01,1,0.99,4,8,11,250,2.674963,0.283701,0.000318836,0.0880208
clsSOPT,0.01,1,0.99,4,8,11,250,2.846328,0.237627,0.000331329,0.0726454
clsgappy-POD,0.01,1,0.99,4,8,11,250,25.701035,0.234967,0.000718897,3.56206
clsQDEIM,0.01,1,0.99,4,8,11,250,1.357930,0.278742,0.000219347,0.0516138
SOPT,0.01,1,0.99,4,8,11,300,2.511212,0.301926,0.000198629,0.0590345
gappy-POD,0.01,1,0.99,4,8,11,300,1.667978,0.274982,0.000384609,0.11172
QDEIM,0.01,1,0.99,4,8,11,300,2.800237,0.292065,0.000266422,0.076565
clsSOPT,0.01,1,0.99,4,8,11,300,2.511212,0.263335,0.00022897,0.066599
clsgappy-POD,0.01,1,0.99,4,8,11,300,26.937423,0.253836,0.000691544,3.81004
clsQDEIM,0.01,1,0.99,4,8,11,300,1.316500,0.285369,0.000211304,0.0492398
SOPT,0.01,1,0.99,4,8,11,350,3.629330,0.308284,0.000198343,0.0569635
gappy-POD,0.01,1,0.99,4,8,11,350,1.789125,0.282018,0.00032592,0.0992697
QDEIM,0.01,1,0.99,4,8,11,350,2.495591,0.291028,0.000266502,0.0764807
clsSOPT,0.01,1,0.99,4,8,11,350,3.629330,0.28071,0.000222271,0.0753995
clsgappy-POD,0.01,1,0.99,4,8,11,350,27.912331,0.267373,0.000667472,3.91842
clsQDEIM,0.01,1,0.99,4,8,11,350,1.255559,0.287704,0.000211073,0.0504926
SOPT,0.01,1,0.99,4,8,11,400,3.435002,0.308173,0.000198248,0.0566415
gappy-POD,0.01,1,0.99,4,8,11,400,2.142288,0.299689,0.000214647,0.0642447
QDEIM,0.01,1,0.99,4,8,11,400,2.277251,0.292535,0.00026645,0.0766345
clsSOPT,0.01,1,0.99,4,8,11,400,3.435002,0.284425,0.000214954,0.0728343
clsgappy-POD,0.01,1,0.99,4,8,11,400,26.563688,0.285466,0.000632763,4.07293
clsQDEIM,0.01,1,0.99,4,8,11,400,1.323494,0.300108,0.000202021,0.0524992
SOPT,0.01,1,0.99,4,8,11,450,3.778168,0.309289,0.000198154,0.0544288
gappy-POD,0.01,1,0.99,4,8,11,450,2.162522,0.305657,0.00020182,0.0576846
QDEIM,0.01,1,0.99,4,8,11,450,2.342814,0.293759,0.000242297,0.0726124
clsSOPT,0.01,1,0.99,4,8,11,450,3.778168,0.2892,0.000211328,0.0717828
clsgappy-POD,0.01,1,0.99,4,8,11,450,25.418961,0.296222,0.000281748,1.56131
clsQDEIM,0.01,1,0.99,4,8,11,450,1.233613,0.297554,0.000202013,0.0528023
SOPT,0.01,1,0.99,4,8,11,500,4.657162,0.314154,0.000198098,0.0540882
gappy-POD,0.01,1,0.99,4,8,11,500,2.250423,0.312569,0.000198089,0.0538158
QDEIM,0.01,1,0.99,4,8,11,500,2.665854,0.300153,0.000214294,0.0621191
clsSOPT,0.01,1,0.99,4,8,11,500,4.657162,0.295221,0.000204085,0.0654847
clsgappy-POD,0.01,1,0.99,4,8,11,500,24.875108,0.303791,0.000279869,1.62122
clsQDEIM,0.01,1,0.99,4,8,11,500,1.267982,0.301633,0.000200197,0.052031
SOPT,0.01,1,0.99,4,8,11,550,5.656564,0.312942,0.000198121,0.0541527
gappy-POD,0.01,1,0.99,4,8,11,550,2.388815,0.313041,0.00019809,0.0538567
QDEIM,0.01,1,0.99,4,8,11,550,2.728527,0.30798,0.000199346,0.0554382
clsSOPT,0.01,1,0.99,4,8,11,550,5.656564,0.302007,0.000200453,0.061048
clsgappy-POD,0.01,1,0.99,4,8,11,550,24.768598,0.31281,0.000257554,1.59437
clsQDEIM,0.01,1,0.99,4,8,11,550,1.613741,0.309018,0.000198136,0.0522455
SOPT,0.01,1,0.99,4,8,11,600,4.793088,0.30907,0.000198107,0.0539995
gappy-POD,0.01,1,0.99,4,8,11,600,2.410869,0.312307,0.000198083,0.0538291
QDEIM,0.01,1,0.99,4,8,11,600,5.406939,0.312697,0.000198086,0.053846
clsSOPT,0.01,1,0.99,4,8,11,600,4.793088,0.30568,0.000198579,0.0549797
clsgappy-POD,0.01,1,0.99,4,8,11,600,26.029539,0.310824,0.000265305,1.7245
clsQDEIM,0.01,1,0.99,4,8,11,600,1.255221,0.311447,0.00019817,0.0522139
SOPT,0.01,1,0.99,4,8,11,650,3.257149,0.313537,0.000198086,0.0540071
gappy-POD,0.01,1,0.99,4,8,11,650,2.421750,0.316989,0.000198084,0.0538138
QDEIM,0.01,1,0.99,4,8,11,650,5.106214,0.314107,0.000198077,0.0538488
clsSOPT,0.01,1,0.99,4,8,11,650,3.257149,0.312131,0.000198406,0.0539972
clsgappy-POD,0.01,1,0.99,4,8,11,650,25.757535,0.313584,0.000209473,0.466083
clsQDEIM,0.01,1,0.99,4,8,11,650,1.259249,0.317105,0.000197945,0.0529247
SOPT,0.01,1,0.99,4,8,11,700,3.096479,0.314859,0.000198081,0.0540168
gappy-POD,0.01,1,0.99,4,8,11,700,2.410544,0.316926,0.000198087,0.0538133
QDEIM,0.01,1,0.99,4,8,11,700,5.283371,0.316604,0.000198078,0.0538355
clsSOPT,0.01,1,0.99,4,8,11,700,3.096479,0.312294,0.000198374,0.0540949
clsgappy-POD,0.01,1,0.99,4,8,11,700,26.485965,0.314131,0.000209801,0.475738
clsQDEIM,0.01,1,0.99,4,8,11,700,1.180678,0.310883,0.000197945,0.0529932
SOPT,0.01,1,0.99,4,8,11,750,3.219120,0.311362,0.000198086,0.0540301
gappy-POD,0.01,1,0.99,4,8,11,750,2.348709,0.313462,0.000198085,0.0538269
QDEIM,0.01,1,0.99,4,8,11,750,5.515701,0.313211,0.000198077,0.053838
clsSOPT,0.01,1,0.99,4,8,11,750,3.219120,0.311234,0.000198323,0.0538695
clsgappy-POD,0.01,1,0.99,4,8,11,750,26.972932,0.312666,0.000206851,0.379207
clsQDEIM,0.01,1,0.99,4,8,11,750,1.207116,0.311424,0.000197953,0.0531256
SOPT,0.01,1,0.99,4,8,11,800,3.350737,0.313578,0.00019807,0.0539209
gappy-POD,0.01,1,0.99,4,8,11,800,3.160937,0.315081,0.000198084,0.0538174
QDEIM,0.01,1,0.99,4,8,11,800,5.562028,0.311849,0.000198082,0.0538165
clsSOPT,0.01,1,0.99,4,8,11,800,3.350737,0.311558,0.000198312,0.0539519
clsgappy-POD,0.01,1,0.99,4,8,11,800,29.189596,0.315054,0.000206787,0.367099
clsQDEIM,0.01,1,0.99,4,8,11,800,1.189097,0.312285,0.00019811,0.0533487
SOPT,0.01,1,0.99,4,8,11,850,3.567396,0.313268,0.000198072,0.053944
gappy-POD,0.01,1,0.99,4,8,11,850,4.520255,0.320003,0.000198085,0.0538259
QDEIM,0.01,1,0.99,4,8,11,850,5.196145,0.319408,0.000198082,0.0537883
clsSOPT,0.01,1,0.99,4,8,11,850,3.567396,0.313504,0.000198206,0.0544022
clsgappy-POD,0.01,1,0.99,4,8,11,850,24.592639,0.316809,0.000207061,0.349633
clsQDEIM,0.01,1,0.99,4,8,11,850,1.177587,0.315449,0.00019812,0.0529998
SOPT,0.01,1,0.99,4,8,11,900,3.937561,0.316403,0.000198045,0.0537389
gappy-POD,0.01,1,0.99,4,8,11,900,4.684931,0.316906,0.000198085,0.0537652
QDEIM,0.01,1,0.99,4,8,11,900,5.001464,0.315942,0.000198085,0.0537972
clsSOPT,0.01,1,0.99,4,8,11,900,3.937561,0.318622,0.000198084,0.0540516
clsgappy-POD,0.01,1,0.99,4,8,11,900,24.624308,0.315912,0.000207064,0.344591
clsQDEIM,0.01,1,0.99,4,8,11,900,1.178920,0.316797,0.000198165,0.0530981
SOPT,0.01,1,0.99,4,8,11,950,4.058126,0.315454,0.00019808,0.0539785
gappy-POD,0.01,1,0.99,4,8,11,950,5.052668,0.315339,0.000198087,0.05383
QDEIM,0.01,1,0.99,4,8,11,950,5.037377,0.318133,0.000198084,0.053828
clsSOPT,0.01,1,0.99,4,8,11,950,4.058126,0.316919,0.000198142,0.0529738
clsgappy-POD,0.01,1,0.99,4,8,11,950,25.498626,0.317945,0.000206603,0.339522
clsQDEIM,0.01,1,0.99,4,8,11,950,1.214035,0.314673,0.000198163,0.0530222
SOPT,0.01,1,0.99,4,8,11,1000,4.124205,0.314678,0.000198091,0.0539193
gappy-POD,0.01,1,0.99,4,8,11,1000,5.048797,0.314608,0.000198087,0.0538316
QDEIM,0.01,1,0.99,4,8,11,1000,5.098435,0.31942,0.000198088,0.0538171
clsSOPT,0.01,1,0.99,4,8,11,1000,4.124205,0.318414,0.000198171,0.0523019
clsgappy-POD,0.01,1,0.99,4,8,11,1000,28.617751,0.319489,0.000206171,0.336467
clsQDEIM,0.01,1,0.99,4,8,11,1000,1.207485,0.314017,0.000198169,0.0530319
SOPT,0.01,1,0.99,4,8,11,1050,4.433836,0.317864,0.000198084,0.0539004
gappy-POD,0.01,1,0.99,4,8,11,1050,5.345451,0.315065,0.000198087,0.0538344
QDEIM,0.01,1,0.99,4,8,11,1050,5.312546,0.317932,0.000198087,0.0538371
clsSOPT,0.01,1,0.99,4,8,11,1050,4.433836,0.315847,0.000198217,0.0522183
clsgappy-POD,0.01,1,0.99,4,8,11,1050,26.796409,0.320884,0.000206078,0.333247
clsQDEIM,0.01,1,0.99,4,8,11,1050,1.216095,0.314906,0.000198162,0.052847
SOPT,0.01,1,0.99,4,8,11,1100,5.085662,0.318362,0.000198089,0.0541411
gappy-POD,0.01,1,0.99,4,8,11,1100,5.698528,0.315573,0.000198087,0.0538376
QDEIM,0.01,1,0.99,4,8,11,1100,5.488033,0.318278,0.000198087,0.0538382
clsSOPT,0.01,1,0.99,4,8,11,1100,5.085662,0.315433,0.000198212,0.0524994
clsgappy-POD,0.01,1,0.99,4,8,11,1100,23.611508,0.319073,0.000205991,0.334261
clsQDEIM,0.01,1,0.99,4,8,11,1100,1.761600,0.315896,0.000198185,0.0528506
SOPT,0.01,1,0.99,4,8,11,1150,5.062171,0.322503,0.000198091,0.0539908
gappy-POD,0.01,1,0.99,4,8,11,1150,5.371441,0.315136,0.000198087,0.0538381
QDEIM,0.01,1,0.99,4,8,11,1150,5.386959,0.321178,0.000198087,0.0538381
clsSOPT,0.01,1,0.99,4,8,11,1150,5.062171,0.315076,0.000198187,0.0526741
clsgappy-POD,0.01,1,0.99,4,8,11,1150,24.105504,0.318354,0.000205886,0.32906
clsQDEIM,0.01,1,0.99,4,8,11,1150,1.162046,0.315451,0.00019817,0.0528641
SOPT,0.01,2,0.999,7,15,23,50,5.313447,0.133496,0.000800957,0.159704
gappy-POD,0.01,2,0.999,7,15,23,50,5.762029,0.101322,0.00117705,0.272708
QDEIM,0.01,2,0.999,7,15,23,50,7.633763,0.103037,0.00109748,0.240847
clsSOPT,0.01,2,0.999,7,15,23,50,5.313447,0.159093,0.000733135,0.161818
clsgappy-POD,0.01,2,0.999,7,15,23,50,123.545036,0.143509,0.000756968,1.47657
clsQDEIM,0.01,2,0.999,7,15,23,50,4.525945,0.144579,0.000821331,0.165647
SOPT,0.01,2,0.999,7,15,23,100,4.001077,0.199197,0.000552778,0.109482
gappy-POD,0.01,2,0.999,7,15,23,100,3.675519,0.120162,0.00112225,0.258949
QDEIM,0.01,2,0.999,7,15,23,100,5.560141,0.145226,0.000871113,0.215903
clsSOPT,0.01,2,0.999,7,15,23,100,4.001077,0.217592,0.000462178,0.113459
clsgappy-POD,0.01,2,0.999,7,15,23,100,60.955784,0.193315,0.000662314,1.31599
clsQDEIM,0.01,2,0.999,7,15,23,100,2.520594,0.198982,0.000533169,0.16652
SOPT,0.01,2,0.999,7,15,23,150,3.431542,0.265525,0.000278062,0.0792285
gappy-POD,0.01,2,0.999,7,15,23,150,2.749434,0.145631,0.000951836,0.211188
QDEIM,0.01,2,0.999,7,15,23,150,5.267384,0.178687,0.000614432,0.189262
clsSOPT,0.01,2,0.999,7,15,23,150,3.431542,0.228657,0.000439528,0.0952431
clsgappy-POD,0.01,2,0.999,7,15,23,150,28.808782,0.224868,0.00053768,1.23322
clsQDEIM,0.01,2,0.999,7,15,23,150,2.044617,0.222636,0.000492063,0.137617
SOPT,0.01,2,0.999,7,15,23,200,2.914996,0.296437,0.000207491,0.0690078
gappy-POD,0.01,2,0.999,7,15,23,200,2.495324,0.157031,0.000957534,0.219243
QDEIM,0.01,2,0.999,7,15,23,200,5.266266,0.210709,0.000441249,0.152793
clsSOPT,0.01,2,0.999,7,15,23,200,2.914996,0.256582,0.000329435,0.0749624
clsgappy-POD,0.01,2,0.999,7,15,23,200,30.124465,0.2581,0.000484638,1.00553
clsQDEIM,0.01,2,0.999,7,15,23,200,1.847603,0.242914,0.000451247,0.135874
SOPT,0.01,2,0.999,7,15,23,250,3.472794,0.304937,0.000200121,0.0617676
gappy-POD,0.01,2,0.999,7,15,23,250,2.433800,0.17869,0.000877636,0.203745
QDEIM,0.01,2,0.999,7,15,23,250,4.314791,0.218282,0.000429339,0.144909
clsSOPT,0.01,2,0.999,7,15,23,250,3.472794,0.263316,0.000315206,0.0683361
clsgappy-POD,0.01,2,0.999,7,15,23,250,29.295412,0.254553,0.000501384,1.24202
clsQDEIM,0.01,2,0.999,7,15,23,250,1.733750,0.26591,0.00036774,0.120547
SOPT,0.01,2,0.999,7,15,23,300,3.238135,0.310799,0.0002001,0.0618875
gappy-POD,0.01,2,0.999,7,15,23,300,2.408168,0.219512,0.000580812,0.135443
QDEIM,0.01,2,0.999,7,15,23,300,4.031675,0.237446,0.000353045,0.127143
clsSOPT,0.01,2,0.999,7,15,23,300,3.238135,0.274293,0.000276781,0.059175
clsgappy-POD,0.01,2,0.999,7,15,23,300,36.670475,0.265323,0.000471578,1.59084
clsQDEIM,0.01,2,0.999,7,15,23,300,1.635938,0.286541,0.000229808,0.0728021
SOPT,0.01,2,0.999,7,15,23,350,3.416365,0.310533,0.000197087,0.0551038
gappy-POD,0.01,2,0.999,7,15,23,350,2.375477,0.253183,0.000391109,0.0962794
QDEIM,0.01,2,0.999,7,15,23,350,4.227855,0.265289,0.000255586,0.0930975
clsSOPT,0.01,2,0.999,7,15,23,350,3.416365,0.281175,0.000259531,0.0614652
clsgappy-POD,0.01,2,0.999,7,15,23,350,37.308908,0.279349,0.000440387,1.43359
clsQDEIM,0.01,2,0.999,7,15,23,350,1.577835,0.29768,0.000212866,0.0658674
SOPT,0.01,2,0.999,7,15,23,400,3.398970,0.313975,0.000197088,0.0550558
gappy-POD,0.01,2,0.999,7,15,23,400,2.603252,0.27724,0.000259047,0.0703495
QDEIM,0.01,2,0.999,7,15,23,400,3.396402,0.276304,0.000215268,0.0730296
clsSOPT,0.01,2,0.999,7,15,23,400,3.398970,0.285408,0.000238766,0.0587461
clsgappy-POD,0.01,2,0.999,7,15,23,400,36.485730,0.281178,0.000454564,1.51462
clsQDEIM,0.01,2,0.999,7,15,23,400,1.588216,0.310794,0.00020095,0.061735
SOPT,0.01,2,0.999,7,15,23,450,4.575070,0.317946,0.000195812,0.0492854
gappy-POD,0.01,2,0.999,7,15,23,450,2.623866,0.298909,0.000209925,0.0531078
QDEIM,0.01,2,0.999,7,15,23,450,3.045868,0.298035,0.000203924,0.066925
clsSOPT,0.01,2,0.999,7,15,23,450,4.575070,0.292339,0.000227327,0.056616
clsgappy-POD,0.01,2,0.999,7,15,23,450,34.058811,0.293427,0.000445487,1.55004
clsQDEIM,0.01,2,0.999,7,15,23,450,1.504167,0.312723,0.000195776,0.0478551
SOPT,0.01,2,0.999,7,15,23,500,4.728485,0.320016,0.000195811,0.0490891
gappy-POD,0.01,2,0.999,7,15,23,500,2.496235,0.306554,0.000196579,0.0480624
QDEIM,0.01,2,0.999,7,15,23,500,3.247636,0.308525,0.000197242,0.055463
clsSOPT,0.01,2,0.999,7,15,23,500,4.728485,0.297188,0.000209434,0.0536166
clsgappy-POD,0.01,2,0.999,7,15,23,500,34.423946,0.295088,0.000449523,1.61534
clsQDEIM,0.01,2,0.999,7,15,23,500,1.487976,0.314027,0.000195734,0.0479968
SOPT,0.01,2,0.999,7,15,23,550,4.370444,0.32312,0.000195548,0.0474033
gappy-POD,0.01,2,0.999,7,15,23,550,2.628065,0.319226,0.000195557,0.0471547
QDEIM,0.01,2,0.999,7,15,23,550,3.498192,0.313521,0.000196392,0.0525693
clsSOPT,0.01,2,0.999,7,15,23,550,4.370444,0.300912,0.000204095,0.0524498
clsgappy-POD,0.01,2,0.999,7,15,23,550,35.783321,0.307305,0.000436878,1.70537
clsQDEIM,0.01,2,0.999,7,15,23,550,1.438789,0.319477,0.000195719,0.0449693
SOPT,0.01,2,0.999,7,15,23,600,4.752991,0.320014,0.000195525,0.0471606
gappy-POD,0.01,2,0.999,7,15,23,600,3.092435,0.323921,0.00019556,0.0472035
QDEIM,0.01,2,0.999,7,15,23,600,3.428484,0.32264,0.000195568,0.0471931
clsSOPT,0.01,2,0.999,7,15,23,600,4.752991,0.306067,0.000200393,0.0500454
clsgappy-POD,0.01,2,0.999,7,15,23,600,32.707110,0.320868,0.000427529,1.71638
clsQDEIM,0.01,2,0.999,7,15,23,600,1.433207,0.317147,0.000195686,0.0451462
SOPT,0.01,2,0.999,7,15,23,650,3.846841,0.323008,0.000195545,0.0473621
gappy-POD,0.01,2,0.999,7,15,23,650,2.976152,0.321507,0.00019556,0.0472616
QDEIM,0.01,2,0.999,7,15,23,650,3.233232,0.325645,0.000195565,0.047131
clsSOPT,0.01,2,0.999,7,15,23,650,3.846841,0.313242,0.000197267,0.0498245
clsgappy-POD,0.01,2,0.999,7,15,23,650,31.714752,0.320257,0.000429637,1.84952
clsQDEIM,0.01,2,0.999,7,15,23,650,1.362849,0.322756,0.000195645,0.0451098
SOPT,0.01,2,0.999,7,15,23,700,5.243867,0.322755,0.000195537,0.04773
gappy-POD,0.01,2,0.999,7,15,23,700,2.920555,0.319827,0.000195561,0.0471839
QDEIM,0.01,2,0.999,7,15,23,700,3.447483,0.321202,0.000195556,0.047041
clsSOPT,0.01,2,0.999,7,15,23,700,5.243867,0.316993,0.00019595,0.0466948
clsgappy-POD,0.01,2,0.999,7,15,23,700,31.136612,0.321388,0.000440268,1.81557
clsQDEIM,0.01,2,0.999,7,15,23,700,1.393883,0.323229,0.000195618,0.0452938
SOPT,0.01,2,0.999,7,15,23,750,4.370257,0.321482,0.00019554,0.0477087
gappy-POD,0.01,2,0.999,7,15,23,750,2.851510,0.324177,0.000195555,0.0473
QDEIM,0.01,2,0.999,7,15,23,750,3.476804,0.323429,0.000195558,0.0471374
clsSOPT,0.01,2,0.999,7,15,23,750,4.370257,0.322842,0.000195633,0.0460591
clsgappy-POD,0.01,2,0.999,7,15,23,750,35.981529,0.32671,0.000447393,1.85569
clsQDEIM,0.01,2,0.999,7,15,23,750,1.400105,0.326779,0.000195645,0.045786
SOPT,0.01,2,0.999,7,15,23,800,4.172070,0.323024,0.000195524,0.0477653
gappy-POD,0.01,2,0.999,7,15,23,800,3.160782,0.323717,0.000195561,0.0472101
QDEIM,0.01,2,0.999,7,15,23,800,3.511085,0.321552,0.000195557,0.0471877
clsSOPT,0.01,2,0.999,7,15,23,800,4.172070,0.32041,0.000195646,0.0460457
clsgappy-POD,0.01,2,0.999,7,15,23,800,38.940613,0.320733,0.000454908,1.93885
clsQDEIM,0.01,2,0.999,7,15,23,800,1.319489,0.32116,0.000195617,0.0457116
SOPT,0.01,2,0.999,7,15,23,850,4.089126,0.323262,0.000195539,0.0474664
gappy-POD,0.01,2,0.999,7,15,23,850,3.721154,0.3236,0.000195561,0.0472146
QDEIM,0.01,2,0.999,7,15,23,850,3.681402,0.322565,0.00019556,0.047227
clsSOPT,0.01,2,0.999,7,15,23,850,4.089126,0.321224,0.000195655,0.04598
clsgappy-POD,0.01,2,0.999,7,15,23,850,39.300927,0.322024,0.000463735,1.96962
clsQDEIM,0.01,2,0.999,7,15,23,850,1.353202,0.323976,0.000195725,0.0474533
SOPT,0.01,2,0.999,7,15,23,900,3.697828,0.326032,0.000195536,0.047586
gappy-POD,0.01,2,0.999,7,15,23,900,3.613525,0.321721,0.00019556,0.0472241
QDEIM,0.01,2,0.999,7,15,23,900,4.026540,0.323708,0.00019556,0.0472158
clsSOPT,0.01,2,0.999,7,15,23,900,3.697828,0.321254,0.00019562,0.0461993
clsgappy-POD,0.01,2,0.999,7,15,23,900,49.364687,0.321871,0.000474707,1.91801
clsQDEIM,0.01,2,0.999,7,15,23,900,1.310661,0.322182,0.000195682,0.0471444
SOPT,0.01,2,0.999,7,15,23,950,4.228761,0.322374,0.000195551,0.0475994
gappy-POD,0.01,2,0.999,7,15,23,950,3.583604,0.32343,0.000195561,0.0472007
QDEIM,0.01,2,0.999,7,15,23,950,3.593342,0.328315,0.000195561,0.0472166
clsSOPT,0.01,2,0.999,7,15,23,950,4.228761,0.321496,0.000195621,0.0461222
clsgappy-POD,0.01,2,0.999,7,15,23,950,43.740215,0.322909,0.000477052,1.96082
clsQDEIM,0.01,2,0.999,7,15,23,950,1.329160,0.322495,0.000195605,0.0460617
SOPT,0.01,2,0.999,7,15,23,1000,4.723599,0.327528,0.000195547,0.047384
gappy-POD,0.01,2,0.999,7,15,23,1000,3.348280,0.327323,0.00019556,0.0472086
QDEIM,0.01,2,0.999,7,15,23,1000,3.317491,0.325044,0.00019556,0.0472006
clsSOPT,0.01,2,0.999,7,15,23,1000,4.723599,0.327049,0.00019559,0.0456577
clsgappy-POD,0.01,2,0.999,7,15,23,1000,41.303614,0.324645,0.000478181,1.94749
clsQDEIM,0.01,2,0.999,7,15,23,1000,1.313774,0.322687,0.000195619,0.0461012
SOPT,0.01,2,0.999,7,15,23,1050,4.187766,0.324449,0.00019554,0.0473961
gappy-POD,0.01,2,0.999,7,15,23,1050,5.408059,0.327125,0.000195561,0.0472137
QDEIM,0.01,2,0.999,7,15,23,1050,3.965385,0.325341,0.000195559,0.0471917
clsSOPT,0.01,2,0.999,7,15,23,1050,4.187766,0.326088,0.000195588,0.0456058
clsgappy-POD,0.01,2,0.999,7,15,23,1050,38.514684,0.325988,0.000474973,1.92117
clsQDEIM,0.01,2,0.999,7,15,23,1050,1.283030,0.327512,0.000195592,0.0458269
SOPT,0.01,2,0.999,7,15,23,1100,5.076557,0.323092,0.000195551,0.0474512
gappy-POD,0.01,2,0.999,7,15,23,1100,4.175922,0.323685,0.00019556,0.0472084
QDEIM,0.01,2,0.999,7,15,23,1100,4.183063,0.330539,0.000195561,0.0472016
clsSOPT,0.01,2,0.999,7,15,23,1100,5.076557,0.325838,0.000195581,0.0456831
clsgappy-POD,0.01,2,0.999,7,15,23,1100,37.679655,0.325626,0.000475487,1.92243
clsQDEIM,0.01,2,0.999,7,15,23,1100,1.259673,0.321908,0.000195572,0.0456303
SOPT,0.01,2,0.999,7,15,23,1150,4.999969,0.326423,0.000195558,0.0472099
gappy-POD,0.01,2,0.999,7,15,23,1150,3.664454,0.325076,0.000195561,0.0472011
QDEIM,0.01,2,0.999,7,15,23,1150,3.670477,0.323158,0.000195561,0.047201
clsSOPT,0.01,2,0.999,7,15,23,1150,4.999969,0.328643,0.000195566,0.0457249
clsgappy-POD,0.01,2,0.999,7,15,23,1150,42.132694,0.32554,0.000475759,1.92017
clsQDEIM,0.01,2,0.999,7,15,23,1150,1.428881,0.328934,0.000195562,0.0454594
SOPT,0.01,3,0.9999,11,27,36,50,13.445744,0.14079,0.000773169,0.188154
gappy-POD,0.01,3,0.9999,11,27,36,50,13.623122,0.106915,0.00123287,0.319182
QDEIM,0.01,3,0.9999,11,27,36,50,12.821042,0.114622,0.00103299,0.285059
clsSOPT,0.01,3,0.9999,11,27,36,50,13.445744,0.161727,0.00077555,0.133976
clsgappy-POD,0.01,3,0.9999,11,27,36,50,835.281343,0.149799,0.000980584,2.57514
clsQDEIM,0.01,3,0.9999,11,27,36,50,9.564614,0.182859,0.000623566,0.130008
SOPT,0.01,3,0.9999,11,27,36,100,4.661135,0.193891,0.000534918,0.126153
gappy-POD,0.01,3,0.9999,11,27,36,100,4.463073,0.155997,0.000998459,0.247186
QDEIM,0.01,3,0.9999,11,27,36,100,4.833300,0.159141,0.00077341,0.232621
clsSOPT,0.01,3,0.9999,11,27,36,100,4.661135,0.202334,0.000466593,0.110054
clsgappy-POD,0.01,3,0.9999,11,27,36,100,66.188630,0.251518,0.000606463,1.53293
clsQDEIM,0.01,3,0.9999,11,27,36,100,3.322927,0.234911,0.000382415,0.11791
SOPT,0.01,3,0.9999,11,27,36,150,3.799798,0.218352,0.000398507,0.115091
gappy-POD,0.01,3,0.9999,11,27,36,150,3.652473,0.183006,0.000900692,0.225123
QDEIM,0.01,3,0.9999,11,27,36,150,4.050111,0.196838,0.000583549,0.176113
clsSOPT,0.01,3,0.9999,11,27,36,150,3.799798,0.241778,0.000311998,0.109471
clsgappy-POD,0.01,3,0.9999,11,27,36,150,69.657692,0.23993,0.000552264,1.20385
clsQDEIM,0.01,3,0.9999,11,27,36,150,2.963695,0.251384,0.000315822,0.0961511
SOPT,0.01,3,0.9999,11,27,36,200,3.242247,0.257112,0.000272047,0.105556
gappy-POD,0.01,3,0.9999,11,27,36,200,2.917989,0.204224,0.000833245,0.213368
QDEIM,0.01,3,0.9999,11,27,36,200,3.222264,0.215517,0.000526084,0.170278
clsSOPT,0.01,3,0.9999,11,27,36,200,3.242247,0.262775,0.0002771,0.100016
clsgappy-POD,0.01,3,0.9999,11,27,36,200,54.814010,0.248783,0.000495462,1.05107
clsQDEIM,0.01,3,0.9999,11,27,36,200,2.252784,0.265628,0.00029906,0.0853731
SOPT,0.01,3,0.9999,11,27,36,250,2.828377,0.287135,0.000221013,0.0947797
gappy-POD,0.01,3,0.9999,11,27,36,250,3.037144,0.221372,0.000662003,0.205347
QDEIM,0.01,3,0.9999,11,27,36,250,2.973267,0.245322,0.00039741,0.166374
clsSOPT,0.01,3,0.9999,11,27,36,250,2.828377,0.277817,0.000228021,0.0796738
clsgappy-POD,0.01,3,0.9999,11,27,36,250,41.812179,0.283085,0.000357861,1.03928
clsQDEIM,0.01,3,0.9999,11,27,36,250,2.035888,0.270768,0.000288541,0.0853245
SOPT,0.01,3,0.9999,11,27,36,300,2.751703,0.301846,0.000201164,0.0853316
gappy-POD,0.01,3,0.9999,11,27,36,300,2.622944,0.26141,0.000413791,0.187112
QDEIM,0.01,3,0.9999,11,27,36,300,2.941717,0.267635,0.000317259,0.162153
clsSOPT,0.01,3,0.9999,11,27,36,300,2.751703,0.294847,0.00020183,0.0809586
clsgappy-POD,0.01,3,0.9999,11,27,36,300,52.795463,0.286818,0.000354397,1.09775
clsQDEIM,0.01,3,0.9999,11,27,36,300,1.909501,0.280058,0.000248665,0.0818684
SOPT,0.01,3,0.9999,11,27,36,350,2.723420,0.308222,0.00019639,0.0787204
gappy-POD,0.01,3,0.9999,11,27,36,350,2.647295,0.267658,0.000372519,0.181188
QDEIM,0.01,3,0.9999,11,27,36,350,2.988052,0.30723,0.000256863,0.112901
clsSOPT,0.01,3,0.9999,11,27,36,350,2.723420,0.309865,0.000196574,0.0633815
clsgappy-POD,0.01,3,0.9999,11,27,36,350,70.960572,0.292269,0.000458321,1.54369
clsQDEIM,0.01,3,0.9999,11,27,36,350,1.824569,0.286401,0.000229772,0.0761864
SOPT,0.01,3,0.9999,11,27,36,400,2.604864,0.323939,0.000194851,0.0637123
gappy-POD,0.01,3,0.9999,11,27,36,400,2.582244,0.284975,0.000281463,0.144801
QDEIM,0.01,3,0.9999,11,27,36,400,2.948306,0.289011,0.000256721,0.112457
clsSOPT,0.01,3,0.9999,11,27,36,400,2.604864,0.308117,0.000196682,0.0614051
clsgappy-POD,0.01,3,0.9999,11,27,36,400,61.893935,0.303743,0.000426391,1.52625
clsQDEIM,0.01,3,0.9999,11,27,36,400,1.881857,0.301761,0.000199234,0.0612862
SOPT,0.01,3,0.9999,11,27,36,450,2.773169,0.325199,0.000194716,0.0637766
gappy-POD,0.01,3,0.9999,11,27,36,450,2.629615,0.301709,0.000223672,0.10944
QDEIM,0.01,3,0.9999,11,27,36,450,3.607871,0.30221,0.000230266,0.0924833
clsSOPT,0.01,3,0.9999,11,27,36,450,2.773169,0.310727,0.000196613,0.0610963
clsgappy-POD,0.01,3,0.9999,11,27,36,450,63.662459,0.31768,0.00041559,1.57582
clsQDEIM,0.01,3,0.9999,11,27,36,450,2.324830,0.324353,0.000195231,0.0597318
SOPT,0.01,3,0.9999,11,27,36,500,2.611890,0.326397,0.000194673,0.0636589
gappy-POD,0.01,3,0.9999,11,27,36,500,2.772586,0.313076,0.000202452,0.0916786
QDEIM,0.01,3,0.9999,11,27,36,500,3.103490,0.303456,0.000230323,0.0920142
clsSOPT,0.01,3,0.9999,11,27,36,500,2.611890,0.319913,0.000194901,0.0618088
clsgappy-POD,0.01,3,0.9999,11,27,36,500,54.652674,0.332068,0.000426142,1.59042
clsQDEIM,0.01,3,0.9999,11,27,36,500,1.651425,0.320819,0.000195376,0.055424
SOPT,0.01,3,0.9999,11,27,36,550,2.808983,0.329486,0.000194693,0.0637042
gappy-POD,0.01,3,0.9999,11,27,36,550,2.589661,0.315926,0.000198263,0.0825005
QDEIM,0.01,3,0.9999,11,27,36,550,3.209447,0.31656,0.000196551,0.0661166
clsSOPT,0.01,3,0.9999,11,27,36,550,2.808983,0.325368,0.000194917,0.0591263
clsgappy-POD,0.01,3,0.9999,11,27,36,550,47.034598,0.326797,0.000345721,1.33594
clsQDEIM,0.01,3,0.9999,11,27,36,550,1.673638,0.319241,0.000195263,0.0567276
SOPT,0.01,3,0.9999,11,27,36,600,2.973909,0.331949,0.000194699,0.0636736
gappy-POD,0.01,3,0.9999,11,27,36,600,2.766534,0.322811,0.000194789,0.0674777
QDEIM,0.01,3,0.9999,11,27,36,600,3.191103,0.326424,0.000194688,0.0633845
clsSOPT,0.01,3,0.9999,11,27,36,600,2.973909,0.324666,0.00019485,0.0588707
clsgappy-POD,0.01,3,0.9999,11,27,36,600,58.522358,0.334536,0.000342229,1.38631
clsQDEIM,0.01,3,0.9999,11,27,36,600,1.738977,0.327371,0.000194898,0.0590639
SOPT,0.01,3,0.9999,11,27,36,650,2.977555,0.328803,0.0001947,0.0635959
gappy-POD,0.01,3,0.9999,11,27,36,650,2.658284,0.330975,0.000194667,0.0651539
QDEIM,0.01,3,0.9999,11,27,36,650,3.700292,0.330577,0.000194684,0.0633514
clsSOPT,0.01,3,0.9999,11,27,36,650,2.977555,0.331302,0.000194764,0.059328
clsgappy-POD,0.01,3,0.9999,11,27,36,650,42.717656,0.330033,0.000361039,1.41772
clsQDEIM,0.01,3,0.9999,11,27,36,650,1.609746,0.331773,0.000194881,0.0600244
SOPT,0.01,3,0.9999,11,27,36,700,3.440483,0.330297,0.0001947,0.0635893
gappy-POD,0.01,3,0.9999,11,27,36,700,2.774459,0.331347,0.000194692,0.0631715
QDEIM,0.01,3,0.9999,11,27,36,700,4.928553,0.333238,0.000194695,0.0631991
clsSOPT,0.01,3,0.9999,11,27,36,700,3.440483,0.332834,0.000194779,0.0590869
clsgappy-POD,0.01,3,0.9999,11,27,36,700,41.397809,0.330585,0.00035893,1.40883
clsQDEIM,0.01,3,0.9999,11,27,36,700,1.616775,0.327923,0.00019486,0.0592928
SOPT,0.01,3,0.9999,11,27,36,750,4.045970,0.331067,0.000194707,0.063547
gappy-POD,0.01,3,0.9999,11,27,36,750,2.671215,0.328931,0.0001947,0.0632391
QDEIM,0.01,3,0.9999,11,27,36,750,5.091445,0.331652,0.000194702,0.0632093
clsSOPT,0.01,3,0.9999,11,27,36,750,4.045970,0.333294,0.000194765,0.0588322
clsgappy-POD,0.01,3,0.9999,11,27,36,750,41.125779,0.332446,0.000356113,1.4014
clsQDEIM,0.01,3,0.9999,11,27,36,750,1.547547,0.331017,0.000194868,0.0586848
SOPT,0.01,3,0.9999,11,27,36,800,4.258619,0.331422,0.000194705,0.063596
gappy-POD,0.01,3,0.9999,11,27,36,800,3.317286,0.335103,0.000194697,0.0632624
QDEIM,0.01,3,0.9999,11,27,36,800,3.813262,0.335649,0.000194713,0.0632071
clsSOPT,0.01,3,0.9999,11,27,36,800,4.258619,0.329875,0.000194808,0.0584826
clsgappy-POD,0.01,3,0.9999,11,27,36,800,46.632395,0.332374,0.000368957,1.45702
clsQDEIM,0.01,3,0.9999,11,27,36,800,1.540021,0.331285,0.000194919,0.0586295
SOPT,0.01,3,0.9999,11,27,36,850,4.384365,0.329967,0.0001947,0.0635424
gappy-POD,0.01,3,0.9999,11,27,36,850,3.310027,0.333702,0.000194689,0.0631971
QDEIM,0.01,3,0.9999,11,27,36,850,5.020423,0.332375,0.000194683,0.0633463
clsSOPT,0.01,3,0.9999,11,27,36,850,4.384365,0.331343,0.000194829,0.0578011
clsgappy-POD,0.01,3,0.9999,11,27,36,850,46.241879,0.334986,0.000398105,1.4883
clsQDEIM,0.01,3,0.9999,11,27,36,850,1.502038,0.326632,0.00019492,0.0589799
SOPT,0.01,3,0.9999,11,27,36,900,4.490752,0.33265,0.000194694,0.0635127
gappy-POD,0.01,3,0.9999,11,27,36,900,3.657052,0.334763,0.00019469,0.0632195
QDEIM,0.01,3,0.9999,11,27,36,900,4.968009,0.329292,0.000194695,0.0633087
clsSOPT,0.01,3,0.9999,11,27,36,900,4.490752,0.328845,0.00019487,0.0576302
clsgappy-POD,0.01,3,0.9999,11,27,36,900,59.981609,0.33248,0.000397972,1.50017
clsQDEIM,0.01,3,0.9999,11,27,36,900,1.620009,0.329299,0.000194996,0.0592265
SOPT,0.01,3,0.9999,11,27,36,950,4.323004,0.335558,0.000194692,0.063212
gappy-POD,0.01,3,0.9999,11,27,36,950,4.242420,0.337208,0.000194693,0.0632348
QDEIM,0.01,3,0.9999,11,27,36,950,5.156634,0.336654,0.000194675,0.0632519
clsSOPT,0.01,3,0.9999,11,27,36,950,4.323004,0.335597,0.000194952,0.057029
clsgappy-POD,0.01,3,0.9999,11,27,36,950,42.002574,0.335429,0.000404203,1.51027
clsQDEIM,0.01,3,0.9999,11,27,36,950,1.412988,0.330972,0.000194945,0.0588237
SOPT,0.01,3,0.9999,11,27,36,1000,4.501382,0.333246,0.000194691,0.0632613
gappy-POD,0.01,3,0.9999,11,27,36,1000,4.372692,0.333475,0.000194691,0.0632096
QDEIM,0.01,3,0.9999,11,27,36,1000,4.675182,0.33268,0.000194682,0.0631951
clsSOPT,0.01,3,0.9999,11,27,36,1000,4.501382,0.333558,0.000195009,0.0572073
clsgappy-POD,0.01,3,0.9999,11,27,36,1000,40.683733,0.335767,0.000400423,1.51074
clsQDEIM,0.01,3,0.9999,11,27,36,1000,1.400231,0.33368,0.000194911,0.0582229
SOPT,0.01,3,0.9999,11,27,36,1050,4.117724,0.336125,0.000194702,0.0633397
gappy-POD,0.01,3,0.9999,11,27,36,1050,4.364493,0.336526,0.000194694,0.063237
QDEIM,0.01,3,0.9999,11,27,36,1050,4.329883,0.335437,0.000194682,0.0632018
clsSOPT,0.01,3,0.9999,11,27,36,1050,4.117724,0.337569,0.000195012,0.0572451
clsgappy-POD,0.01,3,0.9999,11,27,36,1050,52.385346,0.33951,0.000401438,1.48344
clsQDEIM,0.01,3,0.9999,11,27,36,1050,1.382847,0.335135,0.000194861,0.0583998
SOPT,0.01,3,0.9999,11,27,36,1100,4.149063,0.335392,0.000194702,0.0635122
gappy-POD,0.01,3,0.9999,11,27,36,1100,3.496602,0.340538,0.000194692,0.0632283
QDEIM,0.01,3,0.9999,11,27,36,1100,3.509926,0.337675,0.000194689,0.0632343
clsSOPT,0.01,3,0.9999,11,27,36,1100,4.149063,0.336006,0.000195059,0.0573294
clsgappy-POD,0.01,3,0.9999,11,27,36,1100,41.333524,0.3401,0.000410009,1.48413
clsQDEIM,0.01,3,0.9999,11,27,36,1100,1.400828,0.332488,0.000194889,0.0587896
SOPT,0.01,3,0.9999,11,27,36,1150,3.814945,0.339542,0.000194699,0.0633828
gappy-POD,0.01,3,0.9999,11,27,36,1150,4.361107,0.34069,0.00019469,0.0632307
QDEIM,0.01,3,0.9999,11,27,36,1150,4.371004,0.333699,0.00019469,0.0632307
clsSOPT,0.01,3,0.9999,11,27,36,1150,3.814945,0.336038,0.000195005,0.0579049
clsgappy-POD,0.01,3,0.9999,11,27,36,1150,48.846533,0.343286,0.000413171,1.48392
clsQDEIM,0.01,3,0.9999,11,27,36,1150,1.383406,0.334851,0.000194973,0.0581561
SOPT,0.01,4,0.99999,16,39,47,50,44.024240,0.142476,0.000870175,0.263792
gappy-POD,0.01,4,0.99999,16,39,47,50,83.977532,0.115894,0.00122439,0.327558
QDEIM,0.01,4,0.99999,16,39,47,50,84.381270,0.11258,0.00120242,0.330969
clsSOPT,0.01,4,0.99999,16,39,47,50,44.024240,0.151375,0.00074757,0.267185
clsgappy-POD,0.01,4,0.99999,16,39,47,50,1015.234168,0.166951,nan,nan
clsQDEIM,0.01,4,0.99999,16,39,47,50,53.956992,0.15618,0.000764362,0.229169
SOPT,0.01,4,0.99999,16,39,47,100,6.329979,0.189676,0.000598601,0.180576
gappy-POD,0.01,4,0.99999,16,39,47,100,6.091677,0.148649,0.00106556,0.284983
QDEIM,0.01,4,0.99999,16,39,47,100,9.832000,0.178867,0.000726085,0.206368
clsSOPT,0.01,4,0.99999,16,39,47,100,6.329979,0.214706,0.000484695,0.153253
clsgappy-POD,0.01,4,0.99999,16,39,47,100,114.591081,0.243939,0.000818581,3.82728
clsQDEIM,0.01,4,0.99999,16,39,47,100,4.532782,0.226592,0.000469506,0.152029
SOPT,0.01,4,0.99999,16,39,47,150,4.848248,0.222383,0.000458594,0.153273
gappy-POD,0.01,4,0.99999,16,39,47,150,4.181138,0.171716,0.000989898,0.271433
QDEIM,0.01,4,0.99999,16,39,47,150,10.411212,0.224586,0.000416228,0.12012
clsSOPT,0.01,4,0.99999,16,39,47,150,4.848248,0.233881,0.000401707,0.144628
clsgappy-POD,0.01,4,0.99999,16,39,47,150,481.628899,0.271482,0.000273011,1.93714
clsQDEIM,0.01,4,0.99999,16,39,47,150,3.248946,0.255715,0.000377993,0.134675
SOPT,0.01,4,0.99999,16,39,47,200,3.802519,0.241976,0.000399534,0.146042
gappy-POD,0.01,4,0.99999,16,39,47,200,3.897362,0.198123,0.000868839,0.250075
QDEIM,0.01,4,0.99999,16,39,47,200,6.953231,0.246817,0.000352987,0.118027
clsSOPT,0.01,4,0.99999,16,39,47,200,3.802519,0.264146,0.000291546,0.115141
clsgappy-POD,0.01,4,0.99999,16,39,47,200,81.949175,0.288486,0.000256551,2.20223
clsQDEIM,0.01,4,0.99999,16,39,47,200,2.702331,0.270386,0.000342744,0.117786
SOPT,0.01,4,0.99999,16,39,47,250,3.513584,0.266639,0.000289574,0.120147
gappy-POD,0.01,4,0.99999,16,39,47,250,3.502829,0.207614,0.000850503,0.244791
QDEIM,0.01,4,0.99999,16,39,47,250,7.146294,0.253911,0.000312285,0.106278
clsSOPT,0.01,4,0.99999,16,39,47,250,3.513584,0.277465,0.000240184,0.0973074
clsgappy-POD,0.01,4,0.99999,16,39,47,250,718.293037,0.301997,0.00024408,1.96652
clsQDEIM,0.01,4,0.99999,16,39,47,250,2.276908,0.29009,0.000242108,0.0956913
SOPT,0.01,4,0.99999,16,39,47,300,3.676061,0.294943,0.000212854,0.0910985
gappy-POD,0.01,4,0.99999,16,39,47,300,3.166036,0.224339,0.000680786,0.219743
QDEIM,0.01,4,0.99999,16,39,47,300,6.520889,0.258139,0.000291418,0.100657
clsSOPT,0.01,4,0.99999,16,39,47,300,3.676061,0.288101,0.000221123,0.0919887
clsgappy-POD,0.01,4,0.99999,16,39,47,300,70.586374,0.299954,0.000289447,1.76008
clsQDEIM,0.01,4,0.99999,16,39,47,300,2.269679,0.305378,0.00021294,0.0876437
SOPT,0.01,4,0.99999,16,39,47,350,3.568017,0.31538,0.00019634,0.0793605
gappy-POD,0.01,4,0.99999,16,39,47,350,3.017577,0.247525,0.000554204,0.212064
QDEIM,0.01,4,0.99999,16,39,47,350,5.996465,0.276334,0.000277462,0.0958618
clsSOPT,0.01,4,0.99999,16,39,47,350,3.568017,0.299335,0.000216394,0.0930039
clsgappy-POD,0.01,4,0.99999,16,39,47,350,47.085736,0.304915,0.000215458,1.74874
clsQDEIM,0.01,4,0.99999,16,39,47,350,1.983128,0.319258,0.000199164,0.0665146
SOPT,0.01,4,0.99999,16,39,47,400,3.686799,0.330652,0.000194071,0.0765111
gappy-POD,0.01,4,0.99999,16,39,47,400,2.963654,0.269269,0.000392695,0.184599
QDEIM,0.01,4,0.99999,16,39,47,400,5.202057,0.294569,0.000233838,0.0859778
clsSOPT,0.01,4,0.99999,16,39,47,400,3.686799,0.305692,0.000214169,0.0928305
clsgappy-POD,0.01,4,0.99999,16,39,47,400,54.004687,0.319116,0.000204585,1.69674
clsQDEIM,0.01,4,0.99999,16,39,47,400,1.959313,0.330035,0.000193389,0.0616021
SOPT,0.01,4,0.99999,16,39,47,450,3.743796,0.331021,0.000193853,0.0765943
gappy-POD,0.01,4,0.99999,16,39,47,450,3.109643,0.286263,0.000297305,0.148753
QDEIM,0.01,4,0.99999,16,39,47,450,4.113677,0.317538,0.000197459,0.0752305
clsSOPT,0.01,4,0.99999,16,39,47,450,3.743796,0.311443,0.000210884,0.0907981
clsgappy-POD,0.01,4,0.99999,16,39,47,450,143.057128,0.325758,0.000218857,1.66984
clsQDEIM,0.01,4,0.99999,16,39,47,450,1.934486,0.330171,0.000193347,0.0630477
SOPT,0.01,4,0.99999,16,39,47,500,3.537330,0.336076,0.000193397,0.0751769
gappy-POD,0.01,4,0.99999,16,39,47,500,3.156329,0.307282,0.000250037,0.129621
QDEIM,0.01,4,0.99999,16,39,47,500,4.505727,0.321984,0.000195913,0.074576
clsSOPT,0.01,4,0.99999,16,39,47,500,3.537330,0.31731,0.000205116,0.0840723
clsgappy-POD,0.01,4,0.99999,16,39,47,500,117.016499,0.3309,0.000207087,1.9625
clsQDEIM,0.01,4,0.99999,16,39,47,500,1.727385,0.333799,0.000193382,0.06366
SOPT,0.01,4,0.99999,16,39,47,550,3.740819,0.339869,0.0001934,0.0748862
gappy-POD,0.01,4,0.99999,16,39,47,550,3.049930,0.315135,0.000229156,0.120413
QDEIM,0.01,4,0.99999,16,39,47,550,4.639370,0.330591,0.000194727,0.0747879
clsSOPT,0.01,4,0.99999,16,39,47,550,3.740819,0.335113,0.000193957,0.0709714
clsgappy-POD,0.01,4,0.99999,16,39,47,550,56.829160,0.335175,0.000201916,1.94138
clsQDEIM,0.01,4,0.99999,16,39,47,550,1.786197,0.332867,0.000193224,0.0645549
SOPT,0.01,4,0.99999,16,39,47,600,4.311881,0.344373,0.000193394,0.0748743
gappy-POD,0.01,4,0.99999,16,39,47,600,2.920712,0.324423,0.000209326,0.102067
QDEIM,0.01,4,0.99999,16,39,47,600,3.647584,0.338057,0.000194231,0.074378
clsSOPT,0.01,4,0.99999,16,39,47,600,4.311881,0.334627,0.000193943,0.0710544
clsgappy-POD,0.01,4,0.99999,16,39,47,600,50.590398,0.338101,0.000212534,2.18985
clsQDEIM,0.01,4,0.99999,16,39,47,600,1.667463,0.332255,0.000193245,0.0644576
SOPT,0.01,4,0.99999,16,39,47,650,5.453803,0.338651,0.000193394,0.0748676
gappy-POD,0.01,4,0.99999,16,39,47,650,3.201609,0.329031,0.000201683,0.0927462
QDEIM,0.01,4,0.99999,16,39,47,650,4.251382,0.341229,0.000193563,0.0736738
clsSOPT,0.01,4,0.99999,16,39,47,650,5.453803,0.334902,0.000193885,0.0705376
clsgappy-POD,0.01,4,0.99999,16,39,47,650,66.595571,0.339384,0.000234077,1.87089
clsQDEIM,0.01,4,0.99999,16,39,47,650,1.710719,0.338136,0.000193178,0.0627135
SOPT,0.01,4,0.99999,16,39,47,700,5.997665,0.342447,0.000193397,0.0748372
gappy-POD,0.01,4,0.99999,16,39,47,700,3.258464,0.327518,0.000197423,0.0857318
QDEIM,0.01,4,0.99999,16,39,47,700,3.677917,0.341073,0.000193445,0.0733113
clsSOPT,0.01,4,0.99999,16,39,47,700,5.997665,0.340406,0.000193518,0.0672306
clsgappy-POD,0.01,4,0.99999,16,39,47,700,74.245625,0.342773,0.000215813,1.82351
clsQDEIM,0.01,4,0.99999,16,39,47,700,1.691838,0.338428,0.000193156,0.0628298
SOPT,0.01,4,0.99999,16,39,47,750,5.774029,0.341039,0.000193411,0.0748922
gappy-POD,0.01,4,0.99999,16,39,47,750,3.162887,0.337111,0.000193858,0.0759993
QDEIM,0.01,4,0.99999,16,39,47,750,3.769791,0.343084,0.000193448,0.0730482
clsSOPT,0.01,4,0.99999,16,39,47,750,5.774029,0.341025,0.000193538,0.0657075
clsgappy-POD,0.01,4,0.99999,16,39,47,750,62.280287,0.34412,0.000219567,1.76676
clsQDEIM,0.01,4,0.99999,16,39,47,750,1.628293,0.338893,0.000193217,0.0632434
SOPT,0.01,4,0.99999,16,39,47,800,5.769837,0.344163,0.000193412,0.0748562
gappy-POD,0.01,4,0.99999,16,39,47,800,3.339666,0.339955,0.000193565,0.07466
QDEIM,0.01,4,0.99999,16,39,47,800,3.898713,0.345507,0.000193431,0.073128
clsSOPT,0.01,4,0.99999,16,39,47,800,5.769837,0.343283,0.000193499,0.0653832
clsgappy-POD,0.01,4,0.99999,16,39,47,800,60.567270,0.345614,0.000225009,1.7354
clsQDEIM,0.01,4,0.99999,16,39,47,800,1.593387,0.340163,0.000193176,0.0637159
SOPT,0.01,4,0.99999,16,39,47,850,5.961360,0.345652,0.000193421,0.0747683
gappy-POD,0.01,4,0.99999,16,39,47,850,3.271304,0.343727,0.000193431,0.0731178
QDEIM,0.01,4,0.99999,16,39,47,850,4.779106,0.344013,0.000193432,0.0730406
clsSOPT,0.01,4,0.99999,16,39,47,850,5.961360,0.344263,0.000193485,0.0653503
clsgappy-POD,0.01,4,0.99999,16,39,47,850,69.003124,0.346422,0.000228793,1.68155
clsQDEIM,0.01,4,0.99999,16,39,47,850,1.517383,0.342312,0.000193201,0.0638849
SOPT,0.01,4,0.99999,16,39,47,900,5.739789,0.347818,0.000193433,0.0742196
gappy-POD,0.01,4,0.99999,16,39,47,900,3.391474,0.348142,0.000193443,0.0730012
QDEIM,0.01,4,0.99999,16,39,47,900,5.174108,0.343755,0.000193426,0.0730692
clsSOPT,0.01,4,0.99999,16,39,47,900,5.739789,0.34506,0.000193471,0.0652104
clsgappy-POD,0.01,4,0.99999,16,39,47,900,63.529950,0.347668,0.000238683,1.74162
clsQDEIM,0.01,4,0.99999,16,39,47,900,1.522081,0.34382,0.000193295,0.0653105
SOPT,0.01,4,0.99999,16,39,47,950,5.413267,0.348275,0.000193422,0.0737302
gappy-POD,0.01,4,0.99999,16,39,47,950,4.187913,0.34923,0.000193438,0.0730507
QDEIM,0.01,4,0.99999,16,39,47,950,5.702670,0.345593,0.000193432,0.0731144
clsSOPT,0.01,4,0.99999,16,39,47,950,5.413267,0.346451,0.000193478,0.0647993
clsgappy-POD,0.01,4,0.99999,16,39,47,950,61.056825,0.34698,0.000233098,1.73498
clsQDEIM,0.01,4,0.99999,16,39,47,950,1.481104,0.344369,0.000193239,0.0649664
SOPT,0.01,4,0.99999,16,39,47,1000,4.905582,0.347231,0.000193417,0.0737341
gappy-POD,0.01,4,0.99999,16,39,47,1000,5.216149,0.352096,0.000193442,0.0730176
QDEIM,0.01,4,0.99999,16,39,47,1000,4.953052,0.348037,0.000193426,0.0731181
clsSOPT,0.01,4,0.99999,16,39,47,1000,4.905582,0.345998,0.000193459,0.0647167
clsgappy-POD,0.01,4,0.99999,16,39,47,1000,52.688018,0.34682,0.000225406,1.7046
clsQDEIM,0.01,4,0.99999,16,39,47,1000,1.517354,0.34692,0.000193301,0.0649637
SOPT,0.01,4,0.99999,16,39,47,1050,5.385568,0.351797,0.00019343,0.073249
gappy-POD,0.01,4,0.99999,16,39,47,1050,5.511197,0.350755,0.000193442,0.0730253
QDEIM,0.01,4,0.99999,16,39,47,1050,4.961438,0.349218,0.000193433,0.0730674
clsSOPT,0.01,4,0.99999,16,39,47,1050,5.385568,0.345428,0.000193419,0.0646128
clsgappy-POD,0.01,4,0.99999,16,39,47,1050,60.579641,0.356582,0.000231612,1.69073
clsQDEIM,0.01,4,0.99999,16,39,47,1050,1.461136,0.345067,0.000193282,0.0651441
SOPT,0.01,4,0.99999,16,39,47,1100,5.677526,0.349401,0.000193422,0.0731913
gappy-POD,0.01,4,0.99999,16,39,47,1100,4.697095,0.348813,0.00019344,0.073025
QDEIM,0.01,4,0.99999,16,39,47,1100,4.810041,0.350734,0.000193439,0.0730262
clsSOPT,0.01,4,0.99999,16,39,47,1100,5.677526,0.347494,0.000193392,0.0649154
clsgappy-POD,0.01,4,0.99999,16,39,47,1100,60.302085,0.351803,0.000243576,1.72702
clsQDEIM,0.01,4,0.99999,16,39,47,1100,1.473660,0.343528,0.000193286,0.0655523
SOPT,0.01,4,0.99999,16,39,47,1150,5.096089,0.350255,0.000193435,0.0730918
gappy-POD,0.01,4,0.99999,16,39,47,1150,5.121727,0.347534,0.00019344,0.073017
QDEIM,0.01,4,0.99999,16,39,47,1150,5.026251,0.347865,0.00019344,0.073017
clsSOPT,0.01,4,0.99999,16,39,47,1150,5.096089,0.350333,0.000193301,0.0655341
clsgappy-POD,0.01,4,0.99999,16,39,47,1150,55.689637,0.35051,0.000246537,1.69456
clsQDEIM,0.01,4,0.99999,16,39,47,1150,1.459424,0.348659,0.000193293,0.0656502
SOPT,0.01,5,0.999999,25,49,55,100,7.287392,0.184115,0.000613252,0.220807
gappy-POD,0.01,5,0.999999,25,49,55,100,7.553680,0.147554,0.00103588,0.322301
QDEIM,0.01,5,0.999999,25,49,55,100,10.320595,0.177143,0.000937476,0.298435
clsSOPT,0.01,5,0.999999,25,49,55,100,7.287392,0.203752,0.000530106,0.178964
clsgappy-POD,0.01,5,0.999999,25,49,55,100,1253.519729,0.215789,0.0127544,470.964
clsQDEIM,0.01,5,0.999999,25,49,55,100,5.553832,0.24615,0.000373615,0.229653
SOPT,0.01,5,0.999999,25,49,55,150,5.427393,0.216678,0.000446122,0.182705
gappy-POD,0.01,5,0.999999,25,49,55,150,5.015473,0.175962,0.000951969,0.289595
QDEIM,0.01,5,0.999999,25,49,55,150,7.417522,0.196045,0.000821217,0.273508
clsSOPT,0.01,5,0.999999,25,49,55,150,5.427393,0.245854,0.00035664,0.148532
clsgappy-POD,0.01,5,0.999999,25,49,55,150,58.595306,0.270518,0.000285285,1.96128
clsQDEIM,0.01,5,0.999999,25,49,55,150,3.640423,0.268014,0.000281398,0.169493
SOPT,0.01,5,0.999999,25,49,55,200,4.375667,0.239867,0.000374146,0.165803
gappy-POD,0.01,5,0.999999,25,49,55,200,4.437002,0.192159,0.000888592,0.279973
QDEIM,0.01,5,0.999999,25,49,55,200,6.478210,0.222598,0.000629004,0.227543
clsSOPT,0.01,5,0.999999,25,49,55,200,4.375667,0.270785,0.000331392,0.13781
clsgappy-POD,0.01,5,0.999999,25,49,55,200,70.428349,0.279939,0.000359828,2.99853
clsQDEIM,0.01,5,0.999999,25,49,55,200,2.942581,0.287674,0.000243646,0.126585
SOPT,0.01,5,0.999999,25,49,55,250,4.015990,0.265019,0.00031448,0.145773
gappy-POD,0.01,5,0.999999,25,49,55,250,3.741346,0.201744,0.000866176,0.279789
QDEIM,0.01,5,0.999999,25,49,55,250,5.048169,0.235311,0.000518836,0.203451
clsSOPT,0.01,5,0.999999,25,49,55,250,4.015990,0.291503,0.000248455,0.117854
clsgappy-POD,0.01,5,0.999999,25,49,55,250,57.247447,0.298417,0.000270555,1.69004
clsQDEIM,0.01,5,0.999999,25,49,55,250,2.585126,0.315651,0.000204336,0.0947509
SOPT,0.01,5,0.999999,25,49,55,300,3.738182,0.288111,0.000279704,0.135546
gappy-POD,0.01,5,0.999999,25,49,55,300,3.630876,0.223704,0.000723471,0.248124
QDEIM,0.01,5,0.999999,25,49,55,300,4.832880,0.238856,0.000513521,0.2029
clsSOPT,0.01,5,0.999999,25,49,55,300,3.738182,0.297975,0.000228487,0.114729
clsgappy-POD,0.01,5,0.999999,25,49,55,300,63.622614,0.308854,0.000404665,2.02025
clsQDEIM,0.01,5,0.999999,25,49,55,300,2.436055,0.321382,0.000203899,0.0922044
SOPT,0.01,5,0.999999,25,49,55,350,4.054091,0.314552,0.000219383,0.107199
gappy-POD,0.01,5,0.999999,25,49,55,350,3.371418,0.241628,0.000593923,0.217154
QDEIM,0.01,5,0.999999,25,49,55,350,3.837981,0.24593,0.000503755,0.198686
clsSOPT,0.01,5,0.999999,25,49,55,350,4.054091,0.308452,0.000218484,0.10696
clsgappy-POD,0.01,5,0.999999,25,49,55,350,66.632607,0.314811,0.000248615,1.7854
clsQDEIM,0.01,5,0.999999,25,49,55,350,2.201953,0.327599,0.000203852,0.0936059
SOPT,0.01,5,0.999999,25,49,55,400,3.730672,0.330892,0.000193913,0.0894304
gappy-POD,0.01,5,0.999999,25,49,55,400,3.216237,0.267364,0.000414798,0.184199
QDEIM,0.01,5,0.999999,25,49,55,400,3.827540,0.25883,0.000455121,0.192566
clsSOPT,0.01,5,0.999999,25,49,55,400,3.730672,0.309,0.000218484,0.107193
clsgappy-POD,0.01,5,0.999999,25,49,55,400,48.710078,0.317739,0.000249659,1.8306
clsQDEIM,0.01,5,0.999999,25,49,55,400,2.173895,0.332778,0.000194162,0.0784193
SOPT,0.01,5,0.999999,25,49,55,450,3.960081,0.337917,0.000193061,0.0869153
gappy-POD,0.01,5,0.999999,25,49,55,450,3.289284,0.285967,0.000324346,0.178336
QDEIM,0.01,5,0.999999,25,49,55,450,3.573439,0.263486,0.000426939,0.180999
clsSOPT,0.01,5,0.999999,25,49,55,450,3.960081,0.31949,0.000213335,0.100012
clsgappy-POD,0.01,5,0.999999,25,49,55,450,46.695107,0.336156,0.000215449,2.14362
clsQDEIM,0.01,5,0.999999,25,49,55,450,1.981330,0.339711,0.000193828,0.0765107
SOPT,0.01,5,0.999999,25,49,55,500,4.547713,0.340563,0.000193058,0.0867122
gappy-POD,0.01,5,0.999999,25,49,55,500,3.227694,0.305077,0.000247647,0.140954
QDEIM,0.01,5,0.999999,25,49,55,500,3.226291,0.266108,0.000426904,0.181517
clsSOPT,0.01,5,0.999999,25,49,55,500,4.547713,0.321631,0.000212602,0.0998683
clsgappy-POD,0.01,5,0.999999,25,49,55,500,50.491195,0.3375,0.000329391,2.07502
clsQDEIM,0.01,5,0.999999,25,49,55,500,1.929168,0.340614,0.000193671,0.0777756
SOPT,0.01,5,0.999999,25,49,55,550,5.038748,0.341244,0.000193046,0.0868534
gappy-POD,0.01,5,0.999999,25,49,55,550,3.590170,0.317657,0.000228723,0.130147
QDEIM,0.01,5,0.999999,25,49,55,550,3.930676,0.273032,0.000380996,0.164487
clsSOPT,0.01,5,0.999999,25,49,55,550,5.038748,0.320109,0.00021096,0.0992759
clsgappy-POD,0.01,5,0.999999,25,49,55,550,73.627096,0.337141,0.000259728,1.8739
clsQDEIM,0.01,5,0.999999,25,49,55,550,2.669971,0.338901,0.000193579,0.0776365
SOPT,0.01,5,0.999999,25,49,55,600,6.051364,0.341948,0.000193052,0.0868126
gappy-POD,0.01,5,0.999999,25,49,55,600,3.381120,0.323535,0.000212725,0.119029
QDEIM,0.01,5,0.999999,25,49,55,600,3.549400,0.294407,0.000248301,0.140415
clsSOPT,0.01,5,0.999999,25,49,55,600,6.051364,0.32486,0.00020576,0.0958162
clsgappy-POD,0.01,5,0.999999,25,49,55,600,64.587336,0.343288,0.000290196,2.2139
clsQDEIM,0.01,5,0.999999,25,49,55,600,1.795224,0.34393,0.000193654,0.0748154
SOPT,0.01,5,0.999999,25,49,55,650,6.146899,0.348585,0.000193054,0.0867603
gappy-POD,0.01,5,0.999999,25,49,55,650,3.211458,0.343407,0.000193648,0.0911277
QDEIM,0.01,5,0.999999,25,49,55,650,3.817507,0.313301,0.000212813,0.117679
clsSOPT,0.01,5,0.999999,25,49,55,650,6.146899,0.336326,0.000196966,0.0862612
clsgappy-POD,0.01,5,0.999999,25,49,55,650,65.866602,0.346881,0.000300183,2.49373
clsQDEIM,0.01,5,0.999999,25,49,55,650,1.784287,0.343808,0.00019354,0.0757713
SOPT,0.01,5,0.999999,25,49,55,700,6.446621,0.347428,0.000193059,0.0868644
gappy-POD,0.01,5,0.999999,25,49,55,700,3.499017,0.347101,0.000193032,0.0877187
QDEIM,0.01,5,0.999999,25,49,55,700,3.773005,0.328244,0.000196676,0.098346
clsSOPT,0.01,5,0.999999,25,49,55,700,6.446621,0.339315,0.000196973,0.0833821
clsgappy-POD,0.01,5,0.999999,25,49,55,700,60.190776,0.344869,0.000235543,2.19512
clsQDEIM,0.01,5,0.999999,25,49,55,700,1.731264,0.34567,0.000193594,0.0743833
SOPT,0.01,5,0.999999,25,49,55,750,6.171861,0.351108,0.000193073,0.086755
gappy-POD,0.01,5,0.999999,25,49,55,750,3.908778,0.348672,0.000193042,0.0876884
QDEIM,0.01,5,0.999999,25,49,55,750,3.866080,0.34456,0.000193063,0.0872412
clsSOPT,0.01,5,0.999999,25,49,55,750,6.171861,0.341727,0.000193938,0.0801998
clsgappy-POD,0.01,5,0.999999,25,49,55,750,56.237893,0.349994,0.000234263,2.21962
clsQDEIM,0.01,5,0.999999,25,49,55,750,1.735293,0.344982,0.000193475,0.0742251
SOPT,0.01,5,0.999999,25,49,55,800,6.760726,0.34637,0.000193066,0.0867071
gappy-POD,0.01,5,0.999999,25,49,55,800,3.923239,0.350114,0.000193027,0.0875024
QDEIM,0.01,5,0.999999,25,49,55,800,3.963850,0.345183,0.000193048,0.087287
clsSOPT,0.01,5,0.999999,25,49,55,800,6.760726,0.34408,0.000193585,0.0780811
clsgappy-POD,0.01,5,0.999999,25,49,55,800,62.360359,0.348751,0.000246024,2.38419
clsQDEIM,0.01,5,0.999999,25,49,55,800,1.652267,0.346195,0.000193565,0.072157
SOPT,0.01,5,0.999999,25,49,55,850,6.436189,0.348322,0.00019304,0.0868447
gappy-POD,0.01,5,0.999999,25,49,55,850,3.869042,0.350892,0.000193053,0.0872029
QDEIM,0.01,5,0.999999,25,49,55,850,4.324652,0.346135,0.000193048,0.0872229
clsSOPT,0.01,5,0.999999,25,49,55,850,6.436189,0.346964,0.000193689,0.0745503
clsgappy-POD,0.01,5,0.999999,25,49,55,850,66.598197,0.351911,0.000289048,2.60798
clsQDEIM,0.01,5,0.999999,25,49,55,850,1.629057,0.351686,0.00019353,0.0722907
SOPT,0.01,5,0.999999,25,49,55,900,5.915538,0.354919,0.000193048,0.0865354
gappy-POD,0.01,5,0.999999,25,49,55,900,4.321782,0.358053,0.000193052,0.0871557
QDEIM,0.01,5,0.999999,25,49,55,900,6.156559,0.354057,0.000193066,0.0871151
clsSOPT,0.01,5,0.999999,25,49,55,900,5.915538,0.350316,0.000193753,0.073682
clsgappy-POD,0.01,5,0.999999,25,49,55,900,67.359586,0.351449,0.000287884,2.84616
clsQDEIM,0.01,5,0.999999,25,49,55,900,1.604157,0.351726,0.000193664,0.0727967
SOPT,0.01,5,0.999999,25,49,55,950,6.647782,0.354032,0.000193016,0.0872968
gappy-POD,0.01,5,0.999999,25,49,55,950,4.586727,0.352692,0.00019305,0.0871485
QDEIM,0.01,5,0.999999,25,49,55,950,5.964466,0.353208,0.000193059,0.0871757
clsSOPT,0.01,5,0.999999,25,49,55,950,6.647782,0.34905,0.000193813,0.072764
clsgappy-POD,0.01,5,0.999999,25,49,55,950,53.346112,0.353483,0.000308138,2.77141
clsQDEIM,0.01,5,0.999999,25,49,55,950,1.562193,0.35035,0.000193707,0.0740165
SOPT,0.01,5,0.999999,25,49,55,1000,6.166418,0.354747,0.000193052,0.0875545
gappy-POD,0.01,5,0.999999,25,49,55,1000,5.165377,0.352838,0.000193063,0.0870343
QDEIM,0.01,5,0.999999,25,49,55,1000,5.680157,0.356199,0.000193051,0.0871703
clsSOPT,0.01,5,0.999999,25,49,55,1000,6.166418,0.355187,0.00019392,0.07171
clsgappy-POD,0.01,5,0.999999,25,49,55,1000,67.979762,0.355434,0.000315632,2.58219
clsQDEIM,0.01,5,0.999999,25,49,55,1000,1.539479,0.353888,0.000193679,0.0739715
SOPT,0.01,5,0.999999,25,49,55,1050,6.167138,0.357237,0.000193023,0.0875528
gappy-POD,0.01,5,0.999999,25,49,55,1050,5.225335,0.358887,0.000193053,0.0871016
QDEIM,0.01,5,0.999999,25,49,55,1050,6.311781,0.353759,0.000193054,0.0871565
clsSOPT,0.01,5,0.999999,25,49,55,1050,6.167138,0.357018,0.000193914,0.0716487
clsgappy-POD,0.01,5,0.999999,25,49,55,1050,63.099623,0.359056,0.000303406,2.39149
clsQDEIM,0.01,5,0.999999,25,49,55,1050,1.620378,0.353642,0.000193612,0.0737594
SOPT,0.01,5,0.999999,25,49,55,1100,6.294022,0.358487,0.000193035,0.0873445
gappy-POD,0.01,5,0.999999,25,49,55,1100,7.385348,0.362377,0.000193053,0.0871553
QDEIM,0.01,5,0.999999,25,49,55,1100,7.364115,0.355508,0.000193053,0.0871526
clsSOPT,0.01,5,0.999999,25,49,55,1100,6.294022,0.354238,0.000193875,0.0720117
clsgappy-POD,0.01,5,0.999999,25,49,55,1100,68.686742,0.356484,0.000259964,2.39485
clsQDEIM,0.01,5,0.999999,25,49,55,1100,2.253836,0.355978,0.000193651,0.0733985
SOPT,0.01,5,0.999999,25,49,55,1150,5.944751,0.360908,0.000193037,0.0872526
gappy-POD,0.01,5,0.999999,25,49,55,1150,6.150184,0.356805,0.000193054,0.0871337
QDEIM,0.01,5,0.999999,25,49,55,1150,6.135202,0.35557,0.000193054,0.0871335
clsSOPT,0.01,5,0.999999,25,49,55,1150,5.944751,0.354495,0.000193772,0.0728521
clsgappy-POD,0.01,5,0.999999,25,49,55,1150,68.084321,0.359656,0.000261341,2.23487
clsQDEIM,0.01,5,0.999999,25,49,55,1150,1.526454,0.358862,0.000193736,0.073233
SOPT,0.01,6,0.9999999,37,57,61,100,9.322786,0.18432,0.000649259,0.280446
gappy-POD,0.01,6,0.9999999,37,57,61,100,9.946254,0.155771,0.00104745,0.450218
QDEIM,0.01,6,0.9999999,37,57,61,100,11.444588,0.185765,0.000736825,0.288241
clsSOPT,0.01,6,0.9999999,37,57,61,100,9.322786,0.218263,0.000703133,0.27062
clsgappy-POD,0.01,6,0.9999999,37,57,61,100,130.108244,0.226097,nan,nan
clsQDEIM,0.01,6,0.9999999,37,57,61,100,6.604260,0.248988,0.000462748,0.199771
SOPT,0.01,6,0.9999999,37,57,61,150,5.998722,0.205641,0.000534468,0.247512
gappy-POD,0.01,6,0.9999999,37,57,61,150,5.078145,0.17994,0.000950246,0.365132
QDEIM,0.01,6,0.9999999,37,57,61,150,6.800800,0.205713,0.000686857,0.290099
clsSOPT,0.01,6,0.9999999,37,57,61,150,5.998722,0.262062,0.000432207,0.198356
clsgappy-POD,0.01,6,0.9999999,37,57,61,150,110.917711,0.263517,nan,nan
clsQDEIM,0.01,6,0.9999999,37,57,61,150,4.366276,0.286652,0.000305179,0.159751
SOPT,0.01,6,0.9999999,37,57,61,200,4.775030,0.250988,0.000410653,0.219558
gappy-POD,0.01,6,0.9999999,37,57,61,200,4.851578,0.196429,0.000953379,0.347288
QDEIM,0.01,6,0.9999999,37,57,61,200,6.524445,0.220935,0.000638375,0.27657
clsSOPT,0.01,6,0.9999999,37,57,61,200,4.775030,0.271338,0.000386049,0.179031
clsgappy-POD,0.01,6,0.9999999,37,57,61,200,68.731907,0.286791,nan,nan
clsQDEIM,0.01,6,0.9999999,37,57,61,200,3.387455,0.312392,0.000238387,0.130407
SOPT,0.01,6,0.9999999,37,57,61,250,4.406355,0.284807,0.000301904,0.183422
gappy-POD,0.01,6,0.9999999,37,57,61,250,4.093677,0.215543,0.000826486,0.314298
QDEIM,0.01,6,0.9999999,37,57,61,250,4.782879,0.222804,0.000632443,0.273464
clsSOPT,0.01,6,0.9999999,37,57,61,250,4.406355,0.298173,0.00032612,0.154195
clsgappy-POD,0.01,6,0.9999999,37,57,61,250,81.861634,0.29826,nan,nan
clsQDEIM,0.01,6,0.9999999,37,57,61,250,2.596717,0.325363,0.000209746,0.118611
SOPT,0.01,6,0.9999999,37,57,61,300,4.686632,0.300589,0.000249152,0.157758
gappy-POD,0.01,6,0.9999999,37,57,61,300,4.087572,0.23154,0.000792125,0.314935
QDEIM,0.01,6,0.9999999,37,57,61,300,4.510139,0.230479,0.000587686,0.267148
clsSOPT,0.01,6,0.9999999,37,57,61,300,4.686632,0.313978,0.000262181,0.149871
clsgappy-POD,0.01,6,0.9999999,37,57,61,300,75.373520,0.305661,nan,nan
clsQDEIM,0.01,6,0.9999999,37,57,61,300,2.496346,0.329341,0.000206142,0.114551
SOPT,0.01,6,0.9999999,37,57,61,350,4.262287,0.316303,0.000217672,0.13795
gappy-POD,0.01,6,0.9999999,37,57,61,350,3.986782,0.237597,0.000654515,0.271943
QDEIM,0.01,6,0.9999999,37,57,61,350,4.350111,0.245826,0.0005351,0.254127
clsSOPT,0.01,6,0.9999999,37,57,61,350,4.262287,0.326328,0.000215075,0.128646
clsgappy-POD,0.01,6,0.9999999,37,57,61,350,72.902299,0.312182,nan,nan
clsQDEIM,0.01,6,0.9999999,37,57,61,350,2.194043,0.333121,0.000205898,0.11278
SOPT,0.01,6,0.9999999,37,57,61,400,3.894445,0.340995,0.000195048,0.118703
gappy-POD,0.01,6,0.9999999,37,57,61,400,3.516480,0.26084,0.000528053,0.239985
QDEIM,0.01,6,0.9999999,37,57,61,400,3.463490,0.249482,0.00053522,0.254015
clsSOPT,0.01,6,0.9999999,37,57,61,400,3.894445,0.330028,0.000211076,0.124495
clsgappy-POD,0.01,6,0.9999999,37,57,61,400,56.778218,0.324669,nan,nan
clsQDEIM,0.01,6,0.9999999,37,57,61,400,2.226739,0.344599,0.000193882,0.106852
SOPT,0.01,6,0.9999999,37,57,61,450,4.264719,0.341812,0.00019504,0.118184
gappy-POD,0.01,6,0.9999999,37,57,61,450,3.507070,0.292103,0.00035155,0.201239
QDEIM,0.01,6,0.9999999,37,57,61,450,3.823716,0.250513,0.000499459,0.248011
clsSOPT,0.01,6,0.9999999,37,57,61,450,4.264719,0.336681,0.000203632,0.120216
clsgappy-POD,0.01,6,0.9999999,37,57,61,450,51.214395,0.325459,nan,nan
clsQDEIM,0.01,6,0.9999999,37,57,61,450,2.066677,0.345054,0.000194213,0.0989938
SOPT,0.01,6,0.9999999,37,57,61,500,4.432792,0.342464,0.000193834,0.116682
gappy-POD,0.01,6,0.9999999,37,57,61,500,3.228709,0.311924,0.000260666,0.169689
QDEIM,0.01,6,0.9999999,37,57,61,500,3.482732,0.255782,0.0004962,0.247901
clsSOPT,0.01,6,0.9999999,37,57,61,500,4.432792,0.340605,0.000196711,0.116862
clsgappy-POD,0.01,6,0.9999999,37,57,61,500,46.831030,0.338726,nan,nan
clsQDEIM,0.01,6,0.9999999,37,57,61,500,1.953319,0.34909,0.000193743,0.0961352
SOPT,0.01,6,0.9999999,37,57,61,550,5.320890,0.354604,0.000193371,0.116081
gappy-POD,0.01,6,0.9999999,37,57,61,550,3.451996,0.330412,0.000213102,0.137881
QDEIM,0.01,6,0.9999999,37,57,61,550,3.210678,0.270946,0.000445643,0.230137
clsSOPT,0.01,6,0.9999999,37,57,61,550,5.320890,0.346025,0.000196706,0.117909
clsgappy-POD,0.01,6,0.9999999,37,57,61,550,69.871543,0.349192,nan,nan
clsQDEIM,0.01,6,0.9999999,37,57,61,550,1.955498,0.352382,0.000193774,0.0962212
SOPT,0.01,6,0.9999999,37,57,61,600,5.046894,0.354453,0.000193359,0.115972
gappy-POD,0.01,6,0.9999999,37,57,61,600,3.382015,0.349436,0.000199142,0.126522
QDEIM,0.01,6,0.9999999,37,57,61,600,3.366055,0.290632,0.000307904,0.183071
clsSOPT,0.01,6,0.9999999,37,57,61,600,5.046894,0.347175,0.000196575,0.115133
clsgappy-POD,0.01,6,0.9999999,37,57,61,600,59.558178,0.348274,nan,nan
clsQDEIM,0.01,6,0.9999999,37,57,61,600,1.830565,0.353019,0.000193765,0.0978439
SOPT,0.01,6,0.9999999,37,57,61,650,6.763694,0.358837,0.000193359,0.115904
gappy-POD,0.01,6,0.9999999,37,57,61,650,3.543043,0.35929,0.00019408,0.119039
QDEIM,0.01,6,0.9999999,37,57,61,650,3.617134,0.319824,0.000220508,0.140126
clsSOPT,0.01,6,0.9999999,37,57,61,650,6.763694,0.34903,0.000194948,0.109342
clsgappy-POD,0.01,6,0.9999999,37,57,61,650,53.339509,0.354162,nan,nan
clsQDEIM,0.01,6,0.9999999,37,57,61,650,1.808364,0.355161,0.000193732,0.0982467
SOPT,0.01,6,0.9999999,37,57,61,700,6.622979,0.360549,0.000193356,0.116294
gappy-POD,0.01,6,0.9999999,37,57,61,700,3.778613,0.36348,0.000193268,0.11567
QDEIM,0.01,6,0.9999999,37,57,61,700,3.979266,0.340228,0.000199243,0.123836
clsSOPT,0.01,6,0.9999999,37,57,61,700,6.622979,0.354177,0.000194039,0.107156
clsgappy-POD,0.01,6,0.9999999,37,57,61,700,56.950587,0.353182,nan,nan
clsQDEIM,0.01,6,0.9999999,37,57,61,700,1.774745,0.357917,0.000193594,0.102171
SOPT,0.01,6,0.9999999,37,57,61,750,6.434061,0.36243,0.00019336,0.116312
gappy-POD,0.01,6,0.9999999,37,57,61,750,4.601291,0.362348,0.00019328,0.115504
QDEIM,0.01,6,0.9999999,37,57,61,750,3.975155,0.35311,0.000194972,0.11834
clsSOPT,0.01,6,0.9999999,37,57,61,750,6.434061,0.355086,0.000194032,0.104715
clsgappy-POD,0.01,6,0.9999999,37,57,61,750,50.852581,0.359476,nan,nan
clsQDEIM,0.01,6,0.9999999,37,57,61,750,1.728178,0.357093,0.000193593,0.104168
SOPT,0.01,6,0.9999999,37,57,61,800,6.142121,0.35994,0.000193326,0.116535
gappy-POD,0.01,6,0.9999999,37,57,61,800,4.300438,0.3652,0.000193258,0.115805
QDEIM,0.01,6,0.9999999,37,57,61,800,4.249872,0.359007,0.000193597,0.116379
clsSOPT,0.01,6,0.9999999,37,57,61,800,6.142121,0.362963,0.000193469,0.101272
clsgappy-POD,0.01,6,0.9999999,37,57,61,800,52.630471,0.35809,nan,nan
clsQDEIM,0.01,6,0.9999999,37,57,61,800,1.723148,0.35844,0.000193458,0.0997331
SOPT,0.01,6,0.9999999,37,57,61,850,6.069407,0.367277,0.000193376,0.116189
gappy-POD,0.01,6,0.9999999,37,57,61,850,4.754845,0.361273,0.000193251,0.115623
QDEIM,0.01,6,0.9999999,37,57,61,850,4.395909,0.359657,0.000193255,0.115437
clsSOPT,0.01,6,0.9999999,37,57,61,850,6.069407,0.361704,0.000193446,0.100867
clsgappy-POD,0.01,6,0.9999999,37,57,61,850,66.315421,0.360182,nan,nan
clsQDEIM,0.01,6,0.9999999,37,57,61,850,1.732421,0.360162,0.000193398,0.10018
SOPT,0.01,6,0.9999999,37,57,61,900,6.084857,0.369701,0.000193392,0.115735
gappy-POD,0.01,6,0.9999999,37,57,61,900,5.174313,0.362359,0.000193279,0.115522
QDEIM,0.01,6,0.9999999,37,57,61,900,5.116132,0.367661,0.000193266,0.115468
clsSOPT,0.01,6,0.9999999,37,57,61,900,6.084857,0.362172,0.000193476,0.0987069
clsgappy-POD,0.01,6,0.9999999,37,57,61,900,63.774010,0.35988,nan,nan
clsQDEIM,0.01,6,0.9999999,37,57,61,900,1.660738,0.361472,0.000193394,0.0995977
SOPT,0.01,6,0.9999999,37,57,61,950,6.381365,0.366314,0.000193354,0.115512
gappy-POD,0.01,6,0.9999999,37,57,61,950,5.310678,0.365265,0.000193272,0.115489
QDEIM,0.01,6,0.9999999,37,57,61,950,5.609306,0.364136,0.000193271,0.115496
clsSOPT,0.01,6,0.9999999,37,57,61,950,6.381365,0.365979,0.000193524,0.0972346
clsgappy-POD,0.01,6,0.9999999,37,57,61,950,63.791121,0.368855,nan,nan
clsQDEIM,0.01,6,0.9999999,37,57,61,950,1.607676,0.363646,0.000193411,0.098703
SOPT,0.01,6,0.9999999,37,57,61,1000,6.095751,0.365179,0.000193233,0.117096
gappy-POD,0.01,6,0.9999999,37,57,61,1000,5.077229,0.367205,0.000193274,0.115451
QDEIM,0.01,6,0.9999999,37,57,61,1000,5.012788,0.366997,0.00019329,0.115329
clsSOPT,0.01,6,0.9999999,37,57,61,1000,6.095751,0.368813,0.000193527,0.0964123
clsgappy-POD,0.01,6,0.9999999,37,57,61,1000,67.169560,0.368768,nan,nan
clsQDEIM,0.01,6,0.9999999,37,57,61,1000,1.626519,0.363733,0.000193412,0.0996018
SOPT,0.01,6,0.9999999,37,57,61,1050,5.903904,0.367477,0.000193259,0.116114
gappy-POD,0.01,6,0.9999999,37,57,61,1050,5.722877,0.37198,0.000193272,0.115413
QDEIM,0.01,6,0.9999999,37,57,61,1050,5.790658,0.363761,0.000193275,0.115445
clsSOPT,0.01,6,0.9999999,37,57,61,1050,5.903904,0.367317,0.000193549,0.0952214
clsgappy-POD,0.01,6,0.9999999,37,57,61,1050,67.260879,0.371229,nan,nan
clsQDEIM,0.01,6,0.9999999,37,57,61,1050,1.589388,0.362443,0.000193477,0.0977852
SOPT,0.01,6,0.9999999,37,57,61,1100,5.960674,0.367172,0.00019328,0.115491
gappy-POD,0.01,6,0.9999999,37,57,61,1100,5.610152,0.368871,0.000193278,0.115375
QDEIM,0.01,6,0.9999999,37,57,61,1100,5.846294,0.365008,0.000193279,0.115384
clsSOPT,0.01,6,0.9999999,37,57,61,1100,5.960674,0.3645,0.000193547,0.0948549
clsgappy-POD,0.01,6,0.9999999,37,57,61,1100,60.379780,0.362708,nan,nan
clsQDEIM,0.01,6,0.9999999,37,57,61,1100,1.588802,0.365729,0.000193469,0.0979731
SOPT,0.01,6,0.9999999,37,57,61,1150,5.813660,0.36765,0.00019328,0.115394
gappy-POD,0.01,6,0.9999999,37,57,61,1150,5.735174,0.374319,0.000193279,0.11533
QDEIM,0.01,6,0.9999999,37,57,61,1150,5.678425,0.366611,0.000193279,0.115331
clsSOPT,0.01,6,0.9999999,37,57,61,1150,5.813660,0.366284,0.000193473,0.0959889
clsgappy-POD,0.01,6,0.9999999,37,57,61,1150,57.854245,0.363346,nan,nan
clsQDEIM,0.01,6,0.9999999,37,57,61,1150,1.579955,0.365303,0.000193491,0.0977423
