method,t,dt,ef,rxdim,rvdim,nsr,time,errx,errv
SOPT,0.01,0,0.9,2,4,5,20,9.219907,0.0847421,0.0011699,0.193741
gappy-POD,0.01,0,0.9,2,4,5,20,16.885869,0.0393314,0.0016303,0.258217
QDEIM,0.01,0,0.9,2,4,5,20,1.909135,0.0493483,0.00156775,0.249884
clsSOPT,0.01,0,0.9,2,4,5,20,9.219907,0.0440536,0.00153501,0.258873
clsgappy-POD,0.01,0,0.9,2,4,5,20,62.998323,0.0578586,0.00122398,0.125345
clsQDEIM,0.01,0,0.9,2,4,5,20,1.811124,0.0825397,0.00119206,0.214469
SOPT,0.01,0,0.9,2,4,5,30,7.323832,0.109065,0.00104582,0.176951
gappy-POD,0.01,0,0.9,2,4,5,30,1.550194,0.0556559,0.00153466,0.245896
QDEIM,0.01,0,0.9,2,4,5,30,2.095228,0.0692583,0.00138518,0.224917
clsSOPT,0.01,0,0.9,2,4,5,30,7.323832,0.0536862,0.00141489,0.254896
clsgappy-POD,0.01,0,0.9,2,4,5,30,38.769869,0.0704774,0.00109941,0.271026
clsQDEIM,0.01,0,0.9,2,4,5,30,1.733945,0.102849,0.00100511,0.183662
SOPT,0.01,0,0.9,2,4,5,40,9.882639,0.133766,0.000897936,0.155973
gappy-POD,0.01,0,0.9,2,4,5,40,1.351914,0.0721832,0.00146512,0.235835
QDEIM,0.01,0,0.9,2,4,5,40,1.913491,0.0817231,0.00130672,0.21398
clsSOPT,0.01,0,0.9,2,4,5,40,9.882639,0.0865491,0.00115212,0.216598
clsgappy-POD,0.01,0,0.9,2,4,5,40,30.899788,0.0817214,0.00105328,0.493996
clsQDEIM,0.01,0,0.9,2,4,5,40,1.647293,0.132533,0.00087533,0.171823
SOPT,0.01,0,0.9,2,4,5,50,7.722936,0.149256,0.0008645,0.151689
gappy-POD,0.01,0,0.9,2,4,5,50,1.579353,0.0845967,0.00141287,0.227996
QDEIM,0.01,0,0.9,2,4,5,50,1.555936,0.10728,0.00123457,0.205228
clsSOPT,0.01,0,0.9,2,4,5,50,7.722936,0.0955569,0.00111702,0.208469
clsgappy-POD,0.01,0,0.9,2,4,5,50,25.845921,0.0909708,0.000995143,0.612795
clsQDEIM,0.01,0,0.9,2,4,5,50,1.727493,0.137577,0.000869957,0.166952
SOPT,0.01,0,0.9,2,4,5,60,5.669752,0.178118,0.00068723,0.126452
gappy-POD,0.01,0,0.9,2,4,5,60,1.277776,0.103699,0.00137642,0.22362
QDEIM,0.01,0,0.9,2,4,5,60,1.691402,0.12466,0.00117727,0.196773
clsSOPT,0.01,0,0.9,2,4,5,60,5.669752,0.108676,0.00108171,0.216403
clsgappy-POD,0.01,0,0.9,2,4,5,60,25.352470,0.0960004,0.000980471,0.496606
clsQDEIM,0.01,0,0.9,2,4,5,60,1.870176,0.146328,0.000840435,0.150314
SOPT,0.01,0,0.9,2,4,5,70,5.165909,0.18307,0.000640143,0.118663
gappy-POD,0.01,0,0.9,2,4,5,70,1.488001,0.123886,0.00117494,0.19512
QDEIM,0.01,0,0.9,2,4,5,70,1.594028,0.13916,0.00114019,0.192468
clsSOPT,0.01,0,0.9,2,4,5,70,5.165909,0.124524,0.000935245,0.216428
clsgappy-POD,0.01,0,0.9,2,4,5,70,24.290625,0.109264,0.000915301,0.605647
clsQDEIM,0.01,0,0.9,2,4,5,70,1.432999,0.161744,0.000719663,0.134608
SOPT,0.01,0,0.9,2,4,5,80,118.180481,0.194337,0.000609052,0.114579
gappy-POD,0.01,0,0.9,2,4,5,80,1.783332,0.143758,0.000997159,0.170221
QDEIM,0.01,0,0.9,2,4,5,80,1.436053,0.154142,0.0010921,0.185586
clsSOPT,0.01,0,0.9,2,4,5,80,118.180481,0.14916,0.000734023,0.208328
clsgappy-POD,0.01,0,0.9,2,4,5,80,26.385230,0.116584,0.000878562,0.578163
clsQDEIM,0.01,0,0.9,2,4,5,80,1.430491,0.166412,0.000686326,0.130174
SOPT,0.01,0,0.9,2,4,5,90,129.436483,0.204988,0.000582585,0.110301
gappy-POD,0.01,0,0.9,2,4,5,90,1.681399,0.165625,0.000880758,0.155154
QDEIM,0.01,0,0.9,2,4,5,90,1.804302,0.170568,0.00102197,0.176906
clsSOPT,0.01,0,0.9,2,4,5,90,129.436483,0.148672,0.000706621,0.194738
clsgappy-POD,0.01,0,0.9,2,4,5,90,26.139375,0.128788,0.000868903,0.596909
clsQDEIM,0.01,0,0.9,2,4,5,90,1.370781,0.173867,0.00064154,0.123634
SOPT,0.01,0,0.9,2,4,5,100,138.189563,0.201713,0.000582585,0.110301
gappy-POD,0.01,0,0.9,2,4,5,100,1.370527,0.182298,0.000775044,0.139064
QDEIM,0.01,0,0.9,2,4,5,100,1.584878,0.178091,0.000951436,0.166291
clsSOPT,0.01,0,0.9,2,4,5,100,138.189563,0.151335,0.000682675,0.188317
clsgappy-POD,0.01,0,0.9,2,4,5,100,21.899566,0.13941,0.000828523,0.674411
clsQDEIM,0.01,0,0.9,2,4,5,100,1.546523,0.180056,0.000635234,0.124099
SOPT,0.01,0,0.9,2,4,5,110,154.431076,0.209037,0.000535241,0.103054
gappy-POD,0.01,0,0.9,2,4,5,110,1.284346,0.197568,0.00070891,0.130981
QDEIM,0.01,0,0.9,2,4,5,110,1.435749,0.185153,0.000927808,0.16322
clsSOPT,0.01,0,0.9,2,4,5,110,154.431076,0.158139,0.000643886,0.180396
clsgappy-POD,0.01,0,0.9,2,4,5,110,26.557007,0.155488,0.000712863,1.02613
clsQDEIM,0.01,0,0.9,2,4,5,110,1.270234,0.190044,0.000577836,0.116942
SOPT,0.01,0,0.9,2,4,5,120,127.172918,0.211857,0.000535241,0.103054
gappy-POD,0.01,0,0.9,2,4,5,120,1.457599,0.220693,0.000650701,0.12397
QDEIM,0.01,0,0.9,2,4,5,120,1.434699,0.196964,0.000820515,0.146979
clsSOPT,0.01,0,0.9,2,4,5,120,127.172918,0.167817,0.000578125,0.167965
clsgappy-POD,0.01,0,0.9,2,4,5,120,26.429277,0.179586,0.000606099,1.17489
clsQDEIM,0.01,0,0.9,2,4,5,120,1.623339,0.199326,0.000533227,0.107787
SOPT,0.01,0,0.9,2,4,5,130,121.341107,0.216478,0.000527289,0.101164
gappy-POD,0.01,0,0.9,2,4,5,130,1.591040,0.228085,0.000585985,0.115188
QDEIM,0.01,0,0.9,2,4,5,130,1.432008,0.220774,0.00073899,0.137195
clsSOPT,0.01,0,0.9,2,4,5,130,121.341107,0.181542,0.000488976,0.154685
clsgappy-POD,0.01,0,0.9,2,4,5,130,28.222988,0.199428,0.000524031,1.16788
clsQDEIM,0.01,0,0.9,2,4,5,130,1.529892,0.206543,0.000434952,0.0957449
SOPT,0.01,0,0.9,2,4,5,140,129.431446,0.22456,0.000477592,0.0927813
gappy-POD,0.01,0,0.9,2,4,5,140,1.488561,0.239238,0.000549141,0.109925
QDEIM,0.01,0,0.9,2,4,5,140,1.474314,0.236558,0.000634741,0.122515
clsSOPT,0.01,0,0.9,2,4,5,140,129.431446,0.19467,0.00046254,0.148095
clsgappy-POD,0.01,0,0.9,2,4,5,140,29.412530,0.202343,0.000498849,0.960258
clsQDEIM,0.01,0,0.9,2,4,5,140,1.445532,0.208326,0.000434833,0.0959749
SOPT,0.01,0,0.9,2,4,5,150,122.472228,0.24074,0.000397153,0.0777631
gappy-POD,0.01,0,0.9,2,4,5,150,1.343816,0.249991,0.000481055,0.100462
QDEIM,0.01,0,0.9,2,4,5,150,1.678025,0.246271,0.000533918,0.107847
clsSOPT,0.01,0,0.9,2,4,5,150,122.472228,0.200991,0.000443449,0.138028
clsgappy-POD,0.01,0,0.9,2,4,5,150,26.759348,0.20132,0.00049678,1.12593
clsQDEIM,0.01,0,0.9,2,4,5,150,1.200035,0.211165,0.00042931,0.0955756
SOPT,0.01,0,0.9,2,4,5,160,114.334369,0.24825,0.000335589,0.0714146
gappy-POD,0.01,0,0.9,2,4,5,160,2.615896,0.24742,0.000480666,0.10057
QDEIM,0.01,0,0.9,2,4,5,160,1.467932,0.252504,0.000513152,0.105093
clsSOPT,0.01,0,0.9,2,4,5,160,114.334369,0.209003,0.000405525,0.131658
clsgappy-POD,0.01,0,0.9,2,4,5,160,26.935145,0.206434,0.000461638,1.05716
clsQDEIM,0.01,0,0.9,2,4,5,160,1.281825,0.210529,0.000429342,0.095135
SOPT,0.01,0,0.9,2,4,5,170,107.841617,0.25459,0.000307325,0.0668498
gappy-POD,0.01,0,0.9,2,4,5,170,1.506786,0.246121,0.000471094,0.099015
QDEIM,0.01,0,0.9,2,4,5,170,1.554555,0.254636,0.000471331,0.0993725
clsSOPT,0.01,0,0.9,2,4,5,170,107.841617,0.213267,0.000385788,0.132613
clsgappy-POD,0.01,0,0.9,2,4,5,170,28.973033,0.221538,0.000382099,0.97194
clsQDEIM,0.01,0,0.9,2,4,5,170,1.295327,0.211972,0.000429186,0.0954247
SOPT,0.01,0,0.9,2,4,5,180,92.173898,0.255523,0.000308701,0.0652108
gappy-POD,0.01,0,0.9,2,4,5,180,1.587261,0.250145,0.000471096,0.0990415
QDEIM,0.01,0,0.9,2,4,5,180,1.553882,0.259666,0.000471318,0.0994415
clsSOPT,0.01,0,0.9,2,4,5,180,92.173898,0.215619,0.000365134,0.120876
clsgappy-POD,0.01,0,0.9,2,4,5,180,26.558272,0.228473,0.000356109,0.998995
clsQDEIM,0.01,0,0.9,2,4,5,180,1.359552,0.232452,0.000411228,0.0882751
SOPT,0.01,0,0.9,2,4,5,190,5.473725,0.263538,0.000301073,0.0632278
gappy-POD,0.01,0,0.9,2,4,5,190,1.797024,0.257522,0.000455378,0.0968366
QDEIM,0.01,0,0.9,2,4,5,190,1.575105,0.262162,0.000421334,0.0924072
clsSOPT,0.01,0,0.9,2,4,5,190,5.473725,0.215563,0.000365139,0.113375
clsgappy-POD,0.01,0,0.9,2,4,5,190,26.580370,0.233938,0.000330075,1.07361
clsQDEIM,0.01,0,0.9,2,4,5,190,1.216950,0.234389,0.000407385,0.0889715
SOPT,0.01,0,0.9,2,4,5,200,3.783815,0.267613,0.000268586,0.055386
gappy-POD,0.01,0,0.9,2,4,5,200,1.531708,0.259846,0.000447019,0.0957102
QDEIM,0.01,0,0.9,2,4,5,200,1.557199,0.261445,0.000421333,0.0924198
clsSOPT,0.01,0,0.9,2,4,5,200,3.783815,0.220476,0.000355112,0.107126
clsgappy-POD,0.01,0,0.9,2,4,5,200,26.710185,0.236732,0.00030173,1.09567
clsQDEIM,0.01,0,0.9,2,4,5,200,1.354731,0.237548,0.000408049,0.0863716
SOPT,0.01,1,0.99,4,8,11,20,6.992057,0.0660277,0.00128373,0.192944
gappy-POD,0.01,1,0.99,4,8,11,20,5.732466,0.0443113,0.00156799,0.450625
QDEIM,0.01,1,0.99,4,8,11,20,5.425294,0.0440972,0.00144926,0.360651
clsSOPT,0.01,1,0.99,4,8,11,20,6.992057,0.0687689,0.00133442,0.187409
clsgappy-POD,0.01,1,0.99,4,8,11,20,45.768089,0.0766424,0.00138087,1.30855
clsQDEIM,0.01,1,0.99,4,8,11,20,5.098287,0.0802541,0.00120986,0.340251
SOPT,0.01,1,0.99,4,8,11,30,4.033840,0.0876893,0.00118939,0.29582
gappy-POD,0.01,1,0.99,4,8,11,30,4.901987,0.0539967,0.00153872,0.445111
QDEIM,0.01,1,0.99,4,8,11,30,4.733188,0.0641008,0.00135097,0.32026
clsSOPT,0.01,1,0.99,4,8,11,30,4.033840,0.0975455,0.00110258,0.288947
clsgappy-POD,0.01,1,0.99,4,8,11,30,30.738518,0.0857795,0.00136575,1.12274
clsQDEIM,0.01,1,0.99,4,8,11,30,3.008514,0.0952362,0.00104568,0.273245
SOPT,0.01,1,0.99,4,8,11,40,3.801260,0.11656,0.00090654,0.181806
gappy-POD,0.01,1,0.99,4,8,11,40,2.916373,0.0656414,0.00147081,0.395997
QDEIM,0.01,1,0.99,4,8,11,40,3.377134,0.0961675,0.00124567,0.308632
clsSOPT,0.01,1,0.99,4,8,11,40,3.801260,0.119888,0.000906244,0.214292
clsgappy-POD,0.01,1,0.99,4,8,11,40,33.667750,0.0926992,0.0013444,1.20426
clsQDEIM,0.01,1,0.99,4,8,11,40,2.699616,0.10957,0.000857769,0.217489
SOPT,0.01,1,0.99,4,8,11,50,2.735712,0.139714,0.000671999,0.132668
gappy-POD,0.01,1,0.99,4,8,11,50,3.222733,0.0723991,0.00141594,0.379196
QDEIM,0.01,1,0.99,4,8,11,50,3.558048,0.110675,0.00118266,0.327157
clsSOPT,0.01,1,0.99,4,8,11,50,2.735712,0.129409,0.000897437,0.204573
clsgappy-POD,0.01,1,0.99,4,8,11,50,22.679233,0.101063,0.00130662,1.2237
clsQDEIM,0.01,1,0.99,4,8,11,50,2.168621,0.126148,0.000767809,0.156054
SOPT,0.01,1,0.99,4,8,11,60,2.940518,0.165264,0.000497388,0.0997002
gappy-POD,0.01,1,0.99,4,8,11,60,2.706605,0.0808107,0.00140327,0.376781
QDEIM,0.01,1,0.99,4,8,11,60,2.959619,0.130033,0.0010519,0.291728
clsSOPT,0.01,1,0.99,4,8,11,60,2.940518,0.132269,0.000897437,0.204573
clsgappy-POD,0.01,1,0.99,4,8,11,60,29.743004,0.114565,0.0011572,1.66801
clsQDEIM,0.01,1,0.99,4,8,11,60,1.884281,0.151957,0.000613373,0.100498
SOPT,0.01,1,0.99,4,8,11,70,3.051511,0.178961,0.000466638,0.0948897
gappy-POD,0.01,1,0.99,4,8,11,70,2.367803,0.0931176,0.00136004,0.367047
QDEIM,0.01,1,0.99,4,8,11,70,2.665863,0.134396,0.00103859,0.28811
clsSOPT,0.01,1,0.99,4,8,11,70,3.051511,0.142647,0.00075358,0.149909
clsgappy-POD,0.01,1,0.99,4,8,11,70,24.921793,0.116764,0.00111792,1.76799
clsQDEIM,0.01,1,0.99,4,8,11,70,1.719797,0.1657,0.000505896,0.0858345
SOPT,0.01,1,0.99,4,8,11,80,3.049218,0.192218,0.000399396,0.0965266
gappy-POD,0.01,1,0.99,4,8,11,80,2.126909,0.100023,0.00133278,0.362468
QDEIM,0.01,1,0.99,4,8,11,80,2.501073,0.142582,0.000913374,0.242779
clsSOPT,0.01,1,0.99,4,8,11,80,3.049218,0.152742,0.00069541,0.131603
clsgappy-POD,0.01,1,0.99,4,8,11,80,21.439682,0.12685,0.00112607,1.74189
clsQDEIM,0.01,1,0.99,4,8,11,80,1.830862,0.168794,0.000501666,0.0862497
SOPT,0.01,1,0.99,4,8,11,90,3.088243,0.20869,0.000306824,0.0888163
gappy-POD,0.01,1,0.99,4,8,11,90,2.127498,0.100418,0.0013446,0.366246
QDEIM,0.01,1,0.99,4,8,11,90,2.254681,0.160922,0.000784546,0.1851
clsSOPT,0.01,1,0.99,4,8,11,90,3.088243,0.159429,0.000673815,0.133962
clsgappy-POD,0.01,1,0.99,4,8,11,90,23.074880,0.131548,0.00106214,1.86356
clsQDEIM,0.01,1,0.99,4,8,11,90,1.733385,0.172025,0.000482601,0.0848966
SOPT,0.01,1,0.99,4,8,11,100,2.457233,0.207958,0.000306782,0.0881567
gappy-POD,0.01,1,0.99,4,8,11,100,2.028798,0.11962,0.00127044,0.335877
QDEIM,0.01,1,0.99,4,8,11,100,2.853290,0.167067,0.000734963,0.165032
clsSOPT,0.01,1,0.99,4,8,11,100,2.457233,0.162821,0.000641313,0.143756
clsgappy-POD,0.01,1,0.99,4,8,11,100,21.627258,0.154386,0.000952339,2.30541
clsQDEIM,0.01,1,0.99,4,8,11,100,1.686004,0.177012,0.000476233,0.0837701
SOPT,0.01,1,0.99,4,8,11,110,2.232787,0.211807,0.000301177,0.0847907
gappy-POD,0.01,1,0.99,4,8,11,110,2.020096,0.127491,0.00125841,0.334506
QDEIM,0.01,1,0.99,4,8,11,110,2.852601,0.172898,0.000679406,0.150109
clsSOPT,0.01,1,0.99,4,8,11,110,2.232787,0.167639,0.000608303,0.134716
clsgappy-POD,0.01,1,0.99,4,8,11,110,27.602833,0.17063,0.000878447,2.64096
clsQDEIM,0.01,1,0.99,4,8,11,110,2.235303,0.176512,0.000476172,0.08401
SOPT,0.01,1,0.99,4,8,11,120,2.216873,0.22106,0.000286807,0.0809657
gappy-POD,0.01,1,0.99,4,8,11,120,1.832738,0.131125,0.00125761,0.336549
QDEIM,0.01,1,0.99,4,8,11,120,3.242603,0.19356,0.000568049,0.120151
clsSOPT,0.01,1,0.99,4,8,11,120,2.216873,0.170234,0.000597773,0.131852
clsgappy-POD,0.01,1,0.99,4,8,11,120,21.812128,0.174902,0.000878266,2.72107
clsQDEIM,0.01,1,0.99,4,8,11,120,1.611214,0.176465,0.000476132,0.0840815
SOPT,0.01,1,0.99,4,8,11,130,2.095714,0.2303,0.000268101,0.0778078
gappy-POD,0.01,1,0.99,4,8,11,130,1.879838,0.139975,0.00109088,0.284333
QDEIM,0.01,1,0.99,4,8,11,130,3.496835,0.190167,0.000567965,0.120212
clsSOPT,0.01,1,0.99,4,8,11,130,2.095714,0.177785,0.000556546,0.126333
clsgappy-POD,0.01,1,0.99,4,8,11,130,25.476188,0.176171,0.000880368,2.81736
clsQDEIM,0.01,1,0.99,4,8,11,130,1.542545,0.18092,0.000468481,0.0834268
SOPT,0.01,1,0.99,4,8,11,140,2.368703,0.242368,0.000250777,0.0769491
gappy-POD,0.01,1,0.99,4,8,11,140,1.819603,0.14736,0.00108108,0.282653
QDEIM,0.01,1,0.99,4,8,11,140,3.409948,0.202662,0.000447407,0.0973687
clsSOPT,0.01,1,0.99,4,8,11,140,2.368703,0.178943,0.000543774,0.116853
clsgappy-POD,0.01,1,0.99,4,8,11,140,23.471775,0.178513,0.000901863,2.80013
clsQDEIM,0.01,1,0.99,4,8,11,140,1.576781,0.191983,0.000394946,0.0882967
SOPT,0.01,1,0.99,4,8,11,150,2.262042,0.248343,0.000238616,0.0686893
gappy-POD,0.01,1,0.99,4,8,11,150,1.668498,0.157762,0.00102164,0.267366
QDEIM,0.01,1,0.99,4,8,11,150,3.191262,0.229308,0.000420453,0.0977871
clsSOPT,0.01,1,0.99,4,8,11,150,2.262042,0.191061,0.000496793,0.102392
clsgappy-POD,0.01,1,0.99,4,8,11,150,22.612825,0.190235,0.000843529,3.06943
clsQDEIM,0.01,1,0.99,4,8,11,150,1.591588,0.205544,0.000357347,0.0841262
SOPT,0.01,1,0.99,4,8,11,160,2.561364,0.252025,0.000236575,0.0683956
gappy-POD,0.01,1,0.99,4,8,11,160,1.808149,0.17921,0.000871845,0.223823
QDEIM,0.01,1,0.99,4,8,11,160,3.271897,0.246039,0.000417599,0.10192
clsSOPT,0.01,1,0.99,4,8,11,160,2.561364,0.188929,0.000496766,0.102475
clsgappy-POD,0.01,1,0.99,4,8,11,160,27.416564,0.194291,0.000840331,3.05583
clsQDEIM,0.01,1,0.99,4,8,11,160,1.537069,0.215833,0.000341761,0.0774996
SOPT,0.01,1,0.99,4,8,11,170,2.321974,0.257956,0.000232617,0.0679169
gappy-POD,0.01,1,0.99,4,8,11,170,1.756960,0.195795,0.000753366,0.192736
QDEIM,0.01,1,0.99,4,8,11,170,3.157257,0.252221,0.000413903,0.10123
clsSOPT,0.01,1,0.99,4,8,11,170,2.321974,0.197883,0.000440087,0.0919207
clsgappy-POD,0.01,1,0.99,4,8,11,170,22.580819,0.199995,0.000818004,3.17138
clsQDEIM,0.01,1,0.99,4,8,11,170,1.400808,0.228112,0.000316525,0.064853
SOPT,0.01,1,0.99,4,8,11,180,2.099150,0.257782,0.000232617,0.0679169
gappy-POD,0.01,1,0.99,4,8,11,180,1.801903,0.204211,0.000703338,0.186258
QDEIM,0.01,1,0.99,4,8,11,180,3.182383,0.256427,0.000399849,0.0995528
clsSOPT,0.01,1,0.99,4,8,11,180,2.099150,0.207752,0.000424059,0.0897244
clsgappy-POD,0.01,1,0.99,4,8,11,180,23.751185,0.212299,0.000767994,3.29294
clsQDEIM,0.01,1,0.99,4,8,11,180,1.537888,0.246708,0.000318654,0.0575393
SOPT,0.01,1,0.99,4,8,11,190,2.647502,0.259077,0.000231643,0.0677208
gappy-POD,0.01,1,0.99,4,8,11,190,1.723009,0.215767,0.000659799,0.175178
QDEIM,0.01,1,0.99,4,8,11,190,2.933399,0.256127,0.000399834,0.0995335
clsSOPT,0.01,1,0.99,4,8,11,190,2.647502,0.204166,0.000423901,0.0901668
clsgappy-POD,0.01,1,0.99,4,8,11,190,26.002781,0.215872,0.000757982,3.40219
clsQDEIM,0.01,1,0.99,4,8,11,190,1.410309,0.247866,0.000267621,0.0592029
SOPT,0.01,1,0.99,4,8,11,200,3.224789,0.267636,0.000226272,0.0673787
gappy-POD,0.01,1,0.99,4,8,11,200,1.755092,0.221299,0.000611314,0.16789
QDEIM,0.01,1,0.99,4,8,11,200,2.968345,0.263351,0.00037068,0.095488
clsSOPT,0.01,1,0.99,4,8,11,200,3.224789,0.207894,0.000423835,0.0901957
clsgappy-POD,0.01,1,0.99,4,8,11,200,25.798401,0.224911,0.000739358,3.4957
clsQDEIM,0.01,1,0.99,4,8,11,200,1.312992,0.252101,0.000243191,0.0602458
SOPT,0.01,2,0.999,7,15,23,30,13.373736,0.103976,0.00104895,0.21416
gappy-POD,0.01,2,0.999,7,15,23,30,18.663040,0.0683717,0.00133899,0.335137
QDEIM,0.01,2,0.999,7,15,23,30,13.424416,0.0720156,0.00132993,0.284047
clsSOPT,0.01,2,0.999,7,15,23,30,13.373736,0.128503,0.000871432,0.180831
clsgappy-POD,0.01,2,0.999,7,15,23,30,257.983308,0.096108,0.00116491,1.32674
clsQDEIM,0.01,2,0.999,7,15,23,30,14.767547,0.0880645,0.0012449,0.239198
SOPT,0.01,2,0.999,7,15,23,40,10.813625,0.125133,0.000890508,0.154022
gappy-POD,0.01,2,0.999,7,15,23,40,7.812292,0.0791406,0.00129556,0.312556
QDEIM,0.01,2,0.999,7,15,23,40,8.827476,0.0901722,0.00123393,0.237991
clsSOPT,0.01,2,0.999,7,15,23,40,10.813625,0.154044,0.000777221,0.150862
clsgappy-POD,0.01,2,0.999,7,15,23,40,113.280920,0.124959,0.000913423,1.70757
clsQDEIM,0.01,2,0.999,7,15,23,40,4.998101,0.121458,0.00101011,0.220338
SOPT,0.01,2,0.999,7,15,23,50,5.313447,0.133047,0.000800957,0.159704
gappy-POD,0.01,2,0.999,7,15,23,50,5.762029,0.103779,0.00117705,0.272708
QDEIM,0.01,2,0.999,7,15,23,50,7.633763,0.104274,0.00109748,0.240847
clsSOPT,0.01,2,0.999,7,15,23,50,5.313447,0.161556,0.000733135,0.161818
clsgappy-POD,0.01,2,0.999,7,15,23,50,123.545036,0.144118,0.000756968,1.47657
clsQDEIM,0.01,2,0.999,7,15,23,50,4.525945,0.145394,0.000821331,0.165647
SOPT,0.01,2,0.999,7,15,23,60,5.079401,0.141691,0.000757624,0.166762
gappy-POD,0.01,2,0.999,7,15,23,60,4.197266,0.10166,0.00118709,0.27888
QDEIM,0.01,2,0.999,7,15,23,60,5.275059,0.111985,0.00106384,0.230246
clsSOPT,0.01,2,0.999,7,15,23,60,5.079401,0.181923,0.000576394,0.134753
clsgappy-POD,0.01,2,0.999,7,15,23,60,80.130033,0.164827,0.00084665,1.10062
clsQDEIM,0.01,2,0.999,7,15,23,60,3.696960,0.160508,0.00075097,0.167451
SOPT,0.01,2,0.999,7,15,23,70,3.554417,0.150027,0.000732478,0.153117
gappy-POD,0.01,2,0.999,7,15,23,70,3.905583,0.106874,0.0011608,0.265932
QDEIM,0.01,2,0.999,7,15,23,70,6.760892,0.128583,0.000890214,0.20783
clsSOPT,0.01,2,0.999,7,15,23,70,3.554417,0.193588,0.000573971,0.131832
clsgappy-POD,0.01,2,0.999,7,15,23,70,64.552240,0.181024,0.000784387,1.22161
clsQDEIM,0.01,2,0.999,7,15,23,70,3.317745,0.16887,0.000712676,0.168772
SOPT,0.01,2,0.999,7,15,23,80,3.809878,0.167447,0.000678157,0.137982
gappy-POD,0.01,2,0.999,7,15,23,80,3.758186,0.109825,0.00116075,0.264691
QDEIM,0.01,2,0.999,7,15,23,80,6.652072,0.144098,0.000879593,0.201541
clsSOPT,0.01,2,0.999,7,15,23,80,3.809878,0.197346,0.000532828,0.120752
clsgappy-POD,0.01,2,0.999,7,15,23,80,44.145233,0.183047,0.000741222,1.23793
clsQDEIM,0.01,2,0.999,7,15,23,80,2.872791,0.188743,0.000639102,0.207811
SOPT,0.01,2,0.999,7,15,23,90,4.108154,0.179394,0.000645389,0.133137
gappy-POD,0.01,2,0.999,7,15,23,90,3.486969,0.117523,0.00114355,0.265835
QDEIM,0.01,2,0.999,7,15,23,90,5.635944,0.141036,0.000879416,0.20089
clsSOPT,0.01,2,0.999,7,15,23,90,4.108154,0.210249,0.000502051,0.117907
clsgappy-POD,0.01,2,0.999,7,15,23,90,55.089484,0.194867,0.000720172,1.23081
clsQDEIM,0.01,2,0.999,7,15,23,90,2.870807,0.191157,0.000608356,0.199952
SOPT,0.01,2,0.999,7,15,23,100,4.001077,0.199592,0.000552778,0.109482
gappy-POD,0.01,2,0.999,7,15,23,100,3.675519,0.12103,0.00112225,0.258949
QDEIM,0.01,2,0.999,7,15,23,100,5.560141,0.144533,0.000871113,0.215903
clsSOPT,0.01,2,0.999,7,15,23,100,4.001077,0.218262,0.000462178,0.113459
clsgappy-POD,0.01,2,0.999,7,15,23,100,60.955784,0.192306,0.000662314,1.31599
clsQDEIM,0.01,2,0.999,7,15,23,100,2.520594,0.202389,0.000533169,0.16652
SOPT,0.01,2,0.999,7,15,23,110,3.674076,0.224843,0.00047488,0.103156
gappy-POD,0.01,2,0.999,7,15,23,110,3.117368,0.123598,0.00110346,0.244389
QDEIM,0.01,2,0.999,7,15,23,110,5.292283,0.152609,0.000830206,0.211392
clsSOPT,0.01,2,0.999,7,15,23,110,3.674076,0.222784,0.000459665,0.109423
clsgappy-POD,0.01,2,0.999,7,15,23,110,47.137255,0.192807,0.000643102,1.27581
clsQDEIM,0.01,2,0.999,7,15,23,110,2.853902,0.202752,0.000534353,0.165965
SOPT,0.01,2,0.999,7,15,23,120,3.970689,0.237189,0.000419275,0.0978558
gappy-POD,0.01,2,0.999,7,15,23,120,3.459211,0.129299,0.00109151,0.239956
QDEIM,0.01,2,0.999,7,15,23,120,4.458785,0.154331,0.000794741,0.208053
clsSOPT,0.01,2,0.999,7,15,23,120,3.970689,0.219997,0.000459665,0.109423
clsgappy-POD,0.01,2,0.999,7,15,23,120,62.008872,0.204368,0.00061113,1.50064
clsQDEIM,0.01,2,0.999,7,15,23,120,2.319741,0.205794,0.000527379,0.151135
SOPT,0.01,2,0.999,7,15,23,130,3.495322,0.24155,0.00040834,0.0956661
gappy-POD,0.01,2,0.999,7,15,23,130,2.944241,0.129783,0.00109152,0.239789
QDEIM,0.01,2,0.999,7,15,23,130,4.879189,0.169387,0.000635476,0.198408
clsSOPT,0.01,2,0.999,7,15,23,130,3.495322,0.224574,0.000440221,0.0966567
clsgappy-POD,0.01,2,0.999,7,15,23,130,42.944145,0.210279,0.000622898,0.841728
clsQDEIM,0.01,2,0.999,7,15,23,130,2.145837,0.20834,0.000527579,0.151343
SOPT,0.01,2,0.999,7,15,23,140,3.477628,0.258109,0.000370061,0.0938913
gappy-POD,0.01,2,0.999,7,15,23,140,2.658575,0.13732,0.00101596,0.226134
QDEIM,0.01,2,0.999,7,15,23,140,4.497298,0.177381,0.000614444,0.189639
clsSOPT,0.01,2,0.999,7,15,23,140,3.477628,0.225044,0.00044001,0.0957196
clsgappy-POD,0.01,2,0.999,7,15,23,140,41.098113,0.217312,0.000563669,0.941398
clsQDEIM,0.01,2,0.999,7,15,23,140,2.071462,0.220152,0.000492144,0.1452
SOPT,0.01,2,0.999,7,15,23,150,3.431542,0.269042,0.000278062,0.0792285
gappy-POD,0.01,2,0.999,7,15,23,150,2.749434,0.145803,0.000951836,0.211188
QDEIM,0.01,2,0.999,7,15,23,150,5.267384,0.182285,0.000614432,0.189262
clsSOPT,0.01,2,0.999,7,15,23,150,3.431542,0.230453,0.000439528,0.0952431
clsgappy-POD,0.01,2,0.999,7,15,23,150,28.808782,0.226125,0.00053768,1.23322
clsQDEIM,0.01,2,0.999,7,15,23,150,2.044617,0.225031,0.000492063,0.137617
SOPT,0.01,2,0.999,7,15,23,160,3.543903,0.274746,0.00024245,0.0735587
gappy-POD,0.01,2,0.999,7,15,23,160,2.620694,0.148373,0.00095186,0.211262
QDEIM,0.01,2,0.999,7,15,23,160,4.743975,0.187574,0.000608305,0.184849
clsSOPT,0.01,2,0.999,7,15,23,160,3.543903,0.248524,0.00038882,0.0807346
clsgappy-POD,0.01,2,0.999,7,15,23,160,42.248085,0.228814,0.000564462,1.25558
clsQDEIM,0.01,2,0.999,7,15,23,160,1.770154,0.234108,0.000464247,0.139093
SOPT,0.01,2,0.999,7,15,23,170,3.208731,0.284992,0.000219634,0.070718
gappy-POD,0.01,2,0.999,7,15,23,170,2.738651,0.154167,0.000931652,0.204271
QDEIM,0.01,2,0.999,7,15,23,170,4.620719,0.192945,0.000584711,0.17741
clsSOPT,0.01,2,0.999,7,15,23,170,3.208731,0.249245,0.000382317,0.0810155
clsgappy-POD,0.01,2,0.999,7,15,23,170,42.056556,0.236519,0.000527947,1.32962
clsQDEIM,0.01,2,0.999,7,15,23,170,1.972834,0.236541,0.000460763,0.137149
SOPT,0.01,2,0.999,7,15,23,180,3.276501,0.282026,0.000219638,0.0708104
gappy-POD,0.01,2,0.999,7,15,23,180,2.714339,0.155872,0.000931726,0.203858
QDEIM,0.01,2,0.999,7,15,23,180,4.709006,0.192676,0.000548371,0.169722
clsSOPT,0.01,2,0.999,7,15,23,180,3.276501,0.255198,0.00033577,0.0767067
clsgappy-POD,0.01,2,0.999,7,15,23,180,34.542025,0.24125,0.000502731,1.33842
clsQDEIM,0.01,2,0.999,7,15,23,180,1.946904,0.237506,0.000460678,0.138336
SOPT,0.01,2,0.999,7,15,23,190,3.258140,0.285737,0.000217889,0.0715187
gappy-POD,0.01,2,0.999,7,15,23,190,2.437807,0.158996,0.00090679,0.20656
QDEIM,0.01,2,0.999,7,15,23,190,5.679723,0.196066,0.000530306,0.165394
clsSOPT,0.01,2,0.999,7,15,23,190,3.258140,0.255395,0.000335636,0.0758394
clsgappy-POD,0.01,2,0.999,7,15,23,190,33.481995,0.237638,0.000519192,0.967422
clsQDEIM,0.01,2,0.999,7,15,23,190,1.890499,0.244595,0.000452156,0.14382
SOPT,0.01,2,0.999,7,15,23,200,2.914996,0.295159,0.000207491,0.0690078
gappy-POD,0.01,2,0.999,7,15,23,200,2.495324,0.157776,0.000957534,0.219243
QDEIM,0.01,2,0.999,7,15,23,200,5.266266,0.211457,0.000441249,0.152793
clsSOPT,0.01,2,0.999,7,15,23,200,2.914996,0.254772,0.000329435,0.0749624
clsgappy-POD,0.01,2,0.999,7,15,23,200,30.124465,0.260991,0.000484638,1.00553
clsQDEIM,0.01,2,0.999,7,15,23,200,1.847603,0.243094,0.000451247,0.135874
SOPT,0.01,3,0.9999,11,27,36,40,37.704811,0.129092,0.000867029,0.177867
gappy-POD,0.01,3,0.9999,11,27,36,40,43.574764,0.100294,0.00125712,0.292654
QDEIM,0.01,3,0.9999,11,27,36,40,47.794216,0.0976955,0.00117659,0.312993
clsSOPT,0.01,3,0.9999,11,27,36,40,37.704811,0.140703,0.000936052,0.199415
clsgappy-POD,0.01,3,0.9999,11,27,36,40,8053.374530,0.148849,0.000691329,3.09566
clsQDEIM,0.01,3,0.9999,11,27,36,40,20.799132,0.157951,0.000753016,0.200671
SOPT,0.01,3,0.9999,11,27,36,50,13.445744,0.140469,0.000773169,0.188154
gappy-POD,0.01,3,0.9999,11,27,36,50,13.623122,0.107112,0.00123287,0.319182
QDEIM,0.01,3,0.9999,11,27,36,50,12.821042,0.115205,0.00103299,0.285059
clsSOPT,0.01,3,0.9999,11,27,36,50,13.445744,0.16154,0.00077555,0.133976
clsgappy-POD,0.01,3,0.9999,11,27,36,50,835.281343,0.148459,0.000980584,2.57514
clsQDEIM,0.01,3,0.9999,11,27,36,50,9.564614,0.18587,0.000623566,0.130008
SOPT,0.01,3,0.9999,11,27,36,60,10.135325,0.156243,0.00069638,0.16319
gappy-POD,0.01,3,0.9999,11,27,36,60,12.884177,0.117912,0.00108929,0.277844
QDEIM,0.01,3,0.9999,11,27,36,60,8.496578,0.134276,0.000821518,0.254483
clsSOPT,0.01,3,0.9999,11,27,36,60,10.135325,0.167195,0.000764274,0.144496
clsgappy-POD,0.01,3,0.9999,11,27,36,60,155.092542,0.17107,0.000949085,2.4939
clsQDEIM,0.01,3,0.9999,11,27,36,60,6.747244,0.201336,0.000524999,0.14207
SOPT,0.01,3,0.9999,11,27,36,70,8.142918,0.167094,0.000666257,0.155517
gappy-POD,0.01,3,0.9999,11,27,36,70,8.130399,0.120103,0.00108934,0.273726
QDEIM,0.01,3,0.9999,11,27,36,70,7.555569,0.137549,0.00081469,0.244084
clsSOPT,0.01,3,0.9999,11,27,36,70,8.142918,0.167443,0.000731857,0.134764
clsgappy-POD,0.01,3,0.9999,11,27,36,70,147.926404,0.180272,0.000822465,2.15349
clsQDEIM,0.01,3,0.9999,11,27,36,70,4.396581,0.210606,0.00052073,0.150476
SOPT,0.01,3,0.9999,11,27,36,80,5.723891,0.174709,0.000661509,0.152053
gappy-POD,0.01,3,0.9999,11,27,36,80,7.038462,0.146569,0.0010376,0.263006
QDEIM,0.01,3,0.9999,11,27,36,80,6.224343,0.149993,0.000798045,0.226277
clsSOPT,0.01,3,0.9999,11,27,36,80,5.723891,0.177443,0.000672396,0.13213
clsgappy-POD,0.01,3,0.9999,11,27,36,80,85.784987,0.192604,0.000865256,1.85876
clsQDEIM,0.01,3,0.9999,11,27,36,80,4.862865,0.221736,0.000426149,0.135861
SOPT,0.01,3,0.9999,11,27,36,90,5.268142,0.187853,0.000623878,0.146216
gappy-POD,0.01,3,0.9999,11,27,36,90,4.363977,0.145054,0.00103924,0.242655
QDEIM,0.01,3,0.9999,11,27,36,90,5.702245,0.155809,0.000789951,0.227766
clsSOPT,0.01,3,0.9999,11,27,36,90,5.268142,0.194072,0.000526063,0.101984
clsgappy-POD,0.01,3,0.9999,11,27,36,90,116.516531,0.217102,0.000685294,1.58514
clsQDEIM,0.01,3,0.9999,11,27,36,90,3.775517,0.233462,0.000387042,0.129336
SOPT,0.01,3,0.9999,11,27,36,100,4.661135,0.191109,0.000534918,0.126153
gappy-POD,0.01,3,0.9999,11,27,36,100,4.463073,0.156034,0.000998459,0.247186
QDEIM,0.01,3,0.9999,11,27,36,100,4.833300,0.161713,0.00077341,0.232621
clsSOPT,0.01,3,0.9999,11,27,36,100,4.661135,0.204929,0.000466593,0.110054
clsgappy-POD,0.01,3,0.9999,11,27,36,100,66.188630,0.253152,0.000606463,1.53293
clsQDEIM,0.01,3,0.9999,11,27,36,100,3.322927,0.234697,0.000382415,0.11791
SOPT,0.01,3,0.9999,11,27,36,110,4.450450,0.198176,0.000524143,0.128353
gappy-POD,0.01,3,0.9999,11,27,36,110,4.178380,0.15553,0.00100033,0.247381
QDEIM,0.01,3,0.9999,11,27,36,110,3.991073,0.163756,0.000734754,0.213395
clsSOPT,0.01,3,0.9999,11,27,36,110,4.450450,0.21414,0.000442701,0.102739
clsgappy-POD,0.01,3,0.9999,11,27,36,110,80.806209,0.234905,0.000641643,1.33052
clsQDEIM,0.01,3,0.9999,11,27,36,110,3.067024,0.239227,0.000355993,0.112359
SOPT,0.01,3,0.9999,11,27,36,120,3.978966,0.19898,0.00051509,0.130701
gappy-POD,0.01,3,0.9999,11,27,36,120,3.666065,0.162368,0.000978168,0.244794
QDEIM,0.01,3,0.9999,11,27,36,120,3.709692,0.167268,0.000699111,0.192778
clsSOPT,0.01,3,0.9999,11,27,36,120,3.978966,0.220375,0.000416273,0.103344
clsgappy-POD,0.01,3,0.9999,11,27,36,120,70.457436,0.219462,0.000488188,1.12118
clsQDEIM,0.01,3,0.9999,11,27,36,120,2.929359,0.245361,0.000349668,0.101751
SOPT,0.01,3,0.9999,11,27,36,130,4.393198,0.208456,0.000438049,0.112694
gappy-POD,0.01,3,0.9999,11,27,36,130,3.776359,0.16965,0.000961961,0.230085
QDEIM,0.01,3,0.9999,11,27,36,130,3.911577,0.170974,0.000689684,0.189874
clsSOPT,0.01,3,0.9999,11,27,36,130,4.393198,0.224978,0.000387089,0.0897499
clsgappy-POD,0.01,3,0.9999,11,27,36,130,72.987590,0.23787,0.000443204,1.07006
clsQDEIM,0.01,3,0.9999,11,27,36,130,2.647867,0.242196,0.000349633,0.100701
SOPT,0.01,3,0.9999,11,27,36,140,3.884597,0.213333,0.000419863,0.117089
gappy-POD,0.01,3,0.9999,11,27,36,140,3.647790,0.183412,0.000901965,0.222619
QDEIM,0.01,3,0.9999,11,27,36,140,3.657029,0.189594,0.000615511,0.176805
clsSOPT,0.01,3,0.9999,11,27,36,140,3.884597,0.23294,0.000326843,0.108371
clsgappy-POD,0.01,3,0.9999,11,27,36,140,65.619364,0.24139,0.000346372,0.846356
clsQDEIM,0.01,3,0.9999,11,27,36,140,2.930143,0.249968,0.000315593,0.0972061
SOPT,0.01,3,0.9999,11,27,36,150,3.799798,0.215805,0.000398507,0.115091
gappy-POD,0.01,3,0.9999,11,27,36,150,3.652473,0.183138,0.000900692,0.225123
QDEIM,0.01,3,0.9999,11,27,36,150,4.050111,0.19398,0.000583549,0.176113
clsSOPT,0.01,3,0.9999,11,27,36,150,3.799798,0.243136,0.000311998,0.109471
clsgappy-POD,0.01,3,0.9999,11,27,36,150,69.657692,0.239101,0.000552264,1.20385
clsQDEIM,0.01,3,0.9999,11,27,36,150,2.963695,0.251845,0.000315822,0.0961511
SOPT,0.01,3,0.9999,11,27,36,160,3.608698,0.234316,0.000378901,0.117029
gappy-POD,0.01,3,0.9999,11,27,36,160,3.808984,0.189507,0.000877436,0.2196
QDEIM,0.01,3,0.9999,11,27,36,160,3.394006,0.19781,0.000583337,0.177423
clsSOPT,0.01,3,0.9999,11,27,36,160,3.608698,0.241936,0.000311232,0.107471
clsgappy-POD,0.01,3,0.9999,11,27,36,160,65.871811,0.255312,0.000537711,1.49675
clsQDEIM,0.01,3,0.9999,11,27,36,160,2.546253,0.250917,0.000315864,0.0953989
SOPT,0.01,3,0.9999,11,27,36,170,3.222507,0.24099,0.000346183,0.115553
gappy-POD,0.01,3,0.9999,11,27,36,170,3.310306,0.193891,0.000846395,0.2137
QDEIM,0.01,3,0.9999,11,27,36,170,3.592421,0.198808,0.000583601,0.176207
clsSOPT,0.01,3,0.9999,11,27,36,170,3.222507,0.249853,0.000302726,0.110431
clsgappy-POD,0.01,3,0.9999,11,27,36,170,56.361274,0.260531,0.000506703,1.51123
clsQDEIM,0.01,3,0.9999,11,27,36,170,2.405859,0.255509,0.000315454,0.0953678
SOPT,0.01,3,0.9999,11,27,36,180,3.417915,0.239039,0.000344793,0.113859
gappy-POD,0.01,3,0.9999,11,27,36,180,3.246919,0.195414,0.000844149,0.216668
QDEIM,0.01,3,0.9999,11,27,36,180,3.672710,0.196412,0.000576977,0.171627
clsSOPT,0.01,3,0.9999,11,27,36,180,3.417915,0.248702,0.000291453,0.108909
clsgappy-POD,0.01,3,0.9999,11,27,36,180,74.893103,0.274637,0.000488593,1.51649
clsQDEIM,0.01,3,0.9999,11,27,36,180,2.509070,0.258189,0.000297932,0.0858995
SOPT,0.01,3,0.9999,11,27,36,190,3.272980,0.250296,0.000325188,0.111258
gappy-POD,0.01,3,0.9999,11,27,36,190,3.461263,0.201853,0.000810502,0.213524
QDEIM,0.01,3,0.9999,11,27,36,190,3.148542,0.200712,0.000552686,0.169047
clsSOPT,0.01,3,0.9999,11,27,36,190,3.272980,0.260036,0.000288653,0.109337
clsgappy-POD,0.01,3,0.9999,11,27,36,190,59.503305,0.260909,0.000386399,1.08276
clsQDEIM,0.01,3,0.9999,11,27,36,190,2.274149,0.262977,0.000298795,0.0878858
SOPT,0.01,3,0.9999,11,27,36,200,3.242247,0.255834,0.000272047,0.105556
gappy-POD,0.01,3,0.9999,11,27,36,200,2.917989,0.202492,0.000833245,0.213368
QDEIM,0.01,3,0.9999,11,27,36,200,3.222264,0.216342,0.000526084,0.170278
clsSOPT,0.01,3,0.9999,11,27,36,200,3.242247,0.261519,0.0002771,0.100016
clsgappy-POD,0.01,3,0.9999,11,27,36,200,54.814010,0.248807,0.000495462,1.05107
clsQDEIM,0.01,3,0.9999,11,27,36,200,2.252784,0.266012,0.00029906,0.0853731
SOPT,0.01,4,0.99999,16,39,47,50,44.024240,0.141477,0.000870175,0.263792
gappy-POD,0.01,4,0.99999,16,39,47,50,83.977532,0.115096,0.00122439,0.327558
QDEIM,0.01,4,0.99999,16,39,47,50,84.381270,0.113458,0.00120242,0.330969
clsSOPT,0.01,4,0.99999,16,39,47,50,44.024240,0.150988,0.00074757,0.267185
clsgappy-POD,0.01,4,0.99999,16,39,47,50,1015.234168,0.166473,nan,nan
clsQDEIM,0.01,4,0.99999,16,39,47,50,53.956992,0.157278,0.000764362,0.229169
SOPT,0.01,4,0.99999,16,39,47,60,20.927578,0.153037,0.000797105,0.231021
gappy-POD,0.01,4,0.99999,16,39,47,60,20.266854,0.113549,0.00124266,0.329073
QDEIM,0.01,4,0.99999,16,39,47,60,22.094705,0.134752,0.00109588,0.307148
clsSOPT,0.01,4,0.99999,16,39,47,60,20.927578,0.171367,0.00069773,0.220321
clsgappy-POD,0.01,4,0.99999,16,39,47,60,462.747646,0.169219,nan,nan
clsQDEIM,0.01,4,0.99999,16,39,47,60,10.988933,0.18587,0.000676134,0.209759
SOPT,0.01,4,0.99999,16,39,47,70,13.863160,0.168919,0.000731202,0.212183
gappy-POD,0.01,4,0.99999,16,39,47,70,11.005999,0.124508,0.00111497,0.284498
QDEIM,0.01,4,0.99999,16,39,47,70,15.526952,0.144856,0.000970605,0.267766
clsSOPT,0.01,4,0.99999,16,39,47,70,13.863160,0.186665,0.000667133,0.204895
clsgappy-POD,0.01,4,0.99999,16,39,47,70,641.025308,0.199561,nan,nan
clsQDEIM,0.01,4,0.99999,16,39,47,70,8.901929,0.193578,0.000630006,0.190608
SOPT,0.01,4,0.99999,16,39,47,80,9.082005,0.172279,0.000702539,0.208362
gappy-POD,0.01,4,0.99999,16,39,47,80,8.440214,0.123539,0.00110649,0.28816
QDEIM,0.01,4,0.99999,16,39,47,80,12.970787,0.164312,0.000879065,0.244736
clsSOPT,0.01,4,0.99999,16,39,47,80,9.082005,0.203986,0.000535117,0.179915
clsgappy-POD,0.01,4,0.99999,16,39,47,80,632.090044,0.21753,0.000561837,3.74508
clsQDEIM,0.01,4,0.99999,16,39,47,80,5.673059,0.211579,0.000571257,0.164348
SOPT,0.01,4,0.99999,16,39,47,90,7.269723,0.180705,0.00068285,0.202964
gappy-POD,0.01,4,0.99999,16,39,47,90,7.809722,0.134875,0.00108619,0.287423
QDEIM,0.01,4,0.99999,16,39,47,90,8.659995,0.171547,0.000834723,0.23737
clsSOPT,0.01,4,0.99999,16,39,47,90,7.269723,0.208474,0.000513654,0.169471
clsgappy-POD,0.01,4,0.99999,16,39,47,90,725.551111,0.231139,0.000545324,4.92703
clsQDEIM,0.01,4,0.99999,16,39,47,90,6.278340,0.22321,0.000531479,0.158184
SOPT,0.01,4,0.99999,16,39,47,100,6.329979,0.18922,0.000598601,0.180576
gappy-POD,0.01,4,0.99999,16,39,47,100,6.091677,0.149866,0.00106556,0.284983
QDEIM,0.01,4,0.99999,16,39,47,100,9.832000,0.178118,0.000726085,0.206368
clsSOPT,0.01,4,0.99999,16,39,47,100,6.329979,0.217518,0.000484695,0.153253
clsgappy-POD,0.01,4,0.99999,16,39,47,100,114.591081,0.243729,0.000818581,3.82728
clsQDEIM,0.01,4,0.99999,16,39,47,100,4.532782,0.227038,0.000469506,0.152029
SOPT,0.01,4,0.99999,16,39,47,110,4.875438,0.192226,0.000583955,0.17922
gappy-POD,0.01,4,0.99999,16,39,47,110,5.862441,0.16294,0.00107534,0.291683
QDEIM,0.01,4,0.99999,16,39,47,110,6.388233,0.183164,0.000668784,0.187306
clsSOPT,0.01,4,0.99999,16,39,47,110,4.875438,0.222113,0.000449685,0.145895
clsgappy-POD,0.01,4,0.99999,16,39,47,110,617.126319,0.248102,0.000305716,2.06778
clsQDEIM,0.01,4,0.99999,16,39,47,110,4.389100,0.231697,0.000450946,0.149641
SOPT,0.01,4,0.99999,16,39,47,120,5.096077,0.196389,0.000580598,0.178768
gappy-POD,0.01,4,0.99999,16,39,47,120,5.850847,0.162827,0.000998711,0.274032
QDEIM,0.01,4,0.99999,16,39,47,120,7.222003,0.211157,0.000520564,0.144388
clsSOPT,0.01,4,0.99999,16,39,47,120,5.096077,0.229016,0.000444649,0.143895
clsgappy-POD,0.01,4,0.99999,16,39,47,120,1220.457284,0.245956,0.000270949,1.9509
clsQDEIM,0.01,4,0.99999,16,39,47,120,4.254556,0.233096,0.000445245,0.14576
SOPT,0.01,4,0.99999,16,39,47,130,4.486800,0.20953,0.000545479,0.167171
gappy-POD,0.01,4,0.99999,16,39,47,130,4.853621,0.164483,0.0010024,0.273565
QDEIM,0.01,4,0.99999,16,39,47,130,10.901365,0.214667,0.000491592,0.139729
clsSOPT,0.01,4,0.99999,16,39,47,130,4.486800,0.226826,0.000444456,0.143986
clsgappy-POD,0.01,4,0.99999,16,39,47,130,792.638657,0.25253,0.000256915,1.21988
clsQDEIM,0.01,4,0.99999,16,39,47,130,3.948932,0.24993,0.000419589,0.137197
SOPT,0.01,4,0.99999,16,39,47,140,4.562276,0.21298,0.000544219,0.167101
gappy-POD,0.01,4,0.99999,16,39,47,140,4.982577,0.169557,0.00100174,0.273162
QDEIM,0.01,4,0.99999,16,39,47,140,9.402455,0.221528,0.000445511,0.135306
clsSOPT,0.01,4,0.99999,16,39,47,140,4.562276,0.236842,0.000401659,0.144472
clsgappy-POD,0.01,4,0.99999,16,39,47,140,1010.286186,0.254773,0.000248728,1.50353
clsQDEIM,0.01,4,0.99999,16,39,47,140,3.649411,0.24976,0.000421577,0.142603
SOPT,0.01,4,0.99999,16,39,47,150,4.848248,0.223777,0.000458594,0.153273
gappy-POD,0.01,4,0.99999,16,39,47,150,4.181138,0.170502,0.000989898,0.271433
QDEIM,0.01,4,0.99999,16,39,47,150,10.411212,0.224171,0.000416228,0.12012
clsSOPT,0.01,4,0.99999,16,39,47,150,4.848248,0.234034,0.000401707,0.144628
clsgappy-POD,0.01,4,0.99999,16,39,47,150,481.628899,0.269417,0.000273011,1.93714
clsQDEIM,0.01,4,0.99999,16,39,47,150,3.248946,0.259763,0.000377993,0.134675
SOPT,0.01,4,0.99999,16,39,47,160,4.167608,0.229687,0.00044396,0.149895
gappy-POD,0.01,4,0.99999,16,39,47,160,4.204759,0.17682,0.00103273,0.279748
QDEIM,0.01,4,0.99999,16,39,47,160,7.714160,0.230927,0.000394821,0.118584
clsSOPT,0.01,4,0.99999,16,39,47,160,4.167608,0.241295,0.000363257,0.132945
clsgappy-POD,0.01,4,0.99999,16,39,47,160,107.004208,0.259039,0.000273348,2.68678
clsQDEIM,0.01,4,0.99999,16,39,47,160,3.336295,0.265002,0.0003624,0.124333
SOPT,0.01,4,0.99999,16,39,47,170,4.755144,0.234933,0.000440235,0.149543
gappy-POD,0.01,4,0.99999,16,39,47,170,4.529787,0.186471,0.000919681,0.252399
QDEIM,0.01,4,0.99999,16,39,47,170,8.536270,0.241224,0.000373521,0.116985
clsSOPT,0.01,4,0.99999,16,39,47,170,4.755144,0.246858,0.000358371,0.133081
clsgappy-POD,0.01,4,0.99999,16,39,47,170,92.691340,0.266817,0.000250688,2.19825
clsQDEIM,0.01,4,0.99999,16,39,47,170,2.926434,0.267768,0.000359034,0.124743
SOPT,0.01,4,0.99999,16,39,47,180,4.028441,0.23787,0.000409573,0.145967
gappy-POD,0.01,4,0.99999,16,39,47,180,4.330023,0.196052,0.000877668,0.252864
QDEIM,0.01,4,0.99999,16,39,47,180,7.171649,0.246983,0.000360747,0.117804
clsSOPT,0.01,4,0.99999,16,39,47,180,4.028441,0.260048,0.000316264,0.122561
clsgappy-POD,0.01,4,0.99999,16,39,47,180,110.620639,0.272839,0.00024438,2.53929
clsQDEIM,0.01,4,0.99999,16,39,47,180,2.728112,0.272028,0.00035418,0.12059
SOPT,0.01,4,0.99999,16,39,47,190,3.957254,0.246644,0.000407717,0.146528
gappy-POD,0.01,4,0.99999,16,39,47,190,3.987555,0.190033,0.000905342,0.249539
QDEIM,0.01,4,0.99999,16,39,47,190,7.824881,0.245169,0.000360815,0.117825
clsSOPT,0.01,4,0.99999,16,39,47,190,3.957254,0.259511,0.000308513,0.118226
clsgappy-POD,0.01,4,0.99999,16,39,47,190,449.546518,0.27614,0.000216093,2.36306
clsQDEIM,0.01,4,0.99999,16,39,47,190,2.770051,0.272362,0.000353474,0.121985
SOPT,0.01,4,0.99999,16,39,47,200,3.802519,0.244215,0.000399534,0.146042
gappy-POD,0.01,4,0.99999,16,39,47,200,3.897362,0.200578,0.000868839,0.250075
QDEIM,0.01,4,0.99999,16,39,47,200,6.953231,0.246152,0.000352987,0.118027
clsSOPT,0.01,4,0.99999,16,39,47,200,3.802519,0.266955,0.000291546,0.115141
clsgappy-POD,0.01,4,0.99999,16,39,47,200,81.949175,0.289476,0.000256551,2.20223
clsQDEIM,0.01,4,0.99999,16,39,47,200,2.702331,0.270991,0.000342744,0.117786
SOPT,0.01,5,0.999999,25,49,55,60,35.273760,0.156491,0.000807029,0.258299
gappy-POD,0.01,5,0.999999,25,49,55,60,36.730217,0.122004,0.00116092,0.368285
QDEIM,0.01,5,0.999999,25,49,55,60,31.497241,0.113265,0.00128768,0.366245
clsSOPT,0.01,5,0.999999,25,49,55,60,35.273760,0.18359,0.00070663,0.158688
clsgappy-POD,0.01,5,0.999999,25,49,55,60,3202.890264,0.161346,nan,nan
clsQDEIM,0.01,5,0.999999,25,49,55,60,45.625655,0.198504,0.000599251,0.374549
SOPT,0.01,5,0.999999,25,49,55,70,16.340997,0.165304,0.00075163,0.247518
gappy-POD,0.01,5,0.999999,25,49,55,70,15.450159,0.123128,0.00116899,0.364552
QDEIM,0.01,5,0.999999,25,49,55,70,32.002929,0.141565,0.00106071,0.321713
clsSOPT,0.01,5,0.999999,25,49,55,70,16.340997,0.1895,0.000600153,0.15342
clsgappy-POD,0.01,5,0.999999,25,49,55,70,228.620352,0.175668,nan,nan
clsQDEIM,0.01,5,0.999999,25,49,55,70,11.593524,0.211307,0.000555743,0.330039
SOPT,0.01,5,0.999999,25,49,55,80,12.911275,0.175715,0.000678965,0.228098
gappy-POD,0.01,5,0.999999,25,49,55,80,13.411137,0.136919,0.00104906,0.329747
QDEIM,0.01,5,0.999999,25,49,55,80,16.175642,0.153173,0.000992856,0.308212
clsSOPT,0.01,5,0.999999,25,49,55,80,12.911275,0.19617,0.000548062,0.15365
clsgappy-POD,0.01,5,0.999999,25,49,55,80,1404.329254,0.203006,nan,nan
clsQDEIM,0.01,5,0.999999,25,49,55,80,8.740874,0.237161,0.000447862,0.230121
SOPT,0.01,5,0.999999,25,49,55,90,11.856082,0.181057,0.000613297,0.221128
gappy-POD,0.01,5,0.999999,25,49,55,90,7.703627,0.130348,0.00107749,0.336927
QDEIM,0.01,5,0.999999,25,49,55,90,15.160486,0.168944,0.000970088,0.303375
clsSOPT,0.01,5,0.999999,25,49,55,90,11.856082,0.201632,0.000535967,0.176023
clsgappy-POD,0.01,5,0.999999,25,49,55,90,1407.089497,0.214339,0.00237101,15.4526
clsQDEIM,0.01,5,0.999999,25,49,55,90,7.363800,0.239365,0.000436039,0.285044
SOPT,0.01,5,0.999999,25,49,55,100,7.287392,0.183935,0.000613252,0.220807
gappy-POD,0.01,5,0.999999,25,49,55,100,7.553680,0.147206,0.00103588,0.322301
QDEIM,0.01,5,0.999999,25,49,55,100,10.320595,0.176177,0.000937476,0.298435
clsSOPT,0.01,5,0.999999,25,49,55,100,7.287392,0.206348,0.000530106,0.178964
clsgappy-POD,0.01,5,0.999999,25,49,55,100,1253.519729,0.215395,0.0127544,470.964
clsQDEIM,0.01,5,0.999999,25,49,55,100,5.553832,0.250641,0.000373615,0.229653
SOPT,0.01,5,0.999999,25,49,55,110,5.442648,0.186315,0.000577755,0.218116
gappy-POD,0.01,5,0.999999,25,49,55,110,73.707585,0.155864,0.00100037,0.299768
QDEIM,0.01,5,0.999999,25,49,55,110,13.030242,0.184701,0.000881708,0.286427
clsSOPT,0.01,5,0.999999,25,49,55,110,5.442648,0.210469,0.000490706,0.164476
clsgappy-POD,0.01,5,0.999999,25,49,55,110,1072.496825,0.23049,0.00162879,19.0738
clsQDEIM,0.01,5,0.999999,25,49,55,110,6.826305,0.248191,0.000358293,0.22576
SOPT,0.01,5,0.999999,25,49,55,120,6.426548,0.199462,0.00048992,0.190912
gappy-POD,0.01,5,0.999999,25,49,55,120,7.785922,0.161078,0.00100618,0.29898
QDEIM,0.01,5,0.999999,25,49,55,120,9.021578,0.186693,0.0008727,0.283966
clsSOPT,0.01,5,0.999999,25,49,55,120,6.426548,0.213086,0.000475552,0.160532
clsgappy-POD,0.01,5,0.999999,25,49,55,120,120.777675,0.228045,0.000698255,2.92744
clsQDEIM,0.01,5,0.999999,25,49,55,120,4.999870,0.256313,0.000323819,0.187619
SOPT,0.01,5,0.999999,25,49,55,130,6.262083,0.202559,0.000476843,0.187955
gappy-POD,0.01,5,0.999999,25,49,55,130,5.730248,0.173105,0.000998271,0.292238
QDEIM,0.01,5,0.999999,25,49,55,130,8.256207,0.190853,0.000857107,0.279911
clsSOPT,0.01,5,0.999999,25,49,55,130,6.262083,0.230268,0.000427072,0.156642
clsgappy-POD,0.01,5,0.999999,25,49,55,130,188.647843,0.260917,0.000417792,2.24836
clsQDEIM,0.01,5,0.999999,25,49,55,130,3.992606,0.262653,0.00031928,0.173078
SOPT,0.01,5,0.999999,25,49,55,140,5.587298,0.214217,0.000473391,0.189044
gappy-POD,0.01,5,0.999999,25,49,55,140,6.078199,0.174363,0.00095169,0.29068
QDEIM,0.01,5,0.999999,25,49,55,140,6.394546,0.196983,0.000821332,0.273236
clsSOPT,0.01,5,0.999999,25,49,55,140,5.587298,0.235761,0.00042463,0.155808
clsgappy-POD,0.01,5,0.999999,25,49,55,140,1348.834152,0.249755,0.000236298,2.95363
clsQDEIM,0.01,5,0.999999,25,49,55,140,4.435105,0.270068,0.000279983,0.166169
SOPT,0.01,5,0.999999,25,49,55,150,5.427393,0.218466,0.000446122,0.182705
gappy-POD,0.01,5,0.999999,25,49,55,150,5.015473,0.176675,0.000951969,0.289595
QDEIM,0.01,5,0.999999,25,49,55,150,7.417522,0.196374,0.000821217,0.273508
clsSOPT,0.01,5,0.999999,25,49,55,150,5.427393,0.246293,0.00035664,0.148532
clsgappy-POD,0.01,5,0.999999,25,49,55,150,58.595306,0.275073,0.000285285,1.96128
clsQDEIM,0.01,5,0.999999,25,49,55,150,3.640423,0.271314,0.000281398,0.169493
SOPT,0.01,5,0.999999,25,49,55,160,5.130613,0.219335,0.000422212,0.175245
gappy-POD,0.01,5,0.999999,25,49,55,160,4.761566,0.18347,0.000915668,0.279412
QDEIM,0.01,5,0.999999,25,49,55,160,5.783455,0.196731,0.000820958,0.274853
clsSOPT,0.01,5,0.999999,25,49,55,160,5.130613,0.250171,0.000357058,0.148612
clsgappy-POD,0.01,5,0.999999,25,49,55,160,205.835532,0.276872,0.000367653,2.359
clsQDEIM,0.01,5,0.999999,25,49,55,160,3.385864,0.281217,0.00027588,0.158844
SOPT,0.01,5,0.999999,25,49,55,170,4.759347,0.224009,0.000421831,0.174897
gappy-POD,0.01,5,0.999999,25,49,55,170,4.987832,0.190952,0.000876994,0.273275
QDEIM,0.01,5,0.999999,25,49,55,170,5.774711,0.203421,0.000767486,0.264315
clsSOPT,0.01,5,0.999999,25,49,55,170,4.759347,0.256144,0.000356251,0.150145
clsgappy-POD,0.01,5,0.999999,25,49,55,170,100.835004,0.274232,0.000276801,3.86886
clsQDEIM,0.01,5,0.999999,25,49,55,170,3.415404,0.28181,0.000267541,0.151192
SOPT,0.01,5,0.999999,25,49,55,180,4.525141,0.234424,0.000399679,0.173834
gappy-POD,0.01,5,0.999999,25,49,55,180,4.984254,0.186544,0.000984147,0.290652
QDEIM,0.01,5,0.999999,25,49,55,180,5.159306,0.20856,0.00073012,0.256002
clsSOPT,0.01,5,0.999999,25,49,55,180,4.525141,0.258486,0.000356052,0.15008
clsgappy-POD,0.01,5,0.999999,25,49,55,180,78.630491,0.272699,0.000365743,3.31904
clsQDEIM,0.01,5,0.999999,25,49,55,180,3.110687,0.284271,0.000265607,0.146777
SOPT,0.01,5,0.999999,25,49,55,190,4.727460,0.237693,0.000377454,0.166237
gappy-POD,0.01,5,0.999999,25,49,55,190,4.572144,0.191264,0.000921443,0.280056
QDEIM,0.01,5,0.999999,25,49,55,190,5.059969,0.215364,0.000727562,0.256856
clsSOPT,0.01,5,0.999999,25,49,55,190,4.727460,0.26441,0.000356443,0.148236
clsgappy-POD,0.01,5,0.999999,25,49,55,190,63.209773,0.268652,0.000534416,3.65522
clsQDEIM,0.01,5,0.999999,25,49,55,190,3.124293,0.2889,0.000242392,0.125984
SOPT,0.01,5,0.999999,25,49,55,200,4.375667,0.239343,0.000374146,0.165803
gappy-POD,0.01,5,0.999999,25,49,55,200,4.437002,0.191839,0.000888592,0.279973
QDEIM,0.01,5,0.999999,25,49,55,200,6.478210,0.225398,0.000629004,0.227543
clsSOPT,0.01,5,0.999999,25,49,55,200,4.375667,0.274628,0.000331392,0.13781
clsgappy-POD,0.01,5,0.999999,25,49,55,200,70.428349,0.282198,0.000359828,2.99853
clsQDEIM,0.01,5,0.999999,25,49,55,200,2.942581,0.288633,0.000243646,0.126585
SOPT,0.01,6,0.9999999,37,57,61,70,41.334366,0.165992,0.000795613,0.335687
gappy-POD,0.01,6,0.9999999,37,57,61,70,32.424109,0.126831,0.00118845,0.51916
QDEIM,0.01,6,0.9999999,37,57,61,70,33.545380,0.152726,0.000902142,0.368635
clsSOPT,0.01,6,0.9999999,37,57,61,70,41.334366,0.186109,0.000839537,0.311172
clsgappy-POD,0.01,6,0.9999999,37,57,61,70,517.883357,0.18352,nan,nan
clsQDEIM,0.01,6,0.9999999,37,57,61,70,23.941676,0.206558,0.000652526,0.277741
SOPT,0.01,6,0.9999999,37,57,61,80,22.397776,0.167579,0.000766517,0.305558
gappy-POD,0.01,6,0.9999999,37,57,61,80,18.534971,0.13748,0.00113546,0.474004
QDEIM,0.01,6,0.9999999,37,57,61,80,24.201355,0.16667,0.000808533,0.321501
clsSOPT,0.01,6,0.9999999,37,57,61,80,22.397776,0.202687,0.000753553,0.287826
clsgappy-POD,0.01,6,0.9999999,37,57,61,80,292.475284,0.183541,nan,nan
clsQDEIM,0.01,6,0.9999999,37,57,61,80,14.822045,0.223931,0.000592277,0.250651
SOPT,0.01,6,0.9999999,37,57,61,90,11.961457,0.181007,0.000670723,0.279452
gappy-POD,0.01,6,0.9999999,37,57,61,90,13.528227,0.13915,0.00109062,0.476122
QDEIM,0.01,6,0.9999999,37,57,61,90,17.729414,0.18046,0.00074033,0.294789
clsSOPT,0.01,6,0.9999999,37,57,61,90,11.961457,0.21472,0.000745741,0.28316
clsgappy-POD,0.01,6,0.9999999,37,57,61,90,158.491588,0.205637,nan,nan
clsQDEIM,0.01,6,0.9999999,37,57,61,90,10.123450,0.241576,0.000523014,0.233059
SOPT,0.01,6,0.9999999,37,57,61,100,9.322786,0.186301,0.000649259,0.280446
gappy-POD,0.01,6,0.9999999,37,57,61,100,9.946254,0.157155,0.00104745,0.450218
QDEIM,0.01,6,0.9999999,37,57,61,100,11.444588,0.187077,0.000736825,0.288241
clsSOPT,0.01,6,0.9999999,37,57,61,100,9.322786,0.223512,0.000703133,0.27062
clsgappy-POD,0.01,6,0.9999999,37,57,61,100,130.108244,0.225773,nan,nan
clsQDEIM,0.01,6,0.9999999,37,57,61,100,6.604260,0.250833,0.000462748,0.199771
SOPT,0.01,6,0.9999999,37,57,61,110,9.509969,0.191803,0.000631574,0.272369
gappy-POD,0.01,6,0.9999999,37,57,61,110,7.569552,0.15867,0.00103006,0.427744
QDEIM,0.01,6,0.9999999,37,57,61,110,10.002259,0.189939,0.000735001,0.28987
clsSOPT,0.01,6,0.9999999,37,57,61,110,9.509969,0.226314,0.000658241,0.261098
clsgappy-POD,0.01,6,0.9999999,37,57,61,110,94.454610,0.237484,nan,nan
clsQDEIM,0.01,6,0.9999999,37,57,61,110,6.001443,0.254749,0.00043831,0.195681
SOPT,0.01,6,0.9999999,37,57,61,120,7.253703,0.193542,0.000619945,0.26706
gappy-POD,0.01,6,0.9999999,37,57,61,120,7.424129,0.161866,0.00099515,0.409034
QDEIM,0.01,6,0.9999999,37,57,61,120,11.248255,0.197783,0.000718571,0.287769
clsSOPT,0.01,6,0.9999999,37,57,61,120,7.253703,0.244129,0.000551389,0.243073
clsgappy-POD,0.01,6,0.9999999,37,57,61,120,203.978824,0.254556,nan,nan
clsQDEIM,0.01,6,0.9999999,37,57,61,120,5.574657,0.261467,0.000409715,0.18445
SOPT,0.01,6,0.9999999,37,57,61,130,6.724978,0.194066,0.000598896,0.261035
gappy-POD,0.01,6,0.9999999,37,57,61,130,6.197571,0.173056,0.000995341,0.392002
QDEIM,0.01,6,0.9999999,37,57,61,130,9.658772,0.202141,0.000693054,0.289521
clsSOPT,0.01,6,0.9999999,37,57,61,130,6.724978,0.25319,0.000476003,0.208574
clsgappy-POD,0.01,6,0.9999999,37,57,61,130,1327.680686,0.241981,nan,nan
clsQDEIM,0.01,6,0.9999999,37,57,61,130,4.950545,0.271295,0.000356478,0.175171
SOPT,0.01,6,0.9999999,37,57,61,140,6.447947,0.203948,0.00055563,0.255087
gappy-POD,0.01,6,0.9999999,37,57,61,140,6.069702,0.178139,0.000999663,0.369162
QDEIM,0.01,6,0.9999999,37,57,61,140,7.922931,0.207859,0.000686729,0.290203
clsSOPT,0.01,6,0.9999999,37,57,61,140,6.447947,0.261533,0.000432144,0.197482
clsgappy-POD,0.01,6,0.9999999,37,57,61,140,95.609800,0.254018,nan,nan
clsQDEIM,0.01,6,0.9999999,37,57,61,140,4.504071,0.280756,0.000337522,0.172133
SOPT,0.01,6,0.9999999,37,57,61,150,5.998722,0.20508,0.000534468,0.247512
gappy-POD,0.01,6,0.9999999,37,57,61,150,5.078145,0.180786,0.000950246,0.365132
QDEIM,0.01,6,0.9999999,37,57,61,150,6.800800,0.206738,0.000686857,0.290099
clsSOPT,0.01,6,0.9999999,37,57,61,150,5.998722,0.265048,0.000432207,0.198356
clsgappy-POD,0.01,6,0.9999999,37,57,61,150,110.917711,0.263746,nan,nan
clsQDEIM,0.01,6,0.9999999,37,57,61,150,4.366276,0.287152,0.000305179,0.159751
SOPT,0.01,6,0.9999999,37,57,61,160,4.943185,0.22224,0.00050645,0.241424
gappy-POD,0.01,6,0.9999999,37,57,61,160,4.999646,0.184661,0.000940271,0.367059
QDEIM,0.01,6,0.9999999,37,57,61,160,6.887601,0.210228,0.000656171,0.281678
clsSOPT,0.01,6,0.9999999,37,57,61,160,4.943185,0.267268,0.000390214,0.178911
clsgappy-POD,0.01,6,0.9999999,37,57,61,160,134.953037,0.268009,nan,nan
clsQDEIM,0.01,6,0.9999999,37,57,61,160,3.692413,0.304565,0.000258453,0.143639
SOPT,0.01,6,0.9999999,37,57,61,170,5.199622,0.23431,0.000454223,0.228002
gappy-POD,0.01,6,0.9999999,37,57,61,170,5.342289,0.194452,0.000907217,0.348775
QDEIM,0.01,6,0.9999999,37,57,61,170,7.835610,0.215229,0.000639443,0.276854
clsSOPT,0.01,6,0.9999999,37,57,61,170,5.199622,0.266983,0.000390153,0.179686
clsgappy-POD,0.01,6,0.9999999,37,57,61,170,88.087385,0.268863,nan,nan
clsQDEIM,0.01,6,0.9999999,37,57,61,170,3.527958,0.303663,0.000257739,0.144036
SOPT,0.01,6,0.9999999,37,57,61,180,4.932722,0.239565,0.000437446,0.225005
gappy-POD,0.01,6,0.9999999,37,57,61,180,4.504445,0.203389,0.00086066,0.333255
QDEIM,0.01,6,0.9999999,37,57,61,180,5.935914,0.214074,0.000638901,0.2779
clsSOPT,0.01,6,0.9999999,37,57,61,180,4.932722,0.26831,0.000385524,0.176803
clsgappy-POD,0.01,6,0.9999999,37,57,61,180,54.518480,0.276652,nan,nan
clsQDEIM,0.01,6,0.9999999,37,57,61,180,3.459234,0.308325,0.000250107,0.139589
SOPT,0.01,6,0.9999999,37,57,61,190,5.674468,0.243171,0.000411837,0.218989
gappy-POD,0.01,6,0.9999999,37,57,61,190,5.306821,0.206707,0.000854791,0.33343
QDEIM,0.01,6,0.9999999,37,57,61,190,7.868002,0.218613,0.00063816,0.276581
clsSOPT,0.01,6,0.9999999,37,57,61,190,5.674468,0.274972,0.000385472,0.176038
clsgappy-POD,0.01,6,0.9999999,37,57,61,190,941.934833,0.294665,nan,nan
clsQDEIM,0.01,6,0.9999999,37,57,61,190,3.507793,0.310761,0.00024961,0.133413
SOPT,0.01,6,0.9999999,37,57,61,200,4.775030,0.251068,0.000410653,0.219558
gappy-POD,0.01,6,0.9999999,37,57,61,200,4.851578,0.195748,0.000953379,0.347288
QDEIM,0.01,6,0.9999999,37,57,61,200,6.524445,0.221659,0.000638375,0.27657
clsSOPT,0.01,6,0.9999999,37,57,61,200,4.775030,0.272091,0.000386049,0.179031
clsgappy-POD,0.01,6,0.9999999,37,57,61,200,68.731907,0.287197,nan,nan
clsQDEIM,0.01,6,0.9999999,37,57,61,200,3.387455,0.313318,0.000238387,0.130407
