method,t,n,,ef,xx,vv,ee,q,condV,condE,time,ErrX,ErrV,ErrE
clssopt,0.1,0,0.99,17,11,4,5,3.734858,24.412376,1.69012,0.000293089,0.118908,0.00901072
sopt,0.1,0,0.99,17,11,4,5,1.674431,14.881235,1.75257,0.000866908,0.102445,0.0141855
clssopt,0.1,0,0.99,17,11,4,10,3.748961,19.715429,1.89763,0.000821187,0.145939,0.0125924
sopt,0.1,0,0.99,17,11,4,10,2.908726,14.622667,2.05019,0.0001985,0.0997645,0.0134196
clssopt,0.1,0,0.99,17,11,4,15,2.870179,13.317861,1.81988,0.0023207,0.180391,0.0278239
sopt,0.1,0,0.99,17,11,4,15,2.672693,17.429992,2.49269,0.000404992,0.0953486,0.01237
clssopt,0.1,0,0.99,17,11,4,20,2.559261,13.529445,2.12524,0.00243963,0.176223,0.0284103
sopt,0.1,0,0.99,17,11,4,20,3.758593,12.190377,2.54048,0.000463537,0.0925504,0.0122854
clssopt,0.1,0,0.99,17,11,4,25,2.260033,12.013447,2.41246,0.00247656,0.180341,0.0291041
sopt,0.1,0,0.99,17,11,4,25,3.440759,12.198082,2.68103,0.00036391,0.0939128,0.0123754
clssopt,0.1,0,0.99,17,11,4,30,3.360664,10.663777,2.31805,0.00253562,0.188568,0.0291255
sopt,0.1,0,0.99,17,11,4,30,3.401285,11.749264,2.86659,0.000345804,0.094079,0.0124466
clssopt,0.1,0,0.99,17,11,4,35,2.917687,11.520396,2.47575,0.0024571,0.176941,0.0284524
sopt,0.1,0,0.99,17,11,4,35,6.548703,13.739954,3.34611,0.000321714,0.0941547,0.0125359
clssopt,0.1,0,0.99,17,11,4,40,3.274686,12.820623,2.56267,0.00225441,0.164538,0.0257546
sopt,0.1,0,0.99,17,11,4,40,10.267954,13.495197,3.59358,0.000308267,0.0945881,0.0125965
clssopt,0.1,0,0.99,17,11,4,45,2.876353,11.458967,2.75478,0.00222032,0.159251,0.0249871
sopt,0.1,0,0.99,17,11,4,45,3.327765,13.522041,3.71865,0.00030038,0.094497,0.0127061
clssopt,0.1,0,0.99,17,11,4,50,2.855923,12.322863,3.28975,0.00221908,0.162998,0.0247951
sopt,0.1,0,0.99,17,11,4,50,2.990560,12.812882,4.44163,0.000299573,0.0945488,0.0127434
clssopt,0.1,0,0.99,17,11,4,55,2.755558,20.009359,3.49233,0.00217366,0.161068,0.0243496
sopt,0.1,0,0.99,17,11,4,55,4.237166,15.499061,5.76554,0.000294683,0.0944249,0.0127681
clssopt,0.1,0,0.99,17,11,4,60,2.770688,13.946322,3.56224,0.00199843,0.150031,0.021982
sopt,0.1,0,0.99,17,11,4,60,3.258287,13.668824,6.54494,0.000293965,0.0944248,0.0127661
clssopt,0.1,0,0.99,17,11,4,65,2.821140,14.867714,3.55197,0.00200974,0.154184,0.0219671
sopt,0.1,0,0.99,17,11,4,65,3.451001,13.861534,6.7354,0.000293201,0.0945014,0.0127641
clssopt,0.1,0,0.99,17,11,4,70,2.764735,13.242679,3.7234,0.00200492,0.154518,0.0213074
sopt,0.1,0,0.99,17,11,4,70,4.809796,19.502643,6.99967,0.000292542,0.094493,0.0127629
clssopt,0.1,0,0.99,17,11,4,75,2.986122,12.120739,3.66786,0.0020581,0.158152,0.0221547
sopt,0.1,0,0.99,17,11,4,75,6.492941,22.232981,17.2873,0.000292418,0.0944572,0.0127628
clssopt,0.1,0,0.99,17,11,4,80,3.338235,11.701345,4.18392,0.00204046,0.15779,0.0217963
sopt,0.1,0,0.99,17,11,4,80,11.066183,23.372896,7.96616,0.000291868,0.0944569,0.0127629
clssopt,0.1,0,0.99,17,11,4,85,2.664455,13.474806,4.50937,0.00199091,0.155463,0.0211035
sopt,0.1,0,0.99,17,11,4,85,15.684257,25.495278,9.32622,0.000292202,0.0944144,0.0127653
clssopt,0.1,0,0.99,17,11,4,90,3.277212,12.639052,4.79683,0.00199454,0.155708,0.0211567
sopt,0.1,0,0.99,17,11,4,90,15.640311,44.353836,9.79904,0.000316172,0.0935478,0.0127244
clssopt,0.1,0,0.99,17,11,4,95,2.851759,15.976901,5.05634,0.00199814,0.155889,0.0212321
sopt,0.1,0,0.99,17,11,4,95,51.056531,32.973668,10.4821,0.000327331,0.0931777,0.0127576
clssopt,0.1,0,0.99,17,11,4,100,3.474471,13.146999,4.89249,0.00201692,0.157258,0.021414
sopt,0.1,0,0.99,17,11,4,100,48.584058,40.212121,10.7232,0.000326961,0.0931102,0.0127679
clssopt,0.1,0,0.99,17,11,4,105,2.973550,14.841853,5.03457,0.00201603,0.157092,0.0214368
sopt,0.1,0,0.99,17,11,4,105,47.500648,45.963743,12.3315,0.000324773,0.0930688,0.0128452
clssopt,0.1,0,0.99,17,11,4,110,2.984058,17.254035,5.15685,0.002012,0.15672,0.021422
sopt,0.1,0,0.99,17,11,4,110,49.092931,65.133320,13.3469,0.000324235,0.0930756,0.0128449
clssopt,0.1,0,0.99,17,11,4,115,3.110223,21.080412,5.36449,0.00200822,0.156371,0.0214096
sopt,0.1,0,0.99,17,11,4,115,49.100571,33.367964,14.544,0.000323843,0.0930731,0.0128459
clssopt,0.1,0,0.99,17,11,4,120,3.245344,18.416846,5.36904,0.00200083,0.155767,0.0213607
sopt,0.1,0,0.99,17,11,4,120,49.114382,34.902404,15.4085,0.000323472,0.093072,0.0128462
clssopt,0.1,1,0.999,17,27,7,5,6.374582,65.698743,1.87427,0.000251595,0.021142,0.00449664
sopt,0.1,1,0.999,17,27,7,5,7.033623,77.397493,1.85794,0.000454116,0.0254402,0.0060066
clssopt,0.1,1,0.999,17,27,7,10,3.546252,49.191781,2.24995,0.000105714,0.0198989,0.00107821
sopt,0.1,1,0.999,17,27,7,10,5.119455,25.355195,1.98863,0.000507554,0.0269118,0.00732824
clssopt,0.1,1,0.999,17,27,7,15,2.615090,50.521522,2.26288,0.000137119,0.0178584,0.00211571
sopt,0.1,1,0.999,17,27,7,15,3.372283,23.756586,2.07052,0.000238902,0.0183186,0.00359128
clssopt,0.1,1,0.999,17,27,7,20,2.564495,31.919547,2.48158,0.000118227,0.01772,0.00246276
sopt,0.1,1,0.999,17,27,7,20,3.712259,22.221333,2.44995,0.000157738,0.018165,0.00230862
clssopt,0.1,1,0.999,17,27,7,25,2.911350,30.932140,2.61355,0.000105616,0.016199,0.00250043
sopt,0.1,1,0.999,17,27,7,25,3.784431,18.478980,2.3702,0.000162071,0.0164519,0.00231491
clssopt,0.1,1,0.999,17,27,7,30,2.184721,28.025236,2.64607,0.000102452,0.016065,0.0024717
sopt,0.1,1,0.999,17,27,7,30,2.380026,19.556670,2.85458,0.000149867,0.016701,0.00231041
clssopt,0.1,1,0.999,17,27,7,35,2.501161,27.480003,2.73822,0.000108276,0.0170319,0.0025394
sopt,0.1,1,0.999,17,27,7,35,3.162847,18.456051,2.84777,0.00015059,0.0165797,0.00227572
clssopt,0.1,1,0.999,17,27,7,40,2.351553,24.907268,2.74825,0.00010787,0.019421,0.00252707
sopt,0.1,1,0.999,17,27,7,40,2.430679,18.969799,2.83923,0.000145387,0.0161319,0.00221268
clssopt,0.1,1,0.999,17,27,7,45,2.149969,29.387435,2.87204,0.000122359,0.0186698,0.00280964
sopt,0.1,1,0.999,17,27,7,45,2.545439,18.002479,2.87487,0.000143993,0.0165939,0.00216119
clssopt,0.1,1,0.999,17,27,7,50,1.989145,22.816136,2.77073,0.000122887,0.0186819,0.00284779
sopt,0.1,1,0.999,17,27,7,50,2.625538,14.779543,2.90006,0.000133085,0.0169295,0.00200436
clssopt,0.1,1,0.999,17,27,7,55,1.989936,23.342361,2.94744,0.000154819,0.0203979,0.00345015
sopt,0.1,1,0.999,17,27,7,55,2.945817,17.494959,2.77596,0.000134896,0.016676,0.00199427
clssopt,0.1,1,0.999,17,27,7,60,2.459197,20.061125,3.12035,0.000161306,0.020675,0.00355759
sopt,0.1,1,0.999,17,27,7,60,2.981991,14.701223,3.0398,0.00013325,0.0170673,0.00185936
clssopt,0.1,1,0.999,17,27,7,65,2.626809,21.877788,3.05859,0.000163595,0.0204787,0.0036061
sopt,0.1,1,0.999,17,27,7,65,3.064647,16.508435,3.15836,0.00013061,0.0173201,0.0018969
clssopt,0.1,1,0.999,17,27,7,70,3.627332,28.628089,3.09703,0.000185595,0.0209075,0.00398434
sopt,0.1,1,0.999,17,27,7,70,4.634101,16.054777,3.24877,0.000129799,0.0181395,0.00189411
clssopt,0.1,1,0.999,17,27,7,75,3.335235,19.080515,3.3108,0.000187362,0.0207296,0.00399904
sopt,0.1,1,0.999,17,27,7,75,2.614740,15.212484,3.23953,0.000128997,0.0186616,0.00192295
clssopt,0.1,1,0.999,17,27,7,80,2.396054,18.819407,3.37982,0.000204367,0.0228477,0.00433234
sopt,0.1,1,0.999,17,27,7,80,3.334869,13.784815,3.1942,0.000125344,0.0188449,0.00179745
clssopt,0.1,1,0.999,17,27,7,85,2.920395,20.406580,3.42204,0.000202492,0.0233598,0.00429187
sopt,0.1,1,0.999,17,27,7,85,3.068455,16.909949,3.29103,0.000125455,0.0189235,0.00180659
clssopt,0.1,1,0.999,17,27,7,90,3.614600,18.518222,3.54586,0.000203345,0.0235449,0.00428789
sopt,0.1,1,0.999,17,27,7,90,4.227513,17.881586,3.44866,0.000124663,0.0192429,0.0017982
clssopt,0.1,1,0.999,17,27,7,95,3.491685,21.844822,3.7628,0.000185763,0.0237402,0.00405314
sopt,0.1,1,0.999,17,27,7,95,3.997190,15.768022,3.36686,0.000124705,0.019214,0.00180336
clssopt,0.1,1,0.999,17,27,7,100,3.592443,16.970752,3.71876,0.00018476,0.0237358,0.00403498
sopt,0.1,1,0.999,17,27,7,100,4.061204,17.245966,3.52732,0.000124664,0.0192158,0.00180117
clssopt,0.1,1,0.999,17,27,7,105,5.191693,17.257834,3.72081,0.000184726,0.0236404,0.00403741
sopt,0.1,1,0.999,17,27,7,105,4.588873,15.820543,3.50775,0.000124762,0.019354,0.0017999
clssopt,0.1,1,0.999,17,27,7,110,3.567052,16.607425,3.7853,0.000185488,0.0235947,0.00405375
sopt,0.1,1,0.999,17,27,7,110,4.080244,15.531483,3.69713,0.000125052,0.0194916,0.00180788
clssopt,0.1,1,0.999,17,27,7,115,3.445771,20.849383,4.17561,0.00018405,0.0240792,0.00402717
sopt,0.1,1,0.999,17,27,7,115,3.928138,17.185851,3.93733,0.000125058,0.0197279,0.00180675
clssopt,0.1,1,0.999,17,27,7,120,3.661346,17.092818,4.47672,0.000184132,0.0244701,0.00402628
sopt,0.1,1,0.999,17,27,7,120,3.938199,15.457271,4.00728,0.000124898,0.0197664,0.00180492
clssopt,0.1,2,0.9999,17,53,13,5,20.131402,204.303745,2.61621,0.000151422,0.00932703,0.00132051
sopt,0.1,2,0.9999,17,53,13,5,13.919401,70.484584,2.44263,3.94997e-05,0.00471241,0.000462902
clssopt,0.1,2,0.9999,17,53,13,10,10.922014,93.507205,2.67682,6.29108e-05,0.00601151,0.000665046
sopt,0.1,2,0.9999,17,53,13,10,6.804622,40.447698,2.55359,2.41014e-05,0.00400931,0.000355786
clssopt,0.1,2,0.9999,17,53,13,15,5.710346,79.277131,2.74301,5.34749e-05,0.00557111,0.000517871
sopt,0.1,2,0.9999,17,53,13,15,11.491321,31.658402,2.52572,2.70196e-05,0.003675,0.00031089
clssopt,0.1,2,0.9999,17,53,13,20,8.830968,49.659645,2.86003,3.92498e-05,0.00506842,0.000415773
sopt,0.1,2,0.9999,17,53,13,20,7.253341,32.808676,2.70791,3.00465e-05,0.00364173,0.000339087
clssopt,0.1,2,0.9999,17,53,13,25,7.602307,63.307223,2.90378,3.75469e-05,0.00513195,0.000370599
sopt,0.1,2,0.9999,17,53,13,25,7.244028,25.422884,2.93151,2.20093e-05,0.00361569,0.000297609
clssopt,0.1,2,0.9999,17,53,13,30,6.535160,43.326798,3.08045,2.85968e-05,0.00496456,0.000295305
sopt,0.1,2,0.9999,17,53,13,30,6.763977,18.214996,2.91544,2.33301e-05,0.00396194,0.000303644
clssopt,0.1,2,0.9999,17,53,13,35,5.323155,49.124850,3.20046,2.62301e-05,0.00467207,0.000295027
sopt,0.1,2,0.9999,17,53,13,35,5.877870,19.573760,2.92994,2.35136e-05,0.00373007,0.000342503
clssopt,0.1,2,0.9999,17,53,13,40,6.109362,37.664997,3.28775,2.4851e-05,0.0044828,0.000300731
sopt,0.1,2,0.9999,17,53,13,40,7.542360,19.717975,2.96686,2.35533e-05,0.0036288,0.000267265
clssopt,0.1,2,0.9999,17,53,13,45,5.583331,35.660995,3.55929,2.45599e-05,0.00439778,0.000300479
sopt,0.1,2,0.9999,17,53,13,45,5.996422,18.077609,3.16222,2.72219e-05,0.00382204,0.000311858
clssopt,0.1,2,0.9999,17,53,13,50,5.984048,36.913658,3.30539,2.3359e-05,0.00421514,0.00030407
sopt,0.1,2,0.9999,17,53,13,50,6.843293,15.692825,3.1944,2.79156e-05,0.00379807,0.000326488
clssopt,0.1,2,0.9999,17,53,13,55,5.332883,29.987041,3.4184,2.4439e-05,0.0041124,0.000320629
sopt,0.1,2,0.9999,17,53,13,55,6.262328,14.637972,5.17393,2.70636e-05,0.00367325,0.000301975
clssopt,0.1,2,0.9999,17,53,13,60,6.409194,31.471283,3.31461,2.49958e-05,0.00400592,0.000318842
sopt,0.1,2,0.9999,17,53,13,60,5.805836,13.576540,3.30356,2.54431e-05,0.00358281,0.000298971
clssopt,0.1,2,0.9999,17,53,13,65,8.619743,32.373281,3.54342,2.50284e-05,0.00398633,0.000317327
sopt,0.1,2,0.9999,17,53,13,65,7.110964,15.042630,3.35254,2.57291e-05,0.00309908,0.000331897
clssopt,0.1,2,0.9999,17,53,13,70,4.986368,35.835814,3.68592,2.38713e-05,0.00360639,0.000303198
sopt,0.1,2,0.9999,17,53,13,70,4.804451,16.315122,3.36598,2.47134e-05,0.00306651,0.000326481
clssopt,0.1,2,0.9999,17,53,13,75,5.120250,28.687428,3.68384,2.47623e-05,0.0037537,0.000311773
sopt,0.1,2,0.9999,17,53,13,75,4.846625,15.038569,3.39717,2.37854e-05,0.00305127,0.000363516
clssopt,0.1,2,0.9999,17,53,13,80,3.960313,34.906411,3.65494,2.34803e-05,0.00381273,0.000303609
sopt,0.1,2,0.9999,17,53,13,80,5.018469,16.504911,3.44586,2.3726e-05,0.00300633,0.000355209
clssopt,0.1,2,0.9999,17,53,13,85,3.981116,26.565671,3.80437,2.38203e-05,0.0038632,0.000305951
sopt,0.1,2,0.9999,17,53,13,85,4.886615,16.280710,3.52139,2.39342e-05,0.00302197,0.000360971
clssopt,0.1,2,0.9999,17,53,13,90,4.591223,24.192964,3.65314,2.48614e-05,0.00392551,0.000320062
sopt,0.1,2,0.9999,17,53,13,90,5.259551,14.116253,3.50754,2.41204e-05,0.00300481,0.000363344
clssopt,0.1,2,0.9999,17,53,13,95,4.346836,25.642470,3.73485,2.44205e-05,0.00394402,0.000314128
sopt,0.1,2,0.9999,17,53,13,95,5.304542,13.723948,3.60896,2.37943e-05,0.00306518,0.000366337
clssopt,0.1,2,0.9999,17,53,13,100,4.620328,26.353059,3.7267,2.31874e-05,0.00389144,0.000303561
sopt,0.1,2,0.9999,17,53,13,100,5.088851,13.154773,3.55836,2.35328e-05,0.00299153,0.000354714
clssopt,0.1,2,0.9999,17,53,13,105,4.514678,30.145701,3.73979,2.33638e-05,0.00384924,0.00030746
sopt,0.1,2,0.9999,17,53,13,105,4.738329,14.040188,3.67832,2.31824e-05,0.00304624,0.000367678
clssopt,0.1,2,0.9999,17,53,13,110,4.886440,25.145183,3.91759,2.3546e-05,0.00390998,0.000307433
sopt,0.1,2,0.9999,17,53,13,110,4.889674,16.270272,3.7,2.3233e-05,0.00304604,0.000367991
clssopt,0.1,2,0.9999,17,53,13,115,4.669127,24.882535,3.94111,2.32087e-05,0.00384224,0.000307261
sopt,0.1,2,0.9999,17,53,13,115,4.935336,13.319727,3.70553,2.30525e-05,0.00302573,0.000364896
clssopt,0.1,2,0.9999,17,53,13,120,4.551876,22.569818,3.76871,2.29637e-05,0.00390903,0.000304122
sopt,0.1,2,0.9999,17,53,13,120,4.835314,14.470560,3.7899,2.30284e-05,0.00309389,0.000369114
clssopt,0.1,3,0.99999,17,86,23,5,29.385138,141.151413,3.62771,3.23886e-05,0.00460406,0.000654394
sopt,0.1,3,0.99999,17,86,23,5,38.072595,125.113642,3.471,2.08302e-05,0.00241302,0.000748531
clssopt,0.1,3,0.99999,17,86,23,10,15.459678,125.631171,3.72196,3.19017e-05,0.00473076,0.000635037
sopt,0.1,3,0.99999,17,86,23,10,24.335560,57.742283,3.79368,3.38346e-05,0.00450039,0.000648627
clssopt,0.1,3,0.99999,17,86,23,15,15.806302,74.023978,3.72404,3.05855e-05,0.00473374,0.000702213
sopt,0.1,3,0.99999,17,86,23,15,17.260871,44.670385,3.8477,3.21067e-05,0.00530831,0.000604967
clssopt,0.1,3,0.99999,17,86,23,20,17.205447,79.503795,3.85689,1.90021e-05,0.0024676,0.000887386
sopt,0.1,3,0.99999,17,86,23,20,14.907197,43.918337,4.04877,3.10981e-05,0.00500891,0.000612508
clssopt,0.1,3,0.99999,17,86,23,25,17.958707,74.269514,3.66016,3.4591e-05,0.00484779,0.00103506
sopt,0.1,3,0.99999,17,86,23,25,20.651566,40.228882,4.07301,3.0635e-05,0.00499546,0.000599845
clssopt,0.1,3,0.99999,17,86,23,30,13.536810,52.039366,4.07553,3.13057e-05,0.00440815,0.000629574
sopt,0.1,3,0.99999,17,86,23,30,19.865712,35.159813,4.06287,2.9164e-05,0.00465636,0.000587497
clssopt,0.1,3,0.99999,17,86,23,35,16.307637,50.764370,4.00111,2.9479e-05,0.00459279,0.00056584
sopt,0.1,3,0.99999,17,86,23,35,12.636811,29.500130,4.22177,3.07212e-05,0.0048259,0.000624946
clssopt,0.1,3,0.99999,17,86,23,40,16.077215,42.183563,4.06571,2.84387e-05,0.0038704,0.0005511
sopt,0.1,3,0.99999,17,86,23,40,14.482524,24.039035,4.21344,3.06336e-05,0.00496835,0.000618006
clssopt,0.1,3,0.99999,17,86,23,45,15.162007,42.914263,4.0368,1.68452e-05,0.00218809,0.000752474
sopt,0.1,3,0.99999,17,86,23,45,13.084513,24.465448,4.25634,3.01833e-05,0.00444793,0.000616581
clssopt,0.1,3,0.99999,17,86,23,50,11.167161,40.088157,4.20462,2.78176e-05,0.00417639,0.000556894
sopt,0.1,3,0.99999,17,86,23,50,10.128539,25.926330,4.20143,3.04168e-05,0.00492749,0.000620471
clssopt,0.1,3,0.99999,17,86,23,55,9.555099,43.996246,4.13167,2.82169e-05,0.00424599,0.00056959
sopt,0.1,3,0.99999,17,86,23,55,10.413175,20.566582,4.15123,2.12885e-05,0.00173977,0.000898993
clssopt,0.1,3,0.99999,17,86,23,60,11.118766,130.808473,4.09658,2.50015e-05,0.00409969,0.000560043
sopt,0.1,3,0.99999,17,86,23,60,11.141459,19.788580,4.28448,2.16328e-05,0.00176534,0.000905564
clssopt,0.1,3,0.99999,17,86,23,65,10.302068,36.894233,4.24616,1.73759e-05,0.00271745,0.000704943
sopt,0.1,3,0.99999,17,86,23,65,10.491129,18.209157,4.28644,2.20377e-05,0.00186014,0.000898399
clssopt,0.1,3,0.99999,17,86,23,70,10.391842,38.731745,4.29567,2.38274e-05,0.00400576,0.000545569
sopt,0.1,3,0.99999,17,86,23,70,10.371682,18.447460,4.41624,2.10405e-05,0.00176055,0.000848164
clssopt,0.1,3,0.99999,17,86,23,75,8.891155,25.281279,4.27594,2.39927e-05,0.00394994,0.000548553
sopt,0.1,3,0.99999,17,86,23,75,8.779985,16.845267,4.42622,2.24277e-05,0.00261352,0.000805894
clssopt,0.1,3,0.99999,17,86,23,80,8.192284,39.977816,4.26873,2.26198e-05,0.00406428,0.000535915
sopt,0.1,3,0.99999,17,86,23,80,9.296544,13.764762,4.37546,2.07517e-05,0.00258676,0.000766461
clssopt,0.1,3,0.99999,17,86,23,85,8.051287,35.702369,4.29195,2.21501e-05,0.00401942,0.00053628
sopt,0.1,3,0.99999,17,86,23,85,10.292642,18.484428,4.47702,2.29898e-05,0.00288619,0.00082328
clssopt,0.1,3,0.99999,17,86,23,90,8.171623,28.217565,4.42125,2.17354e-05,0.003685,0.000535554
sopt,0.1,3,0.99999,17,86,23,90,10.701946,17.410053,4.50271,2.29252e-05,0.00246324,0.000842555
clssopt,0.1,3,0.99999,17,86,23,95,6.768558,26.928836,4.54771,2.14447e-05,0.00362288,0.000536779
sopt,0.1,3,0.99999,17,86,23,95,9.941058,21.064103,4.46812,2.13947e-05,0.00257429,0.000927813
clssopt,0.1,3,0.99999,17,86,23,100,7.563691,28.857175,4.43968,2.11801e-05,0.00361944,0.000535157
sopt,0.1,3,0.99999,17,86,23,100,9.038223,17.686571,4.41583,2.04781e-05,0.00259184,0.000867753
clssopt,0.1,3,0.99999,17,86,23,105,7.093906,28.157563,4.40849,1.46934e-05,0.00203358,0.000516128
sopt,0.1,3,0.99999,17,86,23,105,10.222025,16.762591,4.34203,2.14219e-05,0.00259371,0.000933183
clssopt,0.1,3,0.99999,17,86,23,110,7.921767,31.987935,4.42161,1.50797e-05,0.0021233,0.000500835
sopt,0.1,3,0.99999,17,86,23,110,9.794100,18.206278,4.43945,2.0657e-05,0.00227391,0.000912326
clssopt,0.1,3,0.99999,17,86,23,115,9.514464,26.850595,4.06154,2.25629e-05,0.00366134,0.000779139
sopt,0.1,3,0.99999,17,86,23,115,20.877516,14.310872,4.45245,2.0526e-05,0.00242196,0.00086291
clssopt,0.1,3,0.99999,17,86,23,120,6.884837,24.860113,4.08106,2.4242e-05,0.00406335,0.000826194
sopt,0.1,3,0.99999,17,86,23,120,8.383692,13.300192,4.3503,2.19192e-05,0.00258858,0.000797049
clssopt,0.1,4,0.999999,17,125,35,5,57.519847,268.311785,4.41795,6.04934e-06,0.00244742,0.000434305
sopt,0.1,4,0.999999,17,125,35,5,64.961931,286.020654,4.88523,7.52965e-06,0.00112472,0.000286803
clssopt,0.1,4,0.999999,17,125,35,10,43.105776,192.999336,4.48305,6.18155e-06,0.00118388,0.000458433
sopt,0.1,4,0.999999,17,125,35,10,61.677714,102.986454,4.73005,1.56983e-05,0.00221251,0.00062844
clssopt,0.1,4,0.999999,17,125,35,15,53.665627,680.226215,4.43626,9.2281e-06,0.00126818,0.000503398
sopt,0.1,4,0.999999,17,125,35,15,40.996890,78.186336,5.04099,1.57676e-05,0.00205566,0.00045215
clssopt,0.1,4,0.999999,17,125,35,20,31.493998,98.354740,4.5287,9.45194e-06,0.0014873,0.000488488
sopt,0.1,4,0.999999,17,125,35,20,38.261219,61.916707,5.04038,1.45908e-05,0.00175163,0.000529122
clssopt,0.1,4,0.999999,17,125,35,25,33.242441,354.122958,4.48717,1.78496e-05,0.00334405,0.000800125
sopt,0.1,4,0.999999,17,125,35,25,25.156335,409.513165,5.14742,8.37574e-06,0.0011723,0.000177187
clssopt,0.1,4,0.999999,17,125,35,30,24.426661,76.768435,4.66774,1.79666e-05,0.00245242,0.000807269
sopt,0.1,4,0.999999,17,125,35,30,25.671218,38.460808,5.22051,1.81598e-05,0.001414,0.000536323
clssopt,0.1,4,0.999999,17,125,35,35,25.586293,67.771315,4.89188,9.47178e-06,0.00147394,0.000526828
sopt,0.1,4,0.999999,17,125,35,35,50.391858,81.481843,5.14957,1.52075e-05,0.00148444,0.000473712
clssopt,0.1,4,0.999999,17,125,35,40,20.412550,56.691830,4.78524,1.81273e-05,0.00280649,0.000795376
sopt,0.1,4,0.999999,17,125,35,40,24.547392,41.948223,5.19589,8.85376e-06,0.0010432,0.000162946
clssopt,0.1,4,0.999999,17,125,35,45,22.484321,267.694206,5.01951,1.86158e-05,0.00265392,0.000792344
sopt,0.1,4,0.999999,17,125,35,45,32.853523,37.577256,5.27516,1.99454e-05,0.001452,0.000519085
clssopt,0.1,4,0.999999,17,125,35,50,17.544628,378.884418,5.20434,1.87651e-05,0.00303635,0.000764199
sopt,0.1,4,0.999999,17,125,35,50,20.121874,9064.277953,5.5236,1.13469e-05,0.00172775,0.000374406
clssopt,0.1,4,0.999999,17,125,35,55,20.198256,85.355003,5.13556,1.89581e-05,0.00302734,0.000759259
sopt,0.1,4,0.999999,17,125,35,55,19.218761,37.465617,5.41549,1.5109e-05,0.00152212,0.000493755
clssopt,0.1,4,0.999999,17,125,35,60,15.788819,48.594041,5.27826,1.89126e-05,0.00323604,0.000765734
sopt,0.1,4,0.999999,17,125,35,60,14.746956,26.857007,5.57348,1.19323e-05,0.00233344,0.000310528
clssopt,0.1,4,0.999999,17,125,35,65,16.729095,54.530848,5.2568,5.13539e-06,0.00191639,0.000348187
sopt,0.1,4,0.999999,17,125,35,65,18.785843,25.534364,5.53559,1.18669e-05,0.00187258,0.000311638
clssopt,0.1,4,0.999999,17,125,35,70,16.445809,43.711625,5.25476,4.4648e-06,0.00215262,0.000349848
sopt,0.1,4,0.999999,17,125,35,70,20.000623,27.385157,5.52624,7.48003e-06,0.0012025,0.000159311
clssopt,0.1,4,0.999999,17,125,35,75,17.013589,119.741958,5.41664,1.66134e-05,0.00200835,0.000489396
sopt,0.1,4,0.999999,17,125,35,75,16.123870,111.377472,5.72483,2.11454e-05,0.00197123,0.000644318
clssopt,0.1,4,0.999999,17,125,35,80,14.393539,40.900447,5.3173,1.12029e-05,0.00169105,0.000441118
sopt,0.1,4,0.999999,17,125,35,80,15.506930,28.447015,5.53017,2.00567e-05,0.00166634,0.000637286
clssopt,0.1,4,0.999999,17,125,35,85,15.431788,37.091646,5.39354,1.87158e-05,0.00336613,0.00073908
sopt,0.1,4,0.999999,17,125,35,85,18.494503,23.799054,5.66572,1.94037e-05,0.00137313,0.000621497
clssopt,0.1,4,0.999999,17,125,35,90,14.244895,42.794451,5.41715,1.87565e-05,0.00297849,0.000745861
sopt,0.1,4,0.999999,17,125,35,90,15.734373,22.261455,6.93325,1.93645e-05,0.0013598,0.000622428
clssopt,0.1,4,0.999999,17,125,35,95,13.274257,33.500618,5.41731,1.86642e-05,0.00283548,0.000744818
sopt,0.1,4,0.999999,17,125,35,95,15.718441,108.122245,5.35152,5.81406e-06,0.00103504,0.000172495
clssopt,0.1,4,0.999999,17,125,35,100,14.018400,46.705907,5.56467,2.79522e-05,0.00348464,0.000407558
sopt,0.1,4,0.999999,17,125,35,100,13.219382,27.952299,5.67496,4.89767e-06,0.00113572,0.000296877
clssopt,0.1,4,0.999999,17,125,35,105,19.284394,37.915410,5.53675,2.74775e-05,0.00349169,0.000396325
sopt,0.1,4,0.999999,17,125,35,105,22.478365,1492.078354,5.74231,3.81364e-05,0.00497904,0.000477766
clssopt,0.1,4,0.999999,17,125,35,110,13.351025,31.988487,5.41847,2.66977e-05,0.00340625,0.000394378
sopt,0.1,4,0.999999,17,125,35,110,15.973711,16.224725,5.83309,2.83378e-05,0.00421661,0.000377156
clssopt,0.1,4,0.999999,17,125,35,115,12.684338,29.039262,5.47051,1.85282e-05,0.00335912,0.000731669
sopt,0.1,4,0.999999,17,125,35,115,16.704739,15.988185,5.79487,3.66051e-05,0.00417174,0.000470576
clssopt,0.1,4,0.999999,17,125,35,120,12.731571,331.661550,5.4414,5.47564e-06,0.00109741,0.000368614
sopt,0.1,4,0.999999,17,125,35,120,15.243909,15.719672,5.38719,1.74082e-05,0.001489,0.000521189
clssopt,0.1,5,0.9999999,17,168,49,5,163.001420,834.678122,5.18268,1.24042e-05,0.0020006,0.000294396
sopt,0.1,5,0.9999999,17,168,49,5,261.946253,337.419725,5.48108,1.14059e-05,0.00151095,0.000219514
clssopt,0.1,5,0.9999999,17,168,49,10,151.344368,198.323626,5.34584,6.86178e-06,0.00126451,0.000213153
sopt,0.1,5,0.9999999,17,168,49,10,59.757624,150.496366,5.68895,1.01783e-05,0.00169296,0.000250055
clssopt,0.1,5,0.9999999,17,168,49,15,72.752063,168.413765,5.47967,1.05073e-05,0.00144895,0.000210504
sopt,0.1,5,0.9999999,17,168,49,15,50.668827,111.207632,5.77068,1.10758e-05,0.00176516,0.000223725
clssopt,0.1,5,0.9999999,17,168,49,20,68.763894,139.077297,5.32542,1.00897e-05,0.00156454,0.000223348
sopt,0.1,5,0.9999999,17,168,49,20,48.286256,77.400028,5.87569,1.13949e-05,0.00175716,0.000212292
clssopt,0.1,5,0.9999999,17,168,49,25,67.580865,139.396005,5.41864,6.1925e-06,0.00132342,0.000215138
sopt,0.1,5,0.9999999,17,168,49,25,45.656170,67.088390,6.14074,1.12844e-05,0.00173185,0.000205983
clssopt,0.1,5,0.9999999,17,168,49,30,59.051914,119.209991,5.52088,1.01024e-05,0.00149217,0.000212471
sopt,0.1,5,0.9999999,17,168,49,30,46.042977,53.049817,6.07157,1.07133e-05,0.00164326,0.000214152
clssopt,0.1,5,0.9999999,17,168,49,35,45.519314,1076.405168,5.68351,1.05576e-05,0.00137608,0.000198961
sopt,0.1,5,0.9999999,17,168,49,35,35.337156,48.021134,6.31391,1.11841e-05,0.00173263,0.000206931
clssopt,0.1,5,0.9999999,17,168,49,40,41.211507,99.143698,5.63346,1.01435e-05,0.00149236,0.000231276
sopt,0.1,5,0.9999999,17,168,49,40,34.274959,221.668065,6.54239,1.11802e-05,0.0017422,0.000209716
clssopt,0.1,5,0.9999999,17,168,49,45,41.126706,79.012926,5.66154,1.06881e-05,0.00167311,0.00022253
sopt,0.1,5,0.9999999,17,168,49,45,36.023138,72.806236,6.51793,1.11936e-05,0.00174776,0.000211932
clssopt,0.1,5,0.9999999,17,168,49,50,45.564884,60.911172,6.06439,1.08492e-05,0.00141793,0.000206951
sopt,0.1,5,0.9999999,17,168,49,50,27.417649,51.946767,6.5498,1.04536e-05,0.0016445,0.00021915
clssopt,0.1,5,0.9999999,17,168,49,55,39.084702,70.455293,6.0194,1.07108e-05,0.0016825,0.000222721
sopt,0.1,5,0.9999999,17,168,49,55,24.431795,60.820037,6.57139,1.04686e-05,0.00164058,0.00022111
clssopt,0.1,5,0.9999999,17,168,49,60,35.339879,88.769553,6.302,1.0874e-05,0.0017365,0.00021963
sopt,0.1,5,0.9999999,17,168,49,60,33.946018,46.812507,6.4523,1.03254e-05,0.00162294,0.000219451
clssopt,0.1,5,0.9999999,17,168,49,65,32.787552,53.992054,6.2431,1.06379e-05,0.00169956,0.000220313
sopt,0.1,5,0.9999999,17,168,49,65,33.262837,42.227000,6.55941,1.0401e-05,0.00162694,0.00021973
clssopt,0.1,5,0.9999999,17,168,49,70,43.510184,103.422887,6.34481,1.04606e-05,0.00169019,0.000220107
sopt,0.1,5,0.9999999,17,168,49,70,31.110741,75.943619,6.6869,1.08818e-05,0.00171693,0.000209342
clssopt,0.1,5,0.9999999,17,168,49,75,30.963694,65.990252,6.44572,1.09401e-05,0.00171664,0.000219487
sopt,0.1,5,0.9999999,17,168,49,75,22.560900,42.028108,6.80189,1.16109e-05,0.0017288,0.000218762
clssopt,0.1,5,0.9999999,17,168,49,80,35.403018,58.906390,6.34864,1.07367e-05,0.00171349,0.000218844
sopt,0.1,5,0.9999999,17,168,49,80,28.429023,6204.727549,6.8651,1.17218e-05,0.0017315,0.000216902
clssopt,0.1,5,0.9999999,17,168,49,85,29.823336,70.033010,6.49317,1.07915e-05,0.00170155,0.000213691
sopt,0.1,5,0.9999999,17,168,49,85,20.681127,37.932366,6.97914,1.16758e-05,0.00170136,0.000219108
clssopt,0.1,5,0.9999999,17,168,49,90,28.209281,64245.901054,6.39912,1.07471e-05,0.00168926,0.000212706
sopt,0.1,5,0.9999999,17,168,49,90,20.927439,47.092724,7.03421,1.1644e-05,0.00173304,0.000220173
clssopt,0.1,5,0.9999999,17,168,49,95,30.458518,49.326065,6.59957,1.07667e-05,0.00169816,0.000212805
sopt,0.1,5,0.9999999,17,168,49,95,24.347990,40.542183,7.03205,1.16776e-05,0.00175643,0.000221501
clssopt,0.1,5,0.9999999,17,168,49,100,32.942704,46.608163,6.79468,1.08249e-05,0.00169321,0.000211568
sopt,0.1,5,0.9999999,17,168,49,100,22.981831,37.694344,7.05952,1.16322e-05,0.00175039,0.000216382
clssopt,0.1,5,0.9999999,17,168,49,105,26.771491,1964.656857,6.86016,1.08661e-05,0.00168389,0.000214039
sopt,0.1,5,0.9999999,17,168,49,105,22.596123,76.588959,6.97207,1.16829e-05,0.00174749,0.000220697
clssopt,0.1,5,0.9999999,17,168,49,110,26.331615,35.750347,6.97707,1.70829e-05,0.00290424,0.000494842
sopt,0.1,5,0.9999999,17,168,49,110,23.767311,27.540031,6.93397,1.16427e-05,0.00174506,0.000215347
clssopt,0.1,5,0.9999999,17,168,49,115,22.035655,35.156793,6.95888,1.07746e-05,0.00167019,0.000210939
sopt,0.1,5,0.9999999,17,168,49,115,20.368673,28.842116,7.11385,1.1684e-05,0.00177231,0.000215071
clssopt,0.1,5,0.9999999,17,168,49,120,25.698806,164.369835,7.1711,1.08151e-05,0.00167268,0.000209543
sopt,0.1,5,0.9999999,17,168,49,120,17.135021,36.041393,6.9835,1.15455e-05,0.00172595,0.000216921
