method,rs,window,t,ws,w,q,nqp,TT1,TT2,TT3,TT4,ErrX,ErrV,ErrE
sopt,0.1,20,25,2,,0.0718433,0.100696,0.106865,0.104096,0.102029,0.113475,0.101323,0.0993197,0.0653811,0.056163,0.0490202,0.0759266,0.0635902,0.0771442,0.0637616,0.042983,0.0484945,0.0804816,0.0648765,0.0782339,0.0776131,0.0779861,0.0872606,0.072833,0.0558531,,8.15e-01,0.106775,67.0735,2.25074
clssopt,0.1,20,25,2,,0.0522408,0.100306,0.115013,0.105062,0.107906,0.122999,0.104683,0.107367,0.0698282,0.0622278,0.0528586,0.0809491,0.0701255,0.0854441,0.069689,0.0471809,0.0541936,0.0831449,0.0705188,0.0791824,0.0851368,0.0834273,0.0943136,0.0789898,0.0590532,,8.43e-01,0.106673,67.0493,2.25143
qdeim,0.1,20,25,2,,0.0339345,0.0363845,0.0371358,0.0370054,0.0385277,0.0365351,0.0388081,0.0375516,0.0305072,0.0286227,0.0263869,0.0303956,0.0303872,0.0330445,0.0293358,0.0232318,0.0233172,0.0302175,0.0271872,0.0291781,0.0299785,0.0334742,0.0316849,0.0316617,0.0241025,2.08182,5.53e+00,1.66967e-05,0.00301448,0.000941783
clsqdeim,0.1,20,25,2,,0.0352348,0.0449472,0.0489495,0.0475772,0.0453546,0.0479899,0.0421974,0.0415082,0.0346356,0.0322566,0.0289707,0.0359313,0.0367039,0.0364226,0.0333217,0.0266244,0.027643,0.0369634,0.0339104,0.0356144,0.0383583,0.037558,0.0385361,0.036842,0.0297032,2.08807,5.31e+00,5.17575e-05,0.00223072,0.00100097
gnat,0.1,20,25,2,,0.0234283,0.0221575,0.0249613,0.0215848,0.0218787,0.0198772,0.0195823,0.0202023,0.0172652,0.0147488,0.014341,0.0150381,0.0146697,0.0157248,0.0155442,0.0114296,0.0123603,0.0160696,0.0153921,0.0148992,0.0153857,0.0156425,0.0167886,0.0150594,0.0134132,1.94143,5.61e+00,3.71074e-05,0.00308444,0.00110697
clsgnat,0.1,20,25,2,,0.0253553,0.0278499,0.0291984,0.0284952,0.0273396,0.0281356,0.0254214,0.0242605,0.0212085,0.0185189,0.0181772,0.0221811,0.0199275,0.0216643,0.0195391,0.0174386,0.0169062,0.0214504,0.0198397,0.0205627,0.0229012,0.0229171,0.0234672,0.0184021,0.0164754,1.51188,5.62e+00,0.000565805,0.0218285,0.00773392
sopt,0.1,20,25,4,,0.0569191,0.112502,0.120283,0.119948,0.116595,0.129653,0.115681,0.116835,0.0802271,0.0671072,0.0601018,0.0992204,0.0766529,0.0896798,0.0770144,0.052217,0.0577635,0.0924361,0.0790573,0.0861771,0.0915839,0.0919894,0.104856,0.0882017,0.0667592,,8.16e-01,0.106723,67.0538,2.25114
clssopt,0.1,20,25,4,,0.0617563,0.11535,0.12694,0.121851,0.124344,0.139244,0.118667,0.123508,0.0818155,0.0729163,0.0611144,0.0932702,0.0817257,0.0953541,0.0813635,0.0579564,0.0615892,0.0986181,0.0828629,0.0935445,0.0968012,0.0962163,0.106241,0.0911022,0.0719296,,8.24e-01,0.106499,66.9865,2.2525
qdeim,0.1,20,25,4,,0.0411997,0.0451038,0.0462906,0.0466866,0.0486314,0.0475852,0.0497397,0.0492014,0.0378539,0.0338065,0.0316516,0.037582,0.0370779,0.0407258,0.0365166,0.0304185,0.0315339,0.039698,0.0382528,0.0367676,0.0392539,0.0415959,0.0405237,0.0406257,0.0312934,2.13591,5.74e+00,1.06248e-05,0.00108695,0.000771706
clsqdeim,0.1,20,25,4,,0.040439,0.0544722,0.0577519,0.0581014,0.0577845,0.0600194,0.0528365,0.0528023,0.044598,0.0405622,0.0365906,0.0437335,0.0472698,0.0450271,0.0422243,0.033574,0.0342675,0.0463687,0.0437024,0.0444467,0.0465553,0.0456849,0.0479678,0.0464594,0.0369915,2.20982,5.68e+00,1.09132e-05,0.00170729,0.000657018
gnat,0.1,20,25,4,,0.0258351,0.0237299,0.0261688,0.0236072,0.02291,0.0214213,0.0207355,0.0230888,0.0183096,0.0162651,0.0150702,0.0161757,0.0152432,0.0169077,0.0169387,0.0124895,0.0133353,0.0169993,0.0161746,0.0162191,0.0160634,0.0167166,0.017666,0.0171132,0.0138162,1.98363,5.45e+00,3.67463e-05,0.00378752,0.00109475
clsgnat,0.1,20,25,4,,0.0286422,0.0314432,0.0320776,0.029442,0.0281062,0.0305057,0.0262835,0.0265721,0.0219883,0.0206725,0.0204076,0.0230575,0.0210553,0.0228227,0.0208739,0.0186911,0.0177458,0.0227367,0.0213974,0.0220371,0.0240231,0.0236085,0.0244279,0.019216,0.0176153,1.48925,5.29e+00,0.000565805,0.0218285,0.00773392
sopt,0.1,20,25,6,,0.0642544,0.12576,0.132942,0.133745,0.131874,0.149418,0.129667,0.131655,0.0908742,0.076912,0.070552,0.100973,0.0890021,0.100835,0.0880483,0.0605383,0.0666462,0.104995,0.0890728,0.09766,0.104616,0.103327,0.114547,0.0998006,0.0750914,,7.96e-01,0.106531,66.9996,2.25244
clssopt,0.1,20,25,6,,0.0679012,0.129488,0.143265,0.134961,0.13831,0.158925,0.135569,0.134014,0.0935006,0.0807574,0.0739812,0.104986,0.0926847,0.104836,0.0918104,0.0658745,0.0708136,0.107651,0.0920721,0.10406,0.108099,0.108143,0.11916,0.102519,0.0787498,,8.35e-01,0.106432,66.9596,2.25288
qdeim,0.1,20,25,6,,0.0702734,0.0548063,0.0573329,0.0566078,0.0593889,0.0587867,0.0595502,0.0591061,0.0485331,0.041615,0.0388863,0.0448116,0.0455463,0.0492252,0.0458769,0.0369002,0.0391728,0.0476102,0.0452298,0.0464522,0.047438,0.0498191,0.0494408,0.0490209,0.038512,2.18972,5.33e+00,1.00739e-05,0.00108313,0.000733174
clsqdeim,0.1,20,25,6,,0.0478222,0.063335,0.0674761,0.0691913,0.0656856,0.0682077,0.0616172,0.063165,0.0511292,0.0467519,0.0430369,0.0526301,0.0545018,0.0540586,0.0493859,0.0402053,0.0419209,0.056863,0.0534385,0.0536257,0.054786,0.0540485,0.0608243,0.055201,0.0432549,2.18798,5.54e+00,3.51876e-05,0.00334637,0.000678989
gnat,0.1,20,25,6,,0.0286874,0.0260308,0.0273218,0.0245843,0.0245578,0.0227212,0.021329,0.0230204,0.0196442,0.0173835,0.0170431,0.0178832,0.0165979,0.0183117,0.0179859,0.0136934,0.014277,0.0176894,0.0170026,0.0171077,0.0175119,0.0178414,0.0185924,0.0179803,0.0153334,1.85477,5.38e+00,1.23321e-05,0.00192734,0.000946332
clsgnat,0.1,20,25,6,,0.0297954,0.0322151,0.0322732,0.0315676,0.029923,0.0320311,0.0274547,0.0273514,0.023435,0.0213685,0.0220592,0.0247992,0.0221319,0.0240609,0.0219528,0.0192845,0.0190036,0.0237633,0.0219126,0.0228838,0.0264948,0.0247613,0.0250373,0.020703,0.0185429,1.70166,5.50e+00,0.000565805,0.0218285,0.00773392
sopt,0.1,20,25,8,,0.0718166,0.141202,0.148736,0.148332,0.147867,0.162192,0.14618,0.146938,0.101607,0.087462,0.0790189,0.112472,0.10048,0.114373,0.0993154,0.0687032,0.0787624,0.1189,0.102003,0.110635,0.115261,0.114821,0.12953,0.110182,0.0856457,,8.01e-01,0.106531,66.9982,2.25228
clssopt,0.1,20,25,8,,0.0763678,0.14648,0.157505,0.152519,0.156808,0.172969,0.148501,0.152492,0.105905,0.0981915,0.0822882,0.118192,0.103584,0.117505,0.100876,0.0760143,0.08158,0.121083,0.107337,0.118656,0.118252,0.122343,0.133108,0.114327,0.0895721,,8.02e-01,0.106324,66.9349,2.25395
qdeim,0.1,20,25,8,,0.0513833,0.0675712,0.0663687,0.064996,0.0707204,0.0696263,0.0708289,0.0691417,0.0568952,0.0490768,0.0455166,0.0527446,0.0547485,0.0575329,0.053864,0.0442449,0.046817,0.0567203,0.0538236,0.0547856,0.0562486,0.0574513,0.0602298,0.0575437,0.0454271,2.35585,5.80e+00,1.01661e-05,0.00199538,0.000739086
clsqdeim,0.1,20,25,8,,0.0515525,0.0723005,0.0761157,0.0790283,0.0745174,0.081049,0.0728682,0.0729861,0.0613157,0.0541056,0.0502727,0.0607897,0.0635032,0.0637662,0.0582483,0.0456184,0.0482716,0.0646228,0.0609112,0.0622027,0.0623076,0.0626464,0.0694428,0.0639133,0.0503222,2.18838,5.30e+00,1.0782e-05,0.000901428,0.000740221
gnat,0.1,20,25,8,,0.0318813,0.0291444,0.028474,0.0251319,0.0256063,0.0236813,0.022654,0.0242534,0.0209877,0.0192252,0.0179945,0.0188983,0.0177452,0.0196924,0.0192321,0.0151556,0.0161308,0.0200206,0.0191463,0.0184734,0.0201487,0.0190113,0.0199579,0.0194067,0.0163867,2.04036,5.52e+00,3.68062e-05,0.00400127,0.00106948
clsgnat,0.1,20,25,8,,0.030815,0.03262,0.0347166,0.0324327,0.03265,0.035126,0.0292949,0.0290289,0.024654,0.0242036,0.023599,0.0251677,0.0230561,0.0250036,0.0231694,0.0202718,0.0200698,0.024749,0.0234576,0.0241856,0.0270464,0.0265749,0.0267203,0.0217914,0.0198225,1.68138,5.56e+00,0.000565805,0.0218285,0.00773392
sopt,0.1,20,25,10,,0.0793387,0.156983,0.165148,0.161904,0.159337,0.177414,0.157603,0.163111,0.116429,0.0993555,0.0902495,0.122706,0.112415,0.126854,0.110125,0.0770166,0.0881834,0.129068,0.114248,0.121803,0.127247,0.126991,0.139868,0.121771,0.0975009,,8.10e-01,0.106526,66.986,2.25214
clssopt,0.1,20,25,10,,0.0841537,0.160898,0.172577,0.164022,0.169818,0.186211,0.164246,0.16701,0.118435,0.109072,0.0930824,0.128059,0.114831,0.132085,0.111854,0.0848386,0.089586,0.134206,0.118238,0.130467,0.129952,0.131955,0.147358,0.128001,0.100591,,8.30e-01,0.106354,66.9402,2.25367
qdeim,0.1,20,25,10,,0.0561045,0.0786899,0.0762161,0.0759463,0.0810706,0.0800633,0.0815652,0.0808419,0.0652785,0.0560585,0.0527263,0.0616926,0.0626216,0.0679626,0.06163,0.0517128,0.0534884,0.0651312,0.0625317,0.0638779,0.0645524,0.0663368,0.069944,0.0661686,0.0521328,2.25324,5.71e+00,1.18958e-05,0.00220579,0.000782648
clsqdeim,0.1,20,25,10,,0.0576056,0.0813342,0.0864653,0.0875555,0.0854776,0.0888831,0.0816428,0.0821358,0.0683393,0.0617876,0.0573726,0.0685802,0.0712618,0.0722566,0.0671319,0.052727,0.0551908,0.0730054,0.0688576,0.07075,0.0710635,0.0695464,0.0780157,0.0716813,0.0580042,2.13572,5.38e+00,4.23702e-05,0.00233697,0.000867966
gnat,0.1,20,25,10,,0.0323684,0.031742,0.0305493,0.0278253,0.0260954,0.0251286,0.0254195,0.0257806,0.0223492,0.0197348,0.0193232,0.0202673,0.0188838,0.020662,0.0201271,0.0157241,0.0174872,0.0199407,0.0207775,0.0196593,0.0216812,0.0206686,0.0222597,0.0204563,0.0171597,2.31062,5.46e+00,3.75121e-05,0.00315076,0.00117101
clsgnat,0.1,20,25,10,,0.035421,0.0357763,0.0350213,0.0338201,0.0330396,0.0343776,0.0311064,0.0297791,0.0262164,0.0247963,0.0250272,0.0263852,0.0245811,0.0268066,0.0254258,0.0225282,0.0212668,0.0262266,0.0252352,0.0256842,0.0288402,0.0269122,0.027849,0.0230009,0.0216674,1.46209,5.58e+00,0.000565805,0.0218285,0.00773392
sopt,0.1,20,25,12,,0.0895761,0.171522,0.178935,0.177965,0.176458,0.194476,0.174564,0.174865,0.128236,0.108305,0.09933,0.138883,0.124169,0.139369,0.123234,0.0862364,0.0955976,0.141564,0.13419,0.135878,0.144753,0.138831,0.153254,0.135882,0.108408,,8.50e-01,0.106343,66.9426,2.25422
clssopt,0.1,20,25,12,,0.0928774,0.174012,0.188841,0.181228,0.184049,0.208194,0.179665,0.178152,0.134493,0.122545,0.104,0.145273,0.129212,0.141852,0.126151,0.092283,0.0978663,0.145308,0.127151,0.139903,0.141341,0.146394,0.160909,0.140757,0.109179,,8.44e-01,0.106333,66.9325,2.25422
qdeim,0.1,20,25,12,,0.0620855,0.0878908,0.0920564,0.0866444,0.0915242,0.092517,0.0913133,0.0908442,0.0749411,0.0650471,0.0599102,0.07059,0.0701501,0.0760087,0.0699194,0.0583831,0.0608045,0.0749657,0.0711888,0.0725347,0.0722175,0.0742839,0.0813213,0.0739934,0.0597963,2.23574,5.45e+00,1.26521e-05,0.00102737,0.000990946
clsqdeim,0.1,20,25,12,,0.0638783,0.0912407,0.0979847,0.0982217,0.0965406,0.101684,0.0913695,0.0926436,0.0764865,0.0692126,0.064363,0.0772611,0.0786,0.0809239,0.0765421,0.0586531,0.0625062,0.0812242,0.0771328,0.0797995,0.0797436,0.0790259,0.0890169,0.0808714,0.0643851,2.28789,5.72e+00,1.14706e-05,0.00156508,0.000677232
gnat,0.1,20,25,12,,0.0367013,0.0323244,0.0309732,0.0289137,0.0278091,0.0261846,0.0255784,0.0268627,0.023166,0.0221573,0.0217481,0.021597,0.0207853,0.0211505,0.0212364,0.0172412,0.0182278,0.0216149,0.0214634,0.0212446,0.0238538,0.0218288,0.0236457,0.0207691,0.0183789,2.24147,5.62e+00,3.79179e-05,0.00339698,0.000973347
clsgnat,0.1,20,25,12,,0.0339811,0.0372857,0.0347336,0.0359796,0.0348573,0.0388775,0.0315688,0.0322791,0.0267136,0.0270225,0.0265242,0.0283257,0.0254172,0.0277148,0.0251715,0.0243742,0.0226348,0.0281255,0.0271817,0.0266639,0.0293721,0.0277518,0.0295429,0.0256525,0.0226824,1.5585,5.49e+00,0.000565805,0.0218285,0.00773392
sopt,0.1,20,25,14,,0.0986621,0.18694,0.189501,0.189418,0.189999,0.211275,0.186291,0.187349,0.139452,0.120626,0.106805,0.147923,0.133683,0.148973,0.133832,0.096623,0.104453,0.158037,0.137052,0.149245,0.155603,0.153749,0.168372,0.144945,0.114306,,8.06e-01,0.106344,66.9443,2.25441
clssopt,0.1,20,25,14,,0.0996933,0.189725,0.205837,0.194405,0.195137,0.221108,0.190134,0.194003,0.140263,0.12948,0.112339,0.1538,0.136431,0.1533,0.137085,0.101006,0.112125,0.159615,0.140626,0.158322,0.157092,0.157019,0.17036,0.149852,0.121183,,8.48e-01,0.106203,66.8885,2.25518
qdeim,0.1,20,25,14,,0.0664673,0.0997682,0.0975251,0.096626,0.102206,0.102865,0.101981,0.101265,0.0819495,0.0713778,0.0708567,0.0783262,0.0784767,0.0841081,0.0777692,0.0685229,0.0663029,0.0842173,0.0795151,0.0817423,0.0823243,0.0851403,0.0880732,0.0826448,0.0657315,2.29742,5.65e+00,8.75107e-06,0.00100306,0.000710699
clsqdeim,0.1,20,25,14,,0.0675738,0.0999304,0.106686,0.107749,0.10787,0.112416,0.101032,0.103502,0.0835504,0.0761169,0.0701095,0.0842105,0.0866825,0.0891544,0.0842297,0.0658253,0.0703467,0.0898115,0.0868992,0.0873158,0.0875898,0.0874994,0.0986356,0.0891567,0.0721189,2.69347,5.66e+00,1.12969e-05,0.00108659,0.000666805
gnat,0.1,20,25,14,,0.0361842,0.0353299,0.0327807,0.030782,0.0291817,0.0279408,0.0277811,0.0278931,0.0265635,0.0226542,0.0224161,0.0219059,0.0216706,0.0230955,0.0221381,0.0189665,0.0203293,0.0232711,0.0238993,0.0230533,0.0244185,0.0238091,0.0253263,0.0222641,0.0202341,2.56588,5.61e+00,3.82276e-05,0.00277441,0.000987475
clsgnat,0.1,20,25,14,,0.0388831,0.0413565,0.0379674,0.0392525,0.0371276,0.041434,0.0351459,0.0337656,0.0287808,0.0296758,0.0289167,0.0296901,0.0263056,0.0284934,0.0277361,0.0273396,0.0251474,0.0295654,0.0283457,0.0282341,0.0315605,0.0293683,0.0312815,0.0262158,0.0238672,1.70546,5.56e+00,0.000565805,0.0218285,0.00773392
sopt,0.1,20,25,16,,0.104727,0.198774,0.207938,0.20598,0.208576,0.230414,0.199656,0.207117,0.149547,0.13113,0.119296,0.163037,0.146776,0.164015,0.146729,0.105999,0.113014,0.170931,0.147743,0.159039,0.167774,0.162914,0.18,0.157697,0.124896,,8.10e-01,0.106348,66.9462,2.25444
clssopt,0.1,20,25,16,,0.109633,0.204569,0.21722,0.209779,0.214976,0.241346,0.208995,0.209336,0.15488,0.14218,0.121487,0.168503,0.148749,0.165522,0.145837,0.112335,0.121185,0.17373,0.150057,0.16759,0.170912,0.168658,0.184896,0.164502,0.131814,,8.19e-01,0.106182,66.886,2.25534
qdeim,0.1,20,25,16,,0.0712924,0.108385,0.107309,0.108086,0.11407,0.112029,0.110054,0.10951,0.0892997,0.0790531,0.082935,0.0866458,0.0858253,0.0918998,0.0855077,0.0805155,0.0743438,0.0929562,0.0880022,0.0902357,0.0912909,0.093264,0.0976557,0.0918794,0.0735034,2.43149,5.62e+00,7.96541e-06,0.00187044,0.000717033
clsqdeim,0.1,20,25,16,,0.0768711,0.111428,0.119159,0.120838,0.115935,0.128963,0.111708,0.113504,0.095882,0.0838202,0.0772798,0.0919463,0.0946045,0.0986705,0.0917426,0.0736406,0.0777151,0.0994126,0.094978,0.0965207,0.095409,0.0944963,0.10648,0.0968718,0.0783745,2.33899,5.71e+00,1.03825e-05,0.00139714,0.000547666
gnat,0.1,20,25,16,,0.0407265,0.0388033,0.0354377,0.0320112,0.0330526,0.0292532,0.0279363,0.0293272,0.027541,0.0249285,0.0234157,0.0236315,0.0226402,0.0235755,0.0247025,0.0206443,0.0211994,0.0247598,0.0253498,0.0235826,0.0250061,0.0252361,0.0264942,0.0235803,0.0210993,2.2213,5.74e+00,3.79136e-05,0.00270908,0.000960241
clsgnat,0.1,20,25,16,,0.0409664,0.0401122,0.0382753,0.0399021,0.0383775,0.041171,0.0346286,0.0345115,0.030306,0.0310097,0.0297545,0.0313998,0.0293704,0.0300827,0.0296326,0.0265957,0.0249613,0.0304238,0.0305963,0.0291802,0.0327281,0.0327872,0.031648,0.0275297,0.0246766,1.61029,5.53e+00,0.000565805,0.0218285,0.00773392
sopt,0.1,20,25,18,,0.113069,0.208428,0.218554,0.224495,0.222649,0.247165,0.213198,0.217388,0.163527,0.140776,0.127936,0.175167,0.155097,0.172838,0.161202,0.115852,0.126336,0.180582,0.162346,0.171046,0.179394,0.176077,0.192187,0.169076,0.13506,,8.18e-01,0.106333,66.9432,2.25442
clssopt,0.1,20,25,18,,0.116172,0.213486,0.231091,0.223284,0.226153,0.255339,0.222412,0.222018,0.165976,0.15101,0.12871,0.177113,0.159563,0.181026,0.159882,0.118618,0.127298,0.182834,0.16327,0.184658,0.183523,0.18072,0.197419,0.174361,0.139302,,8.39e-01,0.106127,66.8589,2.25562
qdeim,0.1,20,25,18,,0.076631,0.118603,0.119362,0.121791,0.127274,0.124027,0.12007,0.121268,0.0983398,0.0859768,0.0903322,0.0966046,0.0949163,0.101442,0.0940425,0.0905992,0.0802084,0.100791,0.0944937,0.0972378,0.0981315,0.101174,0.107587,0.0993086,0.0793147,2.51222,5.59e+00,1.10197e-05,0.00120102,0.000934689
clsqdeim,0.1,20,25,18,,0.0793067,0.118779,0.125643,0.128545,0.1255,0.143904,0.126877,0.125778,0.0987707,0.0900219,0.0853573,0.10145,0.108973,0.11044,0.102247,0.0817498,0.084744,0.107043,0.102564,0.105656,0.10517,0.102898,0.117067,0.105905,0.0860676,2.43394,5.71e+00,1.03188e-05,0.00228574,0.000534335
gnat,0.1,20,25,18,,0.0411023,0.0379741,0.0361295,0.0325995,0.0333829,0.030362,0.0291897,0.02959,0.0288959,0.0265374,0.0253392,0.0249065,0.0236197,0.0254845,0.0257417,0.0209169,0.0217267,0.0248935,0.0257462,0.0240578,0.0265705,0.025412,0.0270648,0.0255287,0.0216473,2.05448,5.44e+00,3.76001e-05,0.00254008,0.00105747
clsgnat,0.1,20,25,18,,0.0410445,0.0425035,0.0415864,0.0411794,0.0394877,0.0435286,0.0361054,0.0350778,0.0319002,0.031611,0.0323216,0.0329283,0.0296068,0.031922,0.0309182,0.028107,0.0270407,0.033151,0.0323625,0.0303659,0.0339616,0.0349183,0.0336872,0.0289357,0.0261157,1.60726,5.90e+00,0.000565805,0.0218285,0.00773392
sopt,0.1,20,25,20,,0.12031,0.223127,0.238282,0.233719,0.23637,0.257964,0.232028,0.237549,0.17615,0.15365,0.139967,0.186203,0.166678,0.185679,0.173863,0.124321,0.133408,0.19658,0.174333,0.187169,0.187586,0.190806,0.205034,0.18327,0.148634,,8.05e-01,0.106307,66.9392,2.2545
clssopt,0.1,20,25,20,,0.121467,0.232289,0.245776,0.237008,0.243706,0.273559,0.232232,0.240921,0.175708,0.164835,0.139354,0.190529,0.173791,0.194918,0.168173,0.129071,0.140494,0.19921,0.176646,0.198302,0.19202,0.191886,0.20997,0.188185,0.153257,,7.87e-01,0.106107,66.8573,2.25563
qdeim,0.1,20,25,20,,0.0818543,0.129932,0.129007,0.131047,0.140451,0.135305,0.129941,0.130834,0.106178,0.0963614,0.0984256,0.105829,0.104244,0.110453,0.102653,0.0979981,0.0868746,0.110739,0.103355,0.105371,0.10751,0.107497,0.115659,0.107794,0.0860249,2.61295,5.65e+00,7.3887e-06,0.000926767,0.000555687
clsqdeim,0.1,20,25,20,,0.085631,0.128528,0.135836,0.137902,0.136093,0.152807,0.135808,0.132995,0.107816,0.0974226,0.0906294,0.109007,0.115648,0.117808,0.109409,0.0878022,0.0907907,0.118761,0.111438,0.112479,0.112245,0.110536,0.124998,0.116153,0.0931938,2.49412,5.53e+00,9.39608e-06,0.00201786,0.000513899
gnat,0.1,20,25,20,,0.0430326,0.0412353,0.0381734,0.0357908,0.0355643,0.0325667,0.0316202,0.0327563,0.0302526,0.0268063,0.0252009,0.0259192,0.0250117,0.0268247,0.026805,0.0227457,0.0230686,0.0258826,0.0268882,0.0250384,0.0276746,0.0262198,0.0290837,0.0273036,0.0232651,2.2902,5.61e+00,1.27138e-05,0.00216006,0.000863452
clsgnat,0.1,20,25,20,,0.0425714,0.0452057,0.0438286,0.0424462,0.0403135,0.0429284,0.0361977,0.0363258,0.0326809,0.0334742,0.0322441,0.033351,0.0303446,0.0324526,0.031466,0.0285452,0.0270399,0.0329971,0.0327608,0.0310331,0.0347441,0.0348289,0.0341391,0.0296414,0.0264686,1.57283,5.54e+00,0.000565805,0.0218285,0.00773392
sopt,0.1,30,17,2,,0.049658,0.17655,0.180079,0.195912,0.192684,0.173317,0.0862406,0.0956227,0.0960978,0.106395,0.0710582,0.0777565,0.108409,0.107287,0.136719,0.121077,0.0794944,,8.53e-01,0.343995,829.954,3.10129
clssopt,0.1,30,17,2,,0.0508384,0.189862,0.180119,0.209071,0.198095,0.181145,0.0911633,0.102682,0.100107,0.112149,0.07721,0.0812533,0.11363,0.115393,0.141383,0.124086,0.0834353,,8.33e-01,0.344032,826.286,3.10093
qdeim,0.1,30,17,2,,0.0576081,0.0496392,0.0508304,0.0501849,0.0525698,0.0467501,0.0321974,0.0356395,0.0330374,0.0363872,0.0300344,0.0298176,0.0363642,0.0356467,0.0448125,0.0365364,0.0301229,2.28279,5.12e+00,6.84346e-06,0.00317481,8.26955e-05
clsqdeim,0.1,30,17,2,,0.0347625,0.0611223,0.064804,0.0610407,0.0616418,0.0565083,0.0379866,0.0422243,0.0417611,0.0429775,0.035059,0.0361406,0.0457279,0.0426916,0.0492577,0.0461166,0.0341989,1.88441,4.81e+00,1.08566e-05,0.00101736,0.00108321
gnat,0.1,30,17,2,,0.0232066,0.0300636,0.0293637,0.0255615,0.0249849,0.0242445,0.0186314,0.0185598,0.0181612,0.0189614,0.0147957,0.0171794,0.018948,0.0189737,0.0206715,0.018456,0.0167578,2.02999,4.97e+00,9.69612e-06,0.00265006,0.000972441
clsgnat,0.1,30,17,2,,0.0256417,0.0362184,0.0386117,0.0354446,0.0343216,0.0327442,0.0230626,0.0252868,0.0229979,0.0238192,0.0208554,0.0216115,0.0244349,0.0260769,0.0252362,0.0241357,0.0205631,1.2902,4.69e+00,0.000565805,0.0218285,0.00773392
sopt,0.1,30,17,4,,0.058009,0.195569,0.199395,0.216934,0.217077,0.195403,0.101525,0.109133,0.109296,0.123254,0.0843094,0.0899825,0.127007,0.123979,0.150473,0.136946,0.0888971,,9.08e-01,0.344069,829.557,3.10078
clssopt,0.1,30,17,4,,0.0605995,0.210023,0.204314,0.226593,0.215646,0.201367,0.10398,0.116367,0.115923,0.126509,0.0886157,0.0945249,0.133444,0.13352,0.158154,0.143382,0.0947395,,8.59e-01,0.344101,826.93,3.10068
qdeim,0.1,30,17,4,,0.0420296,0.0664011,0.0659502,0.074158,0.0713069,0.0630216,0.0417432,0.0542586,0.0486794,0.0535432,0.0393027,0.0393182,0.0495707,0.0546705,0.0595765,0.0487096,0.0411919,4.82771,5.00e+00,7.90805e-06,0.00146863,6.33544e-05
clsqdeim,0.1,30,17,4,,0.0401159,0.076813,0.0776627,0.0750716,0.0772739,0.0728354,0.0469781,0.0518417,0.0516608,0.0537454,0.0435272,0.0444758,0.0553936,0.0535659,0.0602474,0.0556809,0.0427846,2.24716,4.97e+00,1.16103e-05,0.000967533,0.000924642
gnat,0.1,30,17,4,,0.0279214,0.0343782,0.0313241,0.0291431,0.0262065,0.0254783,0.0192968,0.01921,0.0192409,0.019813,0.0160113,0.018051,0.0201675,0.0198173,0.0223004,0.0203492,0.0172051,2.06581,4.95e+00,9.56663e-06,0.00275537,0.000946472
clsgnat,0.1,30,17,4,,0.0381907,0.0402009,0.0429714,0.0379807,0.036007,0.0331476,0.0239578,0.0258002,0.0240469,0.0247775,0.0214018,0.0233851,0.0256637,0.0276307,0.0270345,0.0253288,0.0215118,1.31504,4.81e+00,0.000565805,0.0218285,0.00773392
sopt,0.1,30,17,6,,0.0634145,0.216014,0.217818,0.237324,0.234674,0.211174,0.110157,0.123678,0.121886,0.143664,0.0955498,0.101831,0.142202,0.139485,0.170044,0.152763,0.103053,,8.39e-01,0.344087,829.627,3.10075
clssopt,0.1,30,17,6,,0.0675333,0.229825,0.221448,0.24535,0.242964,0.218498,0.115601,0.128883,0.126992,0.141091,0.0990247,0.107933,0.146006,0.148428,0.174709,0.156196,0.10696,,8.21e-01,0.344067,833.686,3.10054
qdeim,0.1,30,17,6,,0.0451831,0.0806877,0.0786507,0.0809769,0.0840141,0.0776103,0.0519524,0.0588283,0.0516045,0.058705,0.0467141,0.0463482,0.0589556,0.0610751,0.0686637,0.0596359,0.046147,1.86874,4.94e+00,7.5523e-06,0.00211258,5.52293e-05
clsqdeim,0.1,30,17,6,,0.0477706,0.090593,0.0919442,0.0894489,0.0926002,0.0865522,0.0559229,0.0614773,0.0638231,0.0655283,0.051708,0.0533315,0.0653063,0.0633604,0.0723262,0.0669598,0.0515788,2.13044,4.86e+00,1.14951e-05,0.000899585,0.000899843
gnat,0.1,30,17,6,,0.0269277,0.034687,0.0327592,0.0292137,0.0272876,0.0273907,0.0204533,0.0203518,0.021049,0.021118,0.017233,0.0195115,0.0219171,0.0206448,0.0231739,0.0206688,0.0182887,2.35665,4.99e+00,9.12291e-06,0.00203338,0.00101599
clsgnat,0.1,30,17,6,,0.0290956,0.0405645,0.0457783,0.039968,0.0367383,0.0349991,0.0249324,0.0278139,0.0255624,0.0262741,0.0225662,0.024481,0.026624,0.0289407,0.0283319,0.027098,0.0224985,1.34061,5.20e+00,0.000565805,0.0218285,0.00773392
sopt,0.1,30,17,8,,0.0726601,0.237451,0.236667,0.26251,0.259643,0.231471,0.126544,0.142287,0.136053,0.152935,0.109231,0.116286,0.159902,0.151701,0.183431,0.166496,0.114213,,8.40e-01,0.344138,828.809,3.10044
clssopt,0.1,30,17,8,,0.075358,0.247957,0.245467,0.26966,0.261428,0.243888,0.129731,0.14483,0.140772,0.165854,0.11293,0.12214,0.165276,0.163391,0.192981,0.174103,0.116941,,9.15e-01,0.344054,834.028,3.10059
qdeim,0.1,30,17,8,,0.0524331,0.0945644,0.0921108,0.0974074,0.0989367,0.0944083,0.0609746,0.067972,0.060929,0.0706413,0.0559755,0.0552571,0.0721148,0.071484,0.083043,0.0709797,0.0530015,1.98546,4.82e+00,7.25592e-06,0.00249637,7.96056e-05
clsqdeim,0.1,30,17,8,,0.0521295,0.105603,0.106767,0.105753,0.106182,0.100689,0.0656364,0.0736435,0.0740336,0.0778348,0.0649905,0.063786,0.0766619,0.0733669,0.0836782,0.0787679,0.0589979,1.95638,4.83e+00,9.91495e-06,0.000880285,0.000736907
gnat,0.1,30,17,8,,0.0313345,0.0372055,0.0332751,0.0314576,0.0295327,0.0296095,0.0220216,0.0214346,0.0224492,0.0226328,0.0181894,0.0208885,0.022924,0.0222735,0.0249851,0.0219769,0.0189155,1.93843,4.92e+00,9.25005e-06,0.00147155,0.000877266
clsgnat,0.1,30,17,8,,0.0323161,0.0439617,0.0469929,0.0403268,0.0369795,0.0369733,0.0268694,0.028921,0.0260322,0.0269954,0.0242903,0.0245492,0.0286619,0.0306278,0.0318072,0.0287069,0.0251033,1.34171,4.85e+00,0.000565805,0.0218285,0.00773392
sopt,0.1,30,17,10,,0.0784593,0.261066,0.25735,0.285341,0.277632,0.251523,0.136774,0.154398,0.149081,0.168774,0.122608,0.126099,0.176153,0.168299,0.202934,0.186633,0.125473,,8.42e-01,0.344121,835.995,3.10046
clssopt,0.1,30,17,10,,0.0848482,0.268583,0.262202,0.295006,0.280302,0.259663,0.14103,0.15715,0.155165,0.173442,0.12913,0.13096,0.176723,0.176236,0.210044,0.194258,0.127787,,8.31e-01,0.344064,834.259,3.10057
qdeim,0.1,30,17,10,,0.0563211,0.107711,0.105591,0.111124,0.113009,0.117475,0.0738485,0.0783756,0.0708524,0.0826984,0.0649746,0.066547,0.0841803,0.0818065,0.0931618,0.0819116,0.0610875,2.20029,4.79e+00,4.1875e-06,0.00143671,7.8944e-05
clsqdeim,0.1,30,17,10,,0.0575364,0.119175,0.119053,0.119023,0.121037,0.113924,0.075129,0.0842238,0.0898034,0.0891127,0.0695977,0.0718894,0.086914,0.0870507,0.096625,0.088261,0.0675839,2.12813,4.93e+00,7.51024e-06,0.000589322,0.0002073
gnat,0.1,30,17,10,,0.0339721,0.0368941,0.0346881,0.0329245,0.0302917,0.0307594,0.0239593,0.0231095,0.0235725,0.0241744,0.0194148,0.02195,0.0243804,0.0233169,0.0257611,0.024065,0.0207801,1.94297,4.98e+00,9.70491e-06,0.00230079,0.000958573
clsgnat,0.1,30,17,10,,0.0336674,0.0454605,0.0481768,0.0427162,0.0396633,0.0366768,0.0278245,0.0307134,0.0278522,0.0288257,0.0247225,0.0268671,0.0299915,0.0309679,0.0312603,0.0302073,0.0248335,1.51929,4.90e+00,0.000565805,0.0218285,0.00773392
sopt,0.1,30,17,12,,0.0895578,0.283926,0.280657,0.302322,0.299335,0.270897,0.148165,0.170609,0.162149,0.18526,0.13547,0.140138,0.187926,0.186559,0.221653,0.201573,0.13914,,8.23e-01,0.344121,835.833,3.10045
clssopt,0.1,30,17,12,,0.0929892,0.286141,0.283516,0.311314,0.300507,0.283653,0.154253,0.175078,0.168526,0.190067,0.141478,0.146603,0.19233,0.193052,0.224034,0.209982,0.138802,,8.60e-01,0.344071,834.499,3.10055
qdeim,0.1,30,17,12,,0.0615569,0.12147,0.118906,0.126299,0.12795,0.123386,0.0805213,0.0875155,0.080823,0.092964,0.0734095,0.0749713,0.0942744,0.0923152,0.10752,0.0923359,0.0689016,2.00213,4.72e+00,8.06222e-06,0.000995377,0.000113534
clsqdeim,0.1,30,17,12,,0.0639056,0.134086,0.133951,0.134435,0.137932,0.128759,0.0865562,0.092895,0.100318,0.0986785,0.0788855,0.0829211,0.0977175,0.103727,0.109518,0.103624,0.0760306,2.36213,4.89e+00,7.88049e-06,0.000836776,0.000232022
gnat,0.1,30,17,12,,0.0361434,0.0396104,0.0355947,0.0326897,0.0317958,0.0305352,0.0249184,0.0251222,0.0238428,0.0246755,0.0199496,0.0232973,0.0254123,0.0248979,0.0271936,0.0246437,0.0214414,1.89256,4.74e+00,9.92581e-06,0.00244792,0.000966443
clsgnat,0.1,30,17,12,,0.0343001,0.0454732,0.048938,0.0427177,0.0394891,0.0378095,0.0281085,0.0327893,0.0298422,0.0295341,0.0262661,0.0279981,0.0310681,0.0320497,0.0331764,0.0310866,0.025989,1.33214,4.78e+00,0.000565805,0.0218285,0.00773392
sopt,0.1,30,17,14,,0.0985561,0.305727,0.296782,0.32352,0.326069,0.291236,0.160217,0.183307,0.177478,0.199283,0.144294,0.155037,0.204258,0.199148,0.235085,0.219373,0.151542,,8.53e-01,0.344165,835.849,3.10025
clssopt,0.1,30,17,14,,0.101636,0.304928,0.303917,0.335692,0.325213,0.297553,0.166573,0.18801,0.181723,0.201835,0.152921,0.159108,0.208069,0.205443,0.239891,0.225671,0.155253,,8.63e-01,0.344123,834.297,3.10021
qdeim,0.1,30,17,14,,0.0671915,0.136326,0.134115,0.141752,0.142742,0.138521,0.0882831,0.0967211,0.0894213,0.105074,0.0811787,0.0838948,0.106212,0.101371,0.117793,0.104632,0.0786265,2.15981,4.87e+00,7.99928e-06,0.000906312,0.000116747
clsqdeim,0.1,30,17,14,,0.0682,0.150958,0.145972,0.150386,0.152217,0.141893,0.0938797,0.100979,0.110347,0.117348,0.086591,0.0905356,0.107406,0.116821,0.120104,0.109833,0.0843085,2.11014,5.06e+00,9.35335e-06,0.000889517,0.000245389
gnat,0.1,30,17,14,,0.0359594,0.041092,0.0364697,0.0349269,0.0328572,0.0329772,0.0256475,0.0259672,0.0247823,0.0266357,0.0216902,0.0244794,0.0264741,0.0257086,0.0276149,0.0262928,0.0234327,1.9697,4.95e+00,9.65319e-06,0.00205978,0.000901477
clsgnat,0.1,30,17,14,,0.0385595,0.0482602,0.0492556,0.0450147,0.0423645,0.041264,0.0303218,0.03424,0.0306813,0.0306643,0.0268695,0.0290714,0.0335704,0.0332265,0.0333805,0.0325575,0.02723,1.26836,5.03e+00,0.000565805,0.0218285,0.00773392
sopt,0.1,30,17,16,,0.104364,0.318967,0.320207,0.344876,0.339758,0.313239,0.178447,0.201626,0.194272,0.216976,0.163418,0.163842,0.219272,0.218766,0.253777,0.231358,0.160641,,8.55e-01,0.344158,835.491,3.10025
clssopt,0.1,30,17,16,,0.108835,0.326827,0.329245,0.351992,0.34832,0.318963,0.178605,0.204172,0.195486,0.217702,0.162605,0.172749,0.221625,0.220186,0.262245,0.242784,0.164276,,8.76e-01,0.344122,834.11,3.10022
qdeim,0.1,30,17,16,,0.0713852,0.152288,0.14835,0.155954,0.15724,0.153214,0.0978069,0.109125,0.0997318,0.115338,0.0901482,0.0931653,0.115759,0.115244,0.129934,0.115554,0.0865875,2.12267,4.97e+00,7.64678e-06,0.000751174,8.64027e-05
clsqdeim,0.1,30,17,16,,0.075787,0.165103,0.168009,0.166623,0.166267,0.156931,0.101951,0.11167,0.120318,0.133735,0.0956769,0.0997175,0.118933,0.129122,0.133701,0.121152,0.0927208,2.28768,4.72e+00,7.91104e-06,0.00153073,0.000212904
gnat,0.1,30,17,16,,0.0413295,0.0444698,0.0382321,0.0363245,0.0343118,0.0331655,0.02692,0.0274333,0.026983,0.027002,0.0234146,0.0250168,0.0284549,0.0280527,0.0302693,0.0271806,0.0264969,2.08181,4.99e+00,9.63168e-06,0.00205836,0.000895053
clsgnat,0.1,30,17,16,,0.0392189,0.0480243,0.0498131,0.0456014,0.044412,0.0411147,0.0313163,0.0359312,0.0321639,0.0324921,0.0293382,0.0296011,0.0346518,0.0354064,0.0347665,0.0331617,0.0288821,1.36159,4.60e+00,0.000565805,0.0218285,0.00773392
sopt,0.1,30,17,18,,0.110278,0.338179,0.336536,0.366883,0.362227,0.333012,0.187921,0.214105,0.20456,0.231947,0.172299,0.177565,0.233358,0.234162,0.268816,0.250618,0.172124,,8.30e-01,0.344149,835.087,3.10024
clssopt,0.1,30,17,18,,0.113803,0.350939,0.345977,0.373991,0.370488,0.336903,0.194408,0.217818,0.209222,0.232589,0.177742,0.185811,0.24247,0.236107,0.280556,0.254575,0.175277,,9.04e-01,0.344114,833.669,3.10022
qdeim,0.1,30,17,18,,0.0764964,0.164827,0.159967,0.177047,0.173611,0.16627,0.10731,0.122283,0.108043,0.126676,0.101752,0.101611,0.12646,0.12529,0.143018,0.125786,0.093322,2.27338,4.96e+00,7.48184e-06,0.000798692,7.88802e-05
clsqdeim,0.1,30,17,18,,0.080773,0.179564,0.180376,0.179604,0.18028,0.169566,0.111923,0.120952,0.13018,0.146832,0.107048,0.109786,0.128312,0.138178,0.146331,0.134194,0.100719,2.33451,4.98e+00,7.54386e-06,0.000648353,0.000303292
gnat,0.1,30,17,18,,0.0409838,0.0451764,0.0395233,0.037561,0.036526,0.0343463,0.0284687,0.0284982,0.0279378,0.0289274,0.023835,0.0282424,0.0290178,0.0288599,0.0314563,0.0296775,0.0256824,2.1022,4.94e+00,9.61708e-06,0.00201337,0.000883452
clsgnat,0.1,30,17,18,,0.0408206,0.0507493,0.0520041,0.0483636,0.045154,0.042579,0.0342806,0.0375258,0.0330344,0.0337693,0.0314539,0.032389,0.0358519,0.0375155,0.0374136,0.0337841,0.0306259,1.46494,4.93e+00,0.000565805,0.0218285,0.00773392
sopt,0.1,30,17,20,,0.120589,0.360248,0.359938,0.38816,0.391569,0.351289,0.205516,0.227666,0.221824,0.243965,0.182696,0.18805,0.246979,0.245869,0.289651,0.262475,0.184153,,8.72e-01,0.344063,843.654,3.10053
clssopt,0.1,30,17,20,,0.1245,0.370266,0.365388,0.396203,0.388489,0.357794,0.205604,0.232918,0.222551,0.246247,0.190289,0.196938,0.256241,0.250304,0.295895,0.270569,0.193901,,8.21e-01,0.344117,835.812,3.10008
qdeim,0.1,30,17,20,,0.0834296,0.187725,0.174266,0.18692,0.187467,0.182341,0.115432,0.133864,0.119045,0.134868,0.109881,0.109956,0.136276,0.135835,0.153879,0.138575,0.102027,2.42786,4.90e+00,7.58124e-06,0.00221893,6.66771e-05
clsqdeim,0.1,30,17,20,,0.0862476,0.191643,0.195645,0.194652,0.195504,0.183811,0.119748,0.132297,0.141664,0.162104,0.114687,0.121366,0.1404,0.149149,0.157179,0.144932,0.107728,2.29952,5.07e+00,7.57677e-06,0.000491579,0.000200918
gnat,0.1,30,17,20,,0.043282,0.0470486,0.0407273,0.0398075,0.0375816,0.0372562,0.0323236,0.03067,0.0290911,0.0293735,0.0256307,0.0287192,0.0304263,0.0302868,0.0330406,0.0313702,0.0274934,2.13711,5.11e+00,9.60345e-06,0.00212943,0.000884476
clsgnat,0.1,30,17,20,,0.0445471,0.0517112,0.0554171,0.0510471,0.0461862,0.043634,0.0349971,0.0378162,0.034047,0.0363016,0.0323675,0.0321864,0.0381124,0.0384961,0.0383616,0.0364924,0.032504,1.43632,4.70e+00,0.000565805,0.0218285,0.00773392
sopt,0.1,40,13,2,,0.0499086,0.306024,0.31994,0.330513,0.208248,0.12156,0.148481,0.148643,0.0872001,0.146458,0.159779,0.172017,0.0973949,,1.66e+02,0.884118,44.3847,3.39442
clssopt,0.1,40,13,2,,0.0517563,0.307737,0.322864,0.339515,0.21023,0.124128,0.153093,0.150204,0.0925837,0.151462,0.168519,0.174951,0.0997134,,1.21e+02,0.85303,44.5037,3.39119
qdeim,0.1,40,13,2,,0.0344466,0.0645355,0.0658634,0.0660898,0.0532102,0.0379432,0.0422735,0.0425646,0.0388191,0.0480802,0.0514192,0.0488152,0.0341068,1.75834,4.38e+00,8.84078e-06,0.00101907,0.000245958
clsqdeim,0.1,40,13,2,,0.0352745,0.0748715,0.0769109,0.0778189,0.0635361,0.0443224,0.0495099,0.0563767,0.0399946,0.0515886,0.0537735,0.0528712,0.0384554,1.77844,4.42e+00,6.14292e-06,0.000851087,0.000300613
gnat,0.1,40,13,2,,0.0233657,0.0344823,0.0346644,0.0360782,0.0265234,0.0219341,0.0209586,0.0206505,0.018037,0.0214074,0.0229762,0.0218929,0.0171969,1.74048,4.42e+00,3.05214e-05,0.00261552,0.000595361
clsgnat,0.1,40,13,2,,0.0258727,0.0467803,0.0451248,0.0438868,0.0339791,0.0269907,0.0284403,0.0271364,0.0250641,0.0284959,0.0301164,0.0302791,0.0223168,1.25418,4.48e+00,0.000565805,0.0218285,0.00773392
sopt,0.1,40,13,4,,0.0570062,0.327213,0.343539,0.358359,0.230054,0.137947,0.167845,0.167131,0.0997391,0.165254,0.179069,0.191047,0.109855,,1.72e+02,0.886417,43.5962,3.39736
clssopt,0.1,40,13,4,,0.0617782,0.333278,0.356456,0.368862,0.234377,0.141503,0.168437,0.16877,0.103126,0.172858,0.184614,0.195857,0.115353,,2.20e+02,0.853102,36.8062,3.4321
qdeim,0.1,40,13,4,,0.0411819,0.0841444,0.0890688,0.0920087,0.06795,0.0484701,0.0552982,0.0550795,0.0445968,0.0561413,0.0619007,0.0608476,0.0419543,1.95116,4.57e+00,8.57392e-06,0.000906004,0.000235803
clsqdeim,0.1,40,13,4,,0.0415817,0.0959575,0.0973432,0.0981598,0.0826052,0.0563145,0.0623656,0.073832,0.0476118,0.0652598,0.0688503,0.0670653,0.048533,1.90394,4.38e+00,9.27727e-06,0.00102834,0.000401902
gnat,0.1,40,13,4,,0.0261845,0.0343799,0.0353217,0.0359401,0.026699,0.0235985,0.0219396,0.0214754,0.0189084,0.021804,0.0244537,0.0242835,0.0187995,1.783,4.31e+00,3.07497e-05,0.00418455,0.000446205
clsgnat,0.1,40,13,4,,0.029211,0.0480794,0.0457547,0.0456619,0.0352012,0.0289404,0.0298994,0.028141,0.0265504,0.0292753,0.0324149,0.0322531,0.023164,1.29269,4.39e+00,0.000565805,0.0218285,0.00773392
sopt,0.1,40,13,6,,0.0636008,0.356045,0.376782,0.384686,0.251579,0.154278,0.183895,0.181307,0.111526,0.184974,0.199376,0.210323,0.12327,,1.76e+02,0.843587,43.4939,3.39792
clssopt,0.1,40,13,6,,0.0707098,0.35896,0.384747,0.395052,0.25286,0.157686,0.189413,0.190807,0.119152,0.189496,0.208568,0.21542,0.126702,,2.46e+02,0.843149,38.7673,3.42124
qdeim,0.1,40,13,6,,0.0463407,0.104693,0.109577,0.116756,0.0864351,0.06036,0.0678626,0.0676129,0.0545211,0.071125,0.076495,0.0751593,0.0524944,1.98924,4.54e+00,9.08483e-06,0.00223321,0.000296168
clsqdeim,0.1,40,13,6,,0.0472848,0.116018,0.119758,0.1233,0.0985347,0.0675871,0.0768811,0.102006,0.0570969,0.079183,0.0823063,0.0819651,0.0573331,2.01614,4.42e+00,9.24487e-06,0.000957963,0.000529591
gnat,0.1,40,13,6,,0.0274748,0.0377548,0.0373848,0.0371124,0.0279222,0.0247265,0.0228544,0.0226431,0.0199301,0.0236229,0.0268059,0.0264957,0.0201258,1.80518,4.48e+00,2.9769e-05,0.00304977,0.000446074
clsgnat,0.1,40,13,6,,0.0293682,0.0485695,0.0485664,0.0465283,0.0374622,0.0295089,0.0302313,0.0310681,0.0277695,0.0303499,0.0322102,0.0330094,0.0241176,1.24765,4.54e+00,0.000565805,0.0218285,0.00773392
sopt,0.1,40,13,8,,0.0714332,0.379232,0.403634,0.41623,0.27683,0.167304,0.201483,0.200979,0.126702,0.202376,0.21924,0.22844,0.136349,,2.07e+02,0.842244,41.8713,3.40559
clssopt,0.1,40,13,8,,0.0780128,0.388611,0.413637,0.425523,0.279723,0.174406,0.206733,0.208786,0.131432,0.209493,0.223401,0.234411,0.14272,,1.96e+02,0.846282,42.8322,3.40176
qdeim,0.1,40,13,8,,0.0519132,0.123061,0.128814,0.138472,0.101705,0.0706319,0.0813657,0.0837081,0.0650522,0.0839417,0.0873203,0.0892511,0.0618703,2.06978,4.59e+00,8.54723e-06,0.00127055,0.00036694
clsqdeim,0.1,40,13,8,,0.0526427,0.134661,0.138465,0.141185,0.112854,0.0787436,0.090714,0.121365,0.0673463,0.0939161,0.0964301,0.0959522,0.0661265,2.1774,4.59e+00,8.83702e-06,0.0012478,0.000575465
gnat,0.1,40,13,8,,0.0310873,0.0378606,0.0381756,0.0386404,0.0301688,0.0268985,0.0245492,0.0238527,0.0214969,0.0268646,0.0271735,0.0277984,0.0214293,1.88342,4.48e+00,3.09642e-05,0.00316525,0.000454857
clsgnat,0.1,40,13,8,,0.0315592,0.0509078,0.0498161,0.0473128,0.0374167,0.031923,0.0321996,0.031649,0.0284218,0.0306778,0.0341669,0.0334384,0.0255599,4.03536,4.69e+00,0.000565805,0.0218285,0.00773392
sopt,0.1,40,13,10,,0.0806324,0.40694,0.427589,0.441154,0.292526,0.182373,0.220112,0.217756,0.13678,0.222948,0.242583,0.249474,0.152107,,2.07e+02,0.843928,41.9366,3.40503
clssopt,0.1,40,13,10,,0.0845458,0.414195,0.440687,0.451487,0.297273,0.190237,0.221973,0.223502,0.143379,0.228484,0.243605,0.256919,0.157339,,1.83e+02,0.840304,42.6408,3.40279
qdeim,0.1,40,13,10,,0.057947,0.144945,0.150547,0.160071,0.119306,0.0826049,0.0942381,0.0964109,0.0725518,0.0972015,0.102377,0.101852,0.0711173,2.02508,4.49e+00,7.5245e-06,0.000729362,0.000339127
clsqdeim,0.1,40,13,10,,0.0581959,0.154891,0.159567,0.16198,0.127524,0.0899629,0.104032,0.13543,0.0773302,0.104297,0.109971,0.109251,0.07669,2.12949,4.58e+00,1.12067e-05,0.00124217,0.000963164
gnat,0.1,40,13,10,,0.0335908,0.0404,0.0408335,0.0411025,0.0311367,0.027956,0.0250157,0.0248844,0.022092,0.0265816,0.0289913,0.0291835,0.0220507,1.9705,4.87e+00,3.09982e-05,0.00333131,0.00045743
clsgnat,0.1,40,13,10,,0.0340883,0.0509027,0.0502744,0.0510261,0.0396208,0.0324721,0.0341742,0.0320504,0.0293796,0.0318691,0.0347434,0.0349702,0.026814,1.31844,4.43e+00,0.000565805,0.0218285,0.00773392
sopt,0.1,40,13,12,,0.087757,0.431097,0.45586,0.474566,0.319763,0.201797,0.233798,0.236979,0.152714,0.242158,0.25725,0.27155,0.165931,,2.02e+02,0.841506,42.2214,3.40353
clssopt,0.1,40,13,12,,0.0913165,0.46383,0.473386,0.486812,0.321641,0.206034,0.24151,0.242015,0.159495,0.249069,0.264511,0.277048,0.170282,,1.49e+02,0.847577,44.1589,3.39525
qdeim,0.1,40,13,12,,0.0628831,0.164766,0.170846,0.180354,0.135124,0.0962144,0.105567,0.107431,0.0808052,0.11223,0.115629,0.118221,0.0799316,2.19427,4.54e+00,8.11701e-06,0.000623131,0.000341188
clsqdeim,0.1,40,13,12,,0.0639651,0.17276,0.18074,0.182761,0.146253,0.102126,0.120388,0.150624,0.0856245,0.116984,0.124834,0.123263,0.0855479,2.14183,4.44e+00,3.43779e-06,0.00115091,0.000485123
gnat,0.1,40,13,12,,0.0362073,0.040284,0.0411432,0.0407521,0.032515,0.0284822,0.0271134,0.0268562,0.0237174,0.0277624,0.0291685,0.0300178,0.023727,1.83625,4.48e+00,3.09347e-05,0.00377939,0.000473091
clsgnat,0.1,40,13,12,,0.0347099,0.0517656,0.0528374,0.0506595,0.0406947,0.0335143,0.0343964,0.0342046,0.0323464,0.033875,0.0365774,0.0355948,0.028004,1.20506,4.33e+00,0.000565805,0.0218285,0.00773392
sopt,0.1,40,13,14,,0.101888,0.483514,0.497432,0.522947,0.348638,0.220155,0.256284,0.256978,0.166522,0.273933,0.28154,0.287486,0.183597,,7.03e+02,0.812594,21.1731,3.52163
clssopt,0.1,40,13,14,,0.10089,0.466674,0.499213,0.515081,0.346019,0.223847,0.261628,0.259599,0.170397,0.262607,0.281699,0.297687,0.183859,,1.25e+02,0.838582,44.8654,3.39161
qdeim,0.1,40,13,14,,0.0683105,0.184291,0.192489,0.203527,0.14901,0.111538,0.11908,0.123036,0.0910112,0.125159,0.127895,0.132612,0.0879516,1.99042,4.40e+00,7.74867e-06,0.00144524,0.000347687
clsqdeim,0.1,40,13,14,,0.0681343,0.192596,0.203666,0.203024,0.163547,0.111811,0.134636,0.168158,0.0952951,0.1311,0.138227,0.136147,0.0933058,2.17625,4.50e+00,3.82148e-06,0.000844131,0.000324314
gnat,0.1,40,13,14,,0.0374507,0.0414854,0.042019,0.0420801,0.034031,0.0304438,0.0282967,0.0270617,0.0242374,0.0285412,0.0309089,0.0297656,0.0249599,1.83457,4.51e+00,3.10475e-05,0.00326514,0.000480109
clsgnat,0.1,40,13,14,,0.039402,0.0531884,0.0555366,0.0519406,0.0421992,0.0378438,0.0364185,0.0344656,0.0339665,0.0353123,0.0371614,0.0374484,0.02995,1.32645,4.40e+00,0.000565805,0.0218285,0.00773392
sopt,0.1,40,13,16,,0.104532,0.485673,0.512276,0.55917,0.360231,0.230533,0.273172,0.281115,0.178964,0.275872,0.296953,0.310936,0.19097,,6.72e+02,0.792702,24.6724,3.50055
clssopt,0.1,40,13,16,,0.107415,0.502597,0.526765,0.558499,0.365004,0.239959,0.275502,0.283226,0.18773,0.28587,0.300329,0.316996,0.197521,,1.34e+02,0.838556,44.8227,3.39188
qdeim,0.1,40,13,16,,0.0729803,0.205942,0.212528,0.254979,0.164525,0.128276,0.131601,0.136974,0.103029,0.138451,0.142946,0.149095,0.0975,2.26313,4.57e+00,8.22205e-06,0.0022799,0.000355266
clsqdeim,0.1,40,13,16,,0.0741577,0.21046,0.22246,0.247751,0.18099,0.122629,0.152443,0.182449,0.108389,0.145389,0.150772,0.150209,0.10349,2.28567,4.51e+00,7.8661e-06,0.000803193,0.000408365
gnat,0.1,40,13,16,,0.0402202,0.0443113,0.0434444,0.0768099,0.0348355,0.0324265,0.029706,0.0294429,0.0260523,0.030408,0.0328433,0.0314628,0.0259028,1.82292,4.49e+00,2.99957e-05,0.00308884,0.000476808
clsgnat,0.1,40,13,16,,0.0392274,0.0580187,0.0553888,0.0756626,0.0434067,0.0377381,0.0377819,0.0368076,0.0355662,0.0369876,0.0393158,0.0400172,0.0310529,1.32303,4.34e+00,0.000565805,0.0218285,0.00773392
