method,t,n,ef,xx,vv,ee,q,condV,condE,time,ErrX,ErrV,ErrE
clssopt,0.1,2,0.9999,17,53,13,5,10.922014,204.303745,2.48096,6.30869e-05,0.00602971,0.000668705
sopt,0.1,2,0.9999,17,53,13,5,6.804622,70.484584,2.43885,2.43491e-05,0.00401028,0.000356767
clssopt,0.1,2,0.9999,17,53,13,10,8.830968,93.507205,2.77016,3.95004e-05,0.0050757,0.000419137
sopt,0.1,2,0.9999,17,53,13,10,7.253341,40.447698,2.4745,2.93717e-05,0.00358839,0.000352825
clssopt,0.1,2,0.9999,17,53,13,15,6.535160,79.277131,3.03146,2.8595e-05,0.00496074,0.000295248
sopt,0.1,2,0.9999,17,53,13,15,6.763977,31.658402,2.78521,2.33824e-05,0.00396515,0.000304451
clssopt,0.1,2,0.9999,17,53,13,20,6.109362,49.659645,3.15006,2.48419e-05,0.00448132,0.000300596
sopt,0.1,2,0.9999,17,53,13,20,7.542360,32.808676,2.8949,2.35843e-05,0.0036341,0.000267613
clssopt,0.1,2,0.9999,17,53,13,25,5.984048,63.307223,3.26061,2.33638e-05,0.0042143,0.000304062
sopt,0.1,2,0.9999,17,53,13,25,6.843293,25.422884,3.01438,2.76687e-05,0.00382568,0.000317606
clssopt,0.1,2,0.9999,17,53,13,30,6.409194,43.326798,3.38706,2.49579e-05,0.00401584,0.000317854
sopt,0.1,2,0.9999,17,53,13,30,5.805836,18.214996,3.01769,2.54904e-05,0.00358676,0.000298698
clssopt,0.1,2,0.9999,17,53,13,35,4.986368,49.124850,3.54886,2.38921e-05,0.00360409,0.000303158
sopt,0.1,2,0.9999,17,53,13,35,4.804451,19.573760,3.16188,2.48852e-05,0.00307204,0.000327881
clssopt,0.1,2,0.9999,17,53,13,40,3.960313,37.664997,3.63854,2.34888e-05,0.00381095,0.000303589
sopt,0.1,2,0.9999,17,53,13,40,5.018469,19.717975,3.89362,2.37311e-05,0.00300736,0.000355866
clssopt,0.1,2,0.9999,17,53,13,45,4.591223,35.660995,3.89304,2.48633e-05,0.00392442,0.000319908
sopt,0.1,2,0.9999,17,53,13,45,5.259551,18.077609,3.48204,2.408e-05,0.0030071,0.000363797
clssopt,0.1,2,0.9999,17,53,13,50,4.620328,36.913658,3.74566,2.31878e-05,0.00388885,0.000303386
sopt,0.1,2,0.9999,17,53,13,50,5.088851,15.692825,3.51906,2.35311e-05,0.00299304,0.000355177
clssopt,0.1,2,0.9999,17,53,13,55,4.886440,29.987041,3.77254,2.35441e-05,0.0039099,0.000307416
sopt,0.1,2,0.9999,17,53,13,55,4.889674,14.637972,3.4399,2.3243e-05,0.00304845,0.000368759
clssopt,0.1,2,0.9999,17,53,13,60,4.551876,31.471283,3.79287,2.29602e-05,0.00390879,0.000304092
sopt,0.1,2,0.9999,17,53,13,60,4.835314,13.576540,3.56955,2.30438e-05,0.00309645,0.000369787
clssopt,0.1,2,0.9999,17,53,13,65,4.446153,32.373281,3.78756,2.30078e-05,0.00394599,0.000304579
sopt,0.1,2,0.9999,17,53,13,65,5.563779,15.042630,3.60115,2.25827e-05,0.00311436,0.000356545
clssopt,0.1,2,0.9999,17,53,13,70,4.699990,35.835814,3.77211,2.24828e-05,0.0038137,0.000307368
sopt,0.1,2,0.9999,17,53,13,70,5.055129,16.315122,3.57126,2.33508e-05,0.00321278,0.000345821
clssopt,0.1,2,0.9999,17,53,13,75,4.852358,28.687428,3.77284,2.29714e-05,0.00387963,0.000308756
sopt,0.1,2,0.9999,17,53,13,75,4.465691,15.038569,3.8542,2.34291e-05,0.00322228,0.000330495
clssopt,0.1,2,0.9999,17,53,13,80,4.930909,34.906411,3.874,2.43737e-05,0.00412166,0.000325215
sopt,0.1,2,0.9999,17,53,13,80,4.713361,16.504911,3.85358,2.30286e-05,0.00320191,0.000330093
clssopt,0.1,2,0.9999,17,53,13,85,4.571157,26.565671,3.75473,2.39432e-05,0.00394232,0.000318975
sopt,0.1,2,0.9999,17,53,13,85,4.944853,16.280710,4.0446,2.27028e-05,0.00317571,0.000335713
clssopt,0.1,2,0.9999,17,53,13,90,4.380605,24.192964,3.85152,2.39328e-05,0.00376559,0.000322386
sopt,0.1,2,0.9999,17,53,13,90,4.426553,14.116253,4.06863,2.30949e-05,0.00321652,0.00033604
clssopt,0.1,2,0.9999,17,53,13,95,4.564070,25.642470,4.1691,2.38403e-05,0.0037327,0.000319339
sopt,0.1,2,0.9999,17,53,13,95,5.648111,13.723948,4.15884,2.31581e-05,0.00317968,0.000333244
clssopt,0.1,2,0.9999,17,53,13,100,4.508740,26.353059,4.55219,2.43441e-05,0.00377933,0.000327921
sopt,0.1,2,0.9999,17,53,13,100,4.307470,13.154773,4.23446,2.32833e-05,0.00322566,0.000334744
clssopt,0.1,2,0.9999,17,53,13,105,4.690839,30.145701,4.66039,2.41947e-05,0.00385902,0.000323057
sopt,0.1,2,0.9999,17,53,13,105,5.560276,14.040188,4.35498,2.32399e-05,0.00320893,0.000335077
clssopt,0.1,2,0.9999,17,53,13,110,4.988368,25.145183,4.9092,2.42898e-05,0.00386236,0.000324596
sopt,0.1,2,0.9999,17,53,13,110,5.612694,16.270272,4.72232,2.33783e-05,0.0032031,0.000334727
clssopt,0.1,2,0.9999,17,53,13,115,4.399465,24.882535,5.07187,2.43391e-05,0.00376719,0.000324377
sopt,0.1,2,0.9999,17,53,13,115,5.655213,13.319727,4.73663,2.33063e-05,0.00321245,0.000331985
clssopt,0.1,2,0.9999,17,53,13,120,4.216993,22.569818,5.0088,2.51214e-05,0.00388853,0.000334056
sopt,0.1,2,0.9999,17,53,13,120,5.654163,14.470560,4.93578,2.28136e-05,0.00305616,0.000335497
clsqdeim,0.1,2,0.9999,17,53,13,5,12.729180,82.862610,2.69486,5.83713e-05,0.0061251,0.000659388
qdeim,0.1,2,0.9999,17,53,13,5,13.341079,62.854969,2.70467,2.97991e-05,0.00595996,0.000466845
clsqdeim,0.1,2,0.9999,17,53,13,10,9.763754,85.082494,2.92034,6.75742e-05,0.00657734,0.000834403
qdeim,0.1,2,0.9999,17,53,13,10,7.712783,46.279271,3.05992,3.28583e-05,0.00492169,0.000541229
clsqdeim,0.1,2,0.9999,17,53,13,15,7.217541,73.168658,3.26024,7.62013e-05,0.00666117,0.00115371
qdeim,0.1,2,0.9999,17,53,13,15,6.810073,29.381710,3.16357,2.95364e-05,0.00510269,0.000426228
clsqdeim,0.1,2,0.9999,17,53,13,20,6.232512,40.212994,3.82455,8.39814e-05,0.0075425,0.00128298
qdeim,0.1,2,0.9999,17,53,13,20,5.592010,26.045227,3.4738,2.52635e-05,0.00453201,0.00050127
clsqdeim,0.1,2,0.9999,17,53,13,25,5.489364,41.564688,4.11235,7.71829e-05,0.00742624,0.00109437
qdeim,0.1,2,0.9999,17,53,13,25,5.301438,22.647795,3.66875,2.8952e-05,0.00498487,0.000424198
clsqdeim,0.1,2,0.9999,17,53,13,30,4.691298,40.086887,7.30188,6.8663e-05,0.00629806,0.000846558
qdeim,0.1,2,0.9999,17,53,13,30,5.237932,22.359189,4.34438,2.6363e-05,0.00493578,0.000469795
clsqdeim,0.1,2,0.9999,17,53,13,35,4.911610,45.112447,4.45681,6.84001e-05,0.00663764,0.00082884
qdeim,0.1,2,0.9999,17,53,13,35,4.602841,19.104808,4.44401,2.67936e-05,0.00456247,0.000410474
clsqdeim,0.1,2,0.9999,17,53,13,40,4.262729,28.055469,4.70197,6.1085e-05,0.00621495,0.000686063
qdeim,0.1,2,0.9999,17,53,13,40,3.913654,15.834027,4.7251,2.72373e-05,0.00457543,0.000406719
clsqdeim,0.1,2,0.9999,17,53,13,45,3.968799,38.697805,4.5416,6.15841e-05,0.00624494,0.000692337
qdeim,0.1,2,0.9999,17,53,13,45,3.809248,13.690244,4.47661,2.59066e-05,0.00443966,0.000383137
clsqdeim,0.1,2,0.9999,17,53,13,50,3.805343,30.878402,4.51621,5.78645e-05,0.00612818,0.00061142
qdeim,0.1,2,0.9999,17,53,13,50,3.209914,15.352737,4.44497,2.90651e-05,0.00422396,0.00038907
clsqdeim,0.1,2,0.9999,17,53,13,55,4.080077,29.006156,4.73825,5.80435e-05,0.00633425,0.000620828
qdeim,0.1,2,0.9999,17,53,13,55,3.514145,18.180334,4.42581,3.09596e-05,0.00414071,0.000496397
clsqdeim,0.1,2,0.9999,17,53,13,60,4.038416,29.566368,14.3794,5.76409e-05,0.00637018,0.000605745
qdeim,0.1,2,0.9999,17,53,13,60,3.568850,18.922742,4.44867,2.93338e-05,0.00395402,0.000438698
clsqdeim,0.1,2,0.9999,17,53,13,65,8.122884,23.797552,4.90594,5.71075e-05,0.00607164,0.000608981
qdeim,0.1,2,0.9999,17,53,13,65,4.709249,21.986773,4.41645,2.61439e-05,0.00396624,0.000404675
clsqdeim,0.1,2,0.9999,17,53,13,70,3.727167,20.574609,4.89697,5.28962e-05,0.00544987,0.00050877
qdeim,0.1,2,0.9999,17,53,13,70,3.360802,20.327067,4.40215,2.73695e-05,0.00385506,0.000411375
clsqdeim,0.1,2,0.9999,17,53,13,75,3.483516,24.539252,4.70867,5.41735e-05,0.00517835,0.000848349
qdeim,0.1,2,0.9999,17,53,13,75,3.275121,17.397879,4.37937,2.66879e-05,0.00389214,0.000375673
clsqdeim,0.1,2,0.9999,17,53,13,80,2.792864,28.114445,4.76677,4.44223e-05,0.00509518,0.000575957
qdeim,0.1,2,0.9999,17,53,13,80,3.104107,20.936119,4.48682,2.72831e-05,0.00383364,0.00042654
clsqdeim,0.1,2,0.9999,17,53,13,85,2.634232,27.434238,5.1897,4.31927e-05,0.00506798,0.000629777
qdeim,0.1,2,0.9999,17,53,13,85,3.220409,17.343993,4.49349,2.87325e-05,0.00377938,0.000433497
clsqdeim,0.1,2,0.9999,17,53,13,90,2.920929,23.854888,4.80622,4.13286e-05,0.00470407,0.000471748
qdeim,0.1,2,0.9999,17,53,13,90,2.878334,17.516548,4.46568,2.52048e-05,0.00390059,0.000396102
clsqdeim,0.1,2,0.9999,17,53,13,95,2.975280,26.724286,4.83177,4.23431e-05,0.00464792,0.000554932
qdeim,0.1,2,0.9999,17,53,13,95,3.034295,16.081303,4.41972,2.64094e-05,0.00385398,0.000383188
clsqdeim,0.1,2,0.9999,17,53,13,100,2.654859,24.892460,4.85844,3.86365e-05,0.00444824,0.000569249
qdeim,0.1,2,0.9999,17,53,13,100,3.179799,16.774774,4.39494,2.62035e-05,0.00395521,0.000370149
clsqdeim,0.1,2,0.9999,17,53,13,105,2.696827,26.192727,4.83984,3.88821e-05,0.0044345,0.000573479
qdeim,0.1,2,0.9999,17,53,13,105,3.411824,16.247429,4.42941,2.62355e-05,0.00397536,0.000371093
clsqdeim,0.1,2,0.9999,17,53,13,110,2.562328,26.439654,4.77995,3.77847e-05,0.00438347,0.000547763
qdeim,0.1,2,0.9999,17,53,13,110,3.211233,15.116380,4.4457,2.45349e-05,0.00415554,0.000355473
clsqdeim,0.1,2,0.9999,17,53,13,115,2.740206,23.248618,4.82502,3.94644e-05,0.00442788,0.000493809
qdeim,0.1,2,0.9999,17,53,13,115,2.746250,16.048534,4.49426,2.41292e-05,0.0040399,0.000324293
clsqdeim,0.1,2,0.9999,17,53,13,120,2.919143,25.113069,4.81926,3.59387e-05,0.00428926,0.000510601
qdeim,0.1,2,0.9999,17,53,13,120,3.111382,13.634799,4.39786,2.4532e-05,0.00404556,0.000356679
clssopt,0.1,3,0.99999,17,86,23,5,15.459678,141.151413,3.59806,3.1951e-05,0.00473158,0.000633952
sopt,0.1,3,0.99999,17,86,23,5,24.335560,125.113642,3.61581,3.42909e-05,0.00457403,0.000652638
clssopt,0.1,3,0.99999,17,86,23,10,17.205447,125.631171,3.728,1.90039e-05,0.00246979,0.00088729
sopt,0.1,3,0.99999,17,86,23,10,14.907197,57.742283,3.66083,3.09093e-05,0.00484272,0.000609057
clssopt,0.1,3,0.99999,17,86,23,15,13.536810,74.023978,3.93738,3.13923e-05,0.00432579,0.000629224
sopt,0.1,3,0.99999,17,86,23,15,19.865712,44.670385,5.12063,2.91657e-05,0.0046545,0.000586712
clssopt,0.1,3,0.99999,17,86,23,20,16.077215,79.503795,4.00863,2.84395e-05,0.00387047,0.000551091
sopt,0.1,3,0.99999,17,86,23,20,14.482524,43.918337,4.04514,3.06454e-05,0.0048717,0.000617537
clssopt,0.1,3,0.99999,17,86,23,25,11.167161,74.269514,4.03,2.78246e-05,0.00417666,0.000556858
sopt,0.1,3,0.99999,17,86,23,25,10.128539,40.228882,3.99689,3.06384e-05,0.00502251,0.000621457
clssopt,0.1,3,0.99999,17,86,23,30,11.118766,52.039366,3.97538,2.49713e-05,0.00407177,0.000559507
sopt,0.1,3,0.99999,17,86,23,30,11.141459,35.159813,4.07326,2.16356e-05,0.00176567,0.000905476
clssopt,0.1,3,0.99999,17,86,23,35,10.391842,50.764370,4.14097,2.38333e-05,0.00400541,0.000545545
sopt,0.1,3,0.99999,17,86,23,35,10.371682,29.500130,4.16893,2.10403e-05,0.00176145,0.00084802
clssopt,0.1,3,0.99999,17,86,23,40,8.192284,42.183563,4.21531,2.26266e-05,0.00406467,0.000535896
sopt,0.1,3,0.99999,17,86,23,40,9.296544,24.039035,4.12523,2.07546e-05,0.0025932,0.000767577
clssopt,0.1,3,0.99999,17,86,23,45,8.171623,42.914263,4.27605,2.17418e-05,0.00368534,0.000535524
sopt,0.1,3,0.99999,17,86,23,45,10.701946,24.465448,4.38584,2.2927e-05,0.00246394,0.000842421
clssopt,0.1,3,0.99999,17,86,23,50,7.563691,40.088157,4.4377,2.11818e-05,0.0036195,0.000535145
sopt,0.1,3,0.99999,17,86,23,50,9.038223,25.926330,4.22741,2.04402e-05,0.00319711,0.000878179
clssopt,0.1,3,0.99999,17,86,23,55,7.921767,43.996246,4.34775,1.50794e-05,0.00212343,0.000500825
sopt,0.1,3,0.99999,17,86,23,55,9.794100,20.566582,4.2527,2.06584e-05,0.00227478,0.000912239
clssopt,0.1,3,0.99999,17,86,23,60,6.884837,130.808473,4.07283,2.42436e-05,0.00406331,0.000826212
sopt,0.1,3,0.99999,17,86,23,60,8.383692,19.788580,4.21864,2.19205e-05,0.00258919,0.000796922
clssopt,0.1,3,0.99999,17,86,23,65,7.753835,36.894233,4.2456,1.84918e-05,0.00178917,0.000642321
sopt,0.1,3,0.99999,17,86,23,65,7.528523,18.209157,4.26487,2.22757e-05,0.0032675,0.000780165
clssopt,0.1,3,0.99999,17,86,23,70,7.204241,38.731745,4.15507,2.28824e-05,0.0036495,0.000784281
sopt,0.1,3,0.99999,17,86,23,70,7.847174,18.447460,4.21025,2.22973e-05,0.00242821,0.000769891
clssopt,0.1,3,0.99999,17,86,23,75,6.477713,25.281279,4.14437,2.42981e-05,0.00384466,0.00081811
sopt,0.1,3,0.99999,17,86,23,75,6.970923,16.845267,4.38856,2.30198e-05,0.00223781,0.000830568
clssopt,0.1,3,0.99999,17,86,23,80,7.048738,39.977816,3.96994,2.4886e-05,0.00362442,0.000431046
sopt,0.1,3,0.99999,17,86,23,80,7.831490,13.764762,4.40431,2.08832e-05,0.00214302,0.00118107
clssopt,0.1,3,0.99999,17,86,23,85,6.675440,35.702369,4.40801,1.83782e-05,0.00193927,0.000693398
sopt,0.1,3,0.99999,17,86,23,85,7.507120,18.484428,4.39793,2.0842e-05,0.00217731,0.00118689
clssopt,0.1,3,0.99999,17,86,23,90,6.324632,28.217565,4.0031,2.47613e-05,0.00319243,0.00043546
sopt,0.1,3,0.99999,17,86,23,90,6.493070,17.410053,4.44839,2.23718e-05,0.00294256,0.000842337
clssopt,0.1,3,0.99999,17,86,23,95,6.467436,26.928836,3.95434,2.44301e-05,0.00322733,0.000442178
sopt,0.1,3,0.99999,17,86,23,95,7.097272,21.064103,4.5568,2.20578e-05,0.00295267,0.000827607
clssopt,0.1,3,0.99999,17,86,23,100,6.685827,28.857175,4.18185,2.30151e-05,0.0030241,0.000452501
sopt,0.1,3,0.99999,17,86,23,100,7.773835,17.686571,4.34651,2.21334e-05,0.00307571,0.000825904
clssopt,0.1,3,0.99999,17,86,23,105,8.214087,28.157563,4.21579,2.35837e-05,0.00302147,0.000467834
sopt,0.1,3,0.99999,17,86,23,105,7.779329,16.762591,4.56691,2.17452e-05,0.00304471,0.000836593
clssopt,0.1,3,0.99999,17,86,23,110,7.991410,31.987935,4.19628,2.33091e-05,0.00336841,0.000458386
sopt,0.1,3,0.99999,17,86,23,110,7.441999,18.206278,4.4635,2.11689e-05,0.00192826,0.000773344
clssopt,0.1,3,0.99999,17,86,23,115,9.972485,26.850595,4.28483,2.19613e-05,0.0033601,0.000689802
sopt,0.1,3,0.99999,17,86,23,115,7.413500,14.310872,4.69372,2.01987e-05,0.00217156,0.00085186
clssopt,0.1,3,0.99999,17,86,23,120,7.999508,24.860113,4.45389,1.5195e-05,0.00177089,0.000573977
sopt,0.1,3,0.99999,17,86,23,120,6.802447,13.300192,4.79697,2.00105e-05,0.00178312,0.000829431
clssopt,0.1,4,0.999999,17,125,35,5,43.105776,268.311785,4.42064,5.94295e-06,0.00122866,0.000445835
sopt,0.1,4,0.999999,17,125,35,5,61.677714,286.020654,4.70906,1.5699e-05,0.00221264,0.000628456
clssopt,0.1,4,0.999999,17,125,35,10,31.493998,192.999336,4.36926,9.45356e-06,0.00148653,0.000488141
sopt,0.1,4,0.999999,17,125,35,10,38.261219,102.986454,4.99017,1.45905e-05,0.00175157,0.000529093
clssopt,0.1,4,0.999999,17,125,35,15,24.426661,680.226215,4.36447,1.79568e-05,0.00255714,0.000812889
sopt,0.1,4,0.999999,17,125,35,15,25.671218,78.186336,5.10448,1.81597e-05,0.00141399,0.000536296
clssopt,0.1,4,0.999999,17,125,35,20,20.412550,98.354740,4.42548,1.814e-05,0.00281849,0.000793727
sopt,0.1,4,0.999999,17,125,35,20,24.547392,61.916707,4.96701,8.85211e-06,0.00104328,0.000162906
clssopt,0.1,4,0.999999,17,125,35,25,17.544628,354.122958,4.69082,1.87645e-05,0.00303637,0.00076428
sopt,0.1,4,0.999999,17,125,35,25,20.121874,409.513165,5.37552,1.13454e-05,0.00172784,0.000374307
clssopt,0.1,4,0.999999,17,125,35,30,15.788819,76.768435,4.68065,1.89129e-05,0.00323632,0.000765974
sopt,0.1,4,0.999999,17,125,35,30,14.746956,38.460808,5.41329,1.19291e-05,0.0023334,0.00031034
clssopt,0.1,4,0.999999,17,125,35,35,16.445809,67.771315,4.81717,4.46242e-06,0.00215209,0.000349793
sopt,0.1,4,0.999999,17,125,35,35,20.000623,81.481843,5.45554,7.47762e-06,0.00120247,0.000159261
clssopt,0.1,4,0.999999,17,125,35,40,14.393539,56.691830,4.76198,1.11946e-05,0.00169057,0.000440565
sopt,0.1,4,0.999999,17,125,35,40,15.506930,41.948223,5.50633,2.00604e-05,0.00166713,0.000637425
clssopt,0.1,4,0.999999,17,125,35,45,14.244895,267.694206,5.05864,1.87526e-05,0.00297794,0.00074582
sopt,0.1,4,0.999999,17,125,35,45,15.734373,37.577256,5.5013,1.93645e-05,0.00135988,0.000622347
clssopt,0.1,4,0.999999,17,125,35,50,14.018400,378.884418,5.20523,2.79742e-05,0.00348729,0.000407076
sopt,0.1,4,0.999999,17,125,35,50,13.219382,9064.277953,5.58382,4.90011e-06,0.0011358,0.000296773
clssopt,0.1,4,0.999999,17,125,35,55,13.351025,85.355003,5.36808,2.67009e-05,0.00340637,0.000394237
sopt,0.1,4,0.999999,17,125,35,55,15.973711,37.465617,5.61571,2.83378e-05,0.00421661,0.000377156
clssopt,0.1,4,0.999999,17,125,35,60,12.731571,48.594041,5.2708,5.48521e-06,0.00112984,0.000368107
sopt,0.1,4,0.999999,17,125,35,60,15.243909,26.857007,5.54665,1.74082e-05,0.001489,0.000521189
clssopt,0.1,4,0.999999,17,125,35,65,11.515693,54.530848,5.48443,1.84994e-05,0.00335337,0.000732222
sopt,0.1,4,0.999999,17,125,35,65,13.438685,25.534364,5.74648,2.97231e-05,0.00438222,0.000369228
clssopt,0.1,4,0.999999,17,125,35,70,23.517822,43.711625,5.44597,1.85318e-05,0.00334523,0.000721282
sopt,0.1,4,0.999999,17,125,35,70,12.868671,27.385157,5.72907,2.99426e-05,0.0043582,0.000370619
clssopt,0.1,4,0.999999,17,125,35,75,13.419046,119.741958,5.65904,1.94168e-05,0.00199139,0.000478341
sopt,0.1,4,0.999999,17,125,35,75,12.331354,111.377472,5.73949,2.56043e-05,0.00363741,0.000496396
clssopt,0.1,4,0.999999,17,125,35,80,12.092927,40.900447,5.63921,4.10298e-06,0.000886071,0.000347479
sopt,0.1,4,0.999999,17,125,35,80,11.522594,28.447015,5.67062,4.84182e-06,0.00171959,0.000286352
clssopt,0.1,4,0.999999,17,125,35,85,12.073966,37.091646,5.6205,3.91103e-06,0.0016775,0.000341433
sopt,0.1,4,0.999999,17,125,35,85,10.207840,23.799054,5.79578,4.73421e-06,0.00160037,0.000286297
clssopt,0.1,4,0.999999,17,125,35,90,12.339825,42.794451,5.52607,4.0888e-06,0.00097354,0.000334163
sopt,0.1,4,0.999999,17,125,35,90,11.575285,22.261455,5.69115,7.47121e-06,0.00221471,0.000303036
clssopt,0.1,4,0.999999,17,125,35,95,10.829608,33.500618,5.50711,5.04566e-06,0.00160001,0.000346876
sopt,0.1,4,0.999999,17,125,35,95,10.572978,108.122245,5.7405,7.55708e-06,0.00207442,0.000305073
clssopt,0.1,4,0.999999,17,125,35,100,9.736153,46.705907,5.39544,5.11534e-06,0.00163534,0.00034604
sopt,0.1,4,0.999999,17,125,35,100,11.113983,27.952299,5.64292,5.80916e-06,0.00250004,0.000283963
clssopt,0.1,4,0.999999,17,125,35,105,12.343413,37.915410,5.77631,7.19802e-06,0.0014869,0.000331217
sopt,0.1,4,0.999999,17,125,35,105,20.387724,1492.078354,5.46008,1.9361e-05,0.0015684,0.000535184
clssopt,0.1,4,0.999999,17,125,35,110,9.198978,31.988487,5.74558,3.94726e-06,0.00112844,0.00034103
sopt,0.1,4,0.999999,17,125,35,110,13.199814,16.224725,5.38329,1.93712e-05,0.00153644,0.000532792
clssopt,0.1,4,0.999999,17,125,35,115,12.437134,29.039262,5.8983,3.97882e-06,0.00112816,0.000338127
sopt,0.1,4,0.999999,17,125,35,115,11.735204,15.988185,5.52408,1.96011e-05,0.00161298,0.000527305
clssopt,0.1,4,0.999999,17,125,35,120,9.260874,331.661550,5.90326,6.12682e-06,0.00156362,0.000319332
sopt,0.1,4,0.999999,17,125,35,120,10.545032,15.719672,5.45626,1.94138e-05,0.00154511,0.000529224
clsqdeim,0.1,4,0.999999,17,125,35,5,32.813862,433.488777,,0.00580644,2.76974e+09,1.19488e+18
qdeim,0.1,4,0.999999,17,125,35,5,42.175635,196.526387,4.87966,5.44172e-05,0.00777518,0.000668843
clsqdeim,0.1,4,0.999999,17,125,35,10,27.406581,134.052100,4.73429,0.000219584,0.0450108,0.0068223
qdeim,0.1,4,0.999999,17,125,35,10,28.893241,624.716538,5.11702,6.08335e-05,0.00701211,0.000792079
clsqdeim,0.1,4,0.999999,17,125,35,15,24.325000,117.664459,4.94299,0.000133378,0.0156705,0.00385683
qdeim,0.1,4,0.999999,17,125,35,15,25.941152,174.378964,4.7058,5.69367e-05,0.00616525,0.000606107
clsqdeim,0.1,4,0.999999,17,125,35,20,52.509238,116.792005,4.53678,5.48638e-05,0.0125905,0.00136426
qdeim,0.1,4,0.999999,17,125,35,20,29.619452,165.465636,5.13661,5.67079e-05,0.00633459,0.000823786
clsqdeim,0.1,4,0.999999,17,125,35,25,54.817415,644.839210,4.83347,7.57645e-05,0.0240415,0.00149587
qdeim,0.1,4,0.999999,17,125,35,25,32.984336,1780.637867,4.74549,4.90702e-05,0.00595573,0.000466799
clsqdeim,0.1,4,0.999999,17,125,35,30,42.957033,76.520840,4.49966,6.19688e-05,0.0265192,0.00125036
qdeim,0.1,4,0.999999,17,125,35,30,21.352717,143.732373,5.06719,2.34531e-05,0.00575008,0.00067274
clsqdeim,0.1,4,0.999999,17,125,35,35,64.539404,61.564749,4.60586,5.89837e-05,0.020091,0.00126507
qdeim,0.1,4,0.999999,17,125,35,35,46.719589,102.227301,4.90492,2.24489e-05,0.00352733,0.000560525
clsqdeim,0.1,4,0.999999,17,125,35,40,21.518151,16076.765877,4.5219,4.93065e-05,0.00485269,0.000562526
qdeim,0.1,4,0.999999,17,125,35,40,20.682843,56.066537,5.19838,4.10324e-05,0.00643392,0.000612622
clsqdeim,0.1,4,0.999999,17,125,35,45,22.002249,13369.207934,4.61137,1.93965e-05,0.00209404,0.000620191
qdeim,0.1,4,0.999999,17,125,35,45,20.299076,1039.749218,5.15731,4.1128e-05,0.00610289,0.000647662
clsqdeim,0.1,4,0.999999,17,125,35,50,19.309647,400.069713,5.00788,4.66653e-05,0.00576427,0.000593141
qdeim,0.1,4,0.999999,17,125,35,50,18.355908,514.395893,5.1802,3.76029e-05,0.00597822,0.000700075
clsqdeim,0.1,4,0.999999,17,125,35,55,19.120767,226.751374,4.78689,4.07956e-05,0.00505082,0.000500531
qdeim,0.1,4,0.999999,17,125,35,55,16.008633,99.655890,5.02869,2.33777e-05,0.0029862,0.000394112
clsqdeim,0.1,4,0.999999,17,125,35,60,17.525136,136.164480,4.85049,4.17087e-05,0.00630494,0.000487402
qdeim,0.1,4,0.999999,17,125,35,60,14.433564,82.909091,5.19036,3.42606e-05,0.00593463,0.000467257
clsqdeim,0.1,4,0.999999,17,125,35,65,17.384824,31676.205215,16.2346,2.41032e-05,0.00264796,0.00110348
qdeim,0.1,4,0.999999,17,125,35,65,12.748545,47.581193,5.1431,2.16696e-05,0.00201202,0.000373849
clsqdeim,0.1,4,0.999999,17,125,35,70,22.808976,12208.788457,4.72176,3.8564e-05,0.00598571,0.000510009
qdeim,0.1,4,0.999999,17,125,35,70,22.961191,67.855958,5.2008,2.18246e-05,0.00188446,0.000363316
clsqdeim,0.1,4,0.999999,17,125,35,75,17.060845,29434.163890,4.74362,3.99135e-05,0.00597547,0.000505878
qdeim,0.1,4,0.999999,17,125,35,75,15.163230,13509.123985,5.33503,2.16706e-05,0.0018831,0.000366782
clsqdeim,0.1,4,0.999999,17,125,35,80,17.025810,8245.198129,4.89396,2.91051e-05,0.00229603,0.000953202
qdeim,0.1,4,0.999999,17,125,35,80,12.528075,15442.484480,5.42676,2.15969e-05,0.00196678,0.00037249
clsqdeim,0.1,4,0.999999,17,125,35,85,16.440518,51.607110,4.83508,3.63482e-05,0.00330789,0.000972006
qdeim,0.1,4,0.999999,17,125,35,85,13.332898,62.315527,5.43941,2.13339e-05,0.00191175,0.000361631
clsqdeim,0.1,4,0.999999,17,125,35,90,18.423207,136.718474,5.1276,2.95794e-05,0.00312524,0.000855513
qdeim,0.1,4,0.999999,17,125,35,90,13.626888,14395.831135,5.6905,3.57235e-05,0.00599928,0.000600273
clsqdeim,0.1,4,0.999999,17,125,35,95,17.346801,141.653019,5.0091,6.6081e-06,0.00142444,0.000423294
qdeim,0.1,4,0.999999,17,125,35,95,15.720061,51.645179,5.75566,3.57694e-05,0.00594468,0.000600206
clsqdeim,0.1,4,0.999999,17,125,35,100,15.402312,41769.238036,4.85301,3.03664e-05,0.00283084,0.0008976
qdeim,0.1,4,0.999999,17,125,35,100,14.789213,42.472103,5.70774,1.87336e-05,0.00173792,0.000374821
clsqdeim,0.1,4,0.999999,17,125,35,105,52.358427,125.788578,4.91065,7.52815e-06,0.00201576,0.000416578
qdeim,0.1,4,0.999999,17,125,35,105,161.024080,47.288763,5.6607,3.60497e-05,0.00565988,0.000771072
clsqdeim,0.1,4,0.999999,17,125,35,110,15.496419,32.526056,5.00403,2.67898e-05,0.00443913,0.000685843
qdeim,0.1,4,0.999999,17,125,35,110,13.132827,46.629728,5.77665,3.50839e-05,0.00505147,0.000747731
clsqdeim,0.1,4,0.999999,17,125,35,115,14.896157,133.773822,5.21357,7.12411e-06,0.00122277,0.000404471
qdeim,0.1,4,0.999999,17,125,35,115,13.075844,50.986318,5.56211,2.03825e-05,0.00205561,0.000381229
clsqdeim,0.1,4,0.999999,17,125,35,120,13.020614,111.574475,4.95667,7.98443e-06,0.00191618,0.000402389
qdeim,0.1,4,0.999999,17,125,35,120,12.500864,14481.382730,5.97483,3.61832e-05,0.00517201,0.000734952
clssopt,0.1,5,0.9999999,17,168,49,5,151.344368,834.678122,5.02392,6.86586e-06,0.00126425,0.000213045
sopt,0.1,5,0.9999999,17,168,49,5,59.757624,337.419725,5.35693,1.01783e-05,0.00169297,0.000250055
clssopt,0.1,5,0.9999999,17,168,49,10,68.763894,198.323626,5.3628,1.00903e-05,0.00156467,0.000223376
sopt,0.1,5,0.9999999,17,168,49,10,48.286256,150.496366,5.70605,1.1395e-05,0.00175715,0.000212293
clssopt,0.1,5,0.9999999,17,168,49,15,59.051914,168.413765,5.37672,1.01067e-05,0.0014927,0.00021237
sopt,0.1,5,0.9999999,17,168,49,15,46.042977,111.207632,5.63797,1.07133e-05,0.00164324,0.000214144
clssopt,0.1,5,0.9999999,17,168,49,20,41.211507,139.077297,5.39553,1.01484e-05,0.00149337,0.000231158
sopt,0.1,5,0.9999999,17,168,49,20,34.274959,77.400028,5.96682,1.10736e-05,0.00172745,0.000207063
clssopt,0.1,5,0.9999999,17,168,49,25,45.564884,139.396005,5.73305,1.08265e-05,0.00141006,0.00020819
sopt,0.1,5,0.9999999,17,168,49,25,27.417649,67.088390,6.0375,1.04537e-05,0.00164451,0.000219149
clssopt,0.1,5,0.9999999,17,168,49,30,35.339879,119.209991,5.55132,1.08744e-05,0.00173655,0.000219631
sopt,0.1,5,0.9999999,17,168,49,30,33.946018,53.049817,6.05271,1.03256e-05,0.00162295,0.00021945
clssopt,0.1,5,0.9999999,17,168,49,35,43.510184,1076.405168,5.54268,1.04611e-05,0.00169022,0.000220108
sopt,0.1,5,0.9999999,17,168,49,35,31.110741,48.021134,6.28809,1.08819e-05,0.00171693,0.000209341
clssopt,0.1,5,0.9999999,17,168,49,40,35.403018,99.143698,5.70297,1.07373e-05,0.00171355,0.000218849
sopt,0.1,5,0.9999999,17,168,49,40,28.429023,221.668065,6.55211,1.17219e-05,0.00173151,0.000216902
clssopt,0.1,5,0.9999999,17,168,49,45,28.209281,79.012926,5.82227,1.07476e-05,0.00168932,0.000212712
sopt,0.1,5,0.9999999,17,168,49,45,20.927439,72.806236,6.46606,1.16441e-05,0.00173305,0.000220173
clssopt,0.1,5,0.9999999,17,168,49,50,32.942704,60.911172,6.05639,1.08252e-05,0.00169326,0.000211567
sopt,0.1,5,0.9999999,17,168,49,50,22.981831,51.946767,6.56275,1.16323e-05,0.0017504,0.000216382
clssopt,0.1,5,0.9999999,17,168,49,55,26.331615,70.455293,6.22184,1.70918e-05,0.00290542,0.000495238
sopt,0.1,5,0.9999999,17,168,49,55,23.767311,60.820037,6.63175,1.16413e-05,0.00174504,0.00021538
clssopt,0.1,5,0.9999999,17,168,49,60,25.698806,88.769553,6.36344,1.08178e-05,0.00167284,0.000209526
