method,solver,window,w,t,ef,k,ErrX,ErrV,ErrE,TT2,nqp
EQPglobal,4,80,35,0.8,0.99,2,,0.000276125,0.00376589,0.000618186,3.27491,43,43,80,80,80,80,80,80,80,80,80,80,80,80,80,80,80,80,80,80,80,80,80,80,80,80,80,80,80,80,80,80,80,80,80,80,80,80,80,80,80,80,80,80,80,80,80,80,80,80,80,80,80,80,80,80,80,80,80,80,80,80,80,80,80,80,80,80,82,82,682
EQP,4,80,35,0.8,0.99,2,20,0.00528513,0.26564,0.0211561,2.09637,20,20,20,20,20,20,20,20,20,20,20,20,20,20,20,20,20,20,20,20,20,20,20,20,20,20,20,20,20,20,20,20,20,20,20,20,20,20,20,20,20,20,20,20,20,20,20,20,20,20,20,20,20,20,20,20,20,20,20,20,20,20,20,20,20,20,20,20,20,20,671
EQP,4,80,35,0.8,0.99,2,40,0.00323238,0.117212,0.0181629,2.44966,40,40,40,40,40,40,40,40,40,40,40,40,40,40,40,40,40,40,40,40,40,40,40,40,40,40,40,40,40,40,40,40,40,40,40,40,40,40,40,40,40,40,40,40,40,40,40,40,40,40,40,40,40,40,40,40,40,40,40,40,40,40,40,40,40,40,40,40,40,40,669
EQP,4,80,35,0.8,0.99,2,60,0.000934277,0.044509,0.0117376,2.69597,43,43,60,60,60,60,60,60,60,60,60,60,60,60,60,60,60,60,60,60,60,60,60,60,60,60,60,60,60,60,60,60,60,60,60,60,60,60,60,60,60,60,60,60,60,60,60,60,60,60,60,60,60,60,60,60,60,60,60,60,60,60,60,60,60,60,60,60,60,60,680
EQP,4,80,35,0.8,0.99,2,80,0.00027654,0.00377197,0.000616892,3.37198,43,43,80,80,80,80,80,80,80,80,80,80,80,80,80,80,80,80,80,80,80,80,80,80,80,80,80,80,80,80,80,80,80,80,80,80,80,80,80,80,80,80,80,80,80,80,80,80,80,80,80,80,80,80,80,80,80,80,80,80,80,80,80,80,80,80,80,80,80,80,682
EQP,4,80,35,0.8,0.99,2,100,0.000276125,0.00376589,0.000618186,4.13971,43,43,80,80,80,80,80,80,80,80,80,80,80,80,80,80,80,80,80,80,80,80,80,80,80,80,80,80,80,80,80,80,80,80,80,80,80,80,80,80,80,80,80,80,80,80,80,80,80,80,80,80,80,80,80,80,80,80,80,80,80,80,80,80,80,80,80,80,82,82,682
EQP,4,80,35,0.8,0.99,2,120,0.000276125,0.00376589,0.000618186,3.963,43,43,80,80,80,80,80,80,80,80,80,80,80,80,80,80,80,80,80,80,80,80,80,80,80,80,80,80,80,80,80,80,80,80,80,80,80,80,80,80,80,80,80,80,80,80,80,80,80,80,80,80,80,80,80,80,80,80,80,80,80,80,80,80,80,80,80,80,82,82,682
EQP,4,80,35,0.8,0.99,2,140,0.000276125,0.00376589,0.000618186,3.50502,43,43,80,80,80,80,80,80,80,80,80,80,80,80,80,80,80,80,80,80,80,80,80,80,80,80,80,80,80,80,80,80,80,80,80,80,80,80,80,80,80,80,80,80,80,80,80,80,80,80,80,80,80,80,80,80,80,80,80,80,80,80,80,80,80,80,80,80,82,82,682
EQP,4,80,35,0.8,0.99,2,160,0.000276125,0.00376589,0.000618186,3.26291,43,43,80,80,80,80,80,80,80,80,80,80,80,80,80,80,80,80,80,80,80,80,80,80,80,80,80,80,80,80,80,80,80,80,80,80,80,80,80,80,80,80,80,80,80,80,80,80,80,80,80,80,80,80,80,80,80,80,80,80,80,80,80,80,80,80,80,80,82,82,682
EQP,4,80,35,0.8,0.99,2,180,0.000276125,0.00376589,0.000618186,4.10158,43,43,80,80,80,80,80,80,80,80,80,80,80,80,80,80,80,80,80,80,80,80,80,80,80,80,80,80,80,80,80,80,80,80,80,80,80,80,80,80,80,80,80,80,80,80,80,80,80,80,80,80,80,80,80,80,80,80,80,80,80,80,80,80,80,80,80,80,82,82,682
EQP,4,80,35,0.8,0.99,2,200,0.000276125,0.00376589,0.000618186,3.34644,43,43,80,80,80,80,80,80,80,80,80,80,80,80,80,80,80,80,80,80,80,80,80,80,80,80,80,80,80,80,80,80,80,80,80,80,80,80,80,80,80,80,80,80,80,80,80,80,80,80,80,80,80,80,80,80,80,80,80,80,80,80,80,80,80,80,80,80,82,82,682
EQPglobal,4,80,35,0.8,0.9999,2,,,,,,682
EQP,4,80,35,0.8,0.9999,2,20,0.00983496,0.347546,0.0178248,2.39408,20,20,20,20,20,20,20,20,20,20,20,20,20,20,20,20,20,20,20,20,20,20,20,20,20,20,20,20,20,20,20,20,20,20,20,20,20,20,20,20,20,20,20,20,20,20,20,20,20,20,20,20,20,20,20,20,20,20,20,20,20,20,20,20,20,20,20,20,20,20,639
EQP,4,80,35,0.8,0.9999,2,40,0.0043819,0.146446,0.0063001,3.15106,40,40,40,40,40,40,40,40,40,40,40,40,40,40,40,40,40,40,40,40,40,40,40,40,40,40,40,40,40,40,40,40,40,40,40,40,40,40,40,40,40,40,40,40,40,40,40,40,40,40,40,40,40,40,40,40,40,40,40,40,40,40,40,40,40,40,40,40,40,40,652
EQP,4,80,35,0.8,0.9999,2,60,0.00230213,0.0733207,0.00361803,2.84714,43,43,60,60,60,60,60,60,60,60,60,60,60,60,60,60,60,60,60,60,60,60,60,60,60,60,60,60,60,60,60,60,60,60,60,60,60,60,60,60,60,60,60,60,60,60,60,60,60,60,60,60,60,60,60,60,60,60,60,60,60,60,60,60,60,60,60,60,60,60,663
EQP,4,80,35,0.8,0.9999,2,80,0.000838545,0.017259,0.00544139,3.36812,43,43,80,80,80,80,80,80,80,80,80,80,80,80,80,80,80,80,80,80,80,80,80,80,80,80,80,80,80,80,80,80,80,80,80,80,80,80,80,80,80,80,80,80,80,80,80,80,80,80,80,80,80,80,80,80,80,80,80,80,80,80,80,80,80,80,80,80,80,80,669
EQP,4,80,35,0.8,0.9999,2,100,0.000693718,0.011867,0.00517274,3.50967,43,43,80,80,80,80,80,80,80,80,80,80,80,80,80,80,80,80,80,80,80,80,80,80,80,80,80,80,80,80,80,80,80,80,80,80,80,80,80,80,80,80,80,80,80,80,80,80,80,80,80,100,80,100,100,100,100,100,100,100,100,100,100,100,100,100,100,100,100,100,672
EQP,4,80,35,0.8,0.9999,2,120,3.93324e-05,0.000763108,0.00321976,3.57758,43,43,80,80,80,80,80,80,80,80,80,80,80,80,80,80,80,80,80,80,80,80,80,80,80,80,80,80,80,80,80,80,80,80,80,80,80,80,80,80,80,80,80,80,80,80,80,80,80,80,80,120,80,120,120,120,120,120,120,120,120,120,120,120,120,120,120,120,120,120,684
EQP,4,80,35,0.8,0.9999,2,140,0.000181342,0.00273879,9.24558e-06,4.43408,43,43,80,80,80,80,80,80,80,80,80,80,80,80,80,80,80,80,80,80,80,80,80,80,80,80,80,80,80,80,80,80,80,80,80,80,80,80,80,80,80,80,80,80,80,80,80,80,80,80,80,140,80,140,140,140,140,140,140,140,140,140,140,140,140,140,140,140,140,140,686
EQP,4,80,35,0.8,0.9999,2,160,2.26692e-05,0.000518715,0.000107686,3.78804,43,43,80,80,80,80,80,80,80,80,80,80,80,80,80,80,80,80,80,80,80,80,80,80,80,80,80,80,80,80,80,80,80,80,80,80,80,80,80,80,80,80,80,80,80,80,80,80,80,80,80,160,80,160,160,160,160,160,160,160,160,160,160,160,160,160,160,160,160,160,682
EQP,4,80,35,0.8,0.9999,2,180,2.4681e-05,0.000534373,9.75703e-05,3.76376,43,43,80,80,80,80,80,80,80,80,80,80,80,80,80,80,80,80,80,80,80,80,80,80,80,80,80,80,80,80,80,80,80,80,80,80,80,80,80,80,80,80,80,80,80,80,80,80,80,80,80,160,80,160,160,160,160,160,160,160,160,160,160,160,160,160,160,160,164,164,682
EQP,4,80,35,0.8,0.9999,2,200,2.4681e-05,0.000534373,9.75703e-05,4.3025,43,43,80,80,80,80,80,80,80,80,80,80,80,80,80,80,80,80,80,80,80,80,80,80,80,80,80,80,80,80,80,80,80,80,80,80,80,80,80,80,80,80,80,80,80,80,80,80,80,80,80,160,80,160,160,160,160,160,160,160,160,160,160,160,160,160,160,160,164,164,682
