method,solver,window,w,t,ef,k,ErrX,ErrV,ErrE,TT2,nqp
EQPglobal,7,80,36,0.8,0.99,3,,0.000156741,0.00366949,0.00177833,7.15842,20,20,81,81,81,81,81,81,81,81,81,81,81,81,81,81,81,81,81,81,81,81,81,81,81,81,81,81,81,81,81,81,81,81,81,81,81,81,81,81,81,81,81,81,81,81,81,81,81,81,81,81,81,81,81,81,81,81,81,81,81,81,81,81,81,81,81,81,81,81,166,83,1395
EQP,7,80,36,0.8,0.99,3,20,0.00573644,0.170534,0.0227906,3.63049,20,20,20,20,20,20,20,20,20,20,20,20,20,20,20,20,20,20,20,20,20,20,20,20,20,20,20,20,20,20,20,20,20,20,20,20,20,20,20,20,20,20,20,20,20,20,20,20,20,20,20,20,20,20,20,20,20,20,20,20,20,20,20,20,20,20,20,20,20,20,20,20,1207
EQP,7,80,36,0.8,0.99,3,40,0.000871295,0.0122442,0.00789492,6.33971,20,20,40,40,40,40,40,40,40,40,40,40,40,40,40,40,40,40,40,40,40,40,40,40,40,40,40,40,40,40,40,40,40,40,40,40,40,40,40,40,40,40,40,40,40,40,40,40,40,40,40,40,40,40,40,40,40,40,40,40,40,40,40,40,40,40,40,40,40,40,40,40,1302
EQP,7,80,36,0.8,0.99,3,60,0.000981738,0.0428074,0.00251292,7.68153,20,20,60,60,60,60,60,60,60,60,60,60,60,60,60,60,60,60,60,60,60,60,60,60,60,60,60,60,60,60,60,60,60,60,60,60,60,60,60,60,60,60,60,60,60,60,60,60,60,60,60,60,60,60,60,60,60,60,60,60,60,60,60,60,60,60,60,60,60,60,60,60,1392
EQP,7,80,36,0.8,0.99,3,80,3.69406e-05,0.00278989,0.00346785,7.13735,20,20,80,80,80,80,80,80,80,80,80,80,80,80,80,80,80,80,80,80,80,80,80,80,80,80,80,80,80,80,80,80,80,80,80,80,80,80,80,80,80,80,80,80,80,80,80,80,80,80,80,80,80,80,80,80,80,80,80,80,80,80,80,80,80,80,80,80,80,80,80,80,1404
EQP,7,80,36,0.8,0.99,3,100,0.000163422,0.002031,0.000577701,7.6662,20,20,81,81,81,81,81,81,81,81,81,81,81,81,81,81,81,81,81,81,81,81,81,81,81,81,81,81,81,81,81,81,81,81,81,81,81,81,81,81,81,81,81,81,81,81,81,81,81,81,81,81,81,81,81,81,81,81,81,81,81,81,81,81,81,81,81,81,81,81,100,83,1407
EQP,7,80,36,0.8,0.99,3,120,7.10781e-05,0.00174939,0.00335695,9.24513,20,20,81,81,81,81,81,81,81,81,81,81,81,81,81,81,81,81,81,81,81,81,81,81,81,81,81,81,81,81,81,81,81,81,81,81,81,81,81,81,81,81,81,81,81,81,81,81,81,81,81,81,81,81,81,81,81,81,81,81,81,81,81,81,81,81,81,81,81,81,120,83,1403
EQP,7,80,36,0.8,0.99,3,140,7.84749e-06,0.00174085,0.00178357,7.44142,20,20,81,81,81,81,81,81,81,81,81,81,81,81,81,81,81,81,81,81,81,81,81,81,81,81,81,81,81,81,81,81,81,81,81,81,81,81,81,81,81,81,81,81,81,81,81,81,81,81,81,81,81,81,81,81,81,81,81,81,81,81,81,81,81,81,81,81,81,81,140,83,1402
EQP,7,80,36,0.8,0.99,3,160,0.000127158,0.00321131,0.00166321,7.24582,20,20,81,81,81,81,81,81,81,81,81,81,81,81,81,81,81,81,81,81,81,81,81,81,81,81,81,81,81,81,81,81,81,81,81,81,81,81,81,81,81,81,81,81,81,81,81,81,81,81,81,81,81,81,81,81,81,81,81,81,81,81,81,81,81,81,81,81,81,81,160,83,1395
EQP,7,80,36,0.8,0.99,3,180,0.000156741,0.00366949,0.00177833,7.3076,20,20,81,81,81,81,81,81,81,81,81,81,81,81,81,81,81,81,81,81,81,81,81,81,81,81,81,81,81,81,81,81,81,81,81,81,81,81,81,81,81,81,81,81,81,81,81,81,81,81,81,81,81,81,81,81,81,81,81,81,81,81,81,81,81,81,81,81,81,81,166,83,1395
EQP,7,80,36,0.8,0.99,3,200,0.000156741,0.00366949,0.00177833,8.09595,20,20,81,81,81,81,81,81,81,81,81,81,81,81,81,81,81,81,81,81,81,81,81,81,81,81,81,81,81,81,81,81,81,81,81,81,81,81,81,81,81,81,81,81,81,81,81,81,81,81,81,81,81,81,81,81,81,81,81,81,81,81,81,81,81,81,81,81,81,81,166,83,1395
EQPglobal,7,80,36,0.8,0.9999,3,,,,,,1395
EQP,7,80,36,0.8,0.9999,3,20,0.010095,0.26617,0.0595936,3.46197,20,20,20,20,20,20,20,20,20,20,20,20,20,20,20,20,20,20,20,20,20,20,20,20,20,20,20,20,20,20,20,20,20,20,20,20,20,20,20,20,20,20,20,20,20,20,20,20,20,20,20,20,20,20,20,20,20,20,20,20,20,20,20,20,20,20,20,20,20,20,20,20,1175
EQP,7,80,36,0.8,0.9999,3,40,0.00580164,0.110523,0.0430734,5.77177,20,20,40,40,40,40,40,40,40,40,40,40,40,40,40,40,40,40,40,40,40,40,40,40,40,40,40,40,40,40,40,40,40,40,40,40,40,40,40,40,40,40,40,40,40,40,40,40,40,40,40,40,40,40,40,40,40,40,40,40,40,40,40,40,40,40,40,40,40,40,40,40,1322
EQP,7,80,36,0.8,0.9999,3,60,0.00336201,0.0670217,0.0189814,7.121,20,20,60,60,60,60,60,60,60,60,60,60,60,60,60,60,60,60,60,60,60,60,60,60,60,60,60,60,60,60,60,60,60,60,60,60,60,60,60,60,60,60,60,60,60,60,60,60,60,60,60,60,60,60,60,60,60,60,60,60,60,60,60,60,60,60,60,60,60,60,60,60,1459
EQP,7,80,36,0.8,0.9999,3,80,0.00231738,0.0636795,0.00123694,8.26285,20,20,80,80,80,80,80,80,80,80,80,80,80,80,80,80,80,80,80,80,80,80,80,80,80,80,80,80,80,80,80,80,80,80,80,80,80,80,80,80,80,80,80,80,80,80,80,80,80,80,80,80,80,80,80,80,80,80,80,80,80,80,80,80,80,80,80,80,80,80,80,80,1476
EQP,7,80,36,0.8,0.9999,3,100,0.000817815,0.0230512,0.000368565,9.18532,20,20,81,81,81,81,81,81,81,81,81,81,81,81,81,81,81,81,81,81,81,81,81,81,81,81,81,100,81,100,81,100,81,100,81,100,81,100,81,100,100,100,100,100,100,100,100,100,100,100,100,100,100,100,100,100,100,100,100,100,100,100,100,100,100,100,100,100,100,100,100,100,1474
EQP,7,80,36,0.8,0.9999,3,120,0.000494076,0.00493822,0.00704318,8.90434,20,20,81,81,81,81,81,81,81,81,81,81,81,81,81,81,81,81,81,81,81,81,81,81,81,81,81,120,81,120,81,120,81,120,81,120,81,120,81,120,120,120,120,120,120,120,120,120,120,120,120,120,120,120,120,120,120,120,120,120,120,120,120,120,120,120,120,120,120,120,120,120,1482
EQP,7,80,36,0.8,0.9999,3