method,n,energy_frac,rwdim,rrdim,nldim,nsr,time,error
clsSOPT,0,0.9,4,6,6,11,0.292577281,0.01821597038829341
clsQDEIM,0,0.9,4,6,6,11,0.312147242,0.01686246381639052
clsSOPT,0,0.9,4,6,6,16,0.3781208319999999,0.0182159703882934
clsQDEIM,0,0.9,4,6,6,16,0.384094054,0.01720289935470325
clsSOPT,0,0.9,4,6,6,21,0.46035536,0.01821597038829341
clsQDEIM,0,0.9,4,6,6,21,0.4594642839999999,0.01720583092713947
clsSOPT,0,0.9,4,6,6,26,0.528196093,0.0182159703882934
clsQDEIM,0,0.9,4,6,6,26,0.546188659,0.01708722754715625
clsSOPT,0,0.9,4,6,6,31,0.612492359,0.01821597038829341
clsQDEIM,0,0.9,4,6,6,31,0.6178558869999999,0.01704879068757318
clsSOPT,0,0.9,4,6,6,36,0.699560462,0.01821597038829341
clsQDEIM,0,0.9,4,6,6,36,0.702509006,0.01702772113392594
clsSOPT,0,0.9,4,6,6,41,0.7974714709999999,0.0182159703882934
clsQDEIM,0,0.9,4,6,6,41,0.804419333,0.01711776309960874
clsSOPT,0,0.9,4,6,6,46,0.8538141,0.01821597038829341
clsQDEIM,0,0.9,4,6,6,46,0.874556255,0.01729974120153294
clsSOPT,0,0.9,4,6,6,51,0.932255193,0.01821597038829338
clsQDEIM,0,0.9,4,6,6,51,0.951917542,0.0173242128625406
clsSOPT,0,0.9,4,6,6,56,1.021868154,0.01821597038829338
clsQDEIM,0,0.9,4,6,6,56,1.0336264,0.01716083829517318
clsSOPT,0,0.9,4,6,6,61,1.09301289,0.01821597038829338
clsQDEIM,0,0.9,4,6,6,61,1.098530183,0.01716900248994028
clsSOPT,0,0.9,4,6,6,66,1.177787289,0.0182159703882934
clsQDEIM,0,0.9,4,6,6,66,1.14112183,0.01721502964890623
clsSOPT,0,0.9,4,6,6,71,1.265982236,0.0182159703882934
clsQDEIM,0,0.9,4,6,6,71,1.212114469,0.01722008587490759
clsSOPT,0,0.9,4,6,6,76,1.334332869,0.01828290039500376
clsQDEIM,0,0.9,4,6,6,76,1.296220065,0.01703368497651098
clsSOPT,0,0.9,4,6,6,81,1.404029392,0.01802348764642309
clsQDEIM,0,0.9,4,6,6,81,1.37214659,0.01735239615821949
clsSOPT,0,0.9,4,6,6,86,1.469902685,0.01778058426161447
clsQDEIM,0,0.9,4,6,6,86,1.427555058,0.01727212585324881
clsSOPT,0,0.9,4,6,6,91,1.524967877,0.01781432309971162
clsQDEIM,0,0.9,4,6,6,91,1.519110818,0.01727664622073309
clsSOPT,0,0.9,4,6,6,96,1.571650053,0.0177862057747951
clsQDEIM,0,0.9,4,6,6,96,1.597514175,0.0172485861362825
clsSOPT,0,0.9,4,6,6,101,1.647430493,0.0177599897434182
clsQDEIM,0,0.9,4,6,6,101,1.648347574,0.01717977404788307
clsSOPT,0,0.9,4,6,6,106,1.720280203,0.01786365659805662
clsQDEIM,0,0.9,4,6,6,106,1.720315671,0.01728319676740715
clsSOPT,0,0.9,4,6,6,111,1.772956049,0.01787906189110634
clsQDEIM,0,0.9,4,6,6,111,1.787742501,0.01730298633828823
clsSOPT,0,0.9,4,6,6,116,1.843788234,0.01789895642922031
clsQDEIM,0,0.9,4,6,6,116,1.856327147,0.01735204133958241
clsSOPT,0,0.9,4,6,6,121,1.895376159,0.0178857238283692
clsQDEIM,0,0.9,4,6,6,121,1.960362005,0.01735348384721837
clsSOPT,0,0.9,4,6,6,126,1.954569382,0.01789617401836023
clsQDEIM,0,0.9,4,6,6,126,2.026099248,0.01734422931047173
clsSOPT,0,0.9,4,6,6,131,2.022958073,0.01789673270136716
clsQDEIM,0,0.9,4,6,6,131,2.092435084,0.01748962951981731
clsSOPT,0,0.9,4,6,6,136,2.098668119,0.01790136673398874
clsQDEIM,0,0.9,4,6,6,136,2.155262643,0.01763655975617125
clsSOPT,0,0.9,4,6,6,141,2.156125708,0.01792450669826052
clsQDEIM,0,0.9,4,6,6,141,2.227369871,0.01772601977515453
clsSOPT,0,0.9,4,6,6,146,2.245043892,0.01788428179454448
clsQDEIM,0,0.9,4,6,6,146,2.288570556,0.01775387698095024
clsSOPT,0,0.9,4,6,6,151,2.311512484,0.01787776430585376
clsQDEIM,0,0.9,4,6,6,151,2.336964372,0.01783937682560362
clsSOPT,0,0.9,4,6,6,156,2.366324706,0.01791125366420044
clsQDEIM,0,0.9,4,6,6,156,2.420160421,0.01781467157782026
clsSOPT,0,0.9,4,6,6,161,2.419403554,0.01792124170404139
clsQDEIM,0,0.9,4,6,6,161,2.463522759,0.01777343272863178
clsSOPT,0,0.9,4,6,6,166,2.483544623,0.01797088891940471
clsQDEIM,0,0.9,4,6,6,166,2.494258365,0.01773445841763149
clsSOPT,0,0.9,4,6,6,171,2.541927893,0.01794711286973358
clsQDEIM,0,0.9,4,6,6,171,2.531158342,0.01770192421774424
clsSOPT,0,0.9,4,6,6,176,2.585129448,0.0179565280919468
clsQDEIM,0,0.9,4,6,6,176,2.563186061,0.01759461597673515
clsSOPT,0,0.9,4,6,6,181,2.63618577,0.01795674324951943
clsQDEIM,0,0.9,4,6,6,181,2.64440172,0.01767458525969028
clsSOPT,0,0.9,4,6,6,186,2.744135642,0.01795711009703738
clsQDEIM,0,0.9,4,6,6,186,2.729875864,0.0177185158448286
clsSOPT,0,0.9,4,6,6,191,2.792076282,0.0179598177329049
clsQDEIM,0,0.9,4,6,6,191,2.778996434,0.01777910892963597
clsSOPT,0,0.9,4,6,6,196,2.852877928,0.0179792940702636
clsQDEIM,0,0.9,4,6,6,196,2.846163633,0.01779788672059251
clsSOPT,0,0.9,4,6,6,201,2.942763523,0.01798248285532095
clsQDEIM,0,0.9,4,6,6,201,2.900195251,0.0177998095981426
clsSOPT,0,0.9,4,6,6,206,2.993039669,0.01797982890508468
clsQDEIM,0,0.9,4,6,6,206,2.923299554,0.01782012631481733
clsSOPT,0,0.9,4,6,6,211,3.038976824,0.01798010365988284
clsQDEIM,0,0.9,4,6,6,211,2.982108129,0.01782729366246872
clsSOPT,0,0.9,4,6,6,216,3.105726668,0.0179821490865094
clsQDEIM,0,0.9,4,6,6,216,3.034661103,0.01783222941282397
clsSOPT,0,0.9,4,6,6,221,3.185338288,0.01799506852199473
clsQDEIM,0,0.9,4,6,6,221,3.133939798,0.01788307027734735
clsSOPT,0,0.9,4,6,6,226,3.24477053,0.01797954184285452
clsQDEIM,0,0.9,4,6,6,226,3.19526525,0.01787951872252676
clsSOPT,0,0.9,4,6,6,231,3.304580249,0.01798243232476676
clsQDEIM,0,0.9,4,6,6,231,3.268017694,0.01787795342896811
clsSOPT,0,0.9,4,6,6,236,3.368996197,0.01799216140387038
clsQDEIM,0,0.9,4,6,6,236,3.302509998,0.01788147224797078
clsSOPT,0,0.9,4,6,6,241,3.459965375,0.01797222631367034
clsQDEIM,0,0.9,4,6,6,241,3.389615856,0.01788854033156909
clsSOPT,0,0.9,4,6,6,246,3.516109211,0.01797713282567525
clsQDEIM,0,0.9,4,6,6,246,3.445525597,0.01789283001376737
clsSOPT,0,0.9,4,6,6,251,3.562130617,0.01798023638972642
clsQDEIM,0,0.9,4,6,6,251,3.474888509,0.01787631597575098
clsSOPT,0,0.9,4,6,6,256,3.623993352,0.01799383220109413
clsQDEIM,0,0.9,4,6,6,256,3.462476136,0.01787017532194171
clsSOPT,1,0.99,9,11,11,16,0.433915312,0.002848044654257307
clsQDEIM,1,0.99,9,11,11,16,0.445824024,0.003166171762954877
clsSOPT,1,0.99,9,11,11,21,0.5273714660000001,0.002848044654257337
clsQDEIM,1,0.99,9,11,11,21,0.5291843540000001,0.003072292559547908
clsSOPT,1,0.99,9,11,11,26,0.599941876,0.002848044654257336
clsQDEIM,1,0.99,9,11,11,26,0.609430646,0.002856802801906175
clsSOPT,1,0.99,9,11,11,31,0.6795622610000001,0.00284804465425734
clsQDEIM,1,0.99,9,11,11,31,0.7045761620000001,0.002906190254677255
clsSOPT,1,0.99,9,11,11,36,0.742356647,0.00284804465425735
clsQDEIM,1,0.99,9,11,11,36,0.784996638,0.002813325114633538
clsSOPT,1,0.99,9,11,11,41,0.831458778,0.002848044654257314
clsQDEIM,1,0.99,9,11,11,41,0.880248338,0.00278599871126492
clsSOPT,1,0.99,9,11,11,46,0.9309253430000001,0.002848044654257345
clsQDEIM,1,0.99,9,11,11,46,0.959787549,0.002749714019179305
clsSOPT,1,0.99,9,11,11,51,1.011008934,0.00284804465425733
clsQDEIM,1,0.99,9,11,11,51,1.044627065,0.002711365460751445
clsSOPT,1,0.99,9,11,11,56,1.096637641,0.002848044654257334
clsQDEIM,1,0.99,9,11,11,56,1.123164675,0.002739404774832615
clsSOPT,1,0.99,9,11,11,61,1.192008256,0.002848044654257334
clsQDEIM,1,0.99,9,11,11,61,1.199053304,0.002721304165966534
clsSOPT,1,0.99,9,11,11,66,1.244068859,0.002848044654257334
clsQDEIM,1,0.99,9,11,11,66,1.283126869,0.00274816819798022
clsSOPT,1,0.99,9,11,11,71,1.334989016,0.002848044654257334
clsQDEIM,1,0.99,9,11,11,71,1.353203093,0.002758886084980679
clsSOPT,1,0.99,9,11,11,76,1.427843159,0.002848044654257334
clsQDEIM,1,0.99,9,11,11,76,1.440552824,0.002734885784451644
clsSOPT,1,0.99,9,11,11,81,1.51237639,0.002871797333438418
clsQDEIM,1,0.99,9,11,11,81,1.504954578,0.002731190885264213
clsSOPT,1,0.99,9,11,11,86,1.597015669,0.002827514481006218
clsQDEIM,1,0.99,9,11,11,86,1.553555932,0.002734069181892303
clsSOPT,1,0.99,9,11,11,91,1.653799002,0.002734148400874073
clsQDEIM,1,0.99,9,11,11,91,1.588952381,0.002733575419624284
clsSOPT,1,0.99,9,11,11,96,1.700563598,0.002705364050889143
clsQDEIM,1,0.99,9,11,11,96,1.680293845,0.002734482653964429
clsSOPT,1,0.99,9,11,11,101,1.7581945,0.002763076587840484
clsQDEIM,1,0.99,9,11,11,101,1.743536325,0.002740314486875376
clsSOPT,1,0.99,9,11,11,106,1.86957845,0.002760557241288635
clsQDEIM,1,0.99,9,11,11,106,1.80953319,0.002747148767642404
clsSOPT,1,0.99,9,11,11,111,1.903827931,0.002763475820428188
clsQDEIM,1,0.99,9,11,11,111,1.87489377,0.002743093548394161
clsSOPT,1,0.99,9,11,11,116,1.943257367,0.002732567204296363
clsQDEIM,1,0.99,9,11,11,116,1.937995771,0.002748526519112406
clsSOPT,1,0.99,9,11,11,121,1.987399073,0.002730090131110618
clsQDEIM,1,0.99,9,11,11,121,2.015963216,0.002750788394535552
clsSOPT,1,0.99,9,11,11,126,2.016973981,0.002729864208977582
clsQDEIM,1,0.99,9,11,11,126,2.084012959,0.002771945767239107
clsSOPT,1,0.99,9,11,11,131,2.025021902,0.002757735866491251
clsQDEIM,1,0.99,9,11,11,131,2.133284917,0.002796307317491054
clsSOPT,1,0.99,9,11,11,136,2.07265066,0.002762065748131354
clsQDEIM,1,0.99,9,11,11,136,2.198805572,0.002798929628256783
clsSOPT,1,0.99,9,11,11,141,2.11404977,0.002765109255080158
clsQDEIM,1,0.99,9,11,11,141,2.284727406,0.002789170887619102
clsSOPT,1,0.99,9,11,11,146,2.170770718,0.002750274127745458
clsQDEIM,1,0.99,9,11,11,146,2.323660703,0.002792831833752983
clsSOPT,1,0.99,9,11,11,151,2.199208367,0.002748100551739199
clsQDEIM,1,0.99,9,11,11,151,2.409783923,0.002796659972451728
clsSOPT,1,0.99,9,11,11,156,2.240447154,0.002759812386347441
clsQDEIM,1,0.99,9,11,11,156,2.479211973,0.002798736461516891
clsSOPT,1,0.99,9,11,11,161,2.295261639,0.002762455670160356
clsQDEIM,1,0.99,9,11,11,161,2.525617189,0.00278622668741351
clsSOPT,1,0.99,9,11,11,166,2.308700448,0.002762925588371798
clsQDEIM,1,0.99,9,11,11,166,2.609477726,0.002787283161689743
clsSOPT,1,0.99,9,11,11,171,2.359730319,0.00276618801530324
clsQDEIM,1,0.99,9,11,11,171,2.70738594,0.00278603975786647
clsSOPT,1,0.99,9,11,11,176,2.421702407,0.002788654637868009
clsQDEIM,1,0.99,9,11,11,176,2.738718014,0.002775468849710244
clsSOPT,1,0.99,9,11,11,181,2.433481768,0.002787991134696686
clsQDEIM,1,0.99,9,11,11,181,2.814602103,0.002737411350978434
clsSOPT,1,0.99,9,11,11,186,2.466375772,0.002757787626009667
clsQDEIM,1,0.99,9,11,11,186,2.883999083,0.002726714876456379
clsSOPT,1,0.99,9,11,11,191,2.50788478,0.002758287745347193
clsQDEIM,1,0.99,9,11,11,191,2.947791903,0.002712936472192195
clsSOPT,1,0.99,9,11,11,196,2.52486058,0.002751374544890767
clsQDEIM,1,0.99,9,11,11,196,3.033498288,0.002707280365728596
clsSOPT,1,0.99,9,11,11,201,2.561532866,0.002772682680246222
clsQDEIM,1,0.99,9,11,11,201,3.080723794,0.00271144359397666
clsSOPT,1,0.99,9,11,11,206,2.578217778,0.002770848756884218
clsQDEIM,1,0.99,9,11,11,206,3.158313983,0.002711855488190652
clsSOPT,1,0.99,9,11,11,211,2.631696217,0.002789193601962789
clsQDEIM,1,0.99,9,11,11,211,3.220454113,0.002710515740978194
clsSOPT,1,0.99,9,11,11,216,2.68595429,0.002783817339318392
clsQDEIM,1,0.99,9,11,11,216,3.291815552,0.002707572960275086
clsSOPT,1,0.99,9,11,11,221,2.729765789,0.00277516459901423
clsQDEIM,1,0.99,9,11,11,221,3.380498319,0.002704876101141142
clsSOPT,1,0.99,9,11,11,226,2.777978076,0.002772436090665412
clsQDEIM,1,0.99,9,11,11,226,3.437387355,0.002711285993171571
clsSOPT,1,0.99,9,11,11,231,2.821490588,0.002776363399017048
clsQDEIM,1,0.99,9,11,11,231,3.463361977,0.002710302741111254
clsSOPT,1,0.99,9,11,11,236,2.848481938,0.002776362085040941
clsQDEIM,1,0.99,9,11,11,236,3.521255294,0.002711974605873667
clsSOPT,1,0.99,9,11,11,241,2.89202433,0.002778310311716239
clsQDEIM,1,0.99,9,11,11,241,3.578047833,0.002709324938058048
clsSOPT,1,0.99,9,11,11,246,2.921885111,0.002776587492897706
clsQDEIM,1,0.99,9,11,11,246,3.64039658,0.002706499847609982
clsSOPT,1,0.99,9,11,11,251,2.965711374,0.002785505968993329
clsQDEIM,1,0.99,9,11,11,251,3.686257979,0.002709294026121589
clsSOPT,1,0.99,9,11,11,256,3.008527052,0.002783975608973368
clsQDEIM,1,0.99,9,11,11,256,3.748384634,0.002716328488706527
clsSOPT,1,0.99,9,11,11,261,3.037969309,0.002781659834360838
clsQDEIM,1,0.99,9,11,11,261,3.798731583,0.002713072046643798
clsSOPT,2,0.999,14,16,16,21,0.5840803920000001,0.0005804245242924335
clsQDEIM,2,0.999,14,16,16,21,0.603264267,0.0005501273220312784
clsSOPT,2,0.999,14,16,16,26,0.678694752,0.000371528810595533
clsQDEIM,2,0.999,14,16,16,26,0.702433427,0.0006415137199450467
clsSOPT,2,0.999,14,16,16,31,0.761213552,0.0003376373415685299
clsQDEIM,2,0.999,14,16,16,31,0.773539175,0.0005810884367881782
clsSOPT,2,0.999,14,16,16,36,0.8543907630000001,0.0003406008801826374
clsQDEIM,2,0.999,14,16,16,36,0.8610617150000001,0.0004120232609099506
clsSOPT,2,0.999,14,16,16,41,0.929566129,0.0003406008801826502
clsQDEIM,2,0.999,14,16,16,41,1.000925263,0.0003782464368459629
clsSOPT,2,0.999,14,16,16,46,1.019471445,0.0003406008801826526
clsQDEIM,2,0.999,14,16,16,46,1.02482246,0.0004519101911916109
clsSOPT,2,0.999,14,16,16,51,1.072061954,0.0003406008801826555
clsQDEIM,2,0.999,14,16,16,51,1.116949752,0.0004318740402073605
clsSOPT,2,0.999,14,16,16,56,1.131389831,0.0003406008801826511
clsQDEIM,2,0.999,14,16,16,56,1.20527995,0.0003654372997153045
clsSOPT,2,0.999,14,16,16,61,1.207593007,0.000340600880182528
clsQDEIM,2,0.999,14,16,16,61,1.308602312,0.0003677389453863316
clsSOPT,2,0.999,14,16,16,66,1.295586818,0.0003406008801826501
clsQDEIM,2,0.999,14,16,16,66,1.367900206,0.0003716719180459633
clsSOPT,2,0.999,14,16,16,71,1.395061102,0.0003406008801826472
clsQDEIM,2,0.999,14,16,16,71,1.463811395,0.0003589412433907194
clsSOPT,2,0.999,14,16,16,76,1.457651158,0.0003406008801826512
clsQDEIM,2,0.999,14,16,16,76,1.544473967,0.0003526014323072646
clsSOPT,2,0.999,14,16,16,81,1.527461384,0.0003406008801826536
clsQDEIM,2,0.999,14,16,16,81,1.613365498,0.0003558394762088929
clsSOPT,2,0.999,14,16,16,86,1.609849892,0.0003406008801826496
clsQDEIM,2,0.999,14,16,16,86,1.693011056,0.000360067709604903
clsSOPT,2,0.999,14,16,16,91,1.705730766,0.0003406008801826538
clsQDEIM,2,0.999,14,16,16,91,1.760117516,0.0003694017834285476
clsSOPT,2,0.999,14,16,16,96,1.783785019,0.0003406008801826504
clsQDEIM,2,0.999,14,16,16,96,1.837991378,0.0003184774077915178
clsSOPT,2,0.999,14,16,16,101,1.89313058,0.0003392212652921667
clsQDEIM,2,0.999,14,16,16,101,1.906279186,0.0003231765007962369
clsSOPT,2,0.999,14,16,16,106,1.935802584,0.0003638114847572214
clsQDEIM,2,0.999,14,16,16,106,1.981680294,0.0003222800654989226
clsSOPT,2,0.999,14,16,16,111,2.021601984,0.0002808650958965694
clsQDEIM,2,0.999,14,16,16,111,2.048840916,0.0003464131036142795
clsSOPT,2,0.999,14,16,16,116,2.069226677,0.0002780088917904449
clsQDEIM,2,0.999,14,16,16,116,2.100740826,0.0003571922607757036
clsSOPT,2,0.999,14,16,16,121,2.105219943,0.0002873892170923452
clsQDEIM,2,0.999,14,16,16,121,2.208196428,0.0003473466755303309
clsSOPT,2,0.999,14,16,16,126,2.189414921,0.0002830678236243904
clsQDEIM,2,0.999,14,16,16,126,2.206090833,0.0003758752037614437
clsSOPT,2,0.999,14,16,16,131,2.255605651,0.0003127228616296672
clsQDEIM,2,0.999,14,16,16,131,2.267304184,0.0003679097144242034
clsSOPT,2,0.999,14,16,16,136,2.3186418,0.0003144529628553964
clsQDEIM,2,0.999,14,16,16,136,2.328178542,0.0003922650714991311
clsSOPT,2,0.999,14,16,16,141,2.392498108,0.0002867001721015852
clsQDEIM,2,0.999,14,16,16,141,2.371661009,0.0004549005916562913
clsSOPT,2,0.999,14,16,16,146,2.403138098,0.0002890765085363885
clsQDEIM,2,0.999,14,16,16,146,2.416454498,0.0004723560523197098
clsSOPT,2,0.999,14,16,16,151,2.444331906,0.0002898248218687614
clsQDEIM,2,0.999,14,16,16,151,2.44363303,0.0005040391009567745
clsSOPT,2,0.999,14,16,16,156,2.527195375,0.000277780613737781
clsQDEIM,2,0.999,14,16,16,156,2.527756011,0.0005257985747863719
clsSOPT,2,0.999,14,16,16,161,2.54575823,0.0002851628767473916
clsQDEIM,2,0.999,14,16,16,161,2.613299556,0.0005283881276553791
clsSOPT,2,0.999,14,16,16,166,2.574548404,0.0002868635219439867
clsQDEIM,2,0.999,14,16,16,166,2.683875733,0.000540674505258882
clsSOPT,2,0.999,14,16,16,171,2.605456934,0.0002843939466886943
clsQDEIM,2,0.999,14,16,16,171,2.724113667,0.0005560595468157882
clsSOPT,2,0.999,14,16,16,176,2.688560332,0.0002741758386366409
clsQDEIM,2,0.999,14,16,16,176,2.808121578,0.0005798293124419688
clsSOPT,2,0.999,14,16,16,181,2.701155942,0.0002757450221754395
clsQDEIM,2,0.999,14,16,16,181,2.895781484,0.0005941677071000135
clsSOPT,2,0.999,14,16,16,186,2.74635178,0.0002777502424429886
clsQDEIM,2,0.999,14,16,16,186,2.962356036,0.00060464763033462
clsSOPT,2,0.999,14,16,16,191,2.799170886,0.0002716734745009209
clsQDEIM,2,0.999,14,16,16,191,3.030669155,0.0006096807235600091
clsSOPT,2,0.999,14,16,16,196,2.863348746,0.000278409763995657
clsQDEIM,2,0.999,14,16,16,196,3.101242306,0.0005739673776767064
clsSOPT,2,0.999,14,16,16,201,2.896461927,0.0002721985638257393
clsQDEIM,2,0.999,14,16,16,201,3.172372611,0.0005762879495784198
clsSOPT,2,0.999,14,16,16,206,2.920960392,0.0002771184766494905
clsQDEIM,2,0.999,14,16,16,206,3.251367729,0.0005562372659987469
clsSOPT,2,0.999,14,16,16,211,2.960026416,0.0002764729467504504
clsQDEIM,2,0.999,14,16,16,211,3.314935124,0.0005544700849350814
clsSOPT,2,0.999,14,16,16,216,2.996420085,0.0002770875032686096
clsQDEIM,2,0.999,14,16,16,216,3.3779162,0.0005623164216101844
clsSOPT,2,0.999,14,16,16,221,3.023134086,0.0002842640475448484
clsQDEIM,2,0.999,14,16,16,221,3.436575312,0.0005688969979285441
clsSOPT,2,0.999,14,16,16,226,3.047511954,0.0002894963335221534
clsQDEIM,2,0.999,14,16,16,226,3.50599396,0.0005688373908743282
clsSOPT,2,0.999,14,16,16,231,3.09213279,0.0002856712440221989
clsQDEIM,2,0.999,14,16,16,231,3.593656404,0.0005726655060000221
clsSOPT,2,0.999,14,16,16,236,3.158067977,0.0002837922386323905
clsQDEIM,2,0.999,14,16,16,236,3.675049409,0.0005922085136128441
clsSOPT,2,0.999,14,16,16,241,3.184451134,0.0002830617564550312
clsQDEIM,2,0.999,14,16,16,241,3.785019676,0.000594911704954685
clsSOPT,2,0.999,14,16,16,246,3.213329259,0.0002865688597701443
clsQDEIM,2,0.999,14,16,16,246,3.828596001,0.0005760274694280822
clsSOPT,2,0.999,14,16,16,251,3.245646708,0.0002866372180527881
clsQDEIM,2,0.999,14,16,16,251,3.882374145,0.0005683214008719265
clsSOPT,2,0.999,14,16,16,256,3.266984588,0.0002854421564993537
clsQDEIM,2,0.999,14,16,16,256,3.900696097,0.0005596451060337861
clsSOPT,2,0.999,14,16,16,261,3.296857761,0.0002838650425970615
clsQDEIM,2,0.999,14,16,16,261,3.961555717,0.0005708295896761291
clsSOPT,2,0.999,14,16,16,266,3.32405072,0.0002846813894734247
clsQDEIM,2,0.999,14,16,16,266,4.011894908,0.0005518355176913019
clsSOPT,3,0.9999,19,21,21,26,0.7210933,0.0002222106574694626
clsQDEIM,3,0.9999,19,21,21,26,0.766578762,0.000313691957324035
clsSOPT,3,0.9999,19,21,21,31,0.8531300669999999,0.0002826974171610421
clsQDEIM,3,0.9999,19,21,21,31,0.8568565969999999,0.0003675343465899459
clsSOPT,3,0.9999,19,21,21,36,0.903631376,0.0005953240899594829
clsQDEIM,3,0.9999,19,21,21,36,0.928661757,0.0002870993765677835
clsSOPT,3,0.9999,19,21,21,41,0.989261137,0.0003080009315189233
clsQDEIM,3,0.9999,19,21,21,41,1.016984415,0.0004359424605129305
clsSOPT,3,0.9999,19,21,21,46,1.070696059,0.0001112187864121691
clsQDEIM,3,0.9999,19,21,21,46,1.105062645,0.0003735090050113229
clsSOPT,3,0.9999,19,21,21,51,1.140964564,0.0001269971380075026
clsQDEIM,3,0.9999,19,21,21,51,1.186160994,0.0004665097051075327
clsSOPT,3,0.9999,19,21,21,56,1.216816483,8.037338177322275e-05
clsQDEIM,3,0.9999,19,21,21,56,1.285917991,0.0007437464545934925
clsSOPT,3,0.9999,19,21,21,61,1.285626904,7.588762842086084e-05
clsQDEIM,3,0.9999,19,21,21,61,1.3749901,0.0007937915622870676
clsSOPT,3,0.9999,19,21,21,66,1.35957905,8.126285668618211e-05
clsQDEIM,3,0.9999,19,21,21,66,1.461205152,0.001052967471637513
clsSOPT,3,0.9999,19,21,21,71,1.449732493,0.0004946855137111873
clsQDEIM,3,0.9999,19,21,21,71,1.56050451,0.001108070762896756
clsSOPT,3,0.9999,19,21,21,76,1.522914842,0.0004946855137109602
clsQDEIM,3,0.9999,19,21,21,76,1.611089246,0.001182644289087489
clsSOPT,3,0.9999,19,21,21,81,1.588524778,0.0004946855137112024
clsQDEIM,3,0.9999,19,21,21,81,1.714690843,0.001149895504478015
clsSOPT,3,0.9999,19,21,21,86,1.657804749,0.0004946855137111944
clsQDEIM,3,0.9999,19,21,21,86,1.778445629,0.0006702166927664152
clsSOPT,3,0.9999,19,21,21,91,1.71906301,0.000494685513710966
clsQDEIM,3,0.9999,19,21,21,91,1.86881993,0.000939710363554133
clsSOPT,3,0.9999,19,21,21,96,1.792507902,0.0004946855137111945
clsQDEIM,3,0.9999,19,21,21,96,1.938948944,0.001126399687587014
clsSOPT,3,0.9999,19,21,21,101,1.868627629,0.0004946855137109662
clsQDEIM,3,0.9999,19,21,21,101,2.00885664,0.001275427379788643
clsSOPT,3,0.9999,19,21,21,106,1.957194591,0.0004946855137109681
clsQDEIM,3,0.9999,19,21,21,106,2.083368964,0.001349127381457766
clsSOPT,3,0.9999,19,21,21,111,2.036430477,0.0004946855137111986
clsQDEIM,3,0.9999,19,21,21,111,2.165610718,0.001330394659888193
clsSOPT,3,0.9999,19,21,21,116,2.077303432,0.0004946855137109668
clsQDEIM,3,0.9999,19,21,21,116,2.202549893,0.001229964482851474
clsSOPT,3,0.9999,19,21,21,121,2.140820224,0.0004946855137109653
clsQDEIM,3,0.9999,19,21,21,121,2.275786686,0.001158475732650954
clsSOPT,3,0.9999,19,21,21,126,2.236341494,0.0004946855137112024
clsQDEIM,3,0.9999,19,21,21,126,2.348948575,0.001064524917110111
clsSOPT,3,0.9999,19,21,21,131,2.318262328,0.0004946855137111911
clsQDEIM,3,0.9999,19,21,21,131,2.411738441,0.0009481281765823077
clsSOPT,3,0.9999,19,21,21,136,2.397017189,0.0003399008563013787
clsQDEIM,3,0.9999,19,21,21,136,2.490895346,0.0009448039128475783
clsSOPT,3,0.9999,19,21,21,141,2.457948166,0.0001273790133682188
clsQDEIM,3,0.9999,19,21,21,141,2.563113883,0.0009777984875193148
clsSOPT,3,0.9999,19,21,21,146,2.510358336,0.000131065732512875
clsQDEIM,3,0.9999,19,21,21,146,2.622878444,0.0009256964181513461
clsSOPT,3,0.9999,19,21,21,151,2.553872464,8.410880891570315e-05
clsQDEIM,3,0.9999,19,21,21,151,2.702913464,0.0008207024251744175
clsSOPT,3,0.9999,19,21,21,156,2.640382555,7.778374315890407e-05
clsQDEIM,3,0.9999,19,21,21,156,2.784949402,0.0009124190277793016
clsSOPT,3,0.9999,19,21,21,161,2.719925018,0.0002864210723848658
clsQDEIM,3,0.9999,19,21,21,161,2.858279086,0.000863889424515168
clsSOPT,3,0.9999,19,21,21,166,2.752420413,0.0001899332091762661
clsQDEIM,3,0.9999,19,21,21,166,2.88516054,0.0008755709654185408
clsSOPT,3,0.9999,19,21,21,171,2.788209224,0.0001575420939003104
clsQDEIM,3,0.9999,19,21,21,171,2.955917553,0.0008446581786759227
clsSOPT,3,0.9999,19,21,21,176,2.853499744,8.237121731478501e-05
clsQDEIM,3,0.9999,19,21,21,176,3.031584232,0.0007923451978249033
clsSOPT,3,0.9999,19,21,21,181,2.895734512,0.0001044358303589509
clsQDEIM,3,0.9999,19,21,21,181,3.098832764,0.0006236632358198445
clsSOPT,3,0.9999,19,21,21,186,3.000144465,0.0001336834148405771
clsQDEIM,3,0.9999,19,21,21,186,3.192485174,0.0005939660223101172
clsSOPT,3,0.9999,19,21,21,191,3.001853439,0.0002201200476062086
clsQDEIM,3,0.9999,19,21,21,191,3.240489717,0.0003750153381208119
clsSOPT,3,0.9999,19,21,21,196,3.08202567,0.0001656931286298332
clsQDEIM,3,0.9999,19,21,21,196,3.306495406,0.0002722613792270729
clsSOPT,3,0.9999,19,21,21,201,3.128210378,8.741745643224217e-05
clsQDEIM,3,0.9999,19,21,21,201,3.352427934,0.0001946882059963458
clsSOPT,3,0.9999,19,21,21,206,3.161050879,8.935420240181742e-05
clsQDEIM,3,0.9999,19,21,21,206,3.454516179,0.0002263490705687384
clsSOPT,3,0.9999,19,21,21,211,3.186538336,7.901947255416414e-05
clsQDEIM,3,0.9999,19,21,21,211,3.508638776,9.983708737338854e-05
clsSOPT,3,0.9999,19,21,21,216,3.2540149,8.207502116109298e-05
clsQDEIM,3,0.9999,19,21,21,216,3.597101468,9.285479969219727e-05
clsSOPT,3,0.9999,19,21,21,221,3.283974053,0.0001067145212721704
clsQDEIM,3,0.9999,19,21,21,221,3.668294355,9.398018390482109e-05
clsSOPT,3,0.9999,19,21,21,226,3.338571822,0.0001467580519042164
clsQDEIM,3,0.9999,19,21,21,226,3.729550797,0.0001795208853534709
clsSOPT,3,0.9999,19,21,21,231,3.418872871,7.920151818080534e-05
clsQDEIM,3,0.9999,19,21,21,231,3.842282137,0.0001415906782441826
clsSOPT,3,0.9999,19,21,21,236,3.457875488,0.0001050483330544743
clsQDEIM,3,0.9999,19,21,21,236,3.922551084,0.0002086402942385414
clsSOPT,3,0.9999,19,21,21,241,3.515251602,0.000153116933321048
clsQDEIM,3,0.9999,19,21,21,241,3.954087922,0.0002756978066124613
clsSOPT,3,0.9999,19,21,21,246,3.565456914,0.0001117999570271983
clsQDEIM,3,0.9999,19,21,21,246,4.045856323,0.0002310931906155554
clsSOPT,3,0.9999,19,21,21,251,3.603458857,8.929215521247723e-05
clsQDEIM,3,0.9999,19,21,21,251,4.066639475,0.0002654528528923315
clsSOPT,3,0.9999,19,21,21,256,3.614388673,8.905063250740708e-05
clsQDEIM,3,0.9999,19,21,21,256,4.146109585,0.0002894113173906351
clsSOPT,3,0.9999,19,21,21,261,3.627700206,8.280400098133033e-05
clsQDEIM,3,0.9999,19,21,21,261,4.197778837,0.0002863557008082553
clsSOPT,3,0.9999,19,21,21,266,3.691441819,0.0001313306908860246
clsQDEIM,3,0.9999,19,21,21,266,4.239245557,0.0003028116225370704
clsSOPT,3,0.9999,19,21,21,271,3.724395963,0.0001295198214315992
clsQDEIM,3,0.9999,19,21,21,271,4.319150083,0.0003416918170845942
clsSOPT,4,0.99999,24,27,27,32,0.968039283,0.001533551151069714
clsQDEIM,4,0.99999,24,27,27,32,0.946413257,0.01105373717602009
clsSOPT,4,0.99999,24,27,27,37,1.067843618,0.0001187870516491851
clsQDEIM,4,0.99999,24,27,27,37,1.044943062,0.00964227816232386
clsSOPT,4,0.99999,24,27,27,42,1.142461004,0.003362401775600205
clsQDEIM,4,0.99999,24,27,27,42,1.141352032,0.01137992803700077
clsSOPT,4,0.99999,24,27,27,47,1.224008854,0.003908217799159967
clsQDEIM,4,0.99999,24,27,27,47,1.230957986,0.007946310515312286
clsSOPT,4,0.99999,24,27,27,52,1.311901517,0.00204431610437937
clsQDEIM,4,0.99999,24,27,27,52,1.294278869,0.01009108796264588
clsSOPT,4,0.99999,24,27,27,57,1.40338403,0.002390780455022741
clsQDEIM,4,0.99999,24,27,27,57,1.391424047,0.009985673191898855
clsSOPT,4,0.99999,24,27,27,62,1.46297627,0.002721299421371047
clsQDEIM,4,0.99999,24,27,27,62,1.481592485,0.01020415578367915
clsSOPT,4,0.99999,24,27,27,67,1.558953247,0.003428103959566852
clsQDEIM,4,0.99999,24,27,27,67,1.547134601,0.009831788355242435
clsSOPT,4,0.99999,24,27,27,72,1.643323268,0.003190307955304748
clsQDEIM,4,0.99999,24,27,27,72,1.635707599,0.01026690324684395
clsSOPT,4,0.99999,24,27,27,77,1.740454158,0.0001507193605366931
clsQDEIM,4,0.99999,24,27,27,77,1.732388417,0.006898257882541083
clsSOPT,4,0.99999,24,27,27,82,1.787105375,0.0002263572967492134
clsQDEIM,4,0.99999,24,27,27,82,1.818547291,0.006282562629837695
clsSOPT,4,0.99999,24,27,27,87,1.864155526,0.000962377113955482
clsQDEIM,4,0.99999,24,27,27,87,1.88996512,0.006075997118148943
clsSOPT,4,0.99999,24,27,27,92,1.930597364,0.000786083259828102
clsQDEIM,4,0.99999,24,27,27,92,1.956467282,0.005752796056070376
clsSOPT,4,0.99999,24,27,27,97,2.005637287,0.0006312473474607989
clsQDEIM,4,0.99999,24,27,27,97,2.03248635,0.005588901366945731
clsSOPT,4,0.99999,24,27,27,102,2.077791543,0.001160431535032313
clsQDEIM,4,0.99999,24,27,27,102,2.130005483,0.006510397578107671
clsSOPT,4,0.99999,24,27,27,107,2.127164202,0.001111622288834775
clsQDEIM,4,0.99999,24,27,27,107,2.21801038,0.008229493411882578
clsSOPT,4,0.99999,24,27,27,112,2.222350166,0.001173763518314323
clsQDEIM,4,0.99999,24,27,27,112,2.286537034,0.008318103631705053
clsSOPT,4,0.99999,24,27,27,117,2.30644686,0.001523966028594402
clsQDEIM,4,0.99999,24,27,27,117,2.357649956,0.008252872781225808
clsSOPT,4,0.99999,24,27,27,122,2.386554486,0.001297969228768286
clsQDEIM,4,0.99999,24,27,27,122,2.432222504,0.008655215257317541
clsSOPT,4,0.99999,24,27,27,127,2.470556662,0.001297969228768404
clsQDEIM,4,0.99999,24,27,27,127,2.520074927,0.009329483568476744
clsSOPT,4,0.99999,24,27,27,132,2.539996175,0.001297969228767931
clsQDEIM,4,0.99999,24,27,27,132,2.588031161,0.009292811481776733
clsSOPT,4,0.99999,24,27,27,137,2.564218404,0.001297969228768412
clsQDEIM,4,0.99999,24,27,27,137,2.665010912,0.009365731425526701
clsSOPT,4,0.99999,24,27,27,142,2.63316976,0.00129796922876793
clsQDEIM,4,0.99999,24,27,27,142,2.71798731,0.009633692640457794
clsSOPT,4,0.99999,24,27,27,147,2.702253696,0.001297969228768177
clsQDEIM,4,0.99999,24,27,27,147,2.765358735,0.008295835860953969
clsSOPT,4,0.99999,24,27,27,152,2.767024414,0.001297969228768051
clsQDEIM,4,0.99999,24,27,27,152,2.872636786,0.00719514817512924
clsSOPT,4,0.99999,24,27,27,157,2.817480377,0.001297969228767935
clsQDEIM,4,0.99999,24,27,27,157,2.933139367,0.008133897200905928
clsSOPT,4,0.99999,24,27,27,162,2.893326976,0.001297969228768407
clsQDEIM,4,0.99999,24,27,27,162,3.022841751,0.008705897315841727
clsSOPT,4,0.99999,24,27,27,167,2.964082351,0.001297969228768405
clsQDEIM,4,0.99999,24,27,27,167,3.109524779,0.009425817645537717
clsSOPT,4,0.99999,24,27,27,172,3.021800444,0.001297969228768172
clsQDEIM,4,0.99999,24,27,27,172,3.149429315,0.00954859440413898
clsSOPT,4,0.99999,24,27,27,177,3.122005937,0.001297969228768403
clsQDEIM,4,0.99999,24,27,27,177,3.194401423,0.0101088683769368
clsSOPT,4,0.99999,24,27,27,182,3.205319924,0.001297969228767931
clsQDEIM,4,0.99999,24,27,27,182,3.280434684,0.01041515898975271
clsSOPT,4,0.99999,24,27,27,187,3.26508035,0.001218120862775884
clsQDEIM,4,0.99999,24,27,27,187,3.367997871,0.01103675292291138
clsSOPT,4,0.99999,24,27,27,192,3.29284925,0.001621561127208859
clsQDEIM,4,0.99999,24,27,27,192,3.448614097,0.01113640934017098
clsSOPT,4,0.99999,24,27,27,197,3.354933297,0.001170843295678844
clsQDEIM,4,0.99999,24,27,27,197,3.541510252,0.01017673872019207
clsSOPT,4,0.99999,24,27,27,202,3.425608781,0.0007688091938475487
clsQDEIM,4,0.99999,24,27,27,202,3.59265315,0.01034762680764117
clsSOPT,4,0.99999,24,27,27,207,3.491196639,0.0006417792068030486
clsQDEIM,4,0.99999,24,27,27,207,3.666921823,0.009138654588818499
clsSOPT,4,0.99999,24,27,27,212,3.570970224,0.002965774553268463
clsQDEIM,4,0.99999,24,27,27,212,3.739874933,0.0106650568095833
clsSOPT,4,0.99999,24,27,27,217,3.614855939,0.001743895538863165
clsQDEIM,4,0.99999,24,27,27,217,3.795367344,0.01091235328063673
clsSOPT,4,0.99999,24,27,27,222,3.692456167,0.001923605558357312
clsQDEIM,4,0.99999,24,27,27,222,3.86744032,0.004656236209724321
clsSOPT,4,0.99999,24,27,27,227,3.733033545,0.001362388614568844
clsQDEIM,4,0.99999,24,27,27,227,3.954366349,0.005430369847771814
clsSOPT,4,0.99999,24,27,27,232,3.807918849,0.001735212009952454
clsQDEIM,4,0.99999,24,27,27,232,4.055452873,0.006475363008490252
clsSOPT,4,0.99999,24,27,27,237,3.828680545,0.001382391160215601
clsQDEIM,4,0.99999,24,27,27,237,4.123459924,0.00652101003202982
clsSOPT,4,0.99999,24,27,27,242,3.880031305,0.001802115235757342
clsQDEIM,4,0.99999,24,27,27,242,4.200185157,0.007131917254579568
clsSOPT,4,0.99999,24,27,27,247,3.915416562,0.001884948535235605
clsQDEIM,4,0.99999,24,27,27,247,4.232337478,0.007304263211876736
clsSOPT,4,0.99999,24,27,27,252,3.959256342,0.002050771261692291
clsQDEIM,4,0.99999,24,27,27,252,4.272384804,0.008276655194343403
clsSOPT,4,0.99999,24,27,27,257,3.986742182,0.00188900497701774
clsQDEIM,4,0.99999,24,27,27,257,4.353702205,0.008489101252615617
clsSOPT,4,0.99999,24,27,27,262,4.039467336,0.001899984947463902
clsQDEIM,4,0.99999,24,27,27,262,4.420611136,0.009501858979170257
clsSOPT,4,0.99999,24,27,27,267,4.117632232,0.001750154111091144
clsQDEIM,4,0.99999,24,27,27,267,4.539238647,0.01047119157316766
clsSOPT,4,0.99999,24,27,27,272,4.170211045,0.001912129851570097
clsQDEIM,4,0.99999,24,27,27,272,4.613729563,0.01061147030154269
clsSOPT,4,0.99999,24,27,27,277,4.233105957,0.001199387186049794
clsQDEIM,4,0.99999,24,27,27,277,4.704209182,0.01054978771889516
clsSOPT,5,0.999999,29,32,32,37,,
clsQDEIM,5,0.999999,29,32,32,37,1.233147119,0.0009423118253181412
clsSOPT,5,0.999999,29,32,32,42,1.391348976,0.00285879232520696
clsQDEIM,5,0.999999,29,32,32,42,1.272604479,8.673147026401464e-05
clsSOPT,5,0.999999,29,32,32,47,1.40136138,0.001321144741758886
clsQDEIM,5,0.999999,29,32,32,47,,
clsSOPT,5,0.999999,29,32,32,52,1.500464716,0.0003488044937721272
clsQDEIM,5,0.999999,29,32,32,52,1.462841146,0.0004247920409329346
clsSOPT,5,0.999999,29,32,32,57,1.559589515,0.0009013040691739063
clsQDEIM,5,0.999999,29,32,32,57,,
clsSOPT,5,0.999999,29,32,32,62,1.655712508,0.001229957370550904
clsQDEIM,5,0.999999,29,32,32,62,,
clsSOPT,5,0.999999,29,32,32,67,,
clsQDEIM,5,0.999999,29,32,32,67,,
clsSOPT,5,0.999999,29,32,32,72,,
clsQDEIM,5,0.999999,29,32,32,72,,
clsSOPT,5,0.999999,29,32,32,77,,
clsQDEIM,5,0.999999,29,32,32,77,,
clsSOPT,5,0.999999,29,32,32,82,,
clsQDEIM,5,0.999999,29,32,32,82,,
clsSOPT,5,0.999999,29,32,32,87,2.14300234,0.0003083833948620675
clsQDEIM,5,0.999999,29,32,32,87,,
clsSOPT,5,0.999999,29,32,32,92,2.179831082,0.0006245789132595894
clsQDEIM,5,0.999999,29,32,32,92,2.094916,0.04978945804758701
clsSOPT,5,0.999999,29,32,32,97,2.293846216,0.003027880585643334
clsQDEIM,5,0.999999,29,32,32,97,2.214019977,0.0153417186257249
clsSOPT,5,0.999999,29,32,32,102,2.409112131,0.001787884163531507
clsQDEIM,5,0.999999,29,32,32,102,2.258289926,0.01617853594461312
clsSOPT,5,0.999999,29,32,32,107,2.46904954,0.001462908536777313
clsQDEIM,5,0.999999,29,32,32,107,2.339922088,0.01718582704701169
clsSOPT,5,0.999999,29,32,32,112,2.797926868,0.004546481238984958
clsQDEIM,5,0.999999,29,32,32,112,2.457560513,0.0270648202072575
clsSOPT,5,0.999999,29,32,32,117,,
clsQDEIM,5,0.999999,29,32,32,117,2.507975723,0.01733801825610294
clsSOPT,5,0.999999,29,32,32,122,,
clsQDEIM,5,0.999999,29,32,32,122,2.705122112,0.009881381408898821
clsSOPT,5,0.999999,29,32,32,127,,
clsQDEIM,5,0.999999,29,32,32,127,2.786124657,0.03090588113234116
clsSOPT,5,0.999999,29,32,32,132,,
clsQDEIM,5,0.999999,29,32,32,132,,
clsSOPT,5,0.999999,29,32,32,137,,
clsQDEIM,5,0.999999,29,32,32,137,,
clsSOPT,5,0.999999,29,32,32,142,,
clsQDEIM,5,0.999999,29,32,32,142,2.998092828,0.02966087545507528
clsSOPT,5,0.999999,29,32,32,147,,
clsQDEIM,5,0.999999,29,32,32,147,3.072223303,0.02958380993794486
clsSOPT,5,0.999999,29,32,32,152,,
clsQDEIM,5,0.999999,29,32,32,152,3.173791408,0.02024885701024112
clsSOPT,5,0.999999,29,32,32,157,,
clsQDEIM,5,0.999999,29,32,32,157,3.170427305,0.01031640550427592
clsSOPT,5,0.999999,29,32,32,162,,
clsQDEIM,5,0.999999,29,32,32,162,3.341586839,0.05376253121441726
clsSOPT,5,0.999999,29,32,32,167,,
clsQDEIM,5,0.999999,29,32,32,167,3.404901649,0.02324979815198546
clsSOPT,5,0.999999,29,32,32,172,,
clsQDEIM,5,0.999999,29,32,32,172,3.463943963,0.01853442002115854
clsSOPT,5,0.999999,29,32,32,177,,
clsQDEIM,5,0.999999,29,32,32,177,3.551617881,0.01203021937343665
clsSOPT,5,0.999999,29,32,32,182,,
clsQDEIM,5,0.999999,29,32,32,182,3.664876637,0.01826367777592055
clsSOPT,5,0.999999,29,32,32,187,,
clsQDEIM,5,0.999999,29,32,32,187,3.681104755,0.007946901990160429
clsSOPT,5,0.999999,29,32,32,192,,
clsQDEIM,5,0.999999,29,32,32,192,3.753097043,0.008444953165543178
clsSOPT,5,0.999999,29,32,32,197,3.739185858,0.001050349316547735
clsQDEIM,5,0.999999,29,32,32,197,3.86789435,0.01313741323774162
clsSOPT,5,0.999999,29,32,32,202,3.743973038,0.001691025190136273
clsQDEIM,5,0.999999,29,32,32,202,3.944683825,0.01539752424003637
clsSOPT,5,0.999999,29,32,32,207,3.742051866,0.001283162933125236
clsQDEIM,5,0.999999,29,32,32,207,4.020021317,0.01157816696520982
clsSOPT,5,0.999999,29,32,32,212,3.845956074,0.001862280894911967
clsQDEIM,5,0.999999,29,32,32,212,4.055870641,0.01138491106389496
clsSOPT,5,0.999999,29,32,32,217,3.940965116,0.001896891192082058
clsQDEIM,5,0.999999,29,32,32,217,4.067807553,0.01019521644364534
clsSOPT,5,0.999999,29,32,32,222,3.965934262,0.007077677247985113
clsQDEIM,5,0.999999,29,32,32,222,4.100978285,0.008961222697928562
clsSOPT,5,0.999999,29,32,32,227,4.040808067,0.00657272345926534
clsQDEIM,5,0.999999,29,32,32,227,4.103978634,0.002354069016021999
clsSOPT,5,0.999999,29,32,32,232,4.048930821,0.002821687960583212
clsQDEIM,5,0.999999,29,32,32,232,4.172809224,0.002853543459032054
clsSOPT,5,0.999999,29,32,32,237,4.11903234,0.002684018194424188
clsQDEIM,5,0.999999,29,32,32,237,4.140970979,0.00369716840093988
clsSOPT,5,0.999999,29,32,32,242,4.171331133,0.001472765921303388
clsQDEIM,5,0.999999,29,32,32,242,4.215097866,0.004909140053422295
clsSOPT,5,0.999999,29,32,32,247,4.221958664,0.002620075620690084
clsQDEIM,5,0.999999,29,32,32,247,4.31912578,0.005155259769570812
clsSOPT,5,0.999999,29,32,32,252,4.299802861,0.002128420433331398
clsQDEIM,5,0.999999,29,32,32,252,4.298552735,0.005157160391809633
clsSOPT,5,0.999999,29,32,32,257,4.368924351,0.002165217753096049
clsQDEIM,5,0.999999,29,32,32,257,4.389931639,0.004703234939514175
clsSOPT,5,0.999999,29,32,32,262,4.416777276,0.002579342615639004
clsQDEIM,5,0.999999,29,32,32,262,4.580488846,0.005918248184813973
clsSOPT,5,0.999999,29,32,32,267,,
clsQDEIM,5,0.999999,29,32,32,267,4.608980135,0.006926387957081493
clsSOPT,5,0.999999,29,32,32,272,,
clsQDEIM,5,0.999999,29,32,32,272,4.61550103,0.004562699124807809
clsSOPT,5,0.999999,29,32,32,277,,
clsQDEIM,5,0.999999,29,32,32,277,4.670396585,0.0044995202539745
clsSOPT,5,0.999999,29,32,32,282,,
clsQDEIM,5,0.999999,29,32,32,282,4.795254528,0.006765797874669313
clsSOPT,6,1,34,38,37,42,1.671727798,0.02005940222479509
clsQDEIM,6,1,34,38,37,42,1.541665592,0.009039231478462825
clsSOPT,6,1,34,38,37,47,1.656597438,0.002704696874998467
clsQDEIM,6,1,34,38,37,47,1.615885775,0.007144614463489811
clsSOPT,6,1,34,38,37,52,1.780664397,0.00160376694739575
clsQDEIM,6,1,34,38,37,52,1.762411538,0.006376875170815609
clsSOPT,6,1,34,38,37,57,1.816950611,0.0003711757319370055
clsQDEIM,6,1,34,38,37,57,1.806973002,0.006943251428432514
clsSOPT,6,1,34,38,37,62,1.915515987,0.0004875223307443695
clsQDEIM,6,1,34,38,37,62,2.224939518,0.08089442119054881
clsSOPT,6,1,34,38,37,67,2.031292093,0.0006065109715756879
clsQDEIM,6,1,34,38,37,67,,
clsSOPT,6,1,34,38,37,72,2.133316352,0.001599657682706964
clsQDEIM,6,1,34,38,37,72,2.092694739,0.0009435624896200279
clsSOPT,6,1,34,38,37,77,2.251545312,0.0001620650962004524
clsQDEIM,6,1,34,38,37,77,2.136442898,0.002193642992961572
clsSOPT,6,1,34,38,37,82,2.325040283,0.0002391550762378501
clsQDEIM,6,1,34,38,37,82,2.190708943,0.001758120900246156
clsSOPT,6,1,34,38,37,87,2.351320714,0.0009723710934885298
clsQDEIM,6,1,34,38,37,87,2.237215513,0.001014979064648189
clsSOPT,6,1,34,38,37,92,2.577658159,0.0003392602975366882
clsQDEIM,6,1,34,38,37,92,2.343696293,0.001048738163973916
clsSOPT,6,1,34,38,37,97,2.651296134,0.0006835642507767185
clsQDEIM,6,1,34,38,37,97,2.406343968,0.0006015814350242157
clsSOPT,6,1,34,38,37,102,2.663377245,0.001779696999355872
clsQDEIM,6,1,34,38,37,102,2.546552718,0.001205063013241973
clsSOPT,6,1,34,38,37,107,2.695431383,0.001852405976009563
clsQDEIM,6,1,34,38,37,107,2.625809682,0.001169007026136989
clsSOPT,6,1,34,38,37,112,2.773175648,0.002895248942501139
clsQDEIM,6,1,34,38,37,112,2.710431443,0.001057755479935898
clsSOPT,6,1,34,38,37,117,2.841288034,0.001081482962389888
clsQDEIM,6,1,34,38,37,117,2.775548465,0.001293002563162631
clsSOPT,6,1,34,38,37,122,2.911225647,0.001115658216479482
clsQDEIM,6,1,34,38,37,122,2.793684884,0.00127589152937801
clsSOPT,6,1,34,38,37,127,2.959916378,0.001115658216479252
clsQDEIM,6,1,34,38,37,127,2.861069749,0.00113033104462804
clsSOPT,6,1,34,38,37,132,3.008053689,0.001115658216479479
clsQDEIM,6,1,34,38,37,132,2.907998944,0.000887786390940017
clsSOPT,6,1,34,38,37,137,3.03407089,0.001115658216479477
clsQDEIM,6,1,34,38,37,137,3.004171371,0.0009987236374177299
clsSOPT,6,1,34,38,37,142,3.117785391,0.001115658216479477
clsQDEIM,6,1,34,38,37,142,3.059787786,0.001622766805196342
clsSOPT,6,1,34,38,37,147,3.206572023,0.001115658216479706
clsQDEIM,6,1,34,38,37,147,3.146644255,0.001549077010953058
clsSOPT,6,1,34,38,37,152,3.299715473,0.001115658216479707
clsQDEIM,6,1,34,38,37,152,3.250015547,0.001700842001248889
clsSOPT,6,1,34,38,37,157,3.400350666,0.001115658216479491
clsQDEIM,6,1,34,38,37,157,3.329495259,0.003166254717731857
clsSOPT,6,1,34,38,37,162,3.45788011,0.001115658216479483
clsQDEIM,6,1,34,38,37,162,3.415817146,0.002972685152406851
clsSOPT,6,1,34,38,37,167,3.546472003,0.001115658216479481
clsQDEIM,6,1,34,38,37,167,3.468961653,0.002383182523090515
clsSOPT,6,1,34,38,37,172,3.584721066,0.001115658216479483
clsQDEIM,6,1,34,38,37,172,,
clsSOPT,6,1,34,38,37,177,3.662838692,0.001115658216479478
clsQDEIM,6,1,34,38,37,177,,
clsSOPT,6,1,34,38,37,182,3.736065588,0.001115658216479485
clsQDEIM,6,1,34,38,37,182,,
clsSOPT,6,1,34,38,37,187,3.783583465,0.001155666743318345
clsQDEIM,6,1,34,38,37,187,,
clsSOPT,6,1,34,38,37,192,3.880972304,0.0005110017251632091
clsQDEIM,6,1,34,38,37,192,,
clsSOPT,6,1,34,38,37,197,3.962403398,0.0003330240106733893
clsQDEIM,6,1,34,38,37,197,,
clsSOPT,6,1,34,38,37,202,4.015193008,0.001237157502139311
clsQDEIM,6,1,34,38,37,202,4.276412697,0.004076567693862727
clsSOPT,6,1,34,38,37,207,4.089847438,0.0004715602724244813
clsQDEIM,6,1,34,38,37,207,4.296011062,0.008136659057445506
clsSOPT,6,1,34,38,37,212,4.191560133,0.0001761343772674456
clsQDEIM,6,1,34,38,37,212,4.413768603999999,0.009444747267127886
clsSOPT,6,1,34,38,37,217,4.217205438,0.0006017206468230768
clsQDEIM,6,1,34,38,37,217,,
clsSOPT,6,1,34,38,37,222,4.321044364,0.0002666249669209777
clsQDEIM,6,1,34,38,37,222,,
clsSOPT,6,1,34,38,37,227,4.415397995,4.330461291990381e-05
clsQDEIM,6,1,34,38,37,227,,
clsSOPT,6,1,34,38,37,232,4.447932864,0.001070339219343384
clsQDEIM,6,1,34,38,37,232,,
clsSOPT,6,1,34,38,37,237,4.491535334,0.0008722977714729148
clsQDEIM,6,1,34,38,37,237,,
clsSOPT,6,1,34,38,37,242,4.567999112,0.001020102558248157
clsQDEIM,6,1,34,38,37,242,,
clsSOPT,6,1,34,38,37,247,4.697061425,0.001404712270894645
clsQDEIM,6,1,34,38,37,247,,
clsSOPT,6,1,34,38,37,252,4.749057897,0.001481313620424699
clsQDEIM,6,1,34,38,37,252,,
clsSOPT,6,1,34,38,37,257,4.764190002,0.001588790947652797
clsQDEIM,6,1,34,38,37,257,,
clsSOPT,6,1,34,38,37,262,4.848685697,0.001351481803221105
clsQDEIM,6,1,34,38,37,262,,
clsSOPT,6,1,34,38,37,267,4.882745751,0.0006002017641031568
clsQDEIM,6,1,34,38,37,267,,
clsSOPT,6,1,34,38,37,272,4.972294425,0.0005341824391165545
clsQDEIM,6,1,34,38,37,272,,
clsSOPT,6,1,34,38,37,277,5.014324275,0.0006032178375343006
clsQDEIM,6,1,34,38,37,277,,
clsSOPT,6,1,34,38,37,282,5.063040279,0.0003949414047163128
clsQDEIM,6,1,34,38,37,282,5.669328228,2.433886959750243
clsSOPT,6,1,34,38,37,287,5.080677809,0.0001755020409362636
clsQDEIM,6,1,34,38,37,287,5.274307959,1.413705162548045
