EQPGlobal,1.0,0.9,2,2,404,2048,383,0.0230232,0.000220685,0.290735
SOPT,1.0,0.9,2,2,3,20,216,0.0315532,0.0013324,0.211604
gappy-POD,1.0,0.9,2,2,3,20,171,0.0249077,0.00158149,0.250963
QDEIM,1.0,0.9,2,2,3,20,171,0.0249054,0.00158149,0.250963
SOPT,1.0,0.9,2,2,3,40,360,0.0518906,0.00105354,0.171461
gappy-POD,1.0,0.9,2,2,3,40,342,0.0490818,0.00139058,0.222748
QDEIM,1.0,0.9,2,2,3,40,288,0.0411843,0.00139058,0.222748
SOPT,1.0,0.9,2,2,3,60,585,0.0842362,0.000690942,0.120589
gappy-POD,1.0,0.9,2,2,3,60,522,0.0748388,0.00102618,0.170171
QDEIM,1.0,0.9,2,2,3,60,423,0.0608224,0.00102618,0.170171
SOPT,1.0,0.9,2,2,3,80,657,0.094722,0.000658583,0.115255
gappy-POD,1.0,0.9,2,2,3,80,675,0.0971662,0.000833389,0.145431
QDEIM,1.0,0.9,2,2,3,80,531,0.0765853,0.000833389,0.145431
SOPT,1.0,0.9,2,2,3,100,702,0.0995643,0.000638348,0.112874
gappy-POD,1.0,0.9,2,2,3,100,765,0.109283,0.000675846,0.123444
QDEIM,1.0,0.9,2,2,3,100,576,0.0824228,0.000675846,0.123444
SOPT,1.0,0.9,2,2,3,200,990,0.141959,0.000290242,0.0633554
gappy-POD,1.0,0.9,2,2,3,200,873,0.124257,0.000559272,0.109651
QDEIM,1.0,0.9,2,2,3,200,828,0.117999,0.000559272,0.109651
SOPT,1.0,0.9,2,2,3,300,1080,0.153473,0.000233268,0.0566995
gappy-POD,1.0,0.9,2,2,3,300,1053,0.151242,0.000227488,0.0650382
QDEIM,1.0,0.9,2,2,3,300,954,0.136894,0.000227488,0.0650382
SOPT,1.0,0.9,2,2,3,400,1143,0.16228,0.000214537,0.0576026
gappy-POD,1.0,0.9,2,2,3,400,1098,0.156201,0.00021988,0.0639819
QDEIM,1.0,0.9,2,2,3,400,1035,0.150947,0.00021988,0.0639819
SOPT,1.0,0.9,2,2,3,500,1152,0.164526,0.000214508,0.0599288
gappy-POD,1.0,0.9,2,2,3,500,1125,0.161365,0.000215387,0.0624718
QDEIM,1.0,0.9,2,2,3,500,1071,0.152884,0.000215387,0.0624718
SOPT,1.0,0.9,2,2,3,600,1152,0.166251,0.000214521,0.0607114
gappy-POD,1.0,0.9,2,2,3,600,1152,0.164397,0.000214516,0.0609671
QDEIM,1.0,0.9,2,2,3,600,1116,0.160078,0.000214516,0.0609671
SOPT,1.0,0.9,2,2,3,700,1152,0.163864,0.000214518,0.0606689
gappy-POD,1.0,0.9,2,2,3,700,1152,0.163222,0.000214517,0.0609789
QDEIM,1.0,0.9,2,2,3,700,1116,0.161001,0.000214517,0.0609789
SOPT,1.0,0.9,2,2,3,800,1152,0.165848,0.000214513,0.0606617
gappy-POD,1.0,0.9,2,2,3,800,1152,0.164678,0.000214518,0.0610075
QDEIM,1.0,0.9,2,2,3,800,1116,0.160877,0.000214518,0.0610075
SOPT,1.0,0.9,2,2,3,900,1152,0.164146,0.000214516,0.0607709
gappy-POD,1.0,0.9,2,2,3,900,1152,0.165831,0.000214518,0.0609939
QDEIM,1.0,0.9,2,2,3,900,1152,0.165704,0.000214518,0.0609939
SOPT,1.0,0.9,2,2,3,1000,1152,0.1637,0.000214512,0.0607408
gappy-POD,1.0,0.9,2,2,3,1000,1152,0.16347,0.000214517,0.0609691
QDEIM,1.0,0.9,2,2,3,1000,1152,0.163909,0.000214517,0.0609691
SOPT,1.0,0.9,2,2,3,1100,1152,0.164449,0.000214511,0.0606883
gappy-POD,1.0,0.9,2,2,3,1100,1152,0.166758,0.000214517,0.0609738
QDEIM,1.0,0.9,2,2,3,1100,1152,0.165546,0.000214517,0.0609738
EQPGlobal,1.0,0.99,2,3,606,2048,541,0.0313617,0.000215965,0.16237
SOPT,1.0,0.99,2,3,5,20,315,0.0457396,0.00116979,0.193521
gappy-POD,1.0,0.99,2,3,5,20,144,0.0209572,0.00163033,0.258116
QDEIM,1.0,0.99,2,3,5,20,180,0.0261178,0.00163033,0.258116
SOPT,1.0,0.99,2,3,5,40,504,0.0725893,0.000897786,0.155648
gappy-POD,1.0,0.99,2,3,5,40,270,0.0389517,0.00146513,0.235729
QDEIM,1.0,0.99,2,3,5,40,306,0.0442109,0.00146513,0.235729
SOPT,1.0,0.99,2,3,5,60,657,0.0939463,0.000687105,0.126096
gappy-POD,1.0,0.99,2,3,5,60,378,0.0542331,0.00137643,0.22347
QDEIM,1.0,0.99,2,3,5,60,459,0.0654097,0.00137643,0.22347
SOPT,1.0,0.99,2,3,5,80,729,0.104855,0.000608929,0.114245
gappy-POD,1.0,0.99,2,3,5,80,540,0.0782514,0.000997215,0.169859
QDEIM,1.0,0.99,2,3,5,80,576,0.0820152,0.000997215,0.169859
SOPT,1.0,0.99,2,3,5,100,756,0.107804,0.000582461,0.109992
gappy-POD,1.0,0.99,2,3,5,100,675,0.0962929,0.00077513,0.138665
QDEIM,1.0,0.99,2,3,5,100,675,0.0966138,0.00077513,0.138665
SOPT,1.0,0.99,2,3,5,200,1008,0.1437,0.000268786,0.0556322
gappy-POD,1.0,0.99,2,3,5,200,972,0.137588,0.000447039,0.0952572
QDEIM,1.0,0.99,2,3,5,200,972,0.138076,0.000447039,0.0952572
SOPT,1.0,0.99,2,3,5,300,1125,0.161714,0.000216213,0.0431862
gappy-POD,1.0,0.99,2,3,5,300,990,0.141314,0.000443953,0.0947927
QDEIM,1.0,0.99,2,3,5,300,1017,0.14444,0.000443953,0.0947927
SOPT,1.0,0.99,2,3,5,400,1143,0.162931,0.000214513,0.0498167
gappy-POD,1.0,0.99,2,3,5,400,1116,0.158625,0.000220125,0.055298
QDEIM,1.0,0.99,2,3,5,400,1071,0.151838,0.000220125,0.055298
SOPT,1.0,0.99,2,3,5,500,1152,0.164977,0.00021434,0.0481744
gappy-POD,1.0,0.99,2,3,5,500,1152,0.162691,0.000214364,0.0498707
QDEIM,1.0,0.99,2,3,5,500,1134,0.160131,0.000214364,0.0498707
SOPT,1.0,0.99,2,3,5,600,1152,0.163621,0.000214362,0.0495064
gappy-POD,1.0,0.99,2,3,5,600,1152,0.164249,0.000214364,0.0498802
QDEIM,1.0,0.99,2,3,5,600,1152,0.164243,0.000214364,0.0498802
SOPT,1.0,0.99,2,3,5,700,1152,0.165852,0.000214359,0.0496912
gappy-POD,1.0,0.99,2,3,5,700,1152,0.164062,0.000214364,0.0499037
QDEIM,1.0,0.99,2,3,5,700,1152,0.164781,0.000214364,0.0499037
SOPT,1.0,0.99,2,3,5,800,1152,0.163884,0.000214364,0.0497951
gappy-POD,1.0,0.99,2,3,5,800,1152,0.164637,0.000214364,0.0498498
QDEIM,1.0,0.99,2,3,5,800,1152,0.164609,0.000214364,0.0498498
SOPT,1.0,0.99,2,3,5,900,1152,0.165309,0.000214364,0.0498409
gappy-POD,1.0,0.99,2,3,5,900,1152,0.163898,0.000214364,0.0498997
QDEIM,1.0,0.99,2,3,5,900,1152,0.16598,0.000214364,0.0498997
SOPT,1.0,0.99,2,3,5,1000,1152,0.163822,0.000214364,0.0498413
gappy-POD,1.0,0.99,2,3,5,1000,1152,0.164389,0.000214364,0.0498508
QDEIM,1.0,0.99,2,3,5,1000,1152,0.16515,0.000214364,0.0498508
SOPT,1.0,0.99,2,3,5,1100,1152,0.164499,0.000214363,0.0496956
gappy-POD,1.0,0.99,2,3,5,1100,1152,0.162786,0.000214364,0.0498895
QDEIM,1.0,0.99,2,3,5,1100,1152,0.164699,0.000214364,0.0498895
EQPGlobal,1.0,0.999,2,5,1010,2048,734,0.0429362,0.000214874,0.0948238
SOPT,1.0,0.999,2,5,8,20,297,0.0431867,0.00114738,0.191401
gappy-POD,1.0,0.999,2,5,8,20,153,0.0222074,0.00159447,0.252567
QDEIM,1.0,0.999,2,5,8,20,171,0.0248314,0.00159447,0.252567
SOPT,1.0,0.999,2,5,8,40,540,0.0776722,0.000795229,0.13935
gappy-POD,1.0,0.999,2,5,8,40,234,0.0337563,0.00145154,0.232763
QDEIM,1.0,0.999,2,5,8,40,342,0.0495644,0.00145154,0.232763
SOPT,1.0,0.999,2,5,8,60,648,0.0924619,0.000644005,0.116777
gappy-POD,1.0,0.999,2,5,8,60,315,0.0457296,0.00136963,0.22084
QDEIM,1.0,0.999,2,5,8,60,594,0.0848657,0.00136963,0.22084
SOPT,1.0,0.999,2,5,8,80,711,0.101761,0.000582804,0.107888
gappy-POD,1.0,0.999,2,5,8,80,387,0.0561058,0.00130554,0.211287
QDEIM,1.0,0.999,2,5,8,80,765,0.109607,0.00130554,0.211287
SOPT,1.0,0.999,2,5,8,100,720,0.103535,0.000581208,0.107649
gappy-POD,1.0,0.999,2,5,8,100,477,0.068585,0.00117087,0.192577
QDEIM,1.0,0.999,2,5,8,100,855,0.126038,0.00117087,0.192577
SOPT,1.0,0.999,2,5,8,200,1035,0.147251,0.000241903,0.0511281
gappy-POD,1.0,0.999,2,5,8,200,882,0.12656,0.000563461,0.107917
QDEIM,1.0,0.999,2,5,8,200,990,0.140553,0.000563461,0.107917
SOPT,1.0,0.999,2,5,8,300,1116,0.159798,0.000217284,0.0465693
gappy-POD,1.0,0.999,2,5,8,300,1026,0.147203,0.000294835,0.0673089
QDEIM,1.0,0.999,2,5,8,300,1062,0.150644,0.000294835,0.0673089
SOPT,1.0,0.999,2,5,8,400,1143,0.162968,0.000214517,0.047954
gappy-POD,1.0,0.999,2,5,8,400,1116,0.159971,0.000221037,0.0512795
QDEIM,1.0,0.999,2,5,8,400,1080,0.154424,0.000221037,0.0512795
SOPT,1.0,0.999,2,5,8,500,1152,0.165535,0.000214358,0.0460695
gappy-POD,1.0,0.999,2,5,8,500,1116,0.159947,0.000221036,0.0512524
QDEIM,1.0,0.999,2,5,8,500,1152,0.164475,0.000221036,0.0512524
SOPT,1.0,0.999,2,5,8,600,1152,0.166576,0.000214342,0.0468385
gappy-POD,1.0,0.999,2,5,8,600,1152,0.164371,0.000214339,0.0462019
QDEIM,1.0,0.999,2,5,8,600,1152,0.16416,0.000214339,0.0462019
SOPT,1.0,0.999,2,5,8,700,1152,0.165312,0.000214336,0.0461223
gappy-POD,1.0,0.999,2,5,8,700,1152,0.165532,0.000214339,0.0462194
QDEIM,1.0,0.999,2,5,8,700,1152,0.164439,0.000214339,0.0462194
SOPT,1.0,0.999,2,5,8,800,1152,0.16538,0.000214338,0.0461629
gappy-POD,1.0,0.999,2,5,8,800,1152,0.164936,0.000214339,0.0462043
QDEIM,1.0,0.999,2,5,8,800,1152,0.167166,0.000214339,0.0462043
SOPT,1.0,0.999,2,5,8,900,1152,0.1662,0.000214343,0.046942
gappy-POD,1.0,0.999,2,5,8,900,1152,0.166112,0.000214338,0.0461374
QDEIM,1.0,0.999,2,5,8,900,1152,0.166827,0.000214338,0.0461374
SOPT,1.0,0.999,2,5,8,1000,1152,0.166409,0.000214338,0.0460633
gappy-POD,1.0,0.999,2,5,8,1000,1152,0.164833,0.000214338,0.0462037
QDEIM,1.0,0.999,2,5,8,1000,1152,0.166326,0.000214338,0.0462037
SOPT,1.0,0.999,2,5,8,1100,1152,0.165686,0.000214338,0.0462418
gappy-POD,1.0,0.999,2,5,8,1100,1152,0.167435,0.000214338,0.0461959
QDEIM,1.0,0.999,2,5,8,1100,1152,0.166955,0.000214338,0.0461959
EQPGlobal,1.0,0.9999,4,8,1616,2048,962,0.0783295,0.000198695,0.0761385
SOPT,1.0,0.9999,4,8,11,20,243,0.0353492,0.00128373,0.192944
gappy-POD,1.0,0.9999,4,8,11,20,162,0.0239157,0.00156799,0.450625
QDEIM,1.0,0.9999,4,8,11,20,162,0.0239543,0.00156799,0.450625
SOPT,1.0,0.9999,4,8,11,40,423,0.0612409,0.00090654,0.181806
gappy-POD,1.0,0.9999,4,8,11,40,243,0.0351967,0.00147081,0.395997
QDEIM,1.0,0.9999,4,8,11,40,351,0.0517081,0.00147081,0.395997
SOPT,1.0,0.9999,4,8,11,60,621,0.0891762,0.000497388,0.0997002
gappy-POD,1.0,0.9999,4,8,11,60,297,0.0431928,0.00140327,0.376781
QDEIM,1.0,0.9999,4,8,11,60,477,0.0691318,0.00140327,0.376781
SOPT,1.0,0.9999,4,8,11,80,702,0.101309,0.000399396,0.0965266
gappy-POD,1.0,0.9999,4,8,11,80,369,0.0537329,0.00133278,0.362468
QDEIM,1.0,0.9999,4,8,11,80,531,0.0769321,0.00133278,0.362468
SOPT,1.0,0.9999,4,8,11,100,765,0.109779,0.000306782,0.0881567
gappy-POD,1.0,0.9999,4,8,11,100,432,0.062752,0.00127044,0.335877
QDEIM,1.0,0.9999,4,8,11,100,603,0.0864449,0.00127044,0.335877
SOPT,1.0,0.9999,4,8,11,200,999,0.143801,0.000226272,0.0673787
gappy-POD,1.0,0.9999,4,8,11,200,819,0.118073,0.000611314,0.16789
QDEIM,1.0,0.9999,4,8,11,200,981,0.141463,0.000611314,0.16789
SOPT,1.0,0.9999,4,8,11,300,1125,0.161048,0.000198629,0.0590345
gappy-POD,1.0,0.9999,4,8,11,300,1017,0.146612,0.000384609,0.11172
QDEIM,1.0,0.9999,4,8,11,300,1071,0.154044,0.000384609,0.11172
SOPT,1.0,0.9999,4,8,11,400,1143,0.163796,0.000198248,0.0566415
gappy-POD,1.0,0.9999,4,8,11,400,1107,0.157721,0.000214647,0.0642447
QDEIM,1.0,0.9999,4,8,11,400,1071,0.153112,0.000214647,0.0642447
SOPT,1.0,0.9999,4,8,11,500,1152,0.164396,0.000198098,0.0540882
gappy-POD,1.0,0.9999,4,8,11,500,1152,0.167033,0.000198089,0.0538158
QDEIM,1.0,0.9999,4,8,11,500,1107,0.159543,0.000198089,0.0538158
SOPT,1.0,0.9999,4,8,11,600,1152,0.16619,0.000198107,0.0539995
gappy-POD,1.0,0.9999,4,8,11,600,1152,0.166542,0.000198083,0.0538291
QDEIM,1.0,0.9999,4,8,11,600,1152,0.167846,0.000198083,0.0538291
SOPT,1.0,0.9999,4,8,11,700,1152,0.165785,0.000198081,0.0540168
gappy-POD,1.0,0.9999,4,8,11,700,1152,0.164823,0.000198087,0.0538133
QDEIM,1.0,0.9999,4,8,11,700,1152,0.166402,0.000198087,0.0538133
SOPT,1.0,0.9999,4,8,11,800,1152,0.165943,0.00019807,0.0539209
gappy-POD,1.0,0.9999,4,8,11,800,1152,0.164634,0.000198084,0.0538174
QDEIM,1.0,0.9999,4,8,11,800,1152,0.166927,0.000198084,0.0538174
SOPT,1.0,0.9999,4,8,11,900,1152,0.16665,0.000198045,0.0537389
gappy-POD,1.0,0.9999,4,8,11,900,1152,0.167626,0.000198085,0.0537652
QDEIM,1.0,0.9999,4,8,11,900,1152,0.165681,0.000198085,0.0537652
SOPT,1.0,0.9999,4,8,11,1000,1152,0.166053,0.000198091,0.0539193
gappy-POD,1.0,0.9999,4,8,11,1000,1152,0.166438,0.000198087,0.0538316
QDEIM,1.0,0.9999,4,8,11,1000,1152,0.167309,0.000198087,0.0538316
SOPT,1.0,0.9999,4,8,11,1100,1152,0.166427,0.000198089,0.0541411
gappy-POD,1.0,0.9999,4,8,11,1100,1152,0.166871,0.000198087,0.0538376
QDEIM,1.0,0.9999,4,8,11,1100,1152,0.167629,0.000198087,0.0538376
EQPGlobal,1.0,0.99999,5,10,2020,2048,1044,0.0720438,0.000197153,0.0647102
SOPT,1.0,0.99999,5,10,14,20,261,0.0379182,0.00118165,0.303347
gappy-POD,1.0,0.99999,5,10,14,20,162,0.0239211,0.00155927,0.399544
QDEIM,1.0,0.99999,5,10,14,20,171,0.0252259,0.00155927,0.399544
SOPT,1.0,0.99999,5,10,14,40,468,0.0679753,0.000762494,0.171367
gappy-POD,1.0,0.99999,5,10,14,40,261,0.0383264,0.00144934,0.371313
QDEIM,1.0,0.99999,5,10,14,40,360,0.0525321,0.00144934,0.371313
SOPT,1.0,0.99999,5,10,14,60,603,0.0879614,0.000610831,0.116941
gappy-POD,1.0,0.99999,5,10,14,60,342,0.0499043,0.0012761,0.336457
QDEIM,1.0,0.99999,5,10,14,60,450,0.0654209,0.0012761,0.336457
SOPT,1.0,0.99999,5,10,14,80,666,0.0965889,0.000495328,0.111331
gappy-POD,1.0,0.99999,5,10,14,80,360,0.0521087,0.00126386,0.333708
QDEIM,1.0,0.99999,5,10,14,80,495,0.0722703,0.00126386,0.333708
SOPT,1.0,0.99999,5,10,14,100,774,0.110887,0.000330007,0.0878235
gappy-POD,1.0,0.99999,5,10,14,100,405,0.059227,0.00121459,0.325911
QDEIM,1.0,0.99999,5,10,14,100,540,0.0778698,0.00121459,0.325911
SOPT,1.0,0.99999,5,10,14,200,1026,0.148177,0.000229597,0.0836008
gappy-POD,1.0,0.99999,5,10,14,200,729,0.105281,0.000790189,0.220606
QDEIM,1.0,0.99999,5,10,14,200,810,0.117382,0.000790189,0.220606
SOPT,1.0,0.99999,5,10,14,300,1134,0.165714,0.000197387,0.0631585
gappy-POD,1.0,0.99999,5,10,14,300,1026,0.147795,0.000283885,0.0888071
QDEIM,1.0,0.99999,5,10,14,300,1008,0.144744,0.000283885,0.0888071
SOPT,1.0,0.99999,5,10,14,400,1152,0.164325,0.000196801,0.0557921
gappy-POD,1.0,0.99999,5,10,14,400,1098,0.157799,0.000215632,0.0641194
QDEIM,1.0,0.99999,5,10,14,400,1098,0.157762,0.000215632,0.0641194
SOPT,1.0,0.99999,5,10,14,500,1152,0.166123,0.000196818,0.0551133
gappy-POD,1.0,0.99999,5,10,14,500,1134,0.16326,0.000198135,0.0586269
QDEIM,1.0,0.99999,5,10,14,500,1152,0.165315,0.000198135,0.0586269
SOPT,1.0,0.99999,5,10,14,600,1152,0.166554,0.000196834,0.0553283
gappy-POD,1.0,0.99999,5,10,14,600,1143,0.16522,0.000197144,0.0568159
QDEIM,1.0,0.99999,5,10,14,600,1152,0.165607,0.000197144,0.0568159
SOPT,1.0,0.99999,5,10,14,700,1152,0.166316,0.000196837,0.0553418
gappy-POD,1.0,0.99999,5,10,14,700,1152,0.166726,0.000196844,0.055232
QDEIM,1.0,0.99999,5,10,14,700,1152,0.167732,0.000196844,0.055232
SOPT,1.0,0.99999,5,10,14,800,1152,0.165637,0.000196807,0.0552128
gappy-POD,1.0,0.99999,5,10,14,800,1152,0.168263,0.000196842,0.0552942
QDEIM,1.0,0.99999,5,10,14,800,1152,0.16711,0.000196842,0.0552942
SOPT,1.0,0.99999,5,10,14,900,1152,0.166678,0.00019685,0.055688
gappy-POD,1.0,0.99999,5,10,14,900,1152,0.166574,0.00019684,0.0552725
QDEIM,1.0,0.99999,5,10,14,900,1152,0.167484,0.00019684,0.0552725
SOPT,1.0,0.99999,5,10,14,1000,1152,0.168498,0.000196845,0.0553996
gappy-POD,1.0,0.99999,5,10,14,1000,1152,0.166951,0.000196839,0.0552559
QDEIM,1.0,0.99999,5,10,14,1000,1152,0.168261,0.000196839,0.0552559
SOPT,1.0,0.99999,5,10,14,1100,1152,0.167233,0.000196847,0.0555745
gappy-POD,1.0,0.99999,5,10,14,1100,1152,0.168801,0.000196842,0.0552407
QDEIM,1.0,0.99999,5,10,14,1100,1152,0.167409,0.000196842,0.0552407
EQPGlobal,1.0,0.999999,7,13,2626,2048,1134,0.0884465,0.000195868,0.0629198
SOPT,1.0,0.999999,7,13,19,20,261,0.0385993,0.00119792,0.266239
gappy-POD,1.0,0.999999,7,13,19,20,189,0.0279065,0.00145121,0.311397
QDEIM,1.0,0.999999,7,13,19,20,171,0.0253772,0.00145121,0.311397
SOPT,1.0,0.999999,7,13,19,40,441,0.0641871,0.000834811,0.147416
gappy-POD,1.0,0.999999,7,13,19,40,279,0.0409829,0.00134168,0.312763
QDEIM,1.0,0.999999,7,13,19,40,261,0.0385345,0.00134168,0.312763
SOPT,1.0,0.999999,7,13,19,60,576,0.0832799,0.000660679,0.132615
gappy-POD,1.0,0.999999,7,13,19,60,360,0.0553908,0.00119583,0.277082
QDEIM,1.0,0.999999,7,13,19,60,315,0.0459596,0.00119583,0.277082
SOPT,1.0,0.999999,7,13,19,80,756,0.108847,0.00044795,0.0968881
gappy-POD,1.0,0.999999,7,13,19,80,423,0.0616726,0.00113019,0.251929
QDEIM,1.0,0.999999,7,13,19,80,360,0.0527867,0.00113019,0.251929
SOPT,1.0,0.999999,7,13,19,100,828,0.119625,0.00040081,0.0871165
gappy-POD,1.0,0.999999,7,13,19,100,459,0.0669557,0.00109785,0.239657
QDEIM,1.0,0.999999,7,13,19,100,396,0.0579419,0.00109785,0.239657
SOPT,1.0,0.999999,7,13,19,200,1080,0.155574,0.000203017,0.0468704
gappy-POD,1.0,0.999999,7,13,19,200,621,0.0899852,0.000935167,0.226237
QDEIM,1.0,0.999999,7,13,19,200,450,0.0654945,0.000935167,0.226237
SOPT,1.0,0.999999,7,13,19,300,1134,0.163585,0.000196746,0.0459194
gappy-POD,1.0,0.999999,7,13,19,300,873,0.127059,0.000434194,0.118089
QDEIM,1.0,0.999999,7,13,19,300,936,0.134766,0.000434194,0.118089
SOPT,1.0,0.999999,7,13,19,400,1152,0.166657,0.000195509,0.0469313
gappy-POD,1.0,0.999999,7,13,19,400,1071,0.154066,0.000217104,0.059912
QDEIM,1.0,0.999999,7,13,19,400,1080,0.155421,0.000217104,0.059912
SOPT,1.0,0.999999,7,13,19,500,1152,0.165753,0.000195508,0.0470656
gappy-POD,1.0,0.999999,7,13,19,500,1143,0.165612,0.000195837,0.0478005
QDEIM,1.0,0.999999,7,13,19,500,1134,0.165528,0.000195837,0.0478005
SOPT,1.0,0.999999,7,13,19,600,1152,0.167452,0.000195524,0.0471527
gappy-POD,1.0,0.999999,7,13,19,600,1152,0.166555,0.000195551,0.0469908
QDEIM,1.0,0.999999,7,13,19,600,1152,0.166703,0.000195551,0.0469908
SOPT,1.0,0.999999,7,13,19,700,1152,0.168883,0.000195529,0.0470932
gappy-POD,1.0,0.999999,7,13,19,700,1152,0.166352,0.000195549,0.0469941
QDEIM,1.0,0.999999,7,13,19,700,1152,0.166849,0.000195549,0.0469941
SOPT,1.0,0.999999,7,13,19,800,1152,0.166792,0.000195531,0.0471726
gappy-POD,1.0,0.999999,7,13,19,800,1152,0.166674,0.000195558,0.0471194
QDEIM,1.0,0.999999,7,13,19,800,1152,0.167735,0.000195558,0.0471194
SOPT,1.0,0.999999,7,13,19,900,1152,0.167332,0.000195541,0.0475195
gappy-POD,1.0,0.999999,7,13,19,900,1152,0.170191,0.000195559,0.0470657
QDEIM,1.0,0.999999,7,13,19,900,1152,0.167458,0.000195559,0.0470657
SOPT,1.0,0.999999,7,13,19,1000,1152,0.167045,0.00019555,0.0473147
gappy-POD,1.0,0.999999,7,13,19,1000,1152,0.168673,0.000195557,0.0470685
QDEIM,1.0,0.999999,7,13,19,1000,1152,0.169446,0.000195557,0.0470685
SOPT,1.0,0.999999,7,13,19,1100,1152,0.16744,0.000195553,0.0471823
gappy-POD,1.0,0.999999,7,13,19,1100,1152,0.169286,0.000195557,0.0470736
QDEIM,1.0,0.999999,7,13,19,1100,1152,0.169269,0.000195557,0.0470736
EQPGlobal,1.0,0.9,2,2,404,2048,383,0.0231255,0.000220685,0.290735
EQP,1.0,0.9,2,2,2048,50,50,0.00465564,0.000220316,0.279862
EQP,1.0,0.9,2,2,2048,100,100,0.00772707,0.000220104,0.274069
EQP,1.0,0.9,2,2,2048,150,150,0.0106226,0.00021928,0.250537
EQP,1.0,0.9,2,2,2048,200,200,0.0133081,0.000218593,0.230524
EQP,1.0,0.9,2,2,2048,400,383,0.0230286,0.000220685,0.290735
EQP,1.0,0.9,2,2,2048,600,383,0.0229655,0.000220685,0.290735
EQP,1.0,0.9,2,2,2048,800,383,0.0230131,0.000220685,0.290735
EQP,1.0,0.9,2,2,2048,1000,383,0.0234701,0.000220685,0.290735
EQP,1.0,0.9,2,2,2048,1200,383,0.0230083,0.000220685,0.290735
EQP,1.0,0.9,2,2,2048,1400,383,0.0230773,0.000220685,0.290735
EQP,1.0,0.9,2,2,2048,1600,383,0.023105,0.000220685,0.290735
EQP,1.0,0.9,2,2,2048,1800,383,0.0228231,0.000220685,0.290735
EQP,1.0,0.9,2,2,2048,2000,383,0.0230772,0.000220685,0.290735
EQP,1.0,0.9,2,2,2048,2200,383,0.0230648,0.000220685,0.290735
EQP,1.0,0.9,2,2,2048,2400,383,0.0231022,0.000220685,0.290735
EQP,1.0,0.9,2,2,2048,2600,383,0.0232416,0.000220685,0.290735
EQP,1.0,0.9,2,2,2048,2800,383,0.0228963,0.000220685,0.290735
EQP,1.0,0.9,2,2,2048,3000,383,0.0230248,0.000220685,0.290735
EQP,1.0,0.9,2,2,2048,3200,383,0.0231125,0.000220685,0.290735
EQP,1.0,0.9,2,2,2048,3400,383,0.0232044,0.000220685,0.290735
EQP,1.0,0.9,2,2,2048,3600,383,0.0231222,0.000220685,0.290735
EQP,1.0,0.9,2,2,2048,3800,383,0.0231116,0.000220685,0.290735
EQP,1.0,0.9,2,2,2048,4000,383,0.0230935,0.000220685,0.290735
EQP,1.0,0.9,2,2,2048,4200,383,0.0230985,0.000220685,0.290735
EQPGlobal,1.0,0.99,2,3,606,2048,541,0.0312601,0.000215965,0.16237
EQP,1.0,0.99,2,3,2048,50,50,0.0048384,0.000219959,0.28146
EQP,1.0,0.99,2,3,2048,100,100,0.00795021,0.000219521,0.278318
EQP,1.0,0.99,2,3,2048,150,150,0.010925,0.000218838,0.265782
EQP,1.0,0.99,2,3,2048,200,200,0.0138435,0.000217988,0.249713
EQP,1.0,0.99,2,3,2048,400,400,0.02407,0.000216187,0.176898
EQP,1.0,0.99,2,3,2048,600,541,0.0312622,0.000215965,0.16237
EQP,1.0,0.99,2,3,2048,800,541,0.0314248,0.000215965,0.16237
EQP,1.0,0.99,2,3,2048,1000,541,0.0313263,0.000215965,0.16237
EQP,1.0,0.99,2,3,2048,1200,541,0.0313847,0.000215965,0.16237
EQP,1.0,0.99,2,3,2048,1400,541,0.0313376,0.000215965,0.16237
EQP,1.0,0.99,2,3,2048,1600,541,0.0313474,0.000215965,0.16237
EQP,1.0,0.99,2,3,2048,1800,541,0.0314122,0.000215965,0.16237
EQP,1.0,0.99,2,3,2048,2000,541,0.0313885,0.000215965,0.16237
EQP,1.0,0.99,2,3,2048,2200,541,0.0313111,0.000215965,0.16237
EQP,1.0,0.99,2,3,2048,2400,541,0.0312896,0.000215965,0.16237
EQP,1.0,0.99,2,3,2048,2600,541,0.0313884,0.000215965,0.16237
EQP,1.0,0.99,2,3,2048,2800,541,0.0312968,0.000215965,0.16237
EQP,1.0,0.99,2,3,2048,3000,541,0.0313186,0.000215965,0.16237
EQP,1.0,0.99,2,3,2048,3200,541,0.0313023,0.000215965,0.16237
EQP,1.0,0.99,2,3,2048,3400,541,0.0313503,0.000215965,0.16237
EQP,1.0,0.99,2,3,2048,3600,541,0.031299,0.000215965,0.16237
EQP,1.0,0.99,2,3,2048,3800,541,0.0314231,0.000215965,0.16237
EQP,1.0,0.99,2,3,2048,4000,541,0.0312941,0.000215965,0.16237
EQP,1.0,0.99,2,3,2048,4200,541,0.0313352,0.000215965,0.16237
EQPGlobal,1.0,0.999,2,5,1010,2048,734,0.0428593,0.000214874,0.0948238
EQP,1.0,0.999,2,5,2048,50,50,0.00503812,0.000219865,0.27826
EQP,1.0,0.999,2,5,2048,100,100,0.00827215,0.000219347,0.272322
EQP,1.0,0.999,2,5,2048,150,150,0.0114862,0.000218707,0.261405
EQP,1.0,0.999,2,5,2048,200,200,0.0142597,0.000217638,0.246132
EQP,1.0,0.999,2,5,2048,400,400,0.0255195,0.000215338,0.174707
EQP,1.0,0.999,2,5,2048,600,600,0.0357847,0.000214919,0.131987
EQP,1.0,0.999,2,5,2048,800,734,0.0428444,0.000214874,0.0948238
EQP,1.0,0.999,2,5,2048,1000,734,0.0428879,0.000214874,0.0948238
EQP,1.0,0.999,2,5,2048,1200,734,0.0427649,0.000214874,0.0948238
EQP,1.0,0.999,2,5,2048,1400,734,0.0427766,0.000214874,0.0948238
EQP,1.0,0.999,2,5,2048,1600,734,0.0427967,0.000214874,0.0948238
EQP,1.0,0.999,2,5,2048,1800,734,0.0427567,0.000214874,0.0948238
EQP,1.0,0.999,2,5,2048,2000,734,0.0427676,0.000214874,0.0948238
EQP,1.0,0.999,2,5,2048,2200,734,0.0427462,0.000214874,0.0948238
EQP,1.0,0.999,2,5,2048,2400,734,0.0429093,0.000214874,0.0948238
EQP,1.0,0.999,2,5,2048,2600,734,0.0427544,0.000214874,0.0948238
EQP,1.0,0.999,2,5,2048,2800,734,0.0427425,0.000214874,0.0948238
EQP,1.0,0.999,2,5,2048,3000,734,0.042717,0.000214874,0.0948238
EQP,1.0,0.999,2,5,2048,3200,734,0.0428108,0.000214874,0.0948238
EQP,1.0,0.999,2,5,2048,3400,734,0.0427756,0.000214874,0.0948238
EQP,1.0,0.999,2,5,2048,3600,734,0.0430666,0.000214874,0.0948238
EQP,1.0,0.999,2,5,2048,3800,734,0.042799,0.000214874,0.0948238
EQP,1.0,0.999,2,5,2048,4000,734,0.0430751,0.000214874,0.0948238
EQP,1.0,0.999,2,5,2048,4200,734,0.0434931,0.000214874,0.0948238
EQPGlobal,1.0,0.9999,4,8,1616,2048,962,0.0618198,0.000198695,0.0761385
EQP,1.0,0.9999,4,8,2048,50,50,0.00556265,0.000291344,0.271678
EQP,1.0,0.9999,4,8,2048,100,100,0.00927744,0.000289619,0.267158
EQP,1.0,0.9999,4,8,2048,150,150,0.0130744,0.000284503,0.257073
EQP,1.0,0.9999,4,8,2048,200,200,0.0163005,0.000266142,0.237457
EQP,1.0,0.9999,4,8,2048,400,400,0.028473,0.000234676,0.186105
EQP,1.0,0.9999,4,8,2048,600,600,0.0398242,0.000216174,0.117156
EQP,1.0,0.9999,4,8,2048,800,800,0.0523376,0.000198716,0.0951667
EQP,1.0,0.9999,4,8,2048,1000,962,0.0616838,0.000198695,0.0761385
EQP,1.0,0.9999,4,8,2048,1200,962,0.0621708,0.000198695,0.0761385
EQP,1.0,0.9999,4,8,2048,1400,962,0.061992,0.000198695,0.0761385
EQP,1.0,0.9999,4,8,2048,1600,962,0.061773,0.000198695,0.0761385
EQP,1.0,0.9999,4,8,2048,1800,962,0.0624937,0.000198695,0.0761385
EQP,1.0,0.9999,4,8,2048,2000,962,0.0616429,0.000198695,0.0761385
EQP,1.0,0.9999,4,8,2048,2200,962,0.0620284,0.000198695,0.0761385
EQP,1.0,0.9999,4,8,2048,2400,962,0.0635017,0.000198695,0.0761385
EQP,1.0,0.9999,4,8,2048,2600,962,0.0626681,0.000198695,0.0761385
EQP,1.0,0.9999,4,8,2048,2800,962,0.0623295,0.000198695,0.0761385
EQP,1.0,0.9999,4,8,2048,3000,962,0.062472,0.000198695,0.0761385
EQP,1.0,0.9999,4,8,2048,3200,962,0.0622175,0.000198695,0.0761385
EQP,1.0,0.9999,4,8,2048,3400,962,0.0617841,0.000198695,0.0761385
EQP,1.0,0.9999,4,8,2048,3600,962,0.0627552,0.000198695,0.0761385
EQP,1.0,0.9999,4,8,2048,3800,962,0.0620344,0.000198695,0.0761385
EQP,1.0,0.9999,4,8,2048,4000,962,0.0619913,0.000198695,0.0761385
EQP,1.0,0.9999,4,8,2048,4200,962,0.0625551,0.000198695,0.0761385
EQPGlobal,1.0,0.99999,5,10,2020,2048,1044,0.0723535,0.000197153,0.0647102
EQP,1.0,0.99999,5,10,2048,50,50,0.00565219,0.000294724,0.277637
EQP,1.0,0.99999,5,10,2048,100,100,0.00977367,0.000293216,0.274044
EQP,1.0,0.99999,5,10,2048,150,150,0.0135217,0.000289478,0.26667
EQP,1.0,0.99999,5,10,2048,200,200,0.0172122,0.000277086,0.241991
EQP,1.0,0.99999,5,10,2048,400,400,0.0303517,0.000237304,0.187129
EQP,1.0,0.99999,5,10,2048,600,600,0.0426098,0.00021309,0.124229
EQP,1.0,0.99999,5,10,2048,800,800,0.0554896,0.000197664,0.109623
EQP,1.0,0.99999,5,10,2048,1000,1000,0.0699248,0.000196832,0.069257
EQP,1.0,0.99999,5,10,2048,1200,1044,0.0722162,0.000197153,0.0647102
EQP,1.0,0.99999,5,10,2048,1400,1044,0.0721167,0.000197153,0.0647102
EQP,1.0,0.99999,5,10,2048,1600,1044,0.0717494,0.000197153,0.0647102
EQP,1.0,0.99999,5,10,2048,1800,1044,0.0728197,0.000197153,0.0647102
EQP,1.0,0.99999,5,10,2048,2000,1044,0.0712328,0.000197153,0.0647102
EQP,1.0,0.99999,5,10,2048,2200,1044,0.0727477,0.000197153,0.0647102
EQP,1.0,0.99999,5,10,2048,2400,1044,0.0729279,0.000197153,0.0647102
EQP,1.0,0.99999,5,10,2048,2600,1044,0.0717101,0.000197153,0.0647102
EQP,1.0,0.99999,5,10,2048,2800,1044,0.072073,0.000197153,0.0647102
EQP,1.0,0.99999,5,10,2048,3000,1044,0.0730691,0.000197153,0.0647102
EQP,1.0,0.99999,5,10,2048,3200,1044,0.0734099,0.000197153,0.0647102
EQP,1.0,0.99999,5,10,2048,3400,1044,0.0710805,0.000197153,0.0647102
EQP,1.0,0.99999,5,10,2048,3600,1044,0.0729657,0.000197153,0.0647102
EQP,1.0,0.99999,5,10,2048,3800,1044,0.0719309,0.000197153,0.0647102
EQP,1.0,0.99999,5,10,2048,4000,1044,0.072417,0.000197153,0.0647102
EQP,1.0,0.99999,5,10,2048,4200,1044,0.0724305,0.000197153,0.0647102
EQPGlobal,1.0,0.999999,7,13,2626,2048,1134,0.0865094,0.000195868,0.0629198
EQP,1.0,0.999999,7,13,2048,50,50,0.00606274,0.000295123,0.278611
EQP,1.0,0.999999,7,13,2048,100,100,0.0108448,0.000293906,0.274452
EQP,1.0,0.999999,7,13,2048,150,150,0.0148632,0.000288188,0.262954
EQP,1.0,0.999999,7,13,2048,200,200,0.0186369,0.000278501,0.240642
EQP,1.0,0.999999,7,13,2048,400,400,0.0330651,0.000242625,0.19002
EQP,1.0,0.999999,7,13,2048,600,600,0.0464204,0.000212151,0.124194
EQP,1.0,0.999999,7,13,2048,800,800,0.0622611,0.00019605,0.0974443
EQP,1.0,0.999999,7,13,2048,1000,1000,0.0758916,0.0001951,0.056218
EQP,1.0,0.999999,7,13,2048,1200,1134,0.0895081,0.000195868,0.0629198
EQP,1.0,0.999999,7,13,2048,1400,1134,0.0882987,0.000195868,0.0629198
EQP,1.0,0.999999,7,13,2048,1600,1134,0.0882749,0.000195868,0.0629198
EQP,1.0,0.999999,7,13,2048,1800,1134,0.0876927,0.000195868,0.0629198
EQP,1.0,0.999999,7,13,2048,2000,1134,0.0881064,0.000195868,0.0629198
EQP,1.0,0.999999,7,13,2048,2200,1134,0.087875,0.000195868,0.0629198
EQP,1.0,0.999999,7,13,2048,2400,1134,0.0871184,0.000195868,0.0629198
EQP,1.0,0.999999,7,13,2048,2600,1134,0.088595,0.000195868,0.0629198
EQP,1.0,0.999999,7,13,2048,2800,1134,0.0879632,0.000195868,0.0629198
EQP,1.0,0.999999,7,13,2048,3000,1134,0.089882,0.000195868,0.0629198
EQP,1.0,0.999999,7,13,2048,3200,1134,0.0880438,0.000195868,0.0629198
EQP,1.0,0.999999,7,13,2048,3400,1134,0.0889296,0.000195868,0.0629198
EQP,1.0,0.999999,7,13,2048,3600,1134,0.0892132,0.000195868,0.0629198
EQP,1.0,0.999999,7,13,2048,3800,1134,0.0879795,0.000195868,0.0629198
EQP,1.0,0.999999,7,13,2048,4000,1134,0.0873923,0.000195868,0.0629198
EQP,1.0,0.999999,7,13,2048,4200,1134,0.0883085,0.000195868,0.0629198
