EQPGlobal,1.0,0.9,1,1,101,2048,100,0.00698809,7.97769e-05,0.251979
EQP,1.0,0.9,1,1,2048,50,50,0.00421753,7.99453e-05,0.253881
EQP,1.0,0.9,1,1,2048,100,100,0.00700991,7.97769e-05,0.251979
EQP,1.0,0.9,1,1,2048,150,100,0.0069982,7.97769e-05,0.251979
EQP,1.0,0.9,1,1,2048,200,100,0.00699333,7.97769e-05,0.251979
EQP,1.0,0.9,1,1,2048,400,100,0.00698842,7.97769e-05,0.251979
EQP,1.0,0.9,1,1,2048,600,100,0.00700945,7.97769e-05,0.251979
EQP,1.0,0.9,1,1,2048,800,100,0.00698326,7.97769e-05,0.251979
EQP,1.0,0.9,1,1,2048,1000,100,0.00699024,7.97769e-05,0.251979
EQP,1.0,0.9,1,1,2048,1200,100,0.00698766,7.97769e-05,0.251979
EQP,1.0,0.9,1,1,2048,1400,100,0.00700971,7.97769e-05,0.251979
EQP,1.0,0.9,1,1,2048,1600,100,0.00699323,7.97769e-05,0.251979
EQP,1.0,0.9,1,1,2048,1800,100,0.00701006,7.97769e-05,0.251979
EQP,1.0,0.9,1,1,2048,2000,100,0.00698709,7.97769e-05,0.251979
EQP,1.0,0.9,1,1,2048,2200,100,0.00700374,7.97769e-05,0.251979
EQP,1.0,0.9,1,1,2048,2400,100,0.00703062,7.97769e-05,0.251979
EQP,1.0,0.9,1,1,2048,2600,100,0.00703574,7.97769e-05,0.251979
EQP,1.0,0.9,1,1,2048,2800,100,0.00703789,7.97769e-05,0.251979
EQP,1.0,0.9,1,1,2048,3000,100,0.00699475,7.97769e-05,0.251979
EQP,1.0,0.9,1,1,2048,3200,100,0.00699114,7.97769e-05,0.251979
EQP,1.0,0.9,1,1,2048,3400,100,0.00701675,7.97769e-05,0.251979
EQP,1.0,0.9,1,1,2048,3600,100,0.00701397,7.97769e-05,0.251979
EQP,1.0,0.9,1,1,2048,3800,100,0.00696875,7.97769e-05,0.251979
EQP,1.0,0.9,1,1,2048,4000,100,0.00761203,7.97769e-05,0.251979
EQP,1.0,0.9,1,1,2048,4200,100,0.00703012,7.97769e-05,0.251979
EQP,1.0,0.9,1,1,2048,4400,100,0.007589,7.97769e-05,0.251979
SOPT,1.0,0.9,1,1,2,20,225,0.0324688,0.00139818,0.224021
gappy-POD,1.0,0.9,1,1,2,20,180,0.0259844,0.00181457,0.28312
QDEIM,1.0,0.9,1,1,2,20,180,0.0261922,0.00181457,0.28312
SOPT,1.0,0.9,1,1,2,40,351,0.0502614,0.00121992,0.198697
gappy-POD,1.0,0.9,1,1,2,40,360,0.0517305,0.00166423,0.261776
QDEIM,1.0,0.9,1,1,2,40,333,0.0480459,0.00166423,0.261776
SOPT,1.0,0.9,1,1,2,60,549,0.0787405,0.000865274,0.148966
gappy-POD,1.0,0.9,1,1,2,60,540,0.077206,0.00134983,0.217178
QDEIM,1.0,0.9,1,1,2,60,477,0.0678874,0.00134983,0.217178
SOPT,1.0,0.9,1,1,2,80,675,0.0969864,0.000676904,0.122986
gappy-POD,1.0,0.9,1,1,2,80,684,0.0979247,0.00103045,0.172128
QDEIM,1.0,0.9,1,1,2,80,621,0.087906,0.00103045,0.172128
SOPT,1.0,0.9,1,1,2,100,765,0.108536,0.000603273,0.113247
gappy-POD,1.0,0.9,1,1,2,100,702,0.100391,0.00100224,0.168201
QDEIM,1.0,0.9,1,1,2,100,720,0.103011,0.00100224,0.168201
SOPT,1.0,0.9,1,1,2,200,981,0.140099,0.000237408,0.0661179
gappy-POD,1.0,0.9,1,1,2,200,864,0.124369,0.000597081,0.111958
QDEIM,1.0,0.9,1,1,2,200,954,0.135215,0.000597081,0.111958
SOPT,1.0,0.9,1,1,2,300,1125,0.160919,6.79736e-05,0.0484446
gappy-POD,1.0,0.9,1,1,2,300,1044,0.14908,0.000150649,0.0571382
QDEIM,1.0,0.9,1,1,2,300,1053,0.147781,0.000150649,0.0571382
SOPT,1.0,0.9,1,1,2,400,1152,0.163205,6.58399e-05,0.0474017
gappy-POD,1.0,0.9,1,1,2,400,1107,0.158958,7.49934e-05,0.0496251
QDEIM,1.0,0.9,1,1,2,400,1080,0.152307,7.49934e-05,0.0496251
SOPT,1.0,0.9,1,1,2,500,1152,0.164526,6.57953e-05,0.0471878
gappy-POD,1.0,0.9,1,1,2,500,1152,0.164309,6.57251e-05,0.0471341
QDEIM,1.0,0.9,1,1,2,500,1152,0.164305,6.57251e-05,0.0471341
SOPT,1.0,0.9,1,1,2,600,1152,0.163547,6.57939e-05,0.0472067
gappy-POD,1.0,0.9,1,1,2,600,1152,0.163822,6.57228e-05,0.0471299
QDEIM,1.0,0.9,1,1,2,600,1152,0.16295,6.57228e-05,0.0471299
SOPT,1.0,0.9,1,1,2,700,1152,0.163935,6.57858e-05,0.0471882
gappy-POD,1.0,0.9,1,1,2,700,1152,0.16638,6.57217e-05,0.0471232
QDEIM,1.0,0.9,1,1,2,700,1152,0.163136,6.57217e-05,0.0471232
SOPT,1.0,0.9,1,1,2,800,1152,0.163655,6.57352e-05,0.0470199
gappy-POD,1.0,0.9,1,1,2,800,1152,0.163584,6.57236e-05,0.047129
QDEIM,1.0,0.9,1,1,2,800,1152,0.164756,6.57236e-05,0.047129
SOPT,1.0,0.9,1,1,2,900,1152,0.162777,6.57162e-05,0.0469555
gappy-POD,1.0,0.9,1,1,2,900,1152,0.162914,6.57248e-05,0.0471269
QDEIM,1.0,0.9,1,1,2,900,1152,0.164785,6.57248e-05,0.0471269
SOPT,1.0,0.9,1,1,2,1000,1152,0.162803,6.57257e-05,0.047072
gappy-POD,1.0,0.9,1,1,2,1000,1152,0.162293,6.57261e-05,0.047128
QDEIM,1.0,0.9,1,1,2,1000,1152,0.164646,6.57261e-05,0.047128
SOPT,1.0,0.9,1,1,2,1100,1152,0.163555,6.57135e-05,0.0469945
gappy-POD,1.0,0.9,1,1,2,1100,1152,0.164721,6.57262e-05,0.0471253
QDEIM,1.0,0.9,1,1,2,1100,1152,0.163607,6.57262e-05,0.0471253
EQPGlobal,1.0,0.99,1,2,202,2048,197,0.0122349,7.67795e-05,0.18715
EQP,1.0,0.99,1,2,2048,50,50,0.00441579,7.73735e-05,0.277964
EQP,1.0,0.99,1,2,2048,100,100,0.00709558,8.16252e-05,0.227131
EQP,1.0,0.99,1,2,2048,150,150,0.00990917,7.74491e-05,0.191907
EQP,1.0,0.99,1,2,2048,200,197,0.0122449,7.67795e-05,0.18715
EQP,1.0,0.99,1,2,2048,400,197,0.0122867,7.67795e-05,0.18715
EQP,1.0,0.99,1,2,2048,600,197,0.0122402,7.67795e-05,0.18715
EQP,1.0,0.99,1,2,2048,800,197,0.0122536,7.67795e-05,0.18715
EQP,1.0,0.99,1,2,2048,1000,197,0.0122286,7.67795e-05,0.18715
EQP,1.0,0.99,1,2,2048,1200,197,0.0121904,7.67795e-05,0.18715
EQP,1.0,0.99,1,2,2048,1400,197,0.0122215,7.67795e-05,0.18715
EQP,1.0,0.99,1,2,2048,1600,197,0.0122425,7.67795e-05,0.18715
EQP,1.0,0.99,1,2,2048,1800,197,0.012246,7.67795e-05,0.18715
EQP,1.0,0.99,1,2,2048,2000,197,0.012263,7.67795e-05,0.18715
EQP,1.0,0.99,1,2,2048,2200,197,0.0122334,7.67795e-05,0.18715
EQP,1.0,0.99,1,2,2048,2400,197,0.0122378,7.67795e-05,0.18715
EQP,1.0,0.99,1,2,2048,2600,197,0.0122772,7.67795e-05,0.18715
EQP,1.0,0.99,1,2,2048,2800,197,0.0122649,7.67795e-05,0.18715
EQP,1.0,0.99,1,2,2048,3000,197,0.0122579,7.67795e-05,0.18715
EQP,1.0,0.99,1,2,2048,3200,197,0.0122626,7.67795e-05,0.18715
EQP,1.0,0.99,1,2,2048,3400,197,0.012261,7.67795e-05,0.18715
EQP,1.0,0.99,1,2,2048,3600,197,0.0123013,7.67795e-05,0.18715
EQP,1.0,0.99,1,2,2048,3800,197,0.0122975,7.67795e-05,0.18715
EQP,1.0,0.99,1,2,2048,4000,197,0.0123,7.67795e-05,0.18715
EQP,1.0,0.99,1,2,2048,4200,197,0.0122908,7.67795e-05,0.18715
EQP,1.0,0.99,1,2,2048,4400,197,0.0122589,7.67795e-05,0.18715
SOPT,1.0,0.99,1,2,3,20,279,0.0400723,0.00132333,0.214198
gappy-POD,1.0,0.99,1,2,3,20,144,0.02137,0.00181517,0.283438
QDEIM,1.0,0.99,1,2,3,20,144,0.021023,0.00181517,0.283438
SOPT,1.0,0.99,1,2,3,40,360,0.0513116,0.00118782,0.195167
gappy-POD,1.0,0.99,1,2,3,40,261,0.037517,0.00175896,0.275633
QDEIM,1.0,0.99,1,2,3,40,234,0.033514,0.00175896,0.275633
SOPT,1.0,0.99,1,2,3,60,531,0.0759499,0.000839056,0.146275
gappy-POD,1.0,0.99,1,2,3,60,378,0.0543141,0.00164808,0.260254
QDEIM,1.0,0.99,1,2,3,60,351,0.050138,0.00164808,0.260254
SOPT,1.0,0.99,1,2,3,80,711,0.101336,0.000608378,0.113424
gappy-POD,1.0,0.99,1,2,3,80,504,0.0727373,0.00143101,0.230123
QDEIM,1.0,0.99,1,2,3,80,441,0.0625576,0.00143101,0.230123
SOPT,1.0,0.99,1,2,3,100,765,0.109125,0.000562461,0.107045
gappy-POD,1.0,0.99,1,2,3,100,621,0.0883686,0.00117076,0.193779
QDEIM,1.0,0.99,1,2,3,100,540,0.0767433,0.00117076,0.193779
SOPT,1.0,0.99,1,2,3,200,981,0.139415,0.000224464,0.0608267
gappy-POD,1.0,0.99,1,2,3,200,810,0.115812,0.000755708,0.135715
QDEIM,1.0,0.99,1,2,3,200,801,0.113043,0.000755708,0.135715
SOPT,1.0,0.99,1,2,3,300,1143,0.162737,6.48887e-05,0.0326282
gappy-POD,1.0,0.99,1,2,3,300,918,0.130986,0.000463657,0.0946886
QDEIM,1.0,0.99,1,2,3,300,954,0.134849,0.000463657,0.0946886
SOPT,1.0,0.99,1,2,3,400,1152,0.164284,6.5172e-05,0.0320389
gappy-POD,1.0,0.99,1,2,3,400,1152,0.163689,6.51618e-05,0.0321242
QDEIM,1.0,0.99,1,2,3,400,1107,0.156807,6.51618e-05,0.0321242
SOPT,1.0,0.99,1,2,3,500,1152,0.164218,6.51921e-05,0.0326877
gappy-POD,1.0,0.99,1,2,3,500,1152,0.164902,6.51603e-05,0.0320856
QDEIM,1.0,0.99,1,2,3,500,1134,0.160551,6.51603e-05,0.0320856
SOPT,1.0,0.99,1,2,3,600,1152,0.164419,6.52093e-05,0.0328466
gappy-POD,1.0,0.99,1,2,3,600,1152,0.162996,6.51601e-05,0.0320779
QDEIM,1.0,0.99,1,2,3,600,1152,0.165081,6.51601e-05,0.0320779
SOPT,1.0,0.99,1,2,3,700,1152,0.163925,6.51761e-05,0.0322471
gappy-POD,1.0,0.99,1,2,3,700,1152,0.163973,6.51595e-05,0.032069
QDEIM,1.0,0.99,1,2,3,700,1152,0.16336,6.51595e-05,0.032069
SOPT,1.0,0.99,1,2,3,800,1152,0.164815,6.51537e-05,0.0320692
gappy-POD,1.0,0.99,1,2,3,800,1152,0.163203,6.51568e-05,0.0320464
QDEIM,1.0,0.99,1,2,3,800,1152,0.164635,6.51568e-05,0.0320464
SOPT,1.0,0.99,1,2,3,900,1152,0.162985,6.51538e-05,0.0319873
gappy-POD,1.0,0.99,1,2,3,900,1152,0.163931,6.51576e-05,0.032067
QDEIM,1.0,0.99,1,2,3,900,1152,0.163843,6.51576e-05,0.032067
SOPT,1.0,0.99,1,2,3,1000,1152,0.163839,6.51617e-05,0.0320722
gappy-POD,1.0,0.99,1,2,3,1000,1152,0.164106,6.51584e-05,0.0320645
QDEIM,1.0,0.99,1,2,3,1000,1152,0.164343,6.51584e-05,0.0320645
SOPT,1.0,0.99,1,2,3,1100,1152,0.162788,6.51595e-05,0.0320604
gappy-POD,1.0,0.99,1,2,3,1100,1152,0.165014,6.51601e-05,0.0320852
QDEIM,1.0,0.99,1,2,3,1100,1152,0.164651,6.51601e-05,0.0320852
EQPGlobal,1.0,0.999,1,3,303,2048,294,0.0176055,6.86293e-05,0.200666
EQP,1.0,0.999,1,3,2048,50,50,0.00437666,7.36387e-05,0.259959
EQP,1.0,0.999,1,3,2048,100,100,0.0072587,7.89747e-05,0.206802
EQP,1.0,0.999,1,3,2048,150,150,0.0101166,7.56159e-05,0.204268
EQP,1.0,0.999,1,3,2048,200,200,0.0125554,7.05976e-05,0.162407
EQP,1.0,0.999,1,3,2048,400,294,0.0175245,6.86293e-05,0.200666
EQP,1.0,0.999,1,3,2048,600,294,0.0176021,6.86293e-05,0.200666
EQP,1.0,0.999,1,3,2048,800,294,0.0175293,6.86293e-05,0.200666
EQP,1.0,0.999,1,3,2048,1000,294,0.0175207,6.86293e-05,0.200666
EQP,1.0,0.999,1,3,2048,1200,294,0.0175447,6.86293e-05,0.200666
EQP,1.0,0.999,1,3,2048,1400,294,0.0175584,6.86293e-05,0.200666
EQP,1.0,0.999,1,3,2048,1600,294,0.017533,6.86293e-05,0.200666
EQP,1.0,0.999,1,3,2048,1800,294,0.0174941,6.86293e-05,0.200666
EQP,1.0,0.999,1,3,2048,2000,294,0.017471,6.86293e-05,0.200666
EQP,1.0,0.999,1,3,2048,2200,294,0.0175385,6.86293e-05,0.200666
EQP,1.0,0.999,1,3,2048,2400,294,0.0175958,6.86293e-05,0.200666
EQP,1.0,0.999,1,3,2048,2600,294,0.017489,6.86293e-05,0.200666
EQP,1.0,0.999,1,3,2048,2800,294,0.0175384,6.86293e-05,0.200666
EQP,1.0,0.999,1,3,2048,3000,294,0.0175931,6.86293e-05,0.200666
EQP,1.0,0.999,1,3,2048,3200,294,0.0175613,6.86293e-05,0.200666
EQP,1.0,0.999,1,3,2048,3400,294,0.0174891,6.86293e-05,0.200666
EQP,1.0,0.999,1,3,2048,3600,294,0.0175257,6.86293e-05,0.200666
EQP,1.0,0.999,1,3,2048,3800,294,0.0175108,6.86293e-05,0.200666
EQP,1.0,0.999,1,3,2048,4000,294,0.0174697,6.86293e-05,0.200666
EQP,1.0,0.999,1,3,2048,4200,294,0.0174427,6.86293e-05,0.200666
EQP,1.0,0.999,1,3,2048,4400,294,0.0173726,6.86293e-05,0.200666
SOPT,1.0,0.999,1,3,4,20,198,0.0286077,0.00134341,0.216134
gappy-POD,1.0,0.999,1,3,4,20,108,0.0156948,0.00182344,0.284329
QDEIM,1.0,0.999,1,3,4,20,180,0.0262173,0.00182344,0.284329
SOPT,1.0,0.999,1,3,4,40,378,0.0546154,0.000930138,0.15717
gappy-POD,1.0,0.999,1,3,4,40,198,0.0284141,0.00179827,0.280741
QDEIM,1.0,0.999,1,3,4,40,297,0.042729,0.00179827,0.280741
SOPT,1.0,0.999,1,3,4,60,513,0.0733694,0.000898423,0.152601
gappy-POD,1.0,0.999,1,3,4,60,288,0.0417367,0.00173898,0.272306
QDEIM,1.0,0.999,1,3,4,60,441,0.0634817,0.00173898,0.272306
SOPT,1.0,0.999,1,3,4,80,567,0.0805088,0.000805631,0.139222
gappy-POD,1.0,0.999,1,3,4,80,378,0.0537254,0.00164807,0.25933
QDEIM,1.0,0.999,1,3,4,80,540,0.0771087,0.00164807,0.25933
SOPT,1.0,0.999,1,3,4,100,711,0.100863,0.000571025,0.105253
gappy-POD,1.0,0.999,1,3,4,100,522,0.0747913,0.00145177,0.231297
QDEIM,1.0,0.999,1,3,4,100,558,0.0789728,0.00145177,0.231297
SOPT,1.0,0.999,1,3,4,200,972,0.13738,0.000266298,0.0612735
gappy-POD,1.0,0.999,1,3,4,200,774,0.110124,0.000917371,0.154521
QDEIM,1.0,0.999,1,3,4,200,936,0.133535,0.000917371,0.154521
SOPT,1.0,0.999,1,3,4,300,1152,0.165046,6.50983e-05,0.0249214
gappy-POD,1.0,0.999,1,3,4,300,990,0.142317,0.000340174,0.0711983
QDEIM,1.0,0.999,1,3,4,300,1107,0.157296,0.000340174,0.0711983
SOPT,1.0,0.999,1,3,4,400,1152,0.163862,6.51263e-05,0.0254286
gappy-POD,1.0,0.999,1,3,4,400,1080,0.152551,0.000120789,0.0386959
QDEIM,1.0,0.999,1,3,4,400,1143,0.162645,0.000120789,0.0386959
SOPT,1.0,0.999,1,3,4,500,1152,0.162668,6.50912e-05,0.0254558
gappy-POD,1.0,0.999,1,3,4,500,1152,0.16383,6.50695e-05,0.0247836
QDEIM,1.0,0.999,1,3,4,500,1152,0.163107,6.50695e-05,0.0247836
SOPT,1.0,0.999,1,3,4,600,1152,0.163157,6.511e-05,0.02566
gappy-POD,1.0,0.999,1,3,4,600,1152,0.169664,6.50676e-05,0.0247669
QDEIM,1.0,0.999,1,3,4,600,1152,0.164508,6.50676e-05,0.0247669
SOPT,1.0,0.999,1,3,4,700,1152,0.163158,6.50799e-05,0.0252698
gappy-POD,1.0,0.999,1,3,4,700,1152,0.163785,6.50669e-05,0.0247472
QDEIM,1.0,0.999,1,3,4,700,1152,0.16449,6.50669e-05,0.0247472
SOPT,1.0,0.999,1,3,4,800,1152,0.163271,6.50704e-05,0.0250044
gappy-POD,1.0,0.999,1,3,4,800,1152,0.16368,6.50665e-05,0.0247662
QDEIM,1.0,0.999,1,3,4,800,1152,0.165401,6.50665e-05,0.0247662
SOPT,1.0,0.999,1,3,4,900,1152,0.164216,6.5064e-05,0.0248497
gappy-POD,1.0,0.999,1,3,4,900,1152,0.163554,6.50659e-05,0.0247584
QDEIM,1.0,0.999,1,3,4,900,1152,0.163872,6.50659e-05,0.0247584
SOPT,1.0,0.999,1,3,4,1000,1152,0.164696,6.50632e-05,0.0247665
gappy-POD,1.0,0.999,1,3,4,1000,1152,0.163936,6.50636e-05,0.0247199
QDEIM,1.0,0.999,1,3,4,1000,1152,0.163698,6.50636e-05,0.0247199
SOPT,1.0,0.999,1,3,4,1100,1152,0.164046,6.50656e-05,0.0247732
gappy-POD,1.0,0.999,1,3,4,1100,1152,0.165825,6.50677e-05,0.0247744
QDEIM,1.0,0.999,1,3,4,1100,1152,0.163297,6.50677e-05,0.0247744
EQPGlobal,1.0,0.9999,2,4,404,2048,365,0.0219613,7.11014e-05,0.150204
EQP,1.0,0.9999,2,4,2048,50,50,0.0044612,0.000202211,0.266498
EQP,1.0,0.9999,2,4,2048,100,100,0.00770389,0.000166523,0.264484
EQP,1.0,0.9999,2,4,2048,150,150,0.0105041,0.000163529,0.289497
EQP,1.0,0.9999,2,4,2048,200,200,0.0132285,0.000143067,0.21491
EQP,1.0,0.9999,2,4,2048,400,365,0.0219502,7.11014e-05,0.150204
EQP,1.0,0.9999,2,4,2048,600,365,0.0219475,7.11014e-05,0.150204
EQP,1.0,0.9999,2,4,2048,800,365,0.0219637,7.11014e-05,0.150204
EQP,1.0,0.9999,2,4,2048,1000,365,0.0218004,7.11014e-05,0.150204
EQP,1.0,0.9999,2,4,2048,1200,365,0.0219513,7.11014e-05,0.150204
EQP,1.0,0.9999,2,4,2048,1400,365,0.021847,7.11014e-05,0.150204
EQP,1.0,0.9999,2,4,2048,1600,365,0.0220012,7.11014e-05,0.150204
EQP,1.0,0.9999,2,4,2048,1800,365,0.0221032,7.11014e-05,0.150204
EQP,1.0,0.9999,2,4,2048,2000,365,0.0218589,7.11014e-05,0.150204
EQP,1.0,0.9999,2,4,2048,2200,365,0.0219071,7.11014e-05,0.150204
EQP,1.0,0.9999,2,4,2048,2400,365,0.0219689,7.11014e-05,0.150204
EQP,1.0,0.9999,2,4,2048,2600,365,0.0219275,7.11014e-05,0.150204
EQP,1.0,0.9999,2,4,2048,2800,365,0.0219424,7.11014e-05,0.150204
EQP,1.0,0.9999,2,4,2048,3000,365,0.021819,7.11014e-05,0.150204
EQP,1.0,0.9999,2,4,2048,3200,365,0.0219602,7.11014e-05,0.150204
EQP,1.0,0.9999,2,4,2048,3400,365,0.0220166,7.11014e-05,0.150204
EQP,1.0,0.9999,2,4,2048,3600,365,0.0218781,7.11014e-05,0.150204
EQP,1.0,0.9999,2,4,2048,3800,365,0.0219051,7.11014e-05,0.150204
EQP,1.0,0.9999,2,4,2048,4000,365,0.0220395,7.11014e-05,0.150204
EQP,1.0,0.9999,2,4,2048,4200,365,0.0219736,7.11014e-05,0.150204
EQP,1.0,0.9999,2,4,2048,4400,365,0.0219269,7.11014e-05,0.150204
SOPT,1.0,0.9999,2,4,6,20,225,0.032476,0.00136717,0.208651
gappy-POD,1.0,0.9999,2,4,6,20,135,0.019751,0.00176252,0.261887
QDEIM,1.0,0.9999,2,4,6,20,144,0.0210294,0.00176252,0.261887
SOPT,1.0,0.9999,2,4,6,40,387,0.0556529,0.000869749,0.0927468
gappy-POD,1.0,0.9999,2,4,6,40,216,0.0316224,0.00171966,0.251849
QDEIM,1.0,0.9999,2,4,6,40,270,0.0392078,0.00171966,0.251849
SOPT,1.0,0.9999,2,4,6,60,540,0.0775028,0.000497792,0.0688305
gappy-POD,1.0,0.9999,2,4,6,60,315,0.0452017,0.00158153,0.247896
QDEIM,1.0,0.9999,2,4,6,60,369,0.0531154,0.00158153,0.247896
SOPT,1.0,0.9999,2,4,6,80,639,0.0916205,0.000373048,0.0637899
gappy-POD,1.0,0.9999,2,4,6,80,396,0.0576632,0.00153941,0.241091
QDEIM,1.0,0.9999,2,4,6,80,450,0.0648753,0.00153941,0.241091
SOPT,1.0,0.9999,2,4,6,100,702,0.100619,0.000330058,0.0540253
gappy-POD,1.0,0.9999,2,4,6,100,495,0.0705329,0.00135385,0.225312
QDEIM,1.0,0.9999,2,4,6,100,594,0.0849248,0.00135385,0.225312
SOPT,1.0,0.9999,2,4,6,200,981,0.140187,0.000129416,0.0311217
gappy-POD,1.0,0.9999,2,4,6,200,828,0.117932,0.000713266,0.11413
QDEIM,1.0,0.9999,2,4,6,200,972,0.138474,0.000713266,0.11413
SOPT,1.0,0.9999,2,4,6,300,1125,0.160712,1.89631e-05,0.00967949
gappy-POD,1.0,0.9999,2,4,6,300,1071,0.153561,0.000130972,0.0245517
QDEIM,1.0,0.9999,2,4,6,300,1026,0.147476,0.000130972,0.0245517
SOPT,1.0,0.9999,2,4,6,400,1152,0.163989,7.89241e-06,0.00868057
gappy-POD,1.0,0.9999,2,4,6,400,1152,0.164165,7.88734e-06,0.00846666
QDEIM,1.0,0.9999,2,4,6,400,1062,0.149649,7.88734e-06,0.00846666
SOPT,1.0,0.9999,2,4,6,500,1152,0.163787,7.89734e-06,0.00857777
gappy-POD,1.0,0.9999,2,4,6,500,1152,0.163942,7.88684e-06,0.00846987
QDEIM,1.0,0.9999,2,4,6,500,1152,0.163918,7.88684e-06,0.00846987
SOPT,1.0,0.9999,2,4,6,600,1152,0.163556,7.88972e-06,0.00851518
gappy-POD,1.0,0.9999,2,4,6,600,1152,0.163935,7.88686e-06,0.00847126
QDEIM,1.0,0.9999,2,4,6,600,1152,0.164601,7.88686e-06,0.00847126
SOPT,1.0,0.9999,2,4,6,700,1152,0.164559,7.8884e-06,0.00856688
gappy-POD,1.0,0.9999,2,4,6,700,1152,0.164859,7.88711e-06,0.00846504
QDEIM,1.0,0.9999,2,4,6,700,1152,0.163517,7.88711e-06,0.00846504
SOPT,1.0,0.9999,2,4,6,800,1152,0.164475,7.89108e-06,0.00853832
gappy-POD,1.0,0.9999,2,4,6,800,1152,0.166159,7.88713e-06,0.00847131
QDEIM,1.0,0.9999,2,4,6,800,1152,0.165005,7.88713e-06,0.00847131
SOPT,1.0,0.9999,2,4,6,900,1152,0.165797,7.89183e-06,0.0084707
gappy-POD,1.0,0.9999,2,4,6,900,1152,0.164284,7.88762e-06,0.00846841
QDEIM,1.0,0.9999,2,4,6,900,1152,0.164629,7.88762e-06,0.00846841
SOPT,1.0,0.9999,2,4,6,1000,1152,0.167175,7.88911e-06,0.00847008
gappy-POD,1.0,0.9999,2,4,6,1000,1152,0.165348,7.88808e-06,0.00846546
QDEIM,1.0,0.9999,2,4,6,1000,1152,0.164091,7.88808e-06,0.00846546
SOPT,1.0,0.9999,2,4,6,1100,1152,0.16394,7.88631e-06,0.00847722
gappy-POD,1.0,0.9999,2,4,6,1100,1152,0.16579,7.88801e-06,0.00846879
QDEIM,1.0,0.9999,2,4,6,1100,1152,0.166481,7.88801e-06,0.00846879
EQPGlobal,1.0,0.99999,3,5,505,2048,422,0.0261193,4.73455e-05,0.109228
EQP,1.0,0.99999,3,5,2048,50,50,0.00497911,0.000214559,0.265515
EQP,1.0,0.99999,3,5,2048,100,100,0.00825894,0.000152358,0.275623
EQP,1.0,0.99999,3,5,2048,150,150,0.011256,0.000156104,0.252888
EQP,1.0,0.99999,3,5,2048,200,200,0.0139964,0.000127538,0.241379
EQP,1.0,0.99999,3,5,2048,400,400,0.024672,6.40364e-05,0.117911
EQP,1.0,0.99999,3,5,2048,600,422,0.0260563,4.73455e-05,0.109228
EQP,1.0,0.99999,3,5,2048,800,422,0.0262937,4.73455e-05,0.109228
EQP,1.0,0.99999,3,5,2048,1000,422,0.0261786,4.73455e-05,0.109228
EQP,1.0,0.99999,3,5,2048,1200,422,0.0261759,4.73455e-05,0.109228
EQP,1.0,0.99999,3,5,2048,1400,422,0.0260599,4.73455e-05,0.109228
EQP,1.0,0.99999,3,5,2048,1600,422,0.0263462,4.73455e-05,0.109228
EQP,1.0,0.99999,3,5,2048,1800,422,0.0261667,4.73455e-05,0.109228
EQP,1.0,0.99999,3,5,2048,2000,422,0.0261695,4.73455e-05,0.109228
EQP,1.0,0.99999,3,5,2048,2200,422,0.0261647,4.73455e-05,0.109228
EQP,1.0,0.99999,3,5,2048,2400,422,0.0262554,4.73455e-05,0.109228
EQP,1.0,0.99999,3,5,2048,2600,422,0.0261987,4.73455e-05,0.109228
EQP,1.0,0.99999,3,5,2048,2800,422,0.0262157,4.73455e-05,0.109228
EQP,1.0,0.99999,3,5,2048,3000,422,0.0261886,4.73455e-05,0.109228
EQP,1.0,0.99999,3,5,2048,3200,422,0.0261849,4.73455e-05,0.109228
EQP,1.0,0.99999,3,5,2048,3400,422,0.0263285,4.73455e-05,0.109228
EQP,1.0,0.99999,3,5,2048,3600,422,0.0262692,4.73455e-05,0.109228
EQP,1.0,0.99999,3,5,2048,3800,422,0.0260765,4.73455e-05,0.109228
EQP,1.0,0.99999,3,5,2048,4000,422,0.0262692,4.73455e-05,0.109228
EQP,1.0,0.99999,3,5,2048,4200,422,0.0262894,4.73455e-05,0.109228
EQP,1.0,0.99999,3,5,2048,4400,422,0.0262122,4.73455e-05,0.109228
SOPT,1.0,0.99999,3,5,7,20,225,0.0329802,0.00141181,0.205944
gappy-POD,1.0,0.99999,3,5,7,20,135,0.0199318,0.00176465,0.281334
QDEIM,1.0,0.99999,3,5,7,20,162,0.0238327,0.00176465,0.281334
SOPT,1.0,0.99999,3,5,7,40,495,0.0717194,0.000683031,0.0738953
gappy-POD,1.0,0.99999,3,5,7,40,216,0.0313343,0.00171801,0.262704
QDEIM,1.0,0.99999,3,5,7,40,252,0.0368752,0.00171801,0.262704
SOPT,1.0,0.99999,3,5,7,60,585,0.0843699,0.000458611,0.0487003
gappy-POD,1.0,0.99999,3,5,7,60,288,0.0418185,0.0017007,0.256964
QDEIM,1.0,0.99999,3,5,7,60,369,0.0531918,0.0017007,0.256964
SOPT,1.0,0.99999,3,5,7,80,639,0.0919324,0.000355511,0.053645
gappy-POD,1.0,0.99999,3,5,7,80,378,0.0546684,0.00155505,0.244346
QDEIM,1.0,0.99999,3,5,7,80,477,0.0682807,0.00155505,0.244346
SOPT,1.0,0.99999,3,5,7,100,702,0.100366,0.000274249,0.0624119
gappy-POD,1.0,0.99999,3,5,7,100,459,0.066271,0.00142033,0.229304
QDEIM,1.0,0.99999,3,5,7,100,558,0.0795855,0.00142033,0.229304
SOPT,1.0,0.99999,3,5,7,200,963,0.138508,0.000123632,0.0179157
gappy-POD,1.0,0.99999,3,5,7,200,882,0.126509,0.00050038,0.101309
QDEIM,1.0,0.99999,3,5,7,200,918,0.131264,0.00050038,0.101309
SOPT,1.0,0.99999,3,5,7,300,1125,0.161191,1.43636e-05,0.00270389
gappy-POD,1.0,0.99999,3,5,7,300,1089,0.155072,8.29171e-05,0.0236542
QDEIM,1.0,0.99999,3,5,7,300,1152,0.165676,8.29171e-05,0.0236542
SOPT,1.0,0.99999,3,5,7,400,1152,0.165624,2.17869e-06,0.00337193
gappy-POD,1.0,0.99999,3,5,7,400,1143,0.162033,1.08607e-05,0.00407649
QDEIM,1.0,0.99999,3,5,7,400,1152,0.165637,1.08607e-05,0.00407649
SOPT,1.0,0.99999,3,5,7,500,1152,0.164434,2.18234e-06,0.00339687
gappy-POD,1.0,0.99999,3,5,7,500,1152,0.164717,2.18897e-06,0.00345777
QDEIM,1.0,0.99999,3,5,7,500,1152,0.164288,2.18897e-06,0.00345777
SOPT,1.0,0.99999,3,5,7,600,1152,0.164425,2.18254e-06,0.00341738
gappy-POD,1.0,0.99999,3,5,7,600,1152,0.166106,2.1886e-06,0.0034566
QDEIM,1.0,0.99999,3,5,7,600,1152,0.165175,2.1886e-06,0.0034566
SOPT,1.0,0.99999,3,5,7,700,1152,0.164289,2.18012e-06,0.00342802
gappy-POD,1.0,0.99999,3,5,7,700,1152,0.164972,2.18853e-06,0.00345537
QDEIM,1.0,0.99999,3,5,7,700,1152,0.166545,2.18853e-06,0.00345537
SOPT,1.0,0.99999,3,5,7,800,1152,0.165264,2.1822e-06,0.00344401
gappy-POD,1.0,0.99999,3,5,7,800,1152,0.16503,2.1884e-06,0.00345577
QDEIM,1.0,0.99999,3,5,7,800,1152,0.164912,2.1884e-06,0.00345577
SOPT,1.0,0.99999,3,5,7,900,1152,0.163701,2.18615e-06,0.00345002
gappy-POD,1.0,0.99999,3,5,7,900,1152,0.166227,2.18861e-06,0.00345631
QDEIM,1.0,0.99999,3,5,7,900,1152,0.165078,2.18861e-06,0.00345631
SOPT,1.0,0.99999,3,5,7,1000,1152,0.166417,2.18753e-06,0.00345558
gappy-POD,1.0,0.99999,3,5,7,1000,1152,0.165664,2.18893e-06,0.00345704
QDEIM,1.0,0.99999,3,5,7,1000,1152,0.165978,2.18893e-06,0.00345704
SOPT,1.0,0.99999,3,5,7,1100,1152,0.165023,2.18793e-06,0.00345635
gappy-POD,1.0,0.99999,3,5,7,1100,1152,0.166918,2.18844e-06,0.00345529
QDEIM,1.0,0.99999,3,5,7,1100,1152,0.165335,2.18844e-06,0.00345529
EQPGlobal,1.0,0.999999,3,7,707,2048,571,0.0370362,3.32762e-05,0.121047
EQP,1.0,0.999999,3,7,2048,50,50,0.00514562,0.000217813,0.278794
EQP,1.0,0.999999,3,7,2048,100,100,0.00847397,0.000182833,0.277826
EQP,1.0,0.999999,3,7,2048,150,150,0.011816,0.000153415,0.260115
EQP,1.0,0.999999,3,7,2048,200,200,0.0147116,0.000141184,0.200456
EQP,1.0,0.999999,3,7,2048,400,400,0.0261291,7.05477e-05,0.171248
EQP,1.0,0.999999,3,7,2048,600,571,0.0370169,3.32762e-05,0.121047
EQP,1.0,0.999999,3,7,2048,800,571,0.0369748,3.32762e-05,0.121047
EQP,1.0,0.999999,3,7,2048,1000,571,0.0369574,3.32762e-05,0.121047
EQP,1.0,0.999999,3,7,2048,1200,571,0.0370781,3.32762e-05,0.121047
EQP,1.0,0.999999,3,7,2048,1400,571,0.0371058,3.32762e-05,0.121047
EQP,1.0,0.999999,3,7,2048,1600,571,0.0371268,3.32762e-05,0.121047
EQP,1.0,0.999999,3,7,2048,1800,571,0.0370854,3.32762e-05,0.121047
EQP,1.0,0.999999,3,7,2048,2000,571,0.0369954,3.32762e-05,0.121047
EQP,1.0,0.999999,3,7,2048,2200,571,0.0369845,3.32762e-05,0.121047
EQP,1.0,0.999999,3,7,2048,2400,571,0.0373421,3.32762e-05,0.121047
EQP,1.0,0.999999,3,7,2048,2600,571,0.0369869,3.32762e-05,0.121047
EQP,1.0,0.999999,3,7,2048,2800,571,0.0370602,3.32762e-05,0.121047
EQP,1.0,0.999999,3,7,2048,3000,571,0.0371104,3.32762e-05,0.121047
EQP,1.0,0.999999,3,7,2048,3200,571,0.0368795,3.32762e-05,0.121047
EQP,1.0,0.999999,3,7,2048,3400,571,0.037317,3.32762e-05,0.121047
EQP,1.0,0.999999,3,7,2048,3600,571,0.0370745,3.32762e-05,0.121047
EQP,1.0,0.999999,3,7,2048,3800,571,0.0374715,3.32762e-05,0.121047
EQP,1.0,0.999999,3,7,2048,4000,571,0.0369897,3.32762e-05,0.121047
EQP,1.0,0.999999,3,7,2048,4200,571,0.0371261,3.32762e-05,0.121047
EQP,1.0,0.999999,3,7,2048,4400,571,0.037064,3.32762e-05,0.121047
SOPT,1.0,0.999999,3,7,11,20,198,0.0288797,0.00145922,0.199899
gappy-POD,1.0,0.999999,3,7,11,20,144,0.0212182,0.00171397,0.274644
QDEIM,1.0,0.999999,3,7,11,20,162,0.023952,0.00171397,0.274644
SOPT,1.0,0.999999,3,7,11,40,378,0.054575,0.00113258,0.138432
gappy-POD,1.0,0.999999,3,7,11,40,234,0.0340482,0.00156127,0.228031
QDEIM,1.0,0.999999,3,7,11,40,198,0.0288647,0.00156127,0.228031
SOPT,1.0,0.999999,3,7,11,60,486,0.0704308,0.000873587,0.103739
gappy-POD,1.0,0.999999,3,7,11,60,315,0.0460453,0.00148975,0.212694
QDEIM,1.0,0.999999,3,7,11,60,297,0.0431598,0.00148975,0.212694
SOPT,1.0,0.999999,3,7,11,80,594,0.0853158,0.000663067,0.0870767
gappy-POD,1.0,0.999999,3,7,11,80,378,0.0547477,0.0014085,0.199938
QDEIM,1.0,0.999999,3,7,11,80,351,0.0509868,0.0014085,0.199938
SOPT,1.0,0.999999,3,7,11,100,765,0.1105,0.000530192,0.0783132
gappy-POD,1.0,0.999999,3,7,11,100,414,0.0599888,0.00134237,0.198246
QDEIM,1.0,0.999999,3,7,11,100,369,0.0536297,0.00134237,0.198246
SOPT,1.0,0.999999,3,7,11,200,1080,0.15476,5.79563e-05,0.0124449
gappy-POD,1.0,0.999999,3,7,11,200,711,0.102805,0.000743524,0.131627
QDEIM,1.0,0.999999,3,7,11,200,666,0.0959144,0.000743524,0.131627
SOPT,1.0,0.999999,3,7,11,300,1143,0.164182,3.1241e-06,0.00372547
gappy-POD,1.0,0.999999,3,7,11,300,1026,0.148179,0.000237117,0.0669111
QDEIM,1.0,0.999999,3,7,11,300,936,0.134791,0.000237117,0.0669111
SOPT,1.0,0.999999,3,7,11,400,1152,0.165093,2.19938e-06,0.00342268
gappy-POD,1.0,0.999999,3,7,11,400,1143,0.163543,8.90668e-06,0.00330697
QDEIM,1.0,0.999999,3,7,11,400,1152,0.163977,8.90668e-06,0.00330697
SOPT,1.0,0.999999,3,7,11,500,1152,0.166121,2.19656e-06,0.00341798
gappy-POD,1.0,0.999999,3,7,11,500,1152,0.164448,2.19212e-06,0.00344157
QDEIM,1.0,0.999999,3,7,11,500,1152,0.164307,2.19212e-06,0.00344157
SOPT,1.0,0.999999,3,7,11,600,1152,0.166918,2.19525e-06,0.00341969
gappy-POD,1.0,0.999999,3,7,11,600,1152,0.164913,2.19218e-06,0.00343985
QDEIM,1.0,0.999999,3,7,11,600,1152,0.164874,2.19218e-06,0.00343985
SOPT,1.0,0.999999,3,7,11,700,1152,0.164934,2.19639e-06,0.00341799
gappy-POD,1.0,0.999999,3,7,11,700,1152,0.164726,2.19192e-06,0.00343872
QDEIM,1.0,0.999999,3,7,11,700,1152,0.16452,2.19192e-06,0.00343872
SOPT,1.0,0.999999,3,7,11,800,1152,0.166268,2.19519e-06,0.00341779
gappy-POD,1.0,0.999999,3,7,11,800,1152,0.165489,2.19161e-06,0.00343938
QDEIM,1.0,0.999999,3,7,11,800,1152,0.165254,2.19161e-06,0.00343938
SOPT,1.0,0.999999,3,7,11,900,1152,0.166933,2.1942e-06,0.00342266
gappy-POD,1.0,0.999999,3,7,11,900,1152,0.167479,2.19156e-06,0.00343747
QDEIM,1.0,0.999999,3,7,11,900,1152,0.165689,2.19156e-06,0.00343747
SOPT,1.0,0.999999,3,7,11,1000,1152,0.166441,2.19457e-06,0.00343042
gappy-POD,1.0,0.999999,3,7,11,1000,1152,0.166485,2.19117e-06,0.00343751
QDEIM,1.0,0.999999,3,7,11,1000,1152,0.166376,2.19117e-06,0.00343751
SOPT,1.0,0.999999,3,7,11,1100,1152,0.165862,2.19299e-06,0.00343338
gappy-POD,1.0,0.999999,3,7,11,1100,1152,0.166832,2.19129e-06,0.0034374
QDEIM,1.0,0.999999,3,7,11,1100,1152,0.165828,2.19129e-06,0.0034374
