method,t,n,xx,vv,ee,q,condV,condE,time,ErrX,ErrV,ErrE
nohr,0.1,1,6,4,3,,,1.02e+01,0.0178563,0.809714,0.140161
sopt,0.1,1,6,4,3,10,1.820456,2.149235,0.202962,2.436e-05,0.0106881,0.00146833
qdeim,0.1,1,6,4,3,10,3.344298,3.152111,0.107439,3.95688e-05,0.0322157,0.00289994
sopt,0.1,1,6,4,3,20,9.447070,1.787336,0.268833,3.86677e-05,0.0131759,0.00192926
qdeim,0.1,1,6,4,3,20,2.591161,3.439145,0.131415,3.96402e-05,0.0323485,0.00287655
sopt,0.1,1,6,4,3,30,7.131049,4.359155,0.304216,5.82379e-05,0.0431027,0.00181751
qdeim,0.1,1,6,4,3,30,22.333613,3.720519,0.156267,4.56185e-05,0.0318973,0.00290872
sopt,0.1,1,6,4,3,40,7.668320,2638.920866,0.354456,0.000122884,0.15155,0.00316359
qdeim,0.1,1,6,4,3,40,2.253363,1.995240,0.180651,4.7569e-05,0.0234794,0.00169769
sopt,0.1,1,6,4,3,50,5.781736,4.350007,0.469277,0.000202107,0.308436,0.00536015
qdeim,0.1,1,6,4,3,50,2.022618,1.983909,0.218549,5.27356e-05,0.020308,0.00117154
sopt,0.1,1,6,4,3,60,5.405123,2698.919243,0.63493,0.000301047,0.556488,0.00891528
qdeim,0.1,1,6,4,3,60,12.464762,4.512555,0.226216,5.5523e-05,0.0201521,0.00116337
sopt,0.1,1,6,4,3,70,5.723314,3.937294,0.73397,0.000403758,0.875534,0.0150594
qdeim,0.1,1,6,4,3,70,2.118669,2.349654,0.252269,5.53941e-05,0.0197938,0.00115787
sopt,0.1,1,6,4,3,80,4.393417,2916.772413,1.02715,0.000583658,1.63964,0.0415722
qdeim,0.1,1,6,4,3,80,2.482593,3.311910,0.273524,5.38777e-05,0.0211629,0.00115918
sopt,0.1,1,6,4,3,90,4.431045,3.615142,1.33402,0.000728637,2.47117,0.0962184
qdeim,0.1,1,6,4,3,90,10.614374,3.449465,0.297453,5.28263e-05,0.0227923,0.00116879
sopt,0.1,1,6,4,3,100,4.563314,3052.106601,1.60507,0.000841383,3.322,0.186543
qdeim,0.1,1,6,4,3,100,3.518387,3.337863,0.303455,5.32325e-05,0.0232018,0.00118117
sopt,0.1,1,6,4,3,110,4.023075,3.558223,1.91184,0.000930638,4.1131,0.317282
qdeim,0.1,1,6,4,3,110,3.094203,3.341026,0.304642,5.42008e-05,0.0233212,0.00119679
sopt,0.1,1,6,4,3,120,4.062086,2039.008406,2.17168,0.000982395,4.59341,0.430051
qdeim,0.1,1,6,4,3,120,5.815175,2.904243,0.304952,5.50849e-05,0.0234369,0.00120984
sopt,0.1,1,6,4,3,130,3.785537,3.433320,2.44301,0.0010055,4.80957,0.494824
qdeim,0.1,1,6,4,3,130,2.673400,3.145515,0.302747,5.58798e-05,0.023549,0.00122169
sopt,0.1,1,6,4,3,140,3.812922,3.402985,2.65899,0.00102241,4.96559,0.549053
qdeim,0.1,1,6,4,3,140,2.699306,2.882402,0.298781,5.66046e-05,0.0235689,0.00123147
sopt,0.1,1,6,4,3,150,3.824691,3.075760,2.71775,0.00100689,4.81733,0.499314
qdeim,0.1,1,6,4,3,150,4.435029,3.060180,0.300482,5.78911e-05,0.0236035,0.00125155
sopt,0.1,1,6,4,3,160,3.883643,3.043552,2.74316,0.00101142,4.85792,0.514032
qdeim,0.1,1,6,4,3,160,2.703479,2.921848,0.304099,5.91395e-05,0.0236875,0.00127519
sopt,0.1,1,6,4,3,170,3.964829,2.931633,2.8311,0.00101928,4.92966,0.539762
qdeim,0.1,1,6,4,3,170,2.614305,2.972726,0.249038,7.52535e-05,0.0265709,0.00200468
sopt,0.1,1,6,4,3,180,4.012075,5.188037,2.94296,0.00101376,4.87568,0.521723
qdeim,0.1,1,6,4,3,180,4.697327,2.734851,0.257455,7.56384e-05,0.0264031,0.00203091
sopt,0.1,1,6,4,3,190,4.288709,3.425664,3.05011,0.00102128,4.94482,0.546966
qdeim,0.1,1,6,4,3,190,2.845899,2.948005,0.273204,7.57618e-05,0.0261072,0.00203326
sopt,0.1,1,6,4,3,200,2.837161,7.153083,3.16262,0.00101622,4.89787,0.530451
qdeim,0.1,1,6,4,3,200,2.896165,2.962778,0.299116,7.57946e-05,0.0258267,0.00203586
nohr,0.1,2,6,6,5,200,2.896165,2.962778,,7.57946e-05,0.477123,
sopt,0.1,2,6,6,5,10,5.739289,6.149829,0.227353,2.08273e-05,0.00748563,0.00173371
qdeim,0.1,2,6,6,5,10,41.814148,3.189760,0.146711,2.28177e-05,0.0143382,0.00166424
sopt,0.1,2,6,6,5,20,4.253383,5.272181,0.318972,2.06184e-05,0.00791204,0.00178889
qdeim,0.1,2,6,6,5,20,4987.022437,4.170414,0.1918,2.28376e-05,0.0144,0.00166558
sopt,0.1,2,6,6,5,30,5.758364,5.099330,0.414906,2.10425e-05,0.00872253,0.0018305
qdeim,0.1,2,6,6,5,30,5087.262244,2877.240190,0.219928,2.27798e-05,0.014371,0.00166667
sopt,0.1,2,6,6,5,40,1499.281959,3.118348,0.461884,2.0915e-05,0.00879497,0.00185355
qdeim,0.1,2,6,6,5,40,15.577687,7.600410,0.219827,2.26734e-05,0.0143065,0.00166632
sopt,0.1,2,6,6,5,50,9.691548,3.253758,0.537502,2.09471e-05,0.00870816,0.00186525
qdeim,0.1,2,6,6,5,50,6700.721609,10.147108,0.228623,2.26674e-05,0.0143066,0.00166622
sopt,0.1,2,6,6,5,60,7.366862,7.444967,0.585206,2.08461e-05,0.00851658,0.00185865
qdeim,0.1,2,6,6,5,60,12.611809,9176.493496,0.220873,2.26648e-05,0.014307,0.00166617
sopt,0.1,2,6,6,5,70,3.951294,3.435014,0.592628,2.05143e-05,0.00821873,0.00181981
qdeim,0.1,2,6,6,5,70,9.649748,1610.076832,0.251951,1.94086e-05,0.0125892,0.0017266
sopt,0.1,2,6,6,5,80,3.223355,3.021243,0.618361,1.99669e-05,0.00776649,0.00175204
qdeim,0.1,2,6,6,5,80,11.280801,974.426697,0.289352,1.87751e-05,0.0132208,0.00172224
sopt,0.1,2,6,6,5,90,3.249432,4.692862,0.618735,1.98572e-05,0.00762486,0.00173787
qdeim,0.1,2,6,6,5,90,10.444168,655.555448,0.33547,1.87665e-05,0.0138106,0.00170699
sopt,0.1,2,6,6,5,100,3.589930,2.463050,0.596634,1.86215e-05,0.0070441,0.00161616
qdeim,0.1,2,6,6,5,100,9.335925,10.879365,0.367163,1.90973e-05,0.0146869,0.00177486
sopt,0.1,2,6,6,5,110,3.119168,2.956487,0.600372,1.85259e-05,0.00692266,0.00160315
qdeim,0.1,2,6,6,5,110,8.401581,8.353043,0.412708,1.95149e-05,0.0134233,0.00171517
sopt,0.1,2,6,6,5,120,2.952112,3.364428,0.609096,1.83117e-05,0.00677561,0.00157653
qdeim,0.1,2,6,6,5,120,6.384547,666.916739,0.473753,1.94839e-05,0.0117339,0.00178393
sopt,0.1,2,6,6,5,130,2.756807,2.466064,0.648355,1.868e-05,0.00665783,0.00143147
qdeim,0.1,2,6,6,5,130,5.501604,6.282704,0.536266,1.97239e-05,0.0109645,0.00180152
sopt,0.1,2,6,6,5,140,2.634173,2.478031,0.648438,1.87381e-05,0.00681446,0.0014231
qdeim,0.1,2,6,6,5,140,5.288818,5.848438,0.53218,1.98879e-05,0.0107753,0.00179837
sopt,0.1,2,6,6,5,150,6.770176,2.578753,0.673914,1.87204e-05,0.00690721,0.0014178
qdeim,0.1,2,6,6,5,150,4.480686,9.661691,0.538384,1.9883e-05,0.0107786,0.00179688
sopt,0.1,2,6,6,5,160,2.410457,2.453118,0.718158,1.87456e-05,0.00714503,0.00138693
qdeim,0.1,2,6,6,5,160,4.034068,4.817636,0.534024,1.98777e-05,0.01078,0.00179577
sopt,0.1,2,6,6,5,170,6.024625,2.436530,0.786732,1.88309e-05,0.00730704,0.00137702
qdeim,0.1,2,6,6,5,170,4.425982,5.850629,0.549251,1.99055e-05,0.0107691,0.00179528
sopt,0.1,2,6,6,5,180,6.369668,2.361171,0.83775,1.87926e-05,0.00755267,0.00134168
qdeim,0.1,2,6,6,5,180,4.799994,11.014468,0.555918,1.98572e-05,0.0108189,0.00179284
sopt,0.1,2,6,6,5,190,5.640579,2.456925,0.851873,1.81111e-05,0.00780041,0.00123985
qdeim,0.1,2,6,6,5,190,5.928990,5.518621,0.539765,1.97965e-05,0.0109238,0.001868
sopt,0.1,2,6,6,5,200,5.583594,2.731773,0.875572,1.815e-05,0.00789764,0.00122745
qdeim,0.1,2,6,6,5,200,6.934521,6.078988,0.558132,1.98091e-05,0.0110202,0.00189236
nohr,0.1,3,6,9,9,200,6.934521,6.078988,,1.98091e-05,0.583809,0.0376561
sopt,0.1,3,6,9,9,10,13.480775,9.950094,0.255573,7.06653e-05,0.0401085,0.00650651
qdeim,0.1,3,6,9,9,10,7.723483,5.300337,0.221205,1.64748e-05,0.0117401,0.00156075
sopt,0.1,3,6,9,9,20,15.718597,8.484640,0.316506,1.26351e-05,0.00944487,0.000995244
qdeim,0.1,3,6,9,9,20,5.696238,4.383086,0.27968,1.43876e-05,0.0105592,0.00146376
sopt,0.1,3,6,9,9,30,6.571759,4.926473,0.412331,6.04207e-05,0.033906,0.00515687
qdeim,0.1,3,6,9,9,30,8.877701,325.717316,0.367078,2.87895e-05,0.0192829,0.00282328
sopt,0.1,3,6,9,9,40,7.209884,4.571686,0.438143,5.16724e-05,0.0315157,0.00442972
qdeim,0.1,3,6,9,9,40,5.848595,5.827692,0.363481,2.83578e-05,0.0190079,0.00279874
sopt,0.1,3,6,9,9,50,5.847826,4.705317,0.641324,1.76894e-05,0.0106751,0.000985059
qdeim,0.1,3,6,9,9,50,7.422036,6.181072,0.385144,2.81863e-05,0.018816,0.00278379
sopt,0.1,3,6,9,9,60,4.973986,4.939026,0.526454,2.0078e-05,0.0127761,0.00149802
qdeim,0.1,3,6,9,9,60,12.381479,7637.791129,0.382685,3.00543e-05,0.0197031,0.00291994
sopt,0.1,3,6,9,9,70,4.619663,4.919785,0.74372,0.00127634,,
qdeim,0.1,3,6,9,9,70,8.743611,5.320836,0.386977,3.59876e-05,0.0226205,0.00339095
sopt,0.1,3,6,9,9,80,4.719925,3.882274,0.791831,0.00127634,,
qdeim,0.1,3,6,9,9,80,7.166550,6.078577,0.389867,3.59773e-05,0.0225929,0.00338406
sopt,0.1,3,6,9,9,90,5.209710,4.485704,0.574977,1.58768e-05,0.0099405,0.00134611
qdeim,0.1,3,6,9,9,90,19.698771,5035.717244,0.387713,3.62638e-05,0.0225502,0.00334538
sopt,0.1,3,6,9,9,100,4.396310,4.392621,0.628779,1.77573e-05,0.0112434,0.00161161
qdeim,0.1,3,6,9,9,100,12.369138,5.911961,0.36274,3.88187e-05,0.0244931,0.00366067
sopt,0.1,3,6,9,9,110,4.112608,3.353354,0.622875,1.84836e-05,0.0117123,0.00167326
qdeim,0.1,3,6,9,9,110,9.834678,5.590712,0.423461,4.68129e-05,0.0275458,0.00571986
sopt,0.1,3,6,9,9,120,8.705937,3.595058,0.652748,2.12089e-05,0.0133758,0.00190433
qdeim,0.1,3,6,9,9,120,14.754737,925.850691,0.480327,5.1201e-05,0.0296606,0.00618234
sopt,0.1,3,6,9,9,130,7.597176,3.420897,0.666754,2.73185e-05,0.017126,0.00252016
qdeim,0.1,3,6,9,9,130,6.656905,16.982286,0.542695,4.99198e-05,0.0287271,0.00602478
sopt,0.1,3,6,9,9,140,4.951143,3.472330,0.678672,2.63573e-05,0.0165143,0.00242113
qdeim,0.1,3,6,9,9,140,5.337386,16.949069,0.585144,2.28173e-05,0.0108476,0.00263696
sopt,0.1,3,6,9,9,150,4.093094,3.761427,0.715552,3.36873e-05,0.0211341,0.00314888
qdeim,0.1,3,6,9,9,150,5.038290,53.426176,0.58686,2.60419e-05,0.0124559,0.00303613
sopt,0.1,3,6,9,9,160,4.007796,3.291341,0.728158,3.86465e-05,0.0240064,0.00364946
qdeim,0.1,3,6,9,9,160,4.257718,15.883296,0.599688,3.03415e-05,0.0137218,0.00319248
sopt,0.1,3,6,9,9,170,5.339469,3.481798,0.763496,2.05353e-05,0.0127755,0.00181546
qdeim,0.1,3,6,9,9,170,3.764079,12.418510,0.607372,3.25691e-05,0.0148332,0.00340867
sopt,0.1,3,6,9,9,180,4.557780,5.622266,0.776457,1.2113e-05,0.0072468,0.000998573
qdeim,0.1,3,6,9,9,180,7.591270,1770.274892,0.618396,3.23784e-05,0.0148107,0.00338644
sopt,0.1,3,6,9,9,190,7.189778,3.160472,0.786723,3.02362e-05,0.0189026,0.00268959
qdeim,0.1,3,6,9,9,190,3.679557,14.137075,0.620127,2.94064e-05,0.0139596,0.00321855
sopt,0.1,3,6,9,9,200,5.276306,2.935580,0.791177,3.04919e-05,0.019016,0.002701
qdeim,0.1,3,6,9,9,200,4.806140,13.344761,0.653189,1.96843e-05,0.00905704,0.00209053
nohr,0.1,4,6,14,12,200,4.806140,13.344761,,1.96843e-05,0.543027,0.0367145
sopt,0.1,4,6,14,12,10,16.842502,29.336301,0.341712,0.00127634,,0.0410282
qdeim,0.1,4,6,14,12,10,6.246975,10.164623,0.286006,4.84429e-05,0.0301348,0.00473739
sopt,0.1,4,6,14,12,20,13.009943,11.888769,0.411716,0.00127634,,0.0410282
qdeim,0.1,4,6,14,12,20,4.967683,14.366513,0.341894,2.26433e-05,0.0182314,0.00276029
sopt,0.1,4,6,14,12,30,10.901633,8.973175,0.503659,0.00127634,,0.0410282
qdeim,0.1,4,6,14,12,30,5.720348,15.321542,0.39168,1.84149e-05,0.0139832,0.0026204
sopt,0.1,4,6,14,12,40,6.388688,8.769842,0.561624,0.00127634,,0.0410282
qdeim,0.1,4,6,14,12,40,6.814590,14.775375,0.461392,1.53049e-05,0.0111098,0.00212812
sopt,0.1,4,6,14,12,50,8.790087,7.229630,0.689507,0.00127634,,0.0410282
qdeim,0.1,4,6,14,12,50,7.763372,9.239699,0.497429,1.22359e-05,0.00751728,0.00150439
sopt,0.1,4,6,14,12,60,293.854776,6.469615,0.835994,0.00127634,,0.0410282
qdeim,0.1,4,6,14,12,60,1082.221141,9.784451,0.559596,5.19198e-05,0.0262081,0.00393844
sopt,0.1,4,6,14,12,70,6.413023,18.026608,0.608278,4.38633e-05,0.029879,0.00489227
qdeim,0.1,4,6,14,12,70,6.085153,17.391982,0.594494,5.618e-05,0.0251335,0.00357055
sopt,0.1,4,6,14,12,80,5.763024,6.726184,0.610654,2.65403e-05,0.0194014,0.00360777
qdeim,0.1,4,6,14,12,80,7.527179,10.522440,0.711545,4.67142e-05,0.019523,0.00271148
sopt,0.1,4,6,14,12,90,5.800426,6.956716,0.600927,2.56106e-05,0.0181188,0.00329349
qdeim,0.1,4,6,14,12,90,5.812689,9.048590,0.938875,0.00127634,,0.0410282
sopt,0.1,4,6,14,12,100,6.032110,6.440493,0.62181,2.38616e-05,0.0164952,0.0029385
qdeim,0.1,4,6,14,12,100,5.436274,9.957167,0.967087,0.00127634,,0.0410282
sopt,0.1,4,6,14,12,110,5.202981,6.287609,0.658295,2.32343e-05,0.0158076,0.00279756
qdeim,0.1,4,6,14,12,110,4.473338,9.592895,1.00916,0.00127634,,0.0410282
sopt,0.1,4,6,14,12,120,5.836785,6.353587,0.669919,2.32345e-05,0.0156131,0.0027286
qdeim,0.1,4,6,14,12,120,6.105188,8.809436,1.1532,0.00127634,,0.0410282
sopt,0.1,4,6,14,12,130,6.486400,7.619765,0.688071,2.25265e-05,0.0150114,0.00260741
qdeim,0.1,4,6,14,12,130,5.067534,10.146490,1.19828,0.00127634,,0.0410282
sopt,0.1,4,6,14,12,140,5.908118,12.259607,0.715778,2.0545e-05,0.0137044,0.00238766
qdeim,0.1,4,6,14,12,140,5.253454,467.593136,1.42415,0.00127634,,0.0410282
sopt,0.1,4,6,14,12,150,5.699707,6.845212,0.757864,1.91943e-05,0.0128961,0.00219947
qdeim,0.1,4,6,14,12,150,5.909281,14.321995,2.02118,0.00127634,,0.0410282
sopt,0.1,4,6,14,12,160,5.117957,8.518257,0.757616,1.81458e-05,0.0122393,0.00209045
qdeim,0.1,4,6,14,12,160,4.909952,15.618628,2.03212,0.00127634,,0.0410282
sopt,0.1,4,6,14,12,170,5.566928,8.729589,0.782231,1.75397e-05,0.011771,0.00200299
qdeim,0.1,4,6,14,12,170,4.763123,15.603397,0.993226,2.75541e-05,0.0143514,0.00255191
sopt,0.1,4,6,14,12,180,9.767668,7.633269,0.799299,1.69514e-05,0.0114444,0.00198087
qdeim,0.1,4,6,14,12,180,7.001901,13.621167,0.978096,2.64155e-05,0.0136832,0.00238319
sopt,0.1,4,6,14,12,190,8.115353,8.335516,0.801015,1.67617e-05,0.0113009,0.00195404
qdeim,0.1,4,6,14,12,190,4.923157,14.341020,0.999867,2.61193e-05,0.0134798,0.00233324
sopt,0.1,4,6,14,12,200,9.527082,10.653322,0.8439,1.5065e-05,0.0101999,0.00176697
qdeim,0.1,4,6,14,12,200,5.382938,14.703463,0.978337,4.0892e-05,0.0201582,0.00291007
nohr,0.1,5,6,20,18,200,5.382938,14.703463,,4.0892e-05,0.467598,0.0378094
sopt,0.1,5,6,20,18,10,29.968050,25.311117,0.374557,nan,nan,nan
qdeim,0.1,5,6,20,18,10,27.548395,32.409918,0.436674,nan,nan,nan
sopt,0.1,5,6,20,18,20,14.567277,36.368477,0.447942,nan,nan,nan
qdeim,0.1,5,6,20,18,20,26.275627,184.745668,0.543961,nan,nan,nan
sopt,0.1,5,6,20,18,30,14.497832,24.001022,0.568946,nan,nan,nan
qdeim,0.1,5,6,20,18,30,36.159760,209.203401,0.590035,nan,nan,nan
sopt,0.1,5,6,20,18,40,12.060344,24.547576,0.63776,nan,nan,nan
qdeim,0.1,5,6,20,18,40,1074.019509,8773.470251,0.593553,nan,nan,nan
sopt,0.1,5,6,20,18,50,10.801190,23.181010,0.762778,nan,nan,nan
qdeim,0.1,5,6,20,18,50,687.674591,4107.106021,0.597822,nan,nan,nan
sopt,0.1,5,6,20,18,60,11.776529,15.369967,0.793108,nan,nan,nan
qdeim,0.1,5,6,20,18,60,506.684351,36777.034878,0.531445,nan,nan,nan
sopt,0.1,5,6,20,18,70,9.410982,17.845907,0.610448,2.50323e-05,0.0146341,0.00248509
qdeim,0.1,5,6,20,18,70,255.137053,41797.359974,0.470804,nan,nan,nan
sopt,0.1,5,6,20,18,80,9.440343,17.938210,0.650059,2.48987e-05,0.0145114,0.00245271
qdeim,0.1,5,6,20,18,80,106.399641,56017.303196,0.540698,nan,nan,nan
sopt,0.1,5,6,20,18,90,18.305481,14.646673,0.667339,2.07288e-05,0.0122556,0.00202074
qdeim,0.1,5,6,20,18,90,651.472155,34673.231385,0.558331,nan,nan,nan
sopt,0.1,5,6,20,18,100,9.064643,21.788755,0.716171,2.00098e-05,0.0120312,0.00194331
qdeim,0.1,5,6,20,18,100,35.692424,28094.283574,0.567227,nan,nan,nan
sopt,0.1,5,6,20,18,110,8.262663,9.532048,0.728054,1.66565e-05,0.00911732,0.0015454
qdeim,0.1,5,6,20,18,110,29.543262,46702.537791,0.518866,nan,nan,nan
sopt,0.1,5,6,20,18,120,7.663509,24.167556,0.749543,1.69101e-05,0.0093063,0.00156511
qdeim,0.1,5,6,20,18,120,46.621791,63120.593241,0.547176,nan,nan,nan
sopt,0.1,5,6,20,18,130,7.340743,94.026438,0.759008,1.2713e-05,0.00699965,0.00119815
qdeim,0.1,5,6,20,18,130,28.026144,42750.817372,0.70355,nan,nan,nan
sopt,0.1,5,6,20,18,140,7.416045,23.155728,0.69551,3.17629e-05,0.0212853,0.00338212
qdeim,0.1,5,6,20,18,140,31.136517,70361.788750,0.683504,nan,nan,nan
sopt,0.1,5,6,20,18,150,8.121275,24.331628,0.697545,3.21306e-05,0.0214952,0.00336516
qdeim,0.1,5,6,20,18,150,28.165840,6365.496102,0.73997,nan,nan,nan
sopt,0.1,5,6,20,18,160,6.526925,25.618465,0.723289,2.86246e-05,0.0194753,0.00299163
qdeim,0.1,5,6,20,18,160,27.653027,101942.967587,0.743941,nan,nan,nan
sopt,0.1,5,6,20,18,170,6.036736,11.043357,0.793299,2.52133e-05,0.0172605,0.00256303
qdeim,0.1,5,6,20,18,170,29.833979,131.678312,0.768249,nan,nan,nan
sopt,0.1,5,6,20,18,180,6.226936,40.710198,0.797102,2.45848e-05,0.016869,0.00248888
qdeim,0.1,5,6,20,18,180,102.663721,25985.799546,0.788192,nan,nan,nan
sopt,0.1,5,6,20,18,190,6.380001,22.476557,0.816458,2.25957e-05,0.0153949,0.0022389
qdeim,0.1,5,6,20,18,190,32.027827,128.319104,0.87031,nan,nan,nan
sopt,0.1,5,6,20,18,200,5.699127,15.307683,0.794485,1.99339e-05,0.0136204,0.00196739
qdeim,0.1,5,6,20,18,200,25.686077,75096.185651,1.02499,nan,nan,nan
nohr,0.1,6,6,24,23,200,25.686077,75096.185651,,0.00127634,,
sopt,0.1,6,6,24,23,10,24.757706,20.812318,0.467497,0.00127634,,
qdeim,0.1,6,6,24,23,10,48.700613,22.548883,0.465516,0.00127634,,
sopt,0.1,6,6,24,23,20,23.980661,24.743769,0.493207,0.00127634,,
qdeim,0.1,6,6,24,23,20,28.074763,17.755958,0.593379,0.00127634,,
sopt,0.1,6,6,24,23,30,15.266612,20.540634,0.47956,0.00127634,,
qdeim,0.1,6,6,24,23,30,22.061814,15.486027,0.436626,1.18333e-05,0.00736354,0.00124748
sopt,0.1,6,6,24,23,40,14.854548,16.203631,0.585341,0.00127634,,
qdeim,0.1,6,6,24,23,40,19.219700,15.732396,0.484688,1.39149e-05,0.00593764,0.000927886
sopt,0.1,6,6,24,23,50,13.867865,16.827746,0.547501,0.00127634,,
qdeim,0.1,6,6,24,23,50,15.335826,15.551018,0.52745,1.52416e-05,0.00678386,0.00106566
sopt,0.1,6,6,24,23,60,13.753624,32.036686,0.650338,0.00127634,,
qdeim,0.1,6,6,24,23,60,13.699816,38.502343,0.572218,1.14101e-05,0.00557629,0.000847894
sopt,0.1,6,6,24,23,70,12.711460,13.792530,0.626357,0.00127634,,
qdeim,0.1,6,6,24,23,70,11.399884,17.145013,0.558803,3.29351e-05,0.0159723,0.00268736
sopt,0.1,6,6,24,23,80,12.009984,18.207493,0.662844,0.00127634,,
qdeim,0.1,6,6,24,23,80,12.061731,233.469459,0.668411,1.28099e-05,0.00617354,0.000934251
sopt,0.1,6,6,24,23,90,11.350924,19.229749,0.78589,0.00127634,,
qdeim,0.1,6,6,24,23,90,13.667057,445.247476,0.701594,1.72527e-05,0.00964573,0.00138549
sopt,0.1,6,6,24,23,100,10.784376,16.950300,0.845214,0.00127634,,
qdeim,0.1,6,6,24,23,100,10.166011,1026.431273,0.729156,2.03746e-05,0.0115598,0.00162312
sopt,0.1,6,6,24,23,110,9.960298,13.714727,0.846611,0.00127634,,
qdeim,0.1,6,6,24,23,110,7.494082,9.607627,0.784412,3.24945e-05,0.0251736,0.00388196
sopt,0.1,6,6,24,23,120,10.846758,59.933266,0.890526,0.00127634,,
qdeim,0.1,6,6,24,23,120,9.738904,1972.132975,0.802944,1.6594e-05,0.0104505,0.00201988
sopt,0.1,6,6,24,23,130,8.940373,13.742324,0.889677,0.00127634,,
qdeim,0.1,6,6,24,23,130,9.822603,9.735346,0.808743,1.62119e-05,0.00992272,0.00186499
sopt,0.1,6,6,24,23,140,8.457497,12.655941,0.999197,0.00127634,,
qdeim,0.1,6,6,24,23,140,10.202497,389.564265,0.808713,1.60052e-05,0.00975094,0.00179396
sopt,0.1,6,6,24,23,150,8.953507,50.845678,1.04335,0.00127634,,
qdeim,0.1,6,6,24,23,150,6.418144,730.783251,0.81061,1.68403e-05,0.0104999,0.00195938
sopt,0.1,6,6,24,23,160,7.870991,17.469042,0.935882,0.00127634,,
qdeim,0.1,6,6,24,23,160,6.537592,507.170018,0.845402,2.06175e-05,0.0175539,0.00292178
sopt,0.1,6,6,24,23,170,7.669325,11.350887,1.04498,0.00127634,,
qdeim,0.1,6,6,24,23,170,8.807067,7.988742,0.843837,1.44541e-05,0.0100725,0.00181701
sopt,0.1,6,6,24,23,180,7.353782,36.701758,1.04231,0.00127634,,
qdeim,0.1,6,6,24,23,180,8.028226,834.832907,0.855029,1.46726e-05,0.00941083,0.0014975
sopt,0.1,6,6,24,23,190,7.511445,9.800913,1.05421,0.00127634,,
qdeim,0.1,6,6,24,23,190,8.943484,6.945538,0.84559,1.18642e-05,0.00760678,0.0011934
sopt,0.1,6,6,24,23,200,7.143201,11.005807,1.07988,0.00127634,,
qdeim,0.1,6,6,24,23,200,7.922876,9.232387,0.860311,1.09491e-05,0.00717782,0.00112885
